+1.000000e+003	   +2.243787e+001
+1.001664e+003	   +2.260592e+001
+1.003330e+003	   +2.255150e+001
+1.005000e+003	   +2.281767e+001
+1.006672e+003	   +2.315732e+001
+1.008346e+003	   +2.295193e+001
+1.010024e+003	   +2.237647e+001
+1.011705e+003	   +2.293598e+001
+1.013388e+003	   +2.273289e+001
+1.015074e+003	   +2.285373e+001
+1.016763e+003	   +2.228790e+001
+1.018454e+003	   +2.267581e+001
+1.020149e+003	   +2.260922e+001
+1.021846e+003	   +2.252348e+001
+1.023546e+003	   +2.252277e+001
+1.025249e+003	   +2.277414e+001
+1.026955e+003	   +2.237161e+001
+1.028663e+003	   +2.197218e+001
+1.030375e+003	   +2.245378e+001
+1.032089e+003	   +2.278634e+001
+1.033806e+003	   +2.267909e+001
+1.035526e+003	   +2.271044e+001
+1.037249e+003	   +2.230591e+001
+1.038975e+003	   +2.251238e+001
+1.040703e+003	   +2.256437e+001
+1.042435e+003	   +2.311834e+001
+1.044169e+003	   +2.274422e+001
+1.045906e+003	   +2.241376e+001
+1.047646e+003	   +2.236178e+001
+1.049390e+003	   +2.276144e+001
+1.051135e+003	   +2.273220e+001
+1.052884e+003	   +2.246019e+001
+1.054636e+003	   +2.251188e+001
+1.056391e+003	   +2.268221e+001
+1.058148e+003	   +2.262623e+001
+1.059909e+003	   +2.295898e+001
+1.061672e+003	   +2.291980e+001
+1.063438e+003	   +2.250877e+001
+1.065208e+003	   +2.272331e+001
+1.066980e+003	   +2.309323e+001
+1.068755e+003	   +2.205211e+001
+1.070533e+003	   +2.276423e+001
+1.072314e+003	   +2.253041e+001
+1.074099e+003	   +2.259446e+001
+1.075885e+003	   +2.242147e+001
+1.077676e+003	   +2.246705e+001
+1.079469e+003	   +2.238672e+001
+1.081264e+003	   +2.251017e+001
+1.083063e+003	   +2.261846e+001
+1.084865e+003	   +2.267469e+001
+1.086670e+003	   +2.268738e+001
+1.088478e+003	   +2.241916e+001
+1.090289e+003	   +2.279182e+001
+1.092103e+003	   +2.280350e+001
+1.093920e+003	   +2.286413e+001
+1.095740e+003	   +2.220030e+001
+1.097563e+003	   +2.235683e+001
+1.099389e+003	   +2.256268e+001
+1.101218e+003	   +2.296255e+001
+1.103050e+003	   +2.290103e+001
+1.104886e+003	   +2.261240e+001
+1.106724e+003	   +2.246055e+001
+1.108565e+003	   +2.276240e+001
+1.110410e+003	   +2.242642e+001
+1.112257e+003	   +2.288504e+001
+1.114108e+003	   +2.258856e+001
+1.115961e+003	   +2.285016e+001
+1.117818e+003	   +2.243015e+001
+1.119678e+003	   +2.259241e+001
+1.121540e+003	   +2.226737e+001
+1.123406e+003	   +2.238322e+001
+1.125276e+003	   +2.262592e+001
+1.127148e+003	   +2.269578e+001
+1.129023e+003	   +2.300972e+001
+1.130901e+003	   +2.253818e+001
+1.132783e+003	   +2.232153e+001
+1.134667e+003	   +2.236645e+001
+1.136555e+003	   +2.271272e+001
+1.138446e+003	   +2.241021e+001
+1.140340e+003	   +2.263443e+001
+1.142238e+003	   +2.267823e+001
+1.144138e+003	   +2.273015e+001
+1.146042e+003	   +2.230754e+001
+1.147948e+003	   +2.259084e+001
+1.149858e+003	   +2.254365e+001
+1.151771e+003	   +2.275038e+001
+1.153688e+003	   +2.248705e+001
+1.155607e+003	   +2.276566e+001
+1.157530e+003	   +2.268647e+001
+1.159455e+003	   +2.267610e+001
+1.161384e+003	   +2.288832e+001
+1.163317e+003	   +2.279291e+001
+1.165252e+003	   +2.296801e+001
+1.167191e+003	   +2.273257e+001
+1.169133e+003	   +2.301044e+001
+1.171078e+003	   +2.289575e+001
+1.173026e+003	   +2.286485e+001
+1.174978e+003	   +2.290011e+001
+1.176933e+003	   +2.320227e+001
+1.178891e+003	   +2.265928e+001
+1.180852e+003	   +2.272163e+001
+1.182817e+003	   +2.259189e+001
+1.184785e+003	   +2.266932e+001
+1.186756e+003	   +2.266603e+001
+1.188730e+003	   +2.276708e+001
+1.190708e+003	   +2.263669e+001
+1.192689e+003	   +2.308315e+001
+1.194674e+003	   +2.311102e+001
+1.196661e+003	   +2.297864e+001
+1.198652e+003	   +2.320616e+001
+1.200646e+003	   +2.239300e+001
+1.202644e+003	   +2.268784e+001
+1.204645e+003	   +2.327526e+001
+1.206649e+003	   +2.314984e+001
+1.208657e+003	   +2.294445e+001
+1.210668e+003	   +2.289554e+001
+1.212682e+003	   +2.213622e+001
+1.214699e+003	   +2.207963e+001
+1.216720e+003	   +2.197918e+001
+1.218745e+003	   +2.286406e+001
+1.220772e+003	   +2.277992e+001
+1.222803e+003	   +2.264931e+001
+1.224838e+003	   +2.307134e+001
+1.226876e+003	   +2.256740e+001
+1.228917e+003	   +2.293198e+001
+1.230961e+003	   +2.273684e+001
+1.233010e+003	   +2.313770e+001
+1.235061e+003	   +2.293971e+001
+1.237116e+003	   +2.289305e+001
+1.239174e+003	   +2.344243e+001
+1.241236e+003	   +2.279475e+001
+1.243301e+003	   +2.298447e+001
+1.245369e+003	   +2.314816e+001
+1.247441e+003	   +2.236487e+001
+1.249517e+003	   +2.206959e+001
+1.251596e+003	   +2.188222e+001
+1.253678e+003	   +2.279308e+001
+1.255764e+003	   +2.296180e+001
+1.257853e+003	   +2.289952e+001
+1.259946e+003	   +2.279330e+001
+1.262042e+003	   +2.300969e+001
+1.264142e+003	   +2.303949e+001
+1.266245e+003	   +2.305439e+001
+1.268352e+003	   +2.284553e+001
+1.270462e+003	   +2.285022e+001
+1.272576e+003	   +2.294553e+001
+1.274693e+003	   +2.302814e+001
+1.276814e+003	   +2.303730e+001
+1.278938e+003	   +2.317519e+001
+1.281066e+003	   +2.301619e+001
+1.283197e+003	   +2.312933e+001
+1.285332e+003	   +2.301319e+001
+1.287470e+003	   +2.309175e+001
+1.289612e+003	   +2.273111e+001
+1.291758e+003	   +2.312346e+001
+1.293907e+003	   +2.309607e+001
+1.296060e+003	   +2.300689e+001
+1.298216e+003	   +2.300692e+001
+1.300376e+003	   +2.314137e+001
+1.302540e+003	   +2.294680e+001
+1.304707e+003	   +2.302057e+001
+1.306877e+003	   +2.296603e+001
+1.309052e+003	   +2.292954e+001
+1.311230e+003	   +2.284424e+001
+1.313411e+003	   +2.293322e+001
+1.315596e+003	   +2.289321e+001
+1.317785e+003	   +2.322132e+001
+1.319978e+003	   +2.323187e+001
+1.322174e+003	   +2.304887e+001
+1.324374e+003	   +2.305328e+001
+1.326577e+003	   +2.328455e+001
+1.328784e+003	   +2.331731e+001
+1.330995e+003	   +2.305372e+001
+1.333209e+003	   +2.317511e+001
+1.335427e+003	   +2.312510e+001
+1.337649e+003	   +2.311669e+001
+1.339875e+003	   +2.302917e+001
+1.342104e+003	   +2.338348e+001
+1.344337e+003	   +2.319197e+001
+1.346573e+003	   +2.325555e+001
+1.348814e+003	   +2.355733e+001
+1.351058e+003	   +2.328129e+001
+1.353306e+003	   +2.359123e+001
+1.355557e+003	   +2.336235e+001
+1.357813e+003	   +2.334293e+001
+1.360072e+003	   +2.324674e+001
+1.362334e+003	   +2.282262e+001
+1.364601e+003	   +2.374179e+001
+1.366871e+003	   +2.326321e+001
+1.369146e+003	   +2.344817e+001
+1.371423e+003	   +2.335283e+001
+1.373705e+003	   +2.344578e+001
+1.375991e+003	   +2.306010e+001
+1.378280e+003	   +2.349149e+001
+1.380573e+003	   +2.377133e+001
+1.382870e+003	   +2.355860e+001
+1.385171e+003	   +2.363373e+001
+1.387475e+003	   +2.331775e+001
+1.389784e+003	   +2.384468e+001
+1.392096e+003	   +2.364464e+001
+1.394412e+003	   +2.335813e+001
+1.396732e+003	   +2.353569e+001
+1.399056e+003	   +2.334964e+001
+1.401384e+003	   +2.348144e+001
+1.403715e+003	   +2.351932e+001
+1.406050e+003	   +2.359549e+001
+1.408390e+003	   +2.336085e+001
+1.410733e+003	   +2.385599e+001
+1.413080e+003	   +2.300310e+001
+1.415431e+003	   +2.366718e+001
+1.417786e+003	   +2.363376e+001
+1.420145e+003	   +2.347939e+001
+1.422508e+003	   +2.404127e+001
+1.424874e+003	   +2.423077e+001
+1.427245e+003	   +2.337379e+001
+1.429620e+003	   +2.359153e+001
+1.431998e+003	   +2.347533e+001
+1.434380e+003	   +2.360130e+001
+1.436767e+003	   +2.371156e+001
+1.439157e+003	   +2.355552e+001
+1.441552e+003	   +2.373483e+001
+1.443950e+003	   +2.360185e+001
+1.446353e+003	   +2.357038e+001
+1.448759e+003	   +2.354790e+001
+1.451169e+003	   +2.406410e+001
+1.453584e+003	   +2.355552e+001
+1.456002e+003	   +2.365359e+001
+1.458424e+003	   +2.374232e+001
+1.460851e+003	   +2.349875e+001
+1.463281e+003	   +2.371990e+001
+1.465716e+003	   +2.386972e+001
+1.468154e+003	   +2.391272e+001
+1.470597e+003	   +2.378639e+001
+1.473044e+003	   +2.393790e+001
+1.475495e+003	   +2.352635e+001
+1.477949e+003	   +2.380880e+001
+1.480408e+003	   +2.328566e+001
+1.482871e+003	   +2.408336e+001
+1.485339e+003	   +2.387474e+001
+1.487810e+003	   +2.388269e+001
+1.490285e+003	   +2.421374e+001
+1.492765e+003	   +2.405066e+001
+1.495248e+003	   +2.404760e+001
+1.497736e+003	   +2.386515e+001
+1.500228e+003	   +2.395814e+001
+1.502724e+003	   +2.395618e+001
+1.505224e+003	   +2.398032e+001
+1.507728e+003	   +2.400759e+001
+1.510237e+003	   +2.401151e+001
+1.512749e+003	   +2.399854e+001
+1.515266e+003	   +2.404224e+001
+1.517787e+003	   +2.415492e+001
+1.520312e+003	   +2.429525e+001
+1.522842e+003	   +2.406805e+001
+1.525375e+003	   +2.395634e+001
+1.527913e+003	   +2.431250e+001
+1.530455e+003	   +2.416252e+001
+1.533002e+003	   +2.413326e+001
+1.535552e+003	   +2.411536e+001
+1.538107e+003	   +2.422042e+001
+1.540666e+003	   +2.427718e+001
+1.543229e+003	   +2.421453e+001
+1.545797e+003	   +2.429785e+001
+1.548369e+003	   +2.422017e+001
+1.550945e+003	   +2.459232e+001
+1.553525e+003	   +2.423346e+001
+1.556110e+003	   +2.426569e+001
+1.558699e+003	   +2.418294e+001
+1.561292e+003	   +2.414388e+001
+1.563890e+003	   +2.436071e+001
+1.566491e+003	   +2.435906e+001
+1.569098e+003	   +2.416788e+001
+1.571708e+003	   +2.427339e+001
+1.574323e+003	   +2.436534e+001
+1.576943e+003	   +2.421726e+001
+1.579566e+003	   +2.448898e+001
+1.582194e+003	   +2.464213e+001
+1.584826e+003	   +2.466201e+001
+1.587463e+003	   +2.441020e+001
+1.590104e+003	   +2.441567e+001
+1.592750e+003	   +2.432837e+001
+1.595400e+003	   +2.444167e+001
+1.598054e+003	   +2.437768e+001
+1.600713e+003	   +2.460468e+001
+1.603376e+003	   +2.448517e+001
+1.606044e+003	   +2.463941e+001
+1.608716e+003	   +2.438740e+001
+1.611392e+003	   +2.475083e+001
+1.614073e+003	   +2.457164e+001
+1.616759e+003	   +2.451170e+001
+1.619448e+003	   +2.462500e+001
+1.622143e+003	   +2.444355e+001
+1.624842e+003	   +2.443280e+001
+1.627545e+003	   +2.481935e+001
+1.630253e+003	   +2.478394e+001
+1.632965e+003	   +2.432908e+001
+1.635682e+003	   +2.480595e+001
+1.638403e+003	   +2.471824e+001
+1.641129e+003	   +2.518565e+001
+1.643860e+003	   +2.496268e+001
+1.646595e+003	   +2.469237e+001
+1.649334e+003	   +2.485807e+001
+1.652078e+003	   +2.514142e+001
+1.654827e+003	   +2.514398e+001
+1.657580e+003	   +2.517996e+001
+1.660338e+003	   +2.518780e+001
+1.663100e+003	   +2.498504e+001
+1.665867e+003	   +2.473223e+001
+1.668639e+003	   +2.535323e+001
+1.671415e+003	   +2.495217e+001
+1.674196e+003	   +2.483197e+001
+1.676981e+003	   +2.486993e+001
+1.679771e+003	   +2.472258e+001
+1.682566e+003	   +2.519787e+001
+1.685365e+003	   +2.484453e+001
+1.688169e+003	   +2.496473e+001
+1.690978e+003	   +2.523361e+001
+1.693792e+003	   +2.495398e+001
+1.696609e+003	   +2.519638e+001
+1.699432e+003	   +2.495194e+001
+1.702260e+003	   +2.495492e+001
+1.705092e+003	   +2.496058e+001
+1.707929e+003	   +2.483890e+001
+1.710770e+003	   +2.541506e+001
+1.713616e+003	   +2.513424e+001
+1.716468e+003	   +2.512995e+001
+1.719323e+003	   +2.545872e+001
+1.722184e+003	   +2.544453e+001
+1.725049e+003	   +2.548698e+001
+1.727919e+003	   +2.527901e+001
+1.730794e+003	   +2.512074e+001
+1.733674e+003	   +2.530607e+001
+1.736558e+003	   +2.564089e+001
+1.739447e+003	   +2.544145e+001
+1.742341e+003	   +2.548829e+001
+1.745240e+003	   +2.542205e+001
+1.748144e+003	   +2.549794e+001
+1.751052e+003	   +2.559123e+001
+1.753965e+003	   +2.550751e+001
+1.756884e+003	   +2.577531e+001
+1.759807e+003	   +2.572260e+001
+1.762734e+003	   +2.560174e+001
+1.765667e+003	   +2.566183e+001
+1.768605e+003	   +2.560072e+001
+1.771547e+003	   +2.563310e+001
+1.774495e+003	   +2.582959e+001
+1.777447e+003	   +2.567458e+001
+1.780404e+003	   +2.571664e+001
+1.783366e+003	   +2.565285e+001
+1.786333e+003	   +2.573829e+001
+1.789305e+003	   +2.560517e+001
+1.792282e+003	   +2.577661e+001
+1.795264e+003	   +2.581278e+001
+1.798251e+003	   +2.563761e+001
+1.801243e+003	   +2.593223e+001
+1.804240e+003	   +2.586599e+001
+1.807242e+003	   +2.601512e+001
+1.810248e+003	   +2.594079e+001
+1.813260e+003	   +2.596032e+001
+1.816277e+003	   +2.591482e+001
+1.819299e+003	   +2.614051e+001
+1.822326e+003	   +2.592606e+001
+1.825358e+003	   +2.603246e+001
+1.828395e+003	   +2.612689e+001
+1.831436e+003	   +2.620573e+001
+1.834484e+003	   +2.601747e+001
+1.837536e+003	   +2.615932e+001
+1.840593e+003	   +2.621517e+001
+1.843655e+003	   +2.611955e+001
+1.846722e+003	   +2.615603e+001
+1.849795e+003	   +2.615015e+001
+1.852873e+003	   +2.610530e+001
+1.855955e+003	   +2.621746e+001
+1.859043e+003	   +2.616977e+001
+1.862136e+003	   +2.625552e+001
+1.865234e+003	   +2.616515e+001
+1.868338e+003	   +2.621413e+001
+1.871446e+003	   +2.638531e+001
+1.874560e+003	   +2.637531e+001
+1.877678e+003	   +2.630313e+001
+1.880802e+003	   +2.636236e+001
+1.883932e+003	   +2.638121e+001
+1.887066e+003	   +2.637390e+001
+1.890205e+003	   +2.644454e+001
+1.893350e+003	   +2.643202e+001
+1.896500e+003	   +2.644200e+001
+1.899656e+003	   +2.660709e+001
+1.902816e+003	   +2.661431e+001
+1.905982e+003	   +2.668049e+001
+1.909153e+003	   +2.660123e+001
+1.912329e+003	   +2.665143e+001
+1.915511e+003	   +2.662721e+001
+1.918698e+003	   +2.669104e+001
+1.921890e+003	   +2.668283e+001
+1.925088e+003	   +2.667881e+001
+1.928291e+003	   +2.670313e+001
+1.931499e+003	   +2.683462e+001
+1.934712e+003	   +2.684572e+001
+1.937931e+003	   +2.677419e+001
+1.941155e+003	   +2.701394e+001
+1.944385e+003	   +2.697962e+001
+1.947620e+003	   +2.673283e+001
+1.950860e+003	   +2.704939e+001
+1.954106e+003	   +2.711584e+001
+1.957357e+003	   +2.695528e+001
+1.960614e+003	   +2.699397e+001
+1.963876e+003	   +2.695044e+001
+1.967143e+003	   +2.713844e+001
+1.970416e+003	   +2.712564e+001
+1.973694e+003	   +2.713945e+001
+1.976978e+003	   +2.713074e+001
+1.980267e+003	   +2.715437e+001
+1.983562e+003	   +2.718705e+001
+1.986862e+003	   +2.715706e+001
+1.990167e+003	   +2.721472e+001
+1.993479e+003	   +2.735784e+001
+1.996795e+003	   +2.731415e+001
+2.000117e+003	   +2.732821e+001
+2.003445e+003	   +2.742977e+001
+2.006778e+003	   +2.747634e+001
+2.010117e+003	   +2.744256e+001
+2.013462e+003	   +2.731413e+001
+2.016811e+003	   +2.742331e+001
+2.020167e+003	   +2.741365e+001
+2.023528e+003	   +2.740522e+001
+2.026895e+003	   +2.750819e+001
+2.030267e+003	   +2.750259e+001
+2.033645e+003	   +2.749880e+001
+2.037028e+003	   +2.762889e+001
+2.040417e+003	   +2.763025e+001
+2.043812e+003	   +2.766158e+001
+2.047212e+003	   +2.764989e+001
+2.050618e+003	   +2.764226e+001
+2.054030e+003	   +2.764342e+001
+2.057448e+003	   +2.768592e+001
+2.060871e+003	   +2.771903e+001
+2.064299e+003	   +2.774428e+001
+2.067734e+003	   +2.778856e+001
+2.071174e+003	   +2.781575e+001
+2.074620e+003	   +2.786385e+001
+2.078072e+003	   +2.783513e+001
+2.081529e+003	   +2.794360e+001
+2.084992e+003	   +2.796221e+001
+2.088461e+003	   +2.797429e+001
+2.091936e+003	   +2.808412e+001
+2.095416e+003	   +2.799621e+001
+2.098902e+003	   +2.801551e+001
+2.102394e+003	   +2.806842e+001
+2.105892e+003	   +2.802932e+001
+2.109396e+003	   +2.811464e+001
+2.112905e+003	   +2.820221e+001
+2.116421e+003	   +2.817409e+001
+2.119942e+003	   +2.821932e+001
+2.123469e+003	   +2.819177e+001
+2.127002e+003	   +2.820905e+001
+2.130541e+003	   +2.831082e+001
+2.134085e+003	   +2.832922e+001
+2.137636e+003	   +2.831798e+001
+2.141192e+003	   +2.826544e+001
+2.144755e+003	   +2.833751e+001
+2.148323e+003	   +2.841635e+001
+2.151897e+003	   +2.836770e+001
+2.155478e+003	   +2.844589e+001
+2.159064e+003	   +2.842606e+001
+2.162656e+003	   +2.846781e+001
+2.166254e+003	   +2.856178e+001
+2.169858e+003	   +2.862560e+001
+2.173468e+003	   +2.859237e+001
+2.177084e+003	   +2.860623e+001
+2.180706e+003	   +2.861952e+001
+2.184334e+003	   +2.862225e+001
+2.187969e+003	   +2.855581e+001
+2.191609e+003	   +2.861491e+001
+2.195255e+003	   +2.875015e+001
+2.198907e+003	   +2.875294e+001
+2.202566e+003	   +2.882877e+001
+2.206230e+003	   +2.872447e+001
+2.209901e+003	   +2.886083e+001
+2.213578e+003	   +2.879205e+001
+2.217261e+003	   +2.879931e+001
+2.220950e+003	   +2.889526e+001
+2.224645e+003	   +2.896657e+001
+2.228346e+003	   +2.888980e+001
+2.232053e+003	   +2.900173e+001
+2.235767e+003	   +2.900504e+001
+2.239487e+003	   +2.909357e+001
+2.243213e+003	   +2.909497e+001
+2.246945e+003	   +2.906617e+001
+2.250683e+003	   +2.915056e+001
+2.254428e+003	   +2.925802e+001
+2.258178e+003	   +2.916621e+001
+2.261936e+003	   +2.929138e+001
+2.265699e+003	   +2.928983e+001
+2.269468e+003	   +2.932653e+001
+2.273244e+003	   +2.928998e+001
+2.277026e+003	   +2.946193e+001
+2.280815e+003	   +2.954320e+001
+2.284609e+003	   +2.938260e+001
+2.288410e+003	   +2.936304e+001
+2.292218e+003	   +2.944426e+001
+2.296031e+003	   +2.943487e+001
+2.299851e+003	   +2.956355e+001
+2.303678e+003	   +2.959130e+001
+2.307510e+003	   +2.961438e+001
+2.311350e+003	   +2.949869e+001
+2.315195e+003	   +2.982696e+001
+2.319047e+003	   +2.964100e+001
+2.322905e+003	   +2.970780e+001
+2.326770e+003	   +2.963802e+001
+2.330641e+003	   +2.951501e+001
+2.334519e+003	   +2.982359e+001
+2.338403e+003	   +2.978241e+001
+2.342293e+003	   +2.980120e+001
+2.346190e+003	   +2.962795e+001
+2.350094e+003	   +2.973177e+001
+2.354004e+003	   +2.981006e+001
+2.357920e+003	   +2.971245e+001
+2.361843e+003	   +2.993112e+001
+2.365773e+003	   +2.984660e+001
+2.369709e+003	   +2.991375e+001
+2.373651e+003	   +2.990579e+001
+2.377601e+003	   +3.002041e+001
+2.381556e+003	   +2.997821e+001
+2.385519e+003	   +2.996728e+001
+2.389488e+003	   +2.993472e+001
+2.393463e+003	   +3.002805e+001
+2.397445e+003	   +3.013111e+001
+2.401434e+003	   +3.012561e+001
+2.405429e+003	   +3.017873e+001
+2.409431e+003	   +3.024297e+001
+2.413440e+003	   +3.022194e+001
+2.417455e+003	   +3.027504e+001
+2.421477e+003	   +3.030562e+001
+2.425506e+003	   +3.031557e+001
+2.429542e+003	   +3.031664e+001
+2.433583e+003	   +3.050503e+001
+2.437633e+003	   +3.046326e+001
+2.441688e+003	   +3.044544e+001
+2.445750e+003	   +3.044597e+001
+2.449820e+003	   +3.050142e+001
+2.453896e+003	   +3.056578e+001
+2.457978e+003	   +3.061949e+001
+2.462068e+003	   +3.065863e+001
+2.466164e+003	   +3.064442e+001
+2.470267e+003	   +3.068920e+001
+2.474377e+003	   +3.073482e+001
+2.478493e+003	   +3.081102e+001
+2.482617e+003	   +3.078997e+001
+2.486748e+003	   +3.086298e+001
+2.490885e+003	   +3.093794e+001
+2.495029e+003	   +3.089286e+001
+2.499180e+003	   +3.090125e+001
+2.503338e+003	   +3.097075e+001
+2.507503e+003	   +3.096247e+001
+2.511675e+003	   +3.097135e+001
+2.515854e+003	   +3.102037e+001
+2.520040e+003	   +3.124958e+001
+2.524232e+003	   +3.119293e+001
+2.528432e+003	   +3.110467e+001
+2.532638e+003	   +3.127577e+001
+2.536852e+003	   +3.125041e+001
+2.541073e+003	   +3.123097e+001
+2.545301e+003	   +3.124203e+001
+2.549535e+003	   +3.125835e+001
+2.553777e+003	   +3.129860e+001
+2.558026e+003	   +3.135289e+001
+2.562282e+003	   +3.141948e+001
+2.566545e+003	   +3.139641e+001
+2.570815e+003	   +3.136198e+001
+2.575092e+003	   +3.152257e+001
+2.579376e+003	   +3.148485e+001
+2.583668e+003	   +3.146947e+001
+2.587966e+003	   +3.144668e+001
+2.592272e+003	   +3.159234e+001
+2.596585e+003	   +3.158883e+001
+2.600905e+003	   +3.152106e+001
+2.605232e+003	   +3.162132e+001
+2.609567e+003	   +3.164866e+001
+2.613908e+003	   +3.154799e+001
+2.618257e+003	   +3.174069e+001
+2.622613e+003	   +3.167854e+001
+2.626977e+003	   +3.180373e+001
+2.631347e+003	   +3.178700e+001
+2.635725e+003	   +3.188450e+001
+2.640110e+003	   +3.195605e+001
+2.644503e+003	   +3.178661e+001
+2.648903e+003	   +3.196298e+001
+2.653310e+003	   +3.189287e+001
+2.657724e+003	   +3.190692e+001
+2.662146e+003	   +3.202256e+001
+2.666575e+003	   +3.200911e+001
+2.671012e+003	   +3.197425e+001
+2.675456e+003	   +3.199545e+001
+2.679907e+003	   +3.207045e+001
+2.684365e+003	   +3.209053e+001
+2.688832e+003	   +3.221983e+001
+2.693305e+003	   +3.222646e+001
+2.697786e+003	   +3.228861e+001
+2.702275e+003	   +3.231612e+001
+2.706771e+003	   +3.237931e+001
+2.711274e+003	   +3.237091e+001
+2.715785e+003	   +3.239970e+001
+2.720303e+003	   +3.241940e+001
+2.724829e+003	   +3.230618e+001
+2.729363e+003	   +3.241222e+001
+2.733903e+003	   +3.256914e+001
+2.738452e+003	   +3.256755e+001
+2.743008e+003	   +3.269105e+001
+2.747572e+003	   +3.261973e+001
+2.752143e+003	   +3.266253e+001
+2.756722e+003	   +3.272791e+001
+2.761308e+003	   +3.281884e+001
+2.765902e+003	   +3.267148e+001
+2.770504e+003	   +3.274533e+001
+2.775114e+003	   +3.289329e+001
+2.779731e+003	   +3.278649e+001
+2.784355e+003	   +3.270026e+001
+2.788988e+003	   +3.315453e+001
+2.793628e+003	   +3.295761e+001
+2.798276e+003	   +3.300221e+001
+2.802932e+003	   +3.304248e+001
+2.807595e+003	   +3.290419e+001
+2.812266e+003	   +3.299029e+001
+2.816945e+003	   +3.292976e+001
+2.821632e+003	   +3.324597e+001
+2.826326e+003	   +3.319901e+001
+2.831029e+003	   +3.323124e+001
+2.835739e+003	   +3.325262e+001
+2.840457e+003	   +3.325334e+001
+2.845182e+003	   +3.339305e+001
+2.849916e+003	   +3.334089e+001
+2.854657e+003	   +3.343501e+001
+2.859407e+003	   +3.334902e+001
+2.864164e+003	   +3.343023e+001
+2.868929e+003	   +3.354316e+001
+2.873703e+003	   +3.355985e+001
+2.878484e+003	   +3.350655e+001
+2.883273e+003	   +3.352174e+001
+2.888070e+003	   +3.353406e+001
+2.892875e+003	   +3.369357e+001
+2.897688e+003	   +3.357923e+001
+2.902509e+003	   +3.372790e+001
+2.907338e+003	   +3.373823e+001
+2.912175e+003	   +3.378827e+001
+2.917020e+003	   +3.384272e+001
+2.921873e+003	   +3.390694e+001
+2.926735e+003	   +3.386227e+001
+2.931604e+003	   +3.383784e+001
+2.936481e+003	   +3.385352e+001
+2.941367e+003	   +3.386283e+001
+2.946261e+003	   +3.392965e+001
+2.951163e+003	   +3.388163e+001
+2.956073e+003	   +3.415234e+001
+2.960991e+003	   +3.394151e+001
+2.965917e+003	   +3.412007e+001
+2.970852e+003	   +3.411684e+001
+2.975794e+003	   +3.427679e+001
+2.980745e+003	   +3.423357e+001
+2.985704e+003	   +3.438563e+001
+2.990672e+003	   +3.449798e+001
+2.995648e+003	   +3.426579e+001
+3.000632e+003	   +3.435706e+001
+3.005624e+003	   +3.441892e+001
+3.010625e+003	   +3.432952e+001
+3.015634e+003	   +3.462256e+001
+3.020651e+003	   +3.463969e+001
+3.025676e+003	   +3.455754e+001
+3.030710e+003	   +3.446758e+001
+3.035753e+003	   +3.460857e+001
+3.040803e+003	   +3.483562e+001
+3.045863e+003	   +3.469767e+001
+3.050930e+003	   +3.482877e+001
+3.056006e+003	   +3.471985e+001
+3.061090e+003	   +3.478362e+001
+3.066183e+003	   +3.500865e+001
+3.071285e+003	   +3.490080e+001
+3.076395e+003	   +3.503194e+001
+3.081513e+003	   +3.493316e+001
+3.086640e+003	   +3.510590e+001
+3.091775e+003	   +3.508923e+001
+3.096919e+003	   +3.506992e+001
+3.102072e+003	   +3.515853e+001
+3.107232e+003	   +3.516455e+001
+3.112402e+003	   +3.518261e+001
+3.117580e+003	   +3.515290e+001
+3.122767e+003	   +3.520502e+001
+3.127963e+003	   +3.523854e+001
+3.133167e+003	   +3.526986e+001
+3.138380e+003	   +3.543995e+001
+3.143601e+003	   +3.539869e+001
+3.148831e+003	   +3.537623e+001
+3.154070e+003	   +3.550084e+001
+3.159318e+003	   +3.564459e+001
+3.164574e+003	   +3.566560e+001
+3.169839e+003	   +3.574063e+001
+3.175113e+003	   +3.573969e+001
+3.180396e+003	   +3.569079e+001
+3.185687e+003	   +3.579577e+001
+3.190987e+003	   +3.576137e+001
+3.196296e+003	   +3.580113e+001
+3.201614e+003	   +3.587151e+001
+3.206940e+003	   +3.589310e+001
+3.212276e+003	   +3.590269e+001
+3.217621e+003	   +3.596442e+001
+3.222974e+003	   +3.597002e+001
+3.228336e+003	   +3.604799e+001
+3.233707e+003	   +3.594051e+001
+3.239087e+003	   +3.599770e+001
+3.244476e+003	   +3.622446e+001
+3.249874e+003	   +3.613102e+001
+3.255281e+003	   +3.615489e+001
+3.260697e+003	   +3.622802e+001
+3.266122e+003	   +3.628552e+001
+3.271556e+003	   +3.630927e+001
+3.276999e+003	   +3.634528e+001
+3.282451e+003	   +3.631244e+001
+3.287912e+003	   +3.636251e+001
+3.293383e+003	   +3.637088e+001
+3.298862e+003	   +3.642454e+001
+3.304351e+003	   +3.649757e+001
+3.309848e+003	   +3.643952e+001
+3.315355e+003	   +3.656118e+001
+3.320871e+003	   +3.655971e+001
+3.326396e+003	   +3.670902e+001
+3.331930e+003	   +3.678615e+001
+3.337474e+003	   +3.675756e+001
+3.343026e+003	   +3.686850e+001
+3.348588e+003	   +3.688874e+001
+3.354159e+003	   +3.682588e+001
+3.359740e+003	   +3.680206e+001
+3.365330e+003	   +3.675691e+001
+3.370929e+003	   +3.668457e+001
+3.376537e+003	   +3.699029e+001
+3.382155e+003	   +3.683251e+001
+3.387782e+003	   +3.682965e+001
+3.393418e+003	   +3.681558e+001
+3.399064e+003	   +3.707411e+001
+3.404719e+003	   +3.713499e+001
+3.410384e+003	   +3.711774e+001
+3.416058e+003	   +3.750290e+001
+3.421741e+003	   +3.723038e+001
+3.427434e+003	   +3.710018e+001
+3.433137e+003	   +3.737377e+001
+3.438849e+003	   +3.720819e+001
+3.444570e+003	   +3.740430e+001
+3.450301e+003	   +3.746671e+001
+3.456041e+003	   +3.764589e+001
+3.461791e+003	   +3.768425e+001
+3.467551e+003	   +3.759952e+001
+3.473320e+003	   +3.791299e+001
+3.479099e+003	   +3.777828e+001
+3.484887e+003	   +3.808715e+001
+3.490685e+003	   +3.794159e+001
+3.496492e+003	   +3.784722e+001
+3.502310e+003	   +3.776191e+001
+3.508137e+003	   +3.781056e+001
+3.513973e+003	   +3.802380e+001
+3.519820e+003	   +3.821599e+001
+3.525676e+003	   +3.775079e+001
+3.531542e+003	   +3.794300e+001
+3.537417e+003	   +3.800139e+001
+3.543303e+003	   +3.813916e+001
+3.549198e+003	   +3.837521e+001
+3.555103e+003	   +3.800274e+001
+3.561018e+003	   +3.815032e+001
+3.566942e+003	   +3.799303e+001
+3.572877e+003	   +3.825094e+001
+3.578821e+003	   +3.817393e+001
+3.584775e+003	   +3.828822e+001
+3.590740e+003	   +3.818723e+001
+3.596714e+003	   +3.825471e+001
+3.602698e+003	   +3.827906e+001
+3.608691e+003	   +3.836348e+001
+3.614696e+003	   +3.849661e+001
+3.620709e+003	   +3.847170e+001
+3.626733e+003	   +3.846045e+001
+3.632767e+003	   +3.866466e+001
+3.638811e+003	   +3.853338e+001
+3.644865e+003	   +3.866484e+001
+3.650929e+003	   +3.873833e+001
+3.657004e+003	   +3.867656e+001
+3.663088e+003	   +3.870056e+001
+3.669183e+003	   +3.870998e+001
+3.675287e+003	   +3.889811e+001
+3.681402e+003	   +3.881742e+001
+3.687527e+003	   +3.889497e+001
+3.693662e+003	   +3.892406e+001
+3.699807e+003	   +3.897111e+001
+3.705963e+003	   +3.905584e+001
+3.712128e+003	   +3.903303e+001
+3.718305e+003	   +3.906080e+001
+3.724491e+003	   +3.908735e+001
+3.730688e+003	   +3.908445e+001
+3.736895e+003	   +3.911051e+001
+3.743112e+003	   +3.919014e+001
+3.749339e+003	   +3.924947e+001
+3.755577e+003	   +3.928229e+001
+3.761825e+003	   +3.937165e+001
+3.768084e+003	   +3.937263e+001
+3.774354e+003	   +3.940519e+001
+3.780633e+003	   +3.936672e+001
+3.786923e+003	   +3.941616e+001
+3.793223e+003	   +3.956223e+001
+3.799534e+003	   +3.955228e+001
+3.805856e+003	   +3.960408e+001
+3.812188e+003	   +3.957679e+001
+3.818530e+003	   +3.964498e+001
+3.824884e+003	   +3.971291e+001
+3.831247e+003	   +3.971947e+001
+3.837621e+003	   +3.978662e+001
+3.844006e+003	   +3.982266e+001
+3.850402e+003	   +3.984501e+001
+3.856808e+003	   +3.986054e+001
+3.863224e+003	   +3.987174e+001
+3.869652e+003	   +3.995370e+001
+3.876090e+003	   +3.994631e+001
+3.882539e+003	   +3.993913e+001
+3.888998e+003	   +4.001674e+001
+3.895469e+003	   +4.008365e+001
+3.901950e+003	   +4.013841e+001
+3.908442e+003	   +4.015275e+001
+3.914944e+003	   +4.020295e+001
+3.921458e+003	   +4.024609e+001
+3.927982e+003	   +4.025252e+001
+3.934517e+003	   +4.025933e+001
+3.941063e+003	   +4.031210e+001
+3.947620e+003	   +4.036296e+001
+3.954188e+003	   +4.042385e+001
+3.960767e+003	   +4.042360e+001
+3.967356e+003	   +4.046450e+001
+3.973957e+003	   +4.051896e+001
+3.980569e+003	   +4.055760e+001
+3.987192e+003	   +4.055507e+001
+3.993825e+003	   +4.062646e+001
+4.000470e+003	   +4.065010e+001
+4.007126e+003	   +4.070490e+001
+4.013792e+003	   +4.069192e+001
+4.020470e+003	   +4.079205e+001
+4.027159e+003	   +4.086977e+001
+4.033860e+003	   +4.086760e+001
+4.040571e+003	   +4.087827e+001
+4.047293e+003	   +4.094090e+001
+4.054027e+003	   +4.094247e+001
+4.060772e+003	   +4.098643e+001
+4.067528e+003	   +4.101226e+001
+4.074295e+003	   +4.102860e+001
+4.081074e+003	   +4.110803e+001
+4.087864e+003	   +4.113825e+001
+4.094665e+003	   +4.117887e+001
+4.101478e+003	   +4.120171e+001
+4.108301e+003	   +4.122182e+001
+4.115137e+003	   +4.126852e+001
+4.121983e+003	   +4.127359e+001
+4.128841e+003	   +4.137217e+001
+4.135710e+003	   +4.141713e+001
+4.142591e+003	   +4.141527e+001
+4.149483e+003	   +4.148352e+001
+4.156387e+003	   +4.151223e+001
+4.163302e+003	   +4.156148e+001
+4.170229e+003	   +4.160651e+001
+4.177167e+003	   +4.160419e+001
+4.184117e+003	   +4.165931e+001
+4.191078e+003	   +4.170067e+001
+4.198051e+003	   +4.171846e+001
+4.205036e+003	   +4.176027e+001
+4.212032e+003	   +4.180427e+001
+4.219040e+003	   +4.184211e+001
+4.226059e+003	   +4.185553e+001
+4.233090e+003	   +4.191844e+001
+4.240133e+003	   +4.193697e+001
+4.247188e+003	   +4.200742e+001
+4.254253e+003	   +4.203378e+001
+4.261332e+003	   +4.206677e+001
+4.268421e+003	   +4.209835e+001
+4.275523e+003	   +4.213730e+001
+4.282636e+003	   +4.216371e+001
+4.289762e+003	   +4.218419e+001
+4.296898e+003	   +4.223874e+001
+4.304047e+003	   +4.226310e+001
+4.311208e+003	   +4.227324e+001
+4.318381e+003	   +4.237354e+001
+4.325566e+003	   +4.237152e+001
+4.332763e+003	   +4.242397e+001
+4.339971e+003	   +4.245828e+001
+4.347192e+003	   +4.251794e+001
+4.354424e+003	   +4.252317e+001
+4.361669e+003	   +4.254014e+001
+4.368926e+003	   +4.258903e+001
+4.376194e+003	   +4.263947e+001
+4.383476e+003	   +4.268484e+001
+4.390769e+003	   +4.270910e+001
+4.398074e+003	   +4.275428e+001
+4.405391e+003	   +4.276044e+001
+4.412720e+003	   +4.279859e+001
+4.420062e+003	   +4.283616e+001
+4.427416e+003	   +4.287114e+001
+4.434782e+003	   +4.291413e+001
+4.442160e+003	   +4.294945e+001
+4.449551e+003	   +4.299397e+001
+4.456954e+003	   +4.303384e+001
+4.464369e+003	   +4.308131e+001
+4.471796e+003	   +4.308141e+001
+4.479236e+003	   +4.312571e+001
+4.486689e+003	   +4.313524e+001
+4.494153e+003	   +4.317662e+001
+4.501631e+003	   +4.322926e+001
+4.509120e+003	   +4.325717e+001
+4.516622e+003	   +4.329110e+001
+4.524137e+003	   +4.333828e+001
+4.531664e+003	   +4.336326e+001
+4.539203e+003	   +4.340916e+001
+4.546755e+003	   +4.342707e+001
+4.554320e+003	   +4.346189e+001
+4.561897e+003	   +4.349280e+001
+4.569487e+003	   +4.353537e+001
+4.577090e+003	   +4.356890e+001
+4.584705e+003	   +4.362196e+001
+4.592333e+003	   +4.364168e+001
+4.599973e+003	   +4.365816e+001
+4.607626e+003	   +4.370732e+001
+4.615292e+003	   +4.375822e+001
+4.622971e+003	   +4.374157e+001
+4.630662e+003	   +4.379830e+001
+4.638367e+003	   +4.384342e+001
+4.646083e+003	   +4.385310e+001
+4.653813e+003	   +4.388243e+001
+4.661556e+003	   +4.392227e+001
+4.669312e+003	   +4.397897e+001
+4.677081e+003	   +4.399129e+001
+4.684862e+003	   +4.402735e+001
+4.692656e+003	   +4.405952e+001
+4.700464e+003	   +4.409258e+001
+4.708284e+003	   +4.411981e+001
+4.716118e+003	   +4.415482e+001
+4.723964e+003	   +4.429747e+001
+4.731823e+003	   +4.422772e+001
+4.739696e+003	   +4.424284e+001
+4.747582e+003	   +4.428795e+001
+4.755480e+003	   +4.433847e+001
+4.763392e+003	   +4.433033e+001
+4.771317e+003	   +4.439841e+001
+4.779256e+003	   +4.444053e+001
+4.787207e+003	   +4.445988e+001
+4.795172e+003	   +4.446233e+001
+4.803150e+003	   +4.450287e+001
+4.811141e+003	   +4.454034e+001
+4.819146e+003	   +4.458660e+001
+4.827164e+003	   +4.461466e+001
+4.835194e+003	   +4.466314e+001
+4.843239e+003	   +4.473790e+001
+4.851297e+003	   +4.476811e+001
+4.859368e+003	   +4.479605e+001
+4.867453e+003	   +4.483761e+001
+4.875551e+003	   +4.483876e+001
+4.883663e+003	   +4.487536e+001
+4.891788e+003	   +4.491854e+001
+4.899927e+003	   +4.492818e+001
+4.908079e+003	   +4.495535e+001
+4.916245e+003	   +4.503981e+001
+4.924424e+003	   +4.506429e+001
+4.932617e+003	   +4.510138e+001
+4.940824e+003	   +4.511278e+001
+4.949044e+003	   +4.515180e+001
+4.957278e+003	   +4.516715e+001
+4.965526e+003	   +4.522861e+001
+4.973787e+003	   +4.525986e+001
+4.982063e+003	   +4.529967e+001
+4.990351e+003	   +4.531725e+001
+4.998654e+003	   +4.534437e+001
+5.006970e+003	   +4.539396e+001
+5.015301e+003	   +4.543321e+001
+5.023645e+003	   +4.544662e+001
+5.032003e+003	   +4.548246e+001
+5.040375e+003	   +4.549474e+001
+5.048761e+003	   +4.552020e+001
+5.057161e+003	   +4.558086e+001
+5.065575e+003	   +4.561591e+001
+5.074002e+003	   +4.564225e+001
+5.082444e+003	   +4.568500e+001
+5.090900e+003	   +4.572138e+001
+5.099370e+003	   +4.573611e+001
+5.107854e+003	   +4.576551e+001
+5.116353e+003	   +4.581281e+001
+5.124865e+003	   +4.584423e+001
+5.133391e+003	   +4.588903e+001
+5.141932e+003	   +4.592989e+001
+5.150487e+003	   +4.595660e+001
+5.159056e+003	   +4.599298e+001
+5.167639e+003	   +4.604573e+001
+5.176237e+003	   +4.604527e+001
+5.184849e+003	   +4.608130e+001
+5.193475e+003	   +4.611755e+001
+5.202116e+003	   +4.614442e+001
+5.210771e+003	   +4.620050e+001
+5.219440e+003	   +4.622108e+001
+5.228124e+003	   +4.625263e+001
+5.236822e+003	   +4.628304e+001
+5.245535e+003	   +4.630189e+001
+5.254262e+003	   +4.634405e+001
+5.263004e+003	   +4.636906e+001
+5.271760e+003	   +4.640554e+001
+5.280531e+003	   +4.646656e+001
+5.289316e+003	   +4.648641e+001
+5.298117e+003	   +4.651078e+001
+5.306931e+003	   +4.655246e+001
+5.315761e+003	   +4.658401e+001
+5.324605e+003	   +4.658485e+001
+5.333463e+003	   +4.661641e+001
+5.342337e+003	   +4.666241e+001
+5.351226e+003	   +4.670089e+001
+5.360128e+003	   +4.671441e+001
+5.369046e+003	   +4.674176e+001
+5.377979e+003	   +4.676657e+001
+5.386927e+003	   +4.681993e+001
+5.395889e+003	   +4.684203e+001
+5.404867e+003	   +4.689417e+001
+5.413859e+003	   +4.690875e+001
+5.422866e+003	   +4.695233e+001
+5.431889e+003	   +4.697544e+001
+5.440926e+003	   +4.701323e+001
+5.449978e+003	   +4.704114e+001
+5.459045e+003	   +4.706446e+001
+5.468128e+003	   +4.711051e+001
+5.477226e+003	   +4.713708e+001
+5.486338e+003	   +4.719065e+001
+5.495466e+003	   +4.720986e+001
+5.504609e+003	   +4.724954e+001
+5.513768e+003	   +4.728479e+001
+5.522941e+003	   +4.731328e+001
+5.532130e+003	   +4.736781e+001
+5.541334e+003	   +4.737705e+001
+5.550553e+003	   +4.740650e+001
+5.559788e+003	   +4.744013e+001
+5.569038e+003	   +4.746645e+001
+5.578304e+003	   +4.749282e+001
+5.587584e+003	   +4.751685e+001
+5.596881e+003	   +4.754494e+001
+5.606192e+003	   +4.759354e+001
+5.615520e+003	   +4.762545e+001
+5.624863e+003	   +4.765893e+001
+5.634221e+003	   +4.768203e+001
+5.643595e+003	   +4.769709e+001
+5.652984e+003	   +4.773645e+001
+5.662390e+003	   +4.776718e+001
+5.671810e+003	   +4.780966e+001
+5.681247e+003	   +4.783693e+001
+5.690699e+003	   +4.788503e+001
+5.700167e+003	   +4.791556e+001
+5.709650e+003	   +4.793314e+001
+5.719150e+003	   +4.796030e+001
+5.728665e+003	   +4.799550e+001
+5.738196e+003	   +4.801971e+001
+5.747743e+003	   +4.804739e+001
+5.757306e+003	   +4.809188e+001
+5.766884e+003	   +4.811835e+001
+5.776479e+003	   +4.815484e+001
+5.786090e+003	   +4.819344e+001
+5.795716e+003	   +4.823325e+001
+5.805359e+003	   +4.826129e+001
+5.815018e+003	   +4.827880e+001
+5.824692e+003	   +4.830548e+001
+5.834383e+003	   +4.833336e+001
+5.844090e+003	   +4.837745e+001
+5.853813e+003	   +4.839272e+001
+5.863552e+003	   +4.840736e+001
+5.873308e+003	   +4.843324e+001
+5.883080e+003	   +4.848367e+001
+5.892868e+003	   +4.853730e+001
+5.902672e+003	   +4.857571e+001
+5.912492e+003	   +4.861829e+001
+5.922329e+003	   +4.864075e+001
+5.932183e+003	   +4.867516e+001
+5.942052e+003	   +4.870345e+001
+5.951938e+003	   +4.874361e+001
+5.961841e+003	   +4.876381e+001
+5.971760e+003	   +4.879644e+001
+5.981695e+003	   +4.882550e+001
+5.991647e+003	   +4.884975e+001
+6.001616e+003	   +4.887485e+001
+6.011601e+003	   +4.892124e+001
+6.021603e+003	   +4.894299e+001
+6.031621e+003	   +4.897623e+001
+6.041656e+003	   +4.901493e+001
+6.051708e+003	   +4.904079e+001
+6.061776e+003	   +4.907174e+001
+6.071862e+003	   +4.909451e+001
+6.081964e+003	   +4.912033e+001
+6.092083e+003	   +4.912880e+001
+6.102218e+003	   +4.915289e+001
+6.112371e+003	   +4.917402e+001
+6.122541e+003	   +4.923777e+001
+6.132727e+003	   +4.927867e+001
+6.142930e+003	   +4.931072e+001
+6.153150e+003	   +4.933579e+001
+6.163388e+003	   +4.933887e+001
+6.173642e+003	   +4.937774e+001
+6.183913e+003	   +4.941240e+001
+6.194202e+003	   +4.944846e+001
+6.204507e+003	   +4.948656e+001
+6.214830e+003	   +4.951514e+001
+6.225170e+003	   +4.954033e+001
+6.235527e+003	   +4.957480e+001
+6.245901e+003	   +4.960476e+001
+6.256293e+003	   +4.962622e+001
+6.266702e+003	   +4.963081e+001
+6.277128e+003	   +4.964816e+001
+6.287572e+003	   +4.966479e+001
+6.298033e+003	   +4.972114e+001
+6.308511e+003	   +4.975505e+001
+6.319007e+003	   +4.978295e+001
+6.329520e+003	   +4.982722e+001
+6.340051e+003	   +4.984637e+001
+6.350599e+003	   +4.987842e+001
+6.361165e+003	   +4.989947e+001
+6.371748e+003	   +4.993684e+001
+6.382349e+003	   +4.995809e+001
+6.392968e+003	   +4.995293e+001
+6.403604e+003	   +4.997778e+001
+6.414258e+003	   +5.001112e+001
+6.424930e+003	   +5.004752e+001
+6.435619e+003	   +5.009435e+001
+6.446326e+003	   +5.011419e+001
+6.457051e+003	   +5.013116e+001
+6.467794e+003	   +5.016564e+001
+6.478555e+003	   +5.018676e+001
+6.489333e+003	   +5.020866e+001
+6.500130e+003	   +5.023681e+001
+6.510945e+003	   +5.027219e+001
+6.521777e+003	   +5.029784e+001
+6.532628e+003	   +5.032783e+001
+6.543497e+003	   +5.034721e+001
+6.554383e+003	   +5.037595e+001
+6.565288e+003	   +5.039337e+001
+6.576211e+003	   +5.041712e+001
+6.587152e+003	   +5.045454e+001
+6.598112e+003	   +5.046881e+001
+6.609089e+003	   +5.050478e+001
+6.620085e+003	   +5.054481e+001
+6.631099e+003	   +5.056395e+001
+6.642132e+003	   +5.059559e+001
+6.653183e+003	   +5.062821e+001
+6.664252e+003	   +5.064830e+001
+6.675339e+003	   +5.067573e+001
+6.686445e+003	   +5.069847e+001
+6.697570e+003	   +5.072482e+001
+6.708713e+003	   +5.075484e+001
+6.719875e+003	   +5.077487e+001
+6.731055e+003	   +5.082050e+001
+6.742253e+003	   +5.085230e+001
+6.753471e+003	   +5.086171e+001
+6.764707e+003	   +5.089275e+001
+6.775962e+003	   +5.091801e+001
+6.787235e+003	   +5.094257e+001
+6.798527e+003	   +5.095960e+001
+6.809838e+003	   +5.099182e+001
+6.821168e+003	   +5.099753e+001
+6.832517e+003	   +5.100983e+001
+6.843885e+003	   +5.104414e+001
+6.855271e+003	   +5.110797e+001
+6.866677e+003	   +5.113446e+001
+6.878101e+003	   +5.116770e+001
+6.889544e+003	   +5.121197e+001
+6.901007e+003	   +5.124789e+001
+6.912488e+003	   +5.126883e+001
+6.923989e+003	   +5.129409e+001
+6.935509e+003	   +5.131896e+001
+6.947048e+003	   +5.136963e+001
+6.958606e+003	   +5.137669e+001
+6.970183e+003	   +5.136147e+001
+6.981780e+003	   +5.138723e+001
+6.993396e+003	   +5.141750e+001
+7.005031e+003	   +5.147458e+001
+7.016686e+003	   +5.150372e+001
+7.028359e+003	   +5.153830e+001
+7.040053e+003	   +5.148038e+001
+7.051766e+003	   +5.149762e+001
+7.063498e+003	   +5.160688e+001
+7.075250e+003	   +5.162290e+001
+7.087021e+003	   +5.163810e+001
+7.098813e+003	   +5.165599e+001
+7.110623e+003	   +5.165842e+001
+7.122454e+003	   +5.168155e+001
+7.134303e+003	   +5.171101e+001
+7.146173e+003	   +5.177297e+001
+7.158063e+003	   +5.181186e+001
+7.169972e+003	   +5.183635e+001
+7.181901e+003	   +5.185196e+001
+7.193850e+003	   +5.187648e+001
+7.205818e+003	   +5.184360e+001
+7.217807e+003	   +5.184713e+001
+7.229815e+003	   +5.190318e+001
+7.241844e+003	   +5.198024e+001
+7.253893e+003	   +5.201148e+001
+7.265961e+003	   +5.200410e+001
+7.278050e+003	   +5.200555e+001
+7.290159e+003	   +5.204922e+001
+7.302288e+003	   +5.205752e+001
+7.314437e+003	   +5.207885e+001
+7.326606e+003	   +5.210180e+001
+7.338796e+003	   +5.213330e+001
+7.351006e+003	   +5.214297e+001
+7.363236e+003	   +5.217523e+001
+7.375487e+003	   +5.217929e+001
+7.387758e+003	   +5.222353e+001
+7.400049e+003	   +5.224553e+001
+7.412361e+003	   +5.227950e+001
+7.424693e+003	   +5.230117e+001
+7.437046e+003	   +5.232734e+001
+7.449419e+003	   +5.233981e+001
+7.461813e+003	   +5.237674e+001
+7.474228e+003	   +5.239146e+001
+7.486663e+003	   +5.243056e+001
+7.499119e+003	   +5.245372e+001
+7.511596e+003	   +5.248519e+001
+7.524093e+003	   +5.251303e+001
+7.536611e+003	   +5.253168e+001
+7.549150e+003	   +5.256516e+001
+7.561710e+003	   +5.256515e+001
+7.574291e+003	   +5.260231e+001
+7.586893e+003	   +5.261700e+001
+7.599515e+003	   +5.262709e+001
+7.612159e+003	   +5.262847e+001
+7.624824e+003	   +5.264000e+001
+7.637509e+003	   +5.267537e+001
+7.650216e+003	   +5.270237e+001
+7.662944e+003	   +5.274957e+001
+7.675693e+003	   +5.275800e+001
+7.688464e+003	   +5.278436e+001
+7.701255e+003	   +5.280608e+001
+7.714068e+003	   +5.284691e+001
+7.726903e+003	   +5.285616e+001
+7.739758e+003	   +5.289552e+001
+7.752635e+003	   +5.291135e+001
+7.765534e+003	   +5.294749e+001
+7.778454e+003	   +5.295572e+001
+7.791395e+003	   +5.298633e+001
+7.804358e+003	   +5.299341e+001
+7.817342e+003	   +5.301622e+001
+7.830349e+003	   +5.304956e+001
+7.843376e+003	   +5.309145e+001
+7.856426e+003	   +5.315808e+001
+7.869497e+003	   +5.305289e+001
+7.882589e+003	   +5.317433e+001
+7.895704e+003	   +5.317860e+001
+7.908841e+003	   +5.319230e+001
+7.921999e+003	   +5.321144e+001
+7.935179e+003	   +5.322281e+001
+7.948381e+003	   +5.325421e+001
+7.961605e+003	   +5.328033e+001
+7.974852e+003	   +5.331093e+001
+7.988120e+003	   +5.333882e+001
+8.001410e+003	   +5.336957e+001
+8.014722e+003	   +5.339018e+001
+8.028057e+003	   +5.341434e+001
+8.041413e+003	   +5.341679e+001
+8.054792e+003	   +5.344154e+001
+8.068193e+003	   +5.348233e+001
+8.081617e+003	   +5.347981e+001
+8.095063e+003	   +5.350179e+001
+8.108531e+003	   +5.351039e+001
+8.122021e+003	   +5.353547e+001
+8.135534e+003	   +5.356178e+001
+8.149070e+003	   +5.356947e+001
+8.162627e+003	   +5.362337e+001
+8.176208e+003	   +5.364412e+001
+8.189811e+003	   +5.366474e+001
+8.203438e+003	   +5.369579e+001
+8.217086e+003	   +5.371851e+001
+8.230757e+003	   +5.373602e+001
+8.244450e+003	   +5.375718e+001
+8.258167e+003	   +5.376184e+001
+8.271906e+003	   +5.379905e+001
+8.285669e+003	   +5.382880e+001
+8.299454e+003	   +5.384774e+001
+8.313263e+003	   +5.388190e+001
+8.327094e+003	   +5.391682e+001
+8.340948e+003	   +5.392192e+001
+8.354825e+003	   +5.400473e+001
+8.368726e+003	   +5.398474e+001
+8.382648e+003	   +5.398414e+001
+8.396596e+003	   +5.402912e+001
+8.410565e+003	   +5.404966e+001
+8.424559e+003	   +5.406380e+001
+8.438574e+003	   +5.407821e+001
+8.452614e+003	   +5.409128e+001
+8.466678e+003	   +5.411057e+001
+8.480764e+003	   +5.412286e+001
+8.494874e+003	   +5.415469e+001
+8.509007e+003	   +5.417531e+001
+8.523164e+003	   +5.420625e+001
+8.537344e+003	   +5.422765e+001
+8.551548e+003	   +5.426289e+001
+8.565775e+003	   +5.427359e+001
+8.580027e+003	   +5.429817e+001
+8.594302e+003	   +5.431167e+001
+8.608601e+003	   +5.432370e+001
+8.622923e+003	   +5.434794e+001
+8.637270e+003	   +5.436270e+001
+8.651640e+003	   +5.438799e+001
+8.666034e+003	   +5.440462e+001
+8.680452e+003	   +5.441829e+001
+8.694895e+003	   +5.444059e+001
+8.709360e+003	   +5.445609e+001
+8.723851e+003	   +5.448070e+001
+8.738364e+003	   +5.449517e+001
+8.752903e+003	   +5.452082e+001
+8.767466e+003	   +5.453786e+001
+8.782053e+003	   +5.456142e+001
+8.796664e+003	   +5.457890e+001
+8.811299e+003	   +5.457907e+001
+8.825959e+003	   +5.460424e+001
+8.840643e+003	   +5.463007e+001
+8.855352e+003	   +5.466292e+001
+8.870085e+003	   +5.467710e+001
+8.884842e+003	   +5.468996e+001
+8.899624e+003	   +5.471401e+001
+8.914431e+003	   +5.473390e+001
+8.929263e+003	   +5.474442e+001
+8.944118e+003	   +5.476986e+001
+8.958999e+003	   +5.478745e+001
+8.973904e+003	   +5.479329e+001
+8.988835e+003	   +5.481796e+001
+9.003790e+003	   +5.481860e+001
+9.018771e+003	   +5.483278e+001
+9.033775e+003	   +5.485897e+001
+9.048805e+003	   +5.487230e+001
+9.063860e+003	   +5.488653e+001
+9.078940e+003	   +5.489428e+001
+9.094045e+003	   +5.494579e+001
+9.109175e+003	   +5.494270e+001
+9.124331e+003	   +5.494340e+001
+9.139511e+003	   +5.495035e+001
+9.154717e+003	   +5.497152e+001
+9.169948e+003	   +5.500515e+001
+9.185204e+003	   +5.499536e+001
+9.200486e+003	   +5.503278e+001
+9.215794e+003	   +5.504927e+001
+9.231126e+003	   +5.507669e+001
+9.246484e+003	   +5.509808e+001
+9.261868e+003	   +5.511897e+001
+9.277278e+003	   +5.513748e+001
+9.292713e+003	   +5.517304e+001
+9.308174e+003	   +5.517855e+001
+9.323660e+003	   +5.520771e+001
+9.339172e+003	   +5.524146e+001
+9.354710e+003	   +5.523980e+001
+9.370274e+003	   +5.525895e+001
+9.385864e+003	   +5.526625e+001
+9.401479e+003	   +5.527546e+001
+9.417121e+003	   +5.527523e+001
+9.432789e+003	   +5.532899e+001
+9.448482e+003	   +5.532710e+001
+9.464203e+003	   +5.533064e+001
+9.479949e+003	   +5.534634e+001
+9.495721e+003	   +5.536656e+001
+9.511520e+003	   +5.539475e+001
+9.527345e+003	   +5.539624e+001
+9.543195e+003	   +5.541428e+001
+9.559073e+003	   +5.542969e+001
+9.574977e+003	   +5.545635e+001
+9.590907e+003	   +5.546497e+001
+9.606864e+003	   +5.547670e+001
+9.622848e+003	   +5.547438e+001
+9.638857e+003	   +5.549946e+001
+9.654894e+003	   +5.553007e+001
+9.670957e+003	   +5.554572e+001
+9.687047e+003	   +5.557273e+001
+9.703164e+003	   +5.558160e+001
+9.719308e+003	   +5.558879e+001
+9.735479e+003	   +5.561432e+001
+9.751676e+003	   +5.561869e+001
+9.767899e+003	   +5.564460e+001
+9.784151e+003	   +5.566472e+001
+9.800430e+003	   +5.566602e+001
+9.816734e+003	   +5.568510e+001
+9.833067e+003	   +5.569639e+001
+9.849427e+003	   +5.569935e+001
+9.865814e+003	   +5.574129e+001
+9.882229e+003	   +5.573904e+001
+9.898670e+003	   +5.575587e+001
+9.915139e+003	   +5.577692e+001
+9.931635e+003	   +5.579813e+001
+9.948159e+003	   +5.582355e+001
+9.964710e+003	   +5.584135e+001
+9.981289e+003	   +5.585720e+001
+9.997895e+003	   +5.587604e+001
+1.001453e+004	   +5.588026e+001
+1.003119e+004	   +5.590348e+001
+1.004788e+004	   +5.590583e+001
+1.006460e+004	   +5.590785e+001
+1.008134e+004	   +5.592109e+001
+1.009812e+004	   +5.595342e+001
+1.011492e+004	   +5.597023e+001
+1.013174e+004	   +5.600495e+001
+1.014860e+004	   +5.601938e+001
+1.016549e+004	   +5.603693e+001
+1.018240e+004	   +5.604747e+001
+1.019934e+004	   +5.606701e+001
+1.021631e+004	   +5.607254e+001
+1.023331e+004	   +5.607579e+001
+1.025033e+004	   +5.610888e+001
+1.026739e+004	   +5.611281e+001
+1.028447e+004	   +5.611836e+001
+1.030158e+004	   +5.612981e+001
+1.031872e+004	   +5.614039e+001
+1.033589e+004	   +5.615520e+001
+1.035308e+004	   +5.617004e+001
+1.037031e+004	   +5.616623e+001
+1.038756e+004	   +5.618682e+001
+1.040484e+004	   +5.620114e+001
+1.042215e+004	   +5.621510e+001
+1.043949e+004	   +5.620637e+001
+1.045686e+004	   +5.621824e+001
+1.047426e+004	   +5.622927e+001
+1.049169e+004	   +5.625407e+001
+1.050914e+004	   +5.627240e+001
+1.052663e+004	   +5.631430e+001
+1.054414e+004	   +5.632230e+001
+1.056168e+004	   +5.632573e+001
+1.057925e+004	   +5.629660e+001
+1.059686e+004	   +5.628770e+001
+1.061449e+004	   +5.636211e+001
+1.063215e+004	   +5.637548e+001
+1.064983e+004	   +5.639811e+001
+1.066755e+004	   +5.639400e+001
+1.068530e+004	   +5.641626e+001
+1.070308e+004	   +5.641945e+001
+1.072089e+004	   +5.643287e+001
+1.073872e+004	   +5.645716e+001
+1.075659e+004	   +5.648917e+001
+1.077449e+004	   +5.650311e+001
+1.079241e+004	   +5.650679e+001
+1.081037e+004	   +5.652088e+001
+1.082835e+004	   +5.653067e+001
+1.084637e+004	   +5.653046e+001
+1.086442e+004	   +5.653429e+001
+1.088249e+004	   +5.654823e+001
+1.090060e+004	   +5.656652e+001
+1.091873e+004	   +5.658592e+001
+1.093690e+004	   +5.661948e+001
+1.095509e+004	   +5.662121e+001
+1.097332e+004	   +5.662311e+001
+1.099158e+004	   +5.664784e+001
+1.100987e+004	   +5.665450e+001
+1.102818e+004	   +5.667426e+001
+1.104653e+004	   +5.667397e+001
+1.106491e+004	   +5.669151e+001
+1.108332e+004	   +5.670639e+001
+1.110176e+004	   +5.672673e+001
+1.112023e+004	   +5.673518e+001
+1.113873e+004	   +5.673402e+001
+1.115726e+004	   +5.675275e+001
+1.117583e+004	   +5.675991e+001
+1.119442e+004	   +5.677193e+001
+1.121304e+004	   +5.678617e+001
+1.123170e+004	   +5.679796e+001
+1.125039e+004	   +5.680231e+001
+1.126910e+004	   +5.681232e+001
+1.128785e+004	   +5.683483e+001
+1.130663e+004	   +5.683955e+001
+1.132544e+004	   +5.683363e+001
+1.134429e+004	   +5.685010e+001
+1.136316e+004	   +5.685724e+001
+1.138207e+004	   +5.688062e+001
+1.140100e+004	   +5.690020e+001
+1.141997e+004	   +5.691598e+001
+1.143897e+004	   +5.690478e+001
+1.145800e+004	   +5.691476e+001
+1.147707e+004	   +5.693451e+001
+1.149616e+004	   +5.694733e+001
+1.151529e+004	   +5.694342e+001
+1.153445e+004	   +5.696192e+001
+1.155364e+004	   +5.699080e+001
+1.157286e+004	   +5.700462e+001
+1.159211e+004	   +5.700379e+001
+1.161140e+004	   +5.703720e+001
+1.163072e+004	   +5.704927e+001
+1.165007e+004	   +5.703555e+001
+1.166945e+004	   +5.704097e+001
+1.168887e+004	   +5.706725e+001
+1.170831e+004	   +5.710028e+001
+1.172779e+004	   +5.708722e+001
+1.174731e+004	   +5.711874e+001
+1.176685e+004	   +5.711222e+001
+1.178643e+004	   +5.712122e+001
+1.180604e+004	   +5.711264e+001
+1.182568e+004	   +5.713808e+001
+1.184535e+004	   +5.714334e+001
+1.186506e+004	   +5.715484e+001
+1.188480e+004	   +5.715862e+001
+1.190458e+004	   +5.715496e+001
+1.192438e+004	   +5.717718e+001
+1.194422e+004	   +5.718155e+001
+1.196409e+004	   +5.717413e+001
+1.198400e+004	   +5.718364e+001
+1.200394e+004	   +5.719372e+001
+1.202391e+004	   +5.720035e+001
+1.204391e+004	   +5.721854e+001
+1.206395e+004	   +5.722584e+001
+1.208402e+004	   +5.724286e+001
+1.210413e+004	   +5.723800e+001
+1.212427e+004	   +5.725586e+001
+1.214444e+004	   +5.726432e+001
+1.216464e+004	   +5.724995e+001
+1.218488e+004	   +5.727608e+001
+1.220515e+004	   +5.728395e+001
+1.222546e+004	   +5.728836e+001
+1.224580e+004	   +5.731536e+001
+1.226617e+004	   +5.731386e+001
+1.228658e+004	   +5.732065e+001
+1.230702e+004	   +5.732234e+001
+1.232750e+004	   +5.734437e+001
+1.234801e+004	   +5.734831e+001
+1.236855e+004	   +5.736316e+001
+1.238913e+004	   +5.736673e+001
+1.240974e+004	   +5.738447e+001
+1.243039e+004	   +5.738247e+001
+1.245107e+004	   +5.738719e+001
+1.247179e+004	   +5.739555e+001
+1.249254e+004	   +5.742628e+001
+1.251332e+004	   +5.742598e+001
+1.253414e+004	   +5.743330e+001
+1.255499e+004	   +5.743822e+001
+1.257588e+004	   +5.743851e+001
+1.259680e+004	   +5.742688e+001
+1.261776e+004	   +5.741935e+001
+1.263876e+004	   +5.744201e+001
+1.265978e+004	   +5.745232e+001
+1.268085e+004	   +5.747394e+001
+1.270194e+004	   +5.749903e+001
+1.272308e+004	   +5.748563e+001
+1.274424e+004	   +5.751189e+001
+1.276545e+004	   +5.751235e+001
+1.278669e+004	   +5.751111e+001
+1.280796e+004	   +5.751479e+001
+1.282927e+004	   +5.752724e+001
+1.285061e+004	   +5.753254e+001
+1.287199e+004	   +5.753281e+001
+1.289341e+004	   +5.754375e+001
+1.291486e+004	   +5.752850e+001
+1.293635e+004	   +5.754256e+001
+1.295787e+004	   +5.752853e+001
+1.297943e+004	   +5.754030e+001
+1.300102e+004	   +5.755960e+001
+1.302265e+004	   +5.751820e+001
+1.304432e+004	   +5.753323e+001
+1.306602e+004	   +5.757903e+001
+1.308776e+004	   +5.758190e+001
+1.310954e+004	   +5.757095e+001
+1.313135e+004	   +5.758273e+001
+1.315320e+004	   +5.759432e+001
+1.317508e+004	   +5.759106e+001
+1.319700e+004	   +5.760932e+001
+1.321896e+004	   +5.760072e+001
+1.324095e+004	   +5.770529e+001
+1.326298e+004	   +5.770322e+001
+1.328504e+004	   +5.760309e+001
+1.330715e+004	   +5.744131e+001
+1.332929e+004	   +5.764746e+001
+1.335146e+004	   +5.764075e+001
+1.337368e+004	   +5.761948e+001
+1.339593e+004	   +5.762772e+001
+1.341821e+004	   +5.761492e+001
+1.344054e+004	   +5.768988e+001
+1.346290e+004	   +5.769209e+001
+1.348530e+004	   +5.762220e+001
+1.350774e+004	   +5.757318e+001
+1.353021e+004	   +5.762937e+001
+1.355272e+004	   +5.764156e+001
+1.357527e+004	   +5.764355e+001
+1.359785e+004	   +5.764365e+001
+1.362048e+004	   +5.764357e+001
+1.364314e+004	   +5.765466e+001
+1.366584e+004	   +5.768393e+001
+1.368857e+004	   +5.766063e+001
+1.371135e+004	   +5.766656e+001
+1.373416e+004	   +5.768161e+001
+1.375701e+004	   +5.768139e+001
+1.377990e+004	   +5.768090e+001
+1.380282e+004	   +5.766846e+001
+1.382579e+004	   +5.765188e+001
+1.384879e+004	   +5.764959e+001
+1.387183e+004	   +5.763747e+001
+1.389491e+004	   +5.767208e+001
+1.391803e+004	   +5.767853e+001
+1.394119e+004	   +5.766880e+001
+1.396438e+004	   +5.766301e+001
+1.398761e+004	   +5.768509e+001
+1.401088e+004	   +5.767277e+001
+1.403420e+004	   +5.768644e+001
+1.405754e+004	   +5.769444e+001
+1.408093e+004	   +5.769879e+001
+1.410436e+004	   +5.771791e+001
+1.412783e+004	   +5.770344e+001
+1.415133e+004	   +5.773655e+001
+1.417488e+004	   +5.774721e+001
+1.419846e+004	   +5.775287e+001
+1.422208e+004	   +5.777071e+001
+1.424574e+004	   +5.775579e+001
+1.426945e+004	   +5.777717e+001
+1.429319e+004	   +5.777550e+001
+1.431697e+004	   +5.777758e+001
+1.434079e+004	   +5.778793e+001
+1.436465e+004	   +5.780387e+001
+1.438854e+004	   +5.775025e+001
+1.441248e+004	   +5.776490e+001
+1.443646e+004	   +5.779371e+001
+1.446048e+004	   +5.776968e+001
+1.448454e+004	   +5.780416e+001
+1.450864e+004	   +5.783237e+001
+1.453278e+004	   +5.784088e+001
+1.455696e+004	   +5.783420e+001
+1.458117e+004	   +5.785079e+001
+1.460543e+004	   +5.779873e+001
+1.462973e+004	   +5.780903e+001
+1.465407e+004	   +5.778424e+001
+1.467845e+004	   +5.779170e+001
+1.470288e+004	   +5.787448e+001
+1.472734e+004	   +5.786576e+001
+1.475184e+004	   +5.787030e+001
+1.477638e+004	   +5.787292e+001
+1.480097e+004	   +5.784188e+001
+1.482559e+004	   +5.785759e+001
+1.485026e+004	   +5.787241e+001
+1.487497e+004	   +5.785598e+001
+1.489971e+004	   +5.780391e+001
+1.492450e+004	   +5.778057e+001
+1.494933e+004	   +5.778801e+001
+1.497421e+004	   +5.781109e+001
+1.499912e+004	   +5.782302e+001
+1.502407e+004	   +5.778929e+001
+1.504907e+004	   +5.783289e+001
+1.507411e+004	   +5.789325e+001
+1.509919e+004	   +5.792430e+001
+1.512431e+004	   +5.785035e+001
+1.514947e+004	   +5.783403e+001
+1.517468e+004	   +5.783391e+001
+1.519992e+004	   +5.785230e+001
+1.522521e+004	   +5.789491e+001
+1.525054e+004	   +5.787794e+001
+1.527592e+004	   +5.785420e+001
+1.530133e+004	   +5.787844e+001
+1.532679e+004	   +5.780285e+001
+1.535229e+004	   +5.783003e+001
+1.537783e+004	   +5.780279e+001
+1.540342e+004	   +5.782064e+001
+1.542904e+004	   +5.783843e+001
+1.545471e+004	   +5.791536e+001
+1.548043e+004	   +5.789228e+001
+1.550618e+004	   +5.789210e+001
+1.553198e+004	   +5.778200e+001
+1.555782e+004	   +5.778441e+001
+1.558371e+004	   +5.777349e+001
+1.560963e+004	   +5.775522e+001
+1.563560e+004	   +5.779984e+001
+1.566162e+004	   +5.775866e+001
+1.568767e+004	   +5.766906e+001
+1.571377e+004	   +5.762251e+001
+1.573992e+004	   +5.760135e+001
+1.576611e+004	   +5.766039e+001
+1.579234e+004	   +5.762048e+001
+1.581861e+004	   +5.764464e+001
+1.584493e+004	   +5.764719e+001
+1.587129e+004	   +5.760464e+001
+1.589770e+004	   +5.749657e+001
+1.592415e+004	   +5.734960e+001
+1.595064e+004	   +5.730034e+001
+1.597718e+004	   +5.735210e+001
+1.600376e+004	   +5.728406e+001
+1.603039e+004	   +5.724207e+001
+1.605706e+004	   +5.727690e+001
+1.608377e+004	   +5.725676e+001
+1.611053e+004	   +5.729268e+001
+1.613733e+004	   +5.734006e+001
+1.616418e+004	   +5.746187e+001
+1.619108e+004	   +5.748611e+001
+1.621801e+004	   +5.746310e+001
+1.624500e+004	   +5.751523e+001
+1.627202e+004	   +5.747221e+001
+1.629910e+004	   +5.745911e+001
+1.632621e+004	   +5.732705e+001
+1.635338e+004	   +5.742163e+001
+1.638058e+004	   +5.743304e+001
+1.640784e+004	   +5.746877e+001
+1.643514e+004	   +5.741932e+001
+1.646248e+004	   +5.734066e+001
+1.648987e+004	   +5.738564e+001
+1.651730e+004	   +5.739612e+001
+1.654479e+004	   +5.737749e+001
+1.657231e+004	   +5.734126e+001
+1.659988e+004	   +5.736843e+001
+1.662750e+004	   +5.735389e+001
+1.665517e+004	   +5.728632e+001
+1.668288e+004	   +5.726304e+001
+1.671063e+004	   +5.727639e+001
+1.673843e+004	   +5.739205e+001
+1.676628e+004	   +5.733002e+001
+1.679418e+004	   +5.735371e+001
+1.682212e+004	   +5.739552e+001
+1.685011e+004	   +5.738815e+001
+1.687814e+004	   +5.736315e+001
+1.690622e+004	   +5.735197e+001
+1.693435e+004	   +5.731523e+001
+1.696252e+004	   +5.732715e+001
+1.699074e+004	   +5.729804e+001
+1.701901e+004	   +5.731494e+001
+1.704733e+004	   +5.731342e+001
+1.707569e+004	   +5.730304e+001
+1.710410e+004	   +5.725003e+001
+1.713256e+004	   +5.722028e+001
+1.716106e+004	   +5.716215e+001
+1.718961e+004	   +5.712679e+001
+1.721821e+004	   +5.712392e+001
+1.724686e+004	   +5.710498e+001
+1.727555e+004	   +5.714871e+001
+1.730430e+004	   +5.715170e+001
+1.733309e+004	   +5.717885e+001
+1.736192e+004	   +5.720676e+001
+1.739081e+004	   +5.721011e+001
+1.741974e+004	   +5.719273e+001
+1.744873e+004	   +5.722088e+001
+1.747776e+004	   +5.721947e+001
+1.750683e+004	   +5.720265e+001
+1.753596e+004	   +5.716568e+001
+1.756514e+004	   +5.724649e+001
+1.759436e+004	   +5.732642e+001
+1.762363e+004	   +5.730068e+001
+1.765296e+004	   +5.732236e+001
+1.768232e+004	   +5.732019e+001
+1.771174e+004	   +5.734122e+001
+1.774121e+004	   +5.732944e+001
+1.777073e+004	   +5.732088e+001
+1.780029e+004	   +5.733643e+001
+1.782991e+004	   +5.732821e+001
+1.785957e+004	   +5.729592e+001
+1.788929e+004	   +5.722770e+001
+1.791905e+004	   +5.715451e+001
+1.794886e+004	   +5.714886e+001
+1.797873e+004	   +5.711238e+001
+1.800864e+004	   +5.714413e+001
+1.803860e+004	   +5.712022e+001
+1.806861e+004	   +5.714887e+001
+1.809867e+004	   +5.716704e+001
+1.812879e+004	   +5.716574e+001
+1.815895e+004	   +5.715580e+001
+1.818916e+004	   +5.719491e+001
+1.821942e+004	   +5.715289e+001
+1.824973e+004	   +5.717504e+001
+1.828010e+004	   +5.716043e+001
+1.831051e+004	   +5.713235e+001
+1.834097e+004	   +5.709128e+001
+1.837149e+004	   +5.709559e+001
+1.840205e+004	   +5.712220e+001
+1.843267e+004	   +5.713239e+001
+1.846334e+004	   +5.706605e+001
+1.849406e+004	   +5.703539e+001
+1.852482e+004	   +5.697503e+001
+1.855565e+004	   +5.696880e+001
+1.858652e+004	   +5.693194e+001
+1.861744e+004	   +5.695275e+001
+1.864842e+004	   +5.697293e+001
+1.867944e+004	   +5.703740e+001
+1.871052e+004	   +5.701650e+001
+1.874165e+004	   +5.688787e+001
+1.877283e+004	   +5.681363e+001
+1.880406e+004	   +5.679086e+001
+1.883535e+004	   +5.685702e+001
+1.886669e+004	   +5.686031e+001
+1.889808e+004	   +5.685548e+001
+1.892952e+004	   +5.685919e+001
+1.896101e+004	   +5.680021e+001
+1.899256e+004	   +5.676325e+001
+1.902416e+004	   +5.678040e+001
+1.905581e+004	   +5.672098e+001
+1.908751e+004	   +5.669818e+001
+1.911927e+004	   +5.662099e+001
+1.915108e+004	   +5.657596e+001
+1.918294e+004	   +5.652837e+001
+1.921486e+004	   +5.646865e+001
+1.924682e+004	   +5.644114e+001
+1.927885e+004	   +5.631793e+001
+1.931092e+004	   +5.635120e+001
+1.934305e+004	   +5.635487e+001
+1.937523e+004	   +5.632112e+001
+1.940747e+004	   +5.619987e+001
+1.943976e+004	   +5.617749e+001
+1.947210e+004	   +5.611645e+001
+1.950450e+004	   +5.616390e+001
+1.953695e+004	   +5.607230e+001
+1.956945e+004	   +5.603688e+001
+1.960201e+004	   +5.603495e+001
+1.963462e+004	   +5.596825e+001
+1.966729e+004	   +5.582948e+001
+1.970001e+004	   +5.582391e+001
+1.973279e+004	   +5.579568e+001
+1.976562e+004	   +5.575706e+001
+1.979850e+004	   +5.573508e+001
+1.983144e+004	   +5.571879e+001
+1.986444e+004	   +5.561752e+001
+1.989749e+004	   +5.553103e+001
+1.993059e+004	   +5.554325e+001
+1.996375e+004	   +5.536234e+001
+1.999696e+004	   +5.524047e+001
+2.003023e+004	   +5.512529e+001
+2.006356e+004	   +5.503698e+001
+2.009694e+004	   +5.488048e+001
+2.013038e+004	   +5.456535e+001
+2.016387e+004	   +5.451820e+001
+2.019742e+004	   +5.449539e+001
+2.023102e+004	   +5.417204e+001
+2.026468e+004	   +5.394702e+001
+2.029839e+004	   +5.372382e+001
+2.033217e+004	   +5.357882e+001
+2.036599e+004	   +5.348673e+001
+2.039988e+004	   +5.336708e+001
+2.043382e+004	   +5.334301e+001
+2.046781e+004	   +5.330566e+001
+2.050187e+004	   +5.329884e+001
+2.053598e+004	   +5.334116e+001
+2.057014e+004	   +5.335252e+001
+2.060437e+004	   +5.345647e+001
+2.063865e+004	   +5.351876e+001
+2.067298e+004	   +5.371685e+001
+2.070738e+004	   +5.395152e+001
+2.074183e+004	   +5.413377e+001
+2.077634e+004	   +5.444353e+001
+2.081091e+004	   +5.462853e+001
+2.084553e+004	   +5.474678e+001
+2.088021e+004	   +5.482947e+001
+2.091495e+004	   +5.493147e+001
+2.094975e+004	   +5.498296e+001
+2.098461e+004	   +5.508829e+001
+2.101952e+004	   +5.514816e+001
+2.105449e+004	   +5.522911e+001
+2.108952e+004	   +5.526700e+001
+2.112461e+004	   +5.530021e+001
+2.115975e+004	   +5.538581e+001
+2.119496e+004	   +5.543772e+001
+2.123022e+004	   +5.551074e+001
+2.126554e+004	   +5.556744e+001
+2.130092e+004	   +5.560535e+001
+2.133636e+004	   +5.566691e+001
+2.137186e+004	   +5.567784e+001
+2.140742e+004	   +5.571941e+001
+2.144303e+004	   +5.570380e+001
+2.147871e+004	   +5.572946e+001
+2.151444e+004	   +5.569831e+001
+2.155024e+004	   +5.575848e+001
+2.158609e+004	   +5.576432e+001
+2.162201e+004	   +5.574689e+001
+2.165798e+004	   +5.576514e+001
+2.169401e+004	   +5.572081e+001
+2.173011e+004	   +5.573217e+001
+2.176626e+004	   +5.572400e+001
+2.180247e+004	   +5.569414e+001
+2.183875e+004	   +5.568533e+001
+2.187508e+004	   +5.562716e+001
+2.191148e+004	   +5.564146e+001
+2.194793e+004	   +5.564856e+001
+2.198445e+004	   +5.564396e+001
+2.202102e+004	   +5.562600e+001
+2.205766e+004	   +5.557504e+001
+2.209436e+004	   +5.558579e+001
+2.213112e+004	   +5.551385e+001
+2.216794e+004	   +5.549407e+001
+2.220482e+004	   +5.548140e+001
+2.224176e+004	   +5.549385e+001
+2.227877e+004	   +5.549171e+001
+2.231584e+004	   +5.553050e+001
+2.235296e+004	   +5.551577e+001
+2.239015e+004	   +5.552327e+001
+2.242740e+004	   +5.550130e+001
+2.246472e+004	   +5.547471e+001
+2.250209e+004	   +5.548975e+001
+2.253953e+004	   +5.545777e+001
+2.257703e+004	   +5.550058e+001
+2.261459e+004	   +5.547150e+001
+2.265222e+004	   +5.543244e+001
+2.268991e+004	   +5.546634e+001
+2.272766e+004	   +5.544473e+001
+2.276547e+004	   +5.544004e+001
+2.280335e+004	   +5.540420e+001
+2.284129e+004	   +5.539932e+001
+2.287929e+004	   +5.534083e+001
+2.291735e+004	   +5.527866e+001
+2.295548e+004	   +5.528676e+001
+2.299367e+004	   +5.532876e+001
+2.303193e+004	   +5.527395e+001
+2.307025e+004	   +5.524660e+001
+2.310863e+004	   +5.526141e+001
+2.314708e+004	   +5.520998e+001
+2.318559e+004	   +5.521782e+001
+2.322416e+004	   +5.515680e+001
+2.326280e+004	   +5.514505e+001
+2.330151e+004	   +5.508873e+001
+2.334027e+004	   +5.504932e+001
+2.337911e+004	   +5.503710e+001
+2.341800e+004	   +5.504417e+001
+2.345696e+004	   +5.500676e+001
+2.349599e+004	   +5.503423e+001
+2.353508e+004	   +5.497218e+001
+2.357424e+004	   +5.497987e+001
+2.361346e+004	   +5.495738e+001
+2.365275e+004	   +5.490071e+001
+2.369210e+004	   +5.492538e+001
+2.373152e+004	   +5.485950e+001
+2.377100e+004	   +5.487577e+001
+2.381055e+004	   +5.484143e+001
+2.385016e+004	   +5.481049e+001
+2.388985e+004	   +5.481747e+001
+2.392959e+004	   +5.477591e+001
+2.396940e+004	   +5.478697e+001
+2.400928e+004	   +5.474957e+001
+2.404923e+004	   +5.473829e+001
+2.408924e+004	   +5.474514e+001
+2.412932e+004	   +5.469251e+001
+2.416946e+004	   +5.469795e+001
+2.420968e+004	   +5.468110e+001
+2.424996e+004	   +5.466676e+001
+2.429030e+004	   +5.466672e+001
+2.433071e+004	   +5.461506e+001
+2.437119e+004	   +5.462211e+001
+2.441174e+004	   +5.458208e+001
+2.445236e+004	   +5.456460e+001
+2.449304e+004	   +5.456870e+001
+2.453379e+004	   +5.452792e+001
+2.457461e+004	   +5.451333e+001
+2.461549e+004	   +5.449920e+001
+2.465645e+004	   +5.446798e+001
+2.469747e+004	   +5.447672e+001
+2.473856e+004	   +5.441400e+001
+2.477972e+004	   +5.447203e+001
+2.482095e+004	   +5.444141e+001
+2.486224e+004	   +5.443372e+001
+2.490361e+004	   +5.442398e+001
+2.494504e+004	   +5.437548e+001
+2.498654e+004	   +5.444823e+001
+2.502811e+004	   +5.438404e+001
+2.506975e+004	   +5.438089e+001
+2.511146e+004	   +5.435016e+001
+2.515324e+004	   +5.432305e+001
+2.519509e+004	   +5.433055e+001
+2.523701e+004	   +5.433015e+001
+2.527900e+004	   +5.435582e+001
+2.532105e+004	   +5.436206e+001
+2.536318e+004	   +5.424818e+001
+2.540538e+004	   +5.428610e+001
+2.544765e+004	   +5.423928e+001
+2.548999e+004	   +5.423587e+001
+2.553239e+004	   +5.423370e+001
+2.557488e+004	   +5.417941e+001
+2.561742e+004	   +5.418854e+001
+2.566004e+004	   +5.415093e+001
+2.570274e+004	   +5.415187e+001
+2.574550e+004	   +5.415582e+001
+2.578833e+004	   +5.412790e+001
+2.583124e+004	   +5.412334e+001
+2.587422e+004	   +5.407510e+001
+2.591726e+004	   +5.410352e+001
+2.596038e+004	   +5.403854e+001
+2.600358e+004	   +5.404589e+001
+2.604684e+004	   +5.396680e+001
+2.609017e+004	   +5.399190e+001
+2.613358e+004	   +5.396193e+001
+2.617706e+004	   +5.392522e+001
+2.622061e+004	   +5.391854e+001
+2.626424e+004	   +5.392523e+001
+2.630794e+004	   +5.390715e+001
+2.635171e+004	   +5.385643e+001
+2.639555e+004	   +5.387388e+001
+2.643946e+004	   +5.383949e+001
+2.648345e+004	   +5.381441e+001
+2.652751e+004	   +5.378936e+001
+2.657165e+004	   +5.372912e+001
+2.661586e+004	   +5.378650e+001
+2.666014e+004	   +5.372526e+001
+2.670449e+004	   +5.371083e+001
+2.674892e+004	   +5.368169e+001
+2.679343e+004	   +5.369376e+001
+2.683800e+004	   +5.369280e+001
+2.688266e+004	   +5.365099e+001
+2.692738e+004	   +5.367518e+001
+2.697218e+004	   +5.360094e+001
+2.701706e+004	   +5.362424e+001
+2.706201e+004	   +5.359186e+001
+2.710703e+004	   +5.353223e+001
+2.715213e+004	   +5.356191e+001
+2.719730e+004	   +5.350616e+001
+2.724255e+004	   +5.351504e+001
+2.728788e+004	   +5.347515e+001
+2.733328e+004	   +5.348508e+001
+2.737876e+004	   +5.347337e+001
+2.742431e+004	   +5.346353e+001
+2.746993e+004	   +5.347099e+001
+2.751564e+004	   +5.348582e+001
+2.756142e+004	   +5.349358e+001
+2.760727e+004	   +5.344581e+001
+2.765320e+004	   +5.350051e+001
+2.769921e+004	   +5.345074e+001
+2.774529e+004	   +5.347248e+001
+2.779146e+004	   +5.348311e+001
+2.783769e+004	   +5.343871e+001
+2.788401e+004	   +5.347890e+001
+2.793040e+004	   +5.341387e+001
+2.797687e+004	   +5.343774e+001
+2.802342e+004	   +5.341079e+001
+2.807004e+004	   +5.337178e+001
+2.811674e+004	   +5.337812e+001
+2.816352e+004	   +5.335621e+001
+2.821038e+004	   +5.334758e+001
+2.825731e+004	   +5.335371e+001
+2.830433e+004	   +5.325933e+001
+2.835142e+004	   +5.329407e+001
+2.839859e+004	   +5.327590e+001
+2.844583e+004	   +5.325675e+001
+2.849316e+004	   +5.325558e+001
+2.854057e+004	   +5.321243e+001
+2.858805e+004	   +5.327319e+001
+2.863561e+004	   +5.321191e+001
+2.868326e+004	   +5.321025e+001
+2.873098e+004	   +5.321079e+001
+2.877878e+004	   +5.315073e+001
+2.882666e+004	   +5.320615e+001
+2.887462e+004	   +5.313263e+001
+2.892266e+004	   +5.316541e+001
+2.897078e+004	   +5.313569e+001
+2.901898e+004	   +5.311490e+001
+2.906726e+004	   +5.314550e+001
+2.911562e+004	   +5.309657e+001
+2.916406e+004	   +5.311862e+001
+2.921258e+004	   +5.308022e+001
+2.926119e+004	   +5.305168e+001
+2.930987e+004	   +5.310375e+001
+2.935863e+004	   +5.300736e+001
+2.940748e+004	   +5.304593e+001
+2.945640e+004	   +5.303294e+001
+2.950541e+004	   +5.300409e+001
+2.955450e+004	   +5.301845e+001
+2.960367e+004	   +5.296543e+001
+2.965293e+004	   +5.306891e+001
+2.970226e+004	   +5.304387e+001
+2.975168e+004	   +5.302717e+001
+2.980118e+004	   +5.302584e+001
+2.985076e+004	   +5.299137e+001
+2.990042e+004	   +5.302962e+001
+2.995017e+004	   +5.295536e+001
+3.000000e+004	   +5.293126e+001
