+7.300000e+003	   +2.077813e-005
+7.301000e+003	   +2.251648e-005
+7.302000e+003	   +2.284496e-005
+7.303000e+003	   +2.155455e-005
+7.304000e+003	   +2.161931e-005
+7.305000e+003	   +2.390814e-005
+7.306000e+003	   +2.177224e-005
+7.307000e+003	   +1.830432e-005
+7.308000e+003	   +1.711451e-005
+7.309000e+003	   +1.719998e-005
+7.310000e+003	   +1.874561e-005
+7.311000e+003	   +1.879371e-005
+7.312000e+003	   +1.983956e-005
+7.313000e+003	   +2.124374e-005
+7.314000e+003	   +2.072466e-005
+7.315000e+003	   +2.147787e-005
+7.316000e+003	   +2.325228e-005
+7.317000e+003	   +2.153393e-005
+7.318000e+003	   +1.866894e-005
+7.319000e+003	   +1.854605e-005
+7.320000e+003	   +2.036034e-005
+7.321000e+003	   +2.401021e-005
+7.322000e+003	   +2.527149e-005
+7.323000e+003	   +2.206821e-005
+7.324000e+003	   +2.019259e-005
+7.325000e+003	   +1.915499e-005
+7.326000e+003	   +1.679818e-005
+7.327000e+003	   +1.646896e-005
+7.328000e+003	   +1.904196e-005
+7.329000e+003	   +2.072493e-005
+7.330000e+003	   +1.973216e-005
+7.331000e+003	   +1.736198e-005
+7.332000e+003	   +1.731946e-005
+7.333000e+003	   +1.875687e-005
+7.334000e+003	   +1.956211e-005
+7.335000e+003	   +2.038756e-005
+7.336000e+003	   +1.980500e-005
+7.337000e+003	   +2.081743e-005
+7.338000e+003	   +2.255748e-005
+7.339000e+003	   +2.260528e-005
+7.340000e+003	   +1.937422e-005
+7.341000e+003	   +1.748347e-005
+7.342000e+003	   +1.815617e-005
+7.343000e+003	   +1.874545e-005
+7.344000e+003	   +2.026637e-005
+7.345000e+003	   +2.238578e-005
+7.346000e+003	   +2.076948e-005
+7.347000e+003	   +1.806827e-005
+7.348000e+003	   +1.817811e-005
+7.349000e+003	   +1.879111e-005
+7.350000e+003	   +1.894495e-005
+7.351000e+003	   +1.857846e-005
+7.352000e+003	   +1.888137e-005
+7.353000e+003	   +1.809972e-005
+7.354000e+003	   +1.656308e-005
+7.355000e+003	   +1.762670e-005
+7.356000e+003	   +1.776449e-005
+7.357000e+003	   +1.934729e-005
+7.358000e+003	   +1.993111e-005
+7.359000e+003	   +1.908615e-005
+7.360000e+003	   +1.888273e-005
+7.361000e+003	   +1.936421e-005
+7.362000e+003	   +1.889424e-005
+7.363000e+003	   +1.826999e-005
+7.364000e+003	   +1.819073e-005
+7.365000e+003	   +1.836667e-005
+7.366000e+003	   +1.967453e-005
+7.367000e+003	   +2.207779e-005
+7.368000e+003	   +2.170011e-005
+7.369000e+003	   +1.983863e-005
+7.370000e+003	   +2.128263e-005
+7.371000e+003	   +2.161807e-005
+7.372000e+003	   +2.021291e-005
+7.373000e+003	   +2.001169e-005
+7.374000e+003	   +1.893110e-005
+7.375000e+003	   +2.070757e-005
+7.376000e+003	   +2.130323e-005
+7.377000e+003	   +2.087502e-005
+7.378000e+003	   +1.884963e-005
+7.379000e+003	   +1.949138e-005
+7.380000e+003	   +2.248582e-005
+7.381000e+003	   +2.266532e-005
+7.382000e+003	   +2.154064e-005
+7.383000e+003	   +2.199878e-005
+7.384000e+003	   +2.302690e-005
+7.385000e+003	   +2.263650e-005
+7.386000e+003	   +2.243066e-005
+7.387000e+003	   +2.265065e-005
+7.388000e+003	   +2.040205e-005
+7.389000e+003	   +1.940918e-005
+7.390000e+003	   +1.906290e-005
+7.391000e+003	   +1.706292e-005
+7.392000e+003	   +1.868986e-005
+7.393000e+003	   +1.876171e-005
+7.394000e+003	   +1.757587e-005
+7.395000e+003	   +1.971457e-005
+7.396000e+003	   +2.178092e-005
+7.397000e+003	   +2.112303e-005
+7.398000e+003	   +1.878290e-005
+7.399000e+003	   +1.799373e-005
+7.400000e+003	   +2.083938e-005
+7.401000e+003	   +2.141067e-005
+7.402000e+003	   +1.857256e-005
+7.403000e+003	   +1.873952e-005
+7.404000e+003	   +1.975514e-005
+7.405000e+003	   +2.027628e-005
+7.406000e+003	   +2.175780e-005
+7.407000e+003	   +2.333620e-005
+7.408000e+003	   +2.067899e-005
+7.409000e+003	   +1.839456e-005
+7.410000e+003	   +2.005762e-005
+7.411000e+003	   +2.076705e-005
+7.412000e+003	   +1.997030e-005
+7.413000e+003	   +2.020696e-005
+7.414000e+003	   +2.063483e-005
+7.415000e+003	   +1.987416e-005
+7.416000e+003	   +2.039428e-005
+7.417000e+003	   +1.970709e-005
+7.418000e+003	   +1.865081e-005
+7.419000e+003	   +1.996525e-005
+7.420000e+003	   +2.192555e-005
+7.421000e+003	   +2.233481e-005
+7.422000e+003	   +1.930763e-005
+7.423000e+003	   +1.693035e-005
+7.424000e+003	   +1.832981e-005
+7.425000e+003	   +1.846601e-005
+7.426000e+003	   +1.756285e-005
+7.427000e+003	   +1.969662e-005
+7.428000e+003	   +2.235410e-005
+7.429000e+003	   +2.153539e-005
+7.430000e+003	   +2.035707e-005
+7.431000e+003	   +1.927681e-005
+7.432000e+003	   +1.867667e-005
+7.433000e+003	   +1.840420e-005
+7.434000e+003	   +1.903979e-005
+7.435000e+003	   +1.878018e-005
+7.436000e+003	   +1.739348e-005
+7.437000e+003	   +1.817132e-005
+7.438000e+003	   +1.960570e-005
+7.439000e+003	   +2.090359e-005
+7.440000e+003	   +2.160557e-005
+7.441000e+003	   +1.929875e-005
+7.442000e+003	   +1.802171e-005
+7.443000e+003	   +1.920365e-005
+7.444000e+003	   +2.108130e-005
+7.445000e+003	   +2.067466e-005
+7.446000e+003	   +1.972956e-005
+7.447000e+003	   +2.166176e-005
+7.448000e+003	   +2.086942e-005
+7.449000e+003	   +1.867837e-005
+7.450000e+003	   +1.968068e-005
+7.451000e+003	   +1.896283e-005
+7.452000e+003	   +1.836310e-005
+7.453000e+003	   +1.893572e-005
+7.454000e+003	   +1.910710e-005
+7.455000e+003	   +1.783504e-005
+7.456000e+003	   +1.694818e-005
+7.457000e+003	   +1.665890e-005
+7.458000e+003	   +1.592778e-005
+7.459000e+003	   +1.594737e-005
+7.460000e+003	   +1.674145e-005
+7.461000e+003	   +1.788010e-005
+7.462000e+003	   +1.998172e-005
+7.463000e+003	   +1.939902e-005
+7.464000e+003	   +2.022567e-005
+7.465000e+003	   +1.962887e-005
+7.466000e+003	   +1.926665e-005
+7.467000e+003	   +2.079130e-005
+7.468000e+003	   +2.159442e-005
+7.469000e+003	   +2.109399e-005
+7.470000e+003	   +2.002139e-005
+7.471000e+003	   +1.924984e-005
+7.472000e+003	   +1.807892e-005
+7.473000e+003	   +1.791201e-005
+7.474000e+003	   +1.947271e-005
+7.475000e+003	   +2.008764e-005
+7.476000e+003	   +1.913252e-005
+7.477000e+003	   +1.919887e-005
+7.478000e+003	   +1.914723e-005
+7.479000e+003	   +1.848330e-005
+7.480000e+003	   +1.845302e-005
+7.481000e+003	   +1.800124e-005
+7.482000e+003	   +1.764234e-005
+7.483000e+003	   +1.932746e-005
+7.484000e+003	   +2.216138e-005
+7.485000e+003	   +2.147021e-005
+7.486000e+003	   +2.048658e-005
+7.487000e+003	   +2.112282e-005
+7.488000e+003	   +2.129626e-005
+7.489000e+003	   +2.027105e-005
+7.490000e+003	   +1.850691e-005
+7.491000e+003	   +1.737600e-005
+7.492000e+003	   +1.648966e-005
+7.493000e+003	   +1.876250e-005
+7.494000e+003	   +1.813547e-005
+7.495000e+003	   +1.670535e-005
+7.496000e+003	   +1.624997e-005
+7.497000e+003	   +1.694742e-005
+7.498000e+003	   +1.813148e-005
+7.499000e+003	   +1.928754e-005
+7.500000e+003	   +1.937784e-005
+7.501000e+003	   +1.769159e-005
+7.502000e+003	   +1.647750e-005
+7.503000e+003	   +1.506643e-005
+7.504000e+003	   +1.633641e-005
+7.505000e+003	   +1.947899e-005
+7.506000e+003	   +1.886309e-005
+7.507000e+003	   +1.816681e-005
+7.508000e+003	   +1.923267e-005
+7.509000e+003	   +1.811710e-005
+7.510000e+003	   +1.715218e-005
+7.511000e+003	   +1.859458e-005
+7.512000e+003	   +1.859286e-005
+7.513000e+003	   +1.749305e-005
+7.514000e+003	   +1.740531e-005
+7.515000e+003	   +2.085403e-005
+7.516000e+003	   +2.355772e-005
+7.517000e+003	   +2.121502e-005
+7.518000e+003	   +1.721052e-005
+7.519000e+003	   +1.822183e-005
+7.520000e+003	   +1.655837e-005
+7.521000e+003	   +1.528053e-005
+7.522000e+003	   +1.735057e-005
+7.523000e+003	   +1.855416e-005
+7.524000e+003	   +1.980683e-005
+7.525000e+003	   +2.045579e-005
+7.526000e+003	   +1.965348e-005
+7.527000e+003	   +1.926107e-005
+7.528000e+003	   +2.127137e-005
+7.529000e+003	   +2.264734e-005
+7.530000e+003	   +2.111637e-005
+7.531000e+003	   +1.958108e-005
+7.532000e+003	   +1.897891e-005
+7.533000e+003	   +1.880849e-005
+7.534000e+003	   +1.864090e-005
+7.535000e+003	   +1.981309e-005
+7.536000e+003	   +1.876845e-005
+7.537000e+003	   +1.736854e-005
+7.538000e+003	   +1.821901e-005
+7.539000e+003	   +1.879016e-005
+7.540000e+003	   +1.713552e-005
+7.541000e+003	   +1.791405e-005
+7.542000e+003	   +2.046040e-005
+7.543000e+003	   +2.045233e-005
+7.544000e+003	   +1.932988e-005
+7.545000e+003	   +1.971544e-005
+7.546000e+003	   +2.080322e-005
+7.547000e+003	   +1.999197e-005
+7.548000e+003	   +1.860859e-005
+7.549000e+003	   +1.850744e-005
+7.550000e+003	   +2.031869e-005
+7.551000e+003	   +2.239793e-005
+7.552000e+003	   +2.200700e-005
+7.553000e+003	   +2.139218e-005
+7.554000e+003	   +2.310130e-005
+7.555000e+003	   +2.558560e-005
+7.556000e+003	   +2.614025e-005
+7.557000e+003	   +2.473289e-005
+7.558000e+003	   +2.149639e-005
+7.559000e+003	   +2.056923e-005
+7.560000e+003	   +1.869484e-005
+7.561000e+003	   +1.977258e-005
+7.562000e+003	   +2.145037e-005
+7.563000e+003	   +1.941048e-005
+7.564000e+003	   +2.039314e-005
+7.565000e+003	   +2.023756e-005
+7.566000e+003	   +1.819858e-005
+7.567000e+003	   +1.828352e-005
+7.568000e+003	   +2.051571e-005
+7.569000e+003	   +2.120289e-005
+7.570000e+003	   +2.090251e-005
+7.571000e+003	   +2.019033e-005
+7.572000e+003	   +2.015971e-005
+7.573000e+003	   +1.970391e-005
+7.574000e+003	   +1.904537e-005
+7.575000e+003	   +1.998442e-005
+7.576000e+003	   +2.088620e-005
+7.577000e+003	   +2.129376e-005
+7.578000e+003	   +2.034070e-005
+7.579000e+003	   +2.088595e-005
+7.580000e+003	   +1.891558e-005
+7.581000e+003	   +1.797030e-005
+7.582000e+003	   +2.012205e-005
+7.583000e+003	   +2.075565e-005
+7.584000e+003	   +1.960238e-005
+7.585000e+003	   +2.104691e-005
+7.586000e+003	   +2.277999e-005
+7.587000e+003	   +2.101315e-005
+7.588000e+003	   +1.841319e-005
+7.589000e+003	   +1.656848e-005
+7.590000e+003	   +1.835833e-005
+7.591000e+003	   +2.049727e-005
+7.592000e+003	   +1.936072e-005
+7.593000e+003	   +1.720924e-005
+7.594000e+003	   +1.775037e-005
+7.595000e+003	   +2.063766e-005
+7.596000e+003	   +2.089235e-005
+7.597000e+003	   +1.886663e-005
+7.598000e+003	   +1.782776e-005
+7.599000e+003	   +1.833294e-005
+7.600000e+003	   +1.854137e-005
+7.601000e+003	   +2.015892e-005
+7.602000e+003	   +2.060108e-005
+7.603000e+003	   +2.006643e-005
+7.604000e+003	   +1.896849e-005
+7.605000e+003	   +1.758657e-005
+7.606000e+003	   +1.752519e-005
+7.607000e+003	   +1.787796e-005
+7.608000e+003	   +1.890983e-005
+7.609000e+003	   +1.982922e-005
+7.610000e+003	   +1.876507e-005
+7.611000e+003	   +1.955629e-005
+7.612000e+003	   +2.082779e-005
+7.613000e+003	   +2.126364e-005
+7.614000e+003	   +2.180183e-005
+7.615000e+003	   +2.143382e-005
+7.616000e+003	   +1.903578e-005
+7.617000e+003	   +1.830872e-005
+7.618000e+003	   +1.920146e-005
+7.619000e+003	   +1.739912e-005
+7.620000e+003	   +1.610178e-005
+7.621000e+003	   +1.658102e-005
+7.622000e+003	   +1.745529e-005
+7.623000e+003	   +1.887113e-005
+7.624000e+003	   +1.871676e-005
+7.625000e+003	   +1.802844e-005
+7.626000e+003	   +1.659797e-005
+7.627000e+003	   +1.738315e-005
+7.628000e+003	   +2.028216e-005
+7.629000e+003	   +2.076317e-005
+7.630000e+003	   +1.901234e-005
+7.631000e+003	   +1.755886e-005
+7.632000e+003	   +1.676676e-005
+7.633000e+003	   +1.510176e-005
+7.634000e+003	   +1.776342e-005
+7.635000e+003	   +1.866176e-005
+7.636000e+003	   +1.757068e-005
+7.637000e+003	   +1.970743e-005
+7.638000e+003	   +2.000519e-005
+7.639000e+003	   +1.844111e-005
+7.640000e+003	   +1.821681e-005
+7.641000e+003	   +1.665627e-005
+7.642000e+003	   +1.737512e-005
+7.643000e+003	   +1.939657e-005
+7.644000e+003	   +2.261735e-005
+7.645000e+003	   +2.256642e-005
+7.646000e+003	   +1.961090e-005
+7.647000e+003	   +1.641738e-005
+7.648000e+003	   +1.578048e-005
+7.649000e+003	   +1.755169e-005
+7.650000e+003	   +1.971955e-005
+7.651000e+003	   +2.014013e-005
+7.652000e+003	   +1.897299e-005
+7.653000e+003	   +1.704779e-005
+7.654000e+003	   +1.878670e-005
+7.655000e+003	   +1.902249e-005
+7.656000e+003	   +1.993012e-005
+7.657000e+003	   +2.078397e-005
+7.658000e+003	   +1.898030e-005
+7.659000e+003	   +1.703865e-005
+7.660000e+003	   +1.912746e-005
+7.661000e+003	   +2.274865e-005
+7.662000e+003	   +2.028017e-005
+7.663000e+003	   +1.700488e-005
+7.664000e+003	   +1.907159e-005
+7.665000e+003	   +2.194173e-005
+7.666000e+003	   +2.209634e-005
+7.667000e+003	   +2.064718e-005
+7.668000e+003	   +2.004195e-005
+7.669000e+003	   +1.967023e-005
+7.670000e+003	   +1.891172e-005
+7.671000e+003	   +1.861554e-005
+7.672000e+003	   +1.819634e-005
+7.673000e+003	   +1.718654e-005
+7.674000e+003	   +1.955724e-005
+7.675000e+003	   +2.238954e-005
+7.676000e+003	   +2.511818e-005
+7.677000e+003	   +2.803340e-005
+7.678000e+003	   +2.655674e-005
+7.679000e+003	   +2.178142e-005
+7.680000e+003	   +2.000501e-005
+7.681000e+003	   +1.925206e-005
+7.682000e+003	   +1.687450e-005
+7.683000e+003	   +1.492658e-005
+7.684000e+003	   +1.553555e-005
+7.685000e+003	   +1.574583e-005
+7.686000e+003	   +1.694898e-005
+7.687000e+003	   +1.847808e-005
+7.688000e+003	   +1.790617e-005
+7.689000e+003	   +1.673536e-005
+7.690000e+003	   +1.667173e-005
+7.691000e+003	   +1.757477e-005
+7.692000e+003	   +1.605704e-005
+7.693000e+003	   +1.630525e-005
+7.694000e+003	   +1.952741e-005
+7.695000e+003	   +1.941453e-005
+7.696000e+003	   +1.709187e-005
+7.697000e+003	   +1.695213e-005
+7.698000e+003	   +1.618676e-005
+7.699000e+003	   +1.610937e-005
+7.700000e+003	   +1.915057e-005
+7.701000e+003	   +2.093334e-005
+7.702000e+003	   +1.879862e-005
+7.703000e+003	   +1.698369e-005
+7.704000e+003	   +1.739315e-005
+7.705000e+003	   +1.894686e-005
+7.706000e+003	   +2.059368e-005
+7.707000e+003	   +1.950033e-005
+7.708000e+003	   +1.880597e-005
+7.709000e+003	   +1.882397e-005
+7.710000e+003	   +1.832922e-005
+7.711000e+003	   +1.977834e-005
+7.712000e+003	   +2.061085e-005
+7.713000e+003	   +2.044140e-005
+7.714000e+003	   +1.911465e-005
+7.715000e+003	   +2.025503e-005
+7.716000e+003	   +2.067202e-005
+7.717000e+003	   +2.089632e-005
+7.718000e+003	   +2.092458e-005
+7.719000e+003	   +1.913741e-005
+7.720000e+003	   +1.914540e-005
+7.721000e+003	   +2.076775e-005
+7.722000e+003	   +2.135159e-005
+7.723000e+003	   +2.101174e-005
+7.724000e+003	   +2.113560e-005
+7.725000e+003	   +2.194077e-005
+7.726000e+003	   +2.010403e-005
+7.727000e+003	   +1.866916e-005
+7.728000e+003	   +2.017293e-005
+7.729000e+003	   +1.927021e-005
+7.730000e+003	   +1.714636e-005
+7.731000e+003	   +2.015361e-005
+7.732000e+003	   +2.148445e-005
+7.733000e+003	   +1.875055e-005
+7.734000e+003	   +1.749732e-005
+7.735000e+003	   +1.947859e-005
+7.736000e+003	   +2.106820e-005
+7.737000e+003	   +1.890746e-005
+7.738000e+003	   +1.594014e-005
+7.739000e+003	   +1.631985e-005
+7.740000e+003	   +1.792312e-005
+7.741000e+003	   +1.719673e-005
+7.742000e+003	   +1.733984e-005
+7.743000e+003	   +1.892674e-005
+7.744000e+003	   +1.929481e-005
+7.745000e+003	   +1.955648e-005
+7.746000e+003	   +1.907754e-005
+7.747000e+003	   +1.824275e-005
+7.748000e+003	   +1.711145e-005
+7.749000e+003	   +1.529249e-005
+7.750000e+003	   +1.502317e-005
+7.751000e+003	   +1.512987e-005
+7.752000e+003	   +1.449473e-005
+7.753000e+003	   +1.562843e-005
+7.754000e+003	   +1.596771e-005
+7.755000e+003	   +1.738132e-005
+7.756000e+003	   +1.843791e-005
+7.757000e+003	   +1.853648e-005
+7.758000e+003	   +1.792454e-005
+7.759000e+003	   +1.895088e-005
+7.760000e+003	   +1.929019e-005
+7.761000e+003	   +1.837083e-005
+7.762000e+003	   +1.746181e-005
+7.763000e+003	   +1.760529e-005
+7.764000e+003	   +1.891373e-005
+7.765000e+003	   +2.100392e-005
+7.766000e+003	   +2.121279e-005
+7.767000e+003	   +1.934328e-005
+7.768000e+003	   +1.949271e-005
+7.769000e+003	   +2.123947e-005
+7.770000e+003	   +2.110409e-005
+7.771000e+003	   +1.950393e-005
+7.772000e+003	   +2.003601e-005
+7.773000e+003	   +1.937299e-005
+7.774000e+003	   +1.858319e-005
+7.775000e+003	   +1.970940e-005
+7.776000e+003	   +2.156201e-005
+7.777000e+003	   +2.182067e-005
+7.778000e+003	   +2.036483e-005
+7.779000e+003	   +2.076461e-005
+7.780000e+003	   +2.123024e-005
+7.781000e+003	   +2.005890e-005
+7.782000e+003	   +1.905403e-005
+7.783000e+003	   +1.913359e-005
+7.784000e+003	   +2.010013e-005
+7.785000e+003	   +2.010077e-005
+7.786000e+003	   +1.911551e-005
+7.787000e+003	   +1.910645e-005
+7.788000e+003	   +1.968341e-005
+7.789000e+003	   +2.019676e-005
+7.790000e+003	   +1.996308e-005
+7.791000e+003	   +1.995360e-005
+7.792000e+003	   +2.037082e-005
+7.793000e+003	   +2.120526e-005
+7.794000e+003	   +2.139596e-005
+7.795000e+003	   +2.040994e-005
+7.796000e+003	   +1.972692e-005
+7.797000e+003	   +1.730975e-005
+7.798000e+003	   +1.834317e-005
+7.799000e+003	   +1.973069e-005
+7.800000e+003	   +1.960242e-005
+7.801000e+003	   +2.073533e-005
+7.802000e+003	   +2.203328e-005
+7.803000e+003	   +2.083096e-005
+7.804000e+003	   +1.914342e-005
+7.805000e+003	   +1.998978e-005
+7.806000e+003	   +2.011227e-005
+7.807000e+003	   +2.116070e-005
+7.808000e+003	   +2.086106e-005
+7.809000e+003	   +1.878459e-005
+7.810000e+003	   +1.945884e-005
+7.811000e+003	   +2.112013e-005
+7.812000e+003	   +1.997499e-005
+7.813000e+003	   +1.869103e-005
+7.814000e+003	   +1.803717e-005
+7.815000e+003	   +1.977393e-005
+7.816000e+003	   +1.937239e-005
+7.817000e+003	   +1.701542e-005
+7.818000e+003	   +1.617034e-005
+7.819000e+003	   +1.690787e-005
+7.820000e+003	   +1.795257e-005
+7.821000e+003	   +1.900844e-005
+7.822000e+003	   +1.902982e-005
+7.823000e+003	   +1.764971e-005
+7.824000e+003	   +1.724300e-005
+7.825000e+003	   +1.689690e-005
+7.826000e+003	   +1.831910e-005
+7.827000e+003	   +1.945749e-005
+7.828000e+003	   +1.899798e-005
+7.829000e+003	   +2.028176e-005
+7.830000e+003	   +1.993365e-005
+7.831000e+003	   +1.592480e-005
+7.832000e+003	   +1.601083e-005
+7.833000e+003	   +2.081094e-005
+7.834000e+003	   +2.213222e-005
+7.835000e+003	   +2.114043e-005
+7.836000e+003	   +2.019696e-005
+7.837000e+003	   +2.049671e-005
+7.838000e+003	   +2.233398e-005
+7.839000e+003	   +2.198439e-005
+7.840000e+003	   +2.021266e-005
+7.841000e+003	   +2.021841e-005
+7.842000e+003	   +2.001870e-005
+7.843000e+003	   +1.858562e-005
+7.844000e+003	   +2.105634e-005
+7.845000e+003	   +2.226643e-005
+7.846000e+003	   +2.212297e-005
+7.847000e+003	   +2.315486e-005
+7.848000e+003	   +2.221744e-005
+7.849000e+003	   +2.010845e-005
+7.850000e+003	   +1.962762e-005
+7.851000e+003	   +1.863398e-005
+7.852000e+003	   +1.794563e-005
+7.853000e+003	   +1.867538e-005
+7.854000e+003	   +1.999691e-005
+7.855000e+003	   +1.857103e-005
+7.856000e+003	   +1.717703e-005
+7.857000e+003	   +1.751865e-005
+7.858000e+003	   +1.767230e-005
+7.859000e+003	   +1.739144e-005
+7.860000e+003	   +1.887821e-005
+7.861000e+003	   +1.980746e-005
+7.862000e+003	   +1.984549e-005
+7.863000e+003	   +2.148204e-005
+7.864000e+003	   +2.111744e-005
+7.865000e+003	   +3.694474e-005
+7.866000e+003	   +1.330335e-004
+7.867000e+003	   +2.257734e-004
+7.868000e+003	   +1.776205e-004
+7.869000e+003	   +6.358166e-005
+7.870000e+003	   +2.077131e-005
+7.871000e+003	   +2.224177e-005
+7.872000e+003	   +2.249779e-005
+7.873000e+003	   +1.958018e-005
+7.874000e+003	   +1.770638e-005
+7.875000e+003	   +1.576858e-005
+7.876000e+003	   +1.430959e-005
+7.877000e+003	   +1.514530e-005
+7.878000e+003	   +1.672826e-005
+7.879000e+003	   +1.796325e-005
+7.880000e+003	   +1.894345e-005
+7.881000e+003	   +1.826770e-005
+7.882000e+003	   +1.579287e-005
+7.883000e+003	   +1.465823e-005
+7.884000e+003	   +1.669471e-005
+7.885000e+003	   +1.871179e-005
+7.886000e+003	   +1.839765e-005
+7.887000e+003	   +1.938808e-005
+7.888000e+003	   +2.042121e-005
+7.889000e+003	   +1.811165e-005
+7.890000e+003	   +1.835383e-005
+7.891000e+003	   +1.977931e-005
+7.892000e+003	   +1.992796e-005
+7.893000e+003	   +2.036725e-005
+7.894000e+003	   +1.953099e-005
+7.895000e+003	   +1.810793e-005
+7.896000e+003	   +1.730257e-005
+7.897000e+003	   +1.682880e-005
+7.898000e+003	   +1.647640e-005
+7.899000e+003	   +1.745378e-005
+7.900000e+003	   +1.843257e-005
+7.901000e+003	   +1.990987e-005
+7.902000e+003	   +1.998374e-005
+7.903000e+003	   +2.050238e-005
+7.904000e+003	   +2.109561e-005
+7.905000e+003	   +2.146038e-005
+7.906000e+003	   +2.053029e-005
+7.907000e+003	   +1.821243e-005
+7.908000e+003	   +1.721449e-005
+7.909000e+003	   +1.769631e-005
+7.910000e+003	   +2.025690e-005
+7.911000e+003	   +2.297203e-005
+7.912000e+003	   +2.478554e-005
+7.913000e+003	   +2.217813e-005
+7.914000e+003	   +1.865929e-005
+7.915000e+003	   +1.840798e-005
+7.916000e+003	   +1.629249e-005
+7.917000e+003	   +1.517040e-005
+7.918000e+003	   +1.597015e-005
+7.919000e+003	   +1.726535e-005
+7.920000e+003	   +1.836040e-005
+7.921000e+003	   +1.633044e-005
+7.922000e+003	   +1.592412e-005
+7.923000e+003	   +1.705762e-005
+7.924000e+003	   +1.862932e-005
+7.925000e+003	   +2.036859e-005
+7.926000e+003	   +1.958545e-005
+7.927000e+003	   +1.808411e-005
+7.928000e+003	   +1.902080e-005
+7.929000e+003	   +1.771461e-005
+7.930000e+003	   +1.742322e-005
+7.931000e+003	   +1.807904e-005
+7.932000e+003	   +1.799638e-005
+7.933000e+003	   +1.900410e-005
+7.934000e+003	   +1.833417e-005
+7.935000e+003	   +1.903747e-005
+7.936000e+003	   +1.933166e-005
+7.937000e+003	   +1.686922e-005
+7.938000e+003	   +1.704713e-005
+7.939000e+003	   +1.794246e-005
+7.940000e+003	   +1.789550e-005
+7.941000e+003	   +1.783281e-005
+7.942000e+003	   +1.646562e-005
+7.943000e+003	   +1.815027e-005
+7.944000e+003	   +1.935184e-005
+7.945000e+003	   +1.999241e-005
+7.946000e+003	   +2.111252e-005
+7.947000e+003	   +2.031788e-005
+7.948000e+003	   +1.817072e-005
+7.949000e+003	   +1.807662e-005
+7.950000e+003	   +1.940833e-005
+7.951000e+003	   +1.833907e-005
+7.952000e+003	   +1.746321e-005
+7.953000e+003	   +1.795160e-005
+7.954000e+003	   +2.084883e-005
+7.955000e+003	   +2.174240e-005
+7.956000e+003	   +1.985429e-005
+7.957000e+003	   +1.906083e-005
+7.958000e+003	   +1.867511e-005
+7.959000e+003	   +1.985604e-005
+7.960000e+003	   +2.104626e-005
+7.961000e+003	   +2.009722e-005
+7.962000e+003	   +1.976557e-005
+7.963000e+003	   +1.993205e-005
+7.964000e+003	   +1.923338e-005
+7.965000e+003	   +1.632533e-005
+7.966000e+003	   +1.619006e-005
+7.967000e+003	   +1.726587e-005
+7.968000e+003	   +1.655068e-005
+7.969000e+003	   +1.668096e-005
+7.970000e+003	   +1.844057e-005
+7.971000e+003	   +2.040227e-005
+7.972000e+003	   +2.151896e-005
+7.973000e+003	   +1.927647e-005
+7.974000e+003	   +1.573159e-005
+7.975000e+003	   +1.630652e-005
+7.976000e+003	   +1.731967e-005
+7.977000e+003	   +1.748470e-005
+7.978000e+003	   +1.831188e-005
+7.979000e+003	   +1.921087e-005
+7.980000e+003	   +1.908035e-005
+7.981000e+003	   +1.689380e-005
+7.982000e+003	   +1.817072e-005
+7.983000e+003	   +2.082616e-005
+7.984000e+003	   +2.016718e-005
+7.985000e+003	   +1.730979e-005
+7.986000e+003	   +1.655092e-005
+7.987000e+003	   +1.665612e-005
+7.988000e+003	   +1.907218e-005
+7.989000e+003	   +2.115661e-005
+7.990000e+003	   +1.861460e-005
+7.991000e+003	   +1.645270e-005
+7.992000e+003	   +1.814162e-005
+7.993000e+003	   +1.947345e-005
+7.994000e+003	   +2.084819e-005
+7.995000e+003	   +1.925914e-005
+7.996000e+003	   +1.795556e-005
+7.997000e+003	   +1.844644e-005
+7.998000e+003	   +1.829773e-005
+7.999000e+003	   +1.739913e-005
+8.000000e+003	   +1.704777e-005
+8.001000e+003	   +1.873216e-005
+8.002000e+003	   +1.712327e-005
+8.003000e+003	   +1.540828e-005
+8.004000e+003	   +1.748376e-005
+8.005000e+003	   +1.960606e-005
+8.006000e+003	   +2.024456e-005
+8.007000e+003	   +2.012736e-005
+8.008000e+003	   +1.896443e-005
+8.009000e+003	   +1.889611e-005
+8.010000e+003	   +1.965611e-005
+8.011000e+003	   +2.000616e-005
+8.012000e+003	   +2.051150e-005
+8.013000e+003	   +1.901591e-005
+8.014000e+003	   +1.664385e-005
+8.015000e+003	   +1.528704e-005
+8.016000e+003	   +1.762167e-005
+8.017000e+003	   +1.909669e-005
+8.018000e+003	   +1.660941e-005
+8.019000e+003	   +1.868828e-005
+8.020000e+003	   +2.127588e-005
+8.021000e+003	   +2.205981e-005
+8.022000e+003	   +2.204054e-005
+8.023000e+003	   +2.037751e-005
+8.024000e+003	   +1.863275e-005
+8.025000e+003	   +1.865556e-005
+8.026000e+003	   +2.096001e-005
+8.027000e+003	   +2.200366e-005
+8.028000e+003	   +2.067883e-005
+8.029000e+003	   +1.913842e-005
+8.030000e+003	   +2.017843e-005
+8.031000e+003	   +1.797426e-005
+8.032000e+003	   +1.620095e-005
+8.033000e+003	   +1.588949e-005
+8.034000e+003	   +1.525565e-005
+8.035000e+003	   +1.842887e-005
+8.036000e+003	   +1.924724e-005
+8.037000e+003	   +2.026528e-005
+8.038000e+003	   +2.141206e-005
+8.039000e+003	   +2.012212e-005
+8.040000e+003	   +1.847839e-005
+8.041000e+003	   +1.830760e-005
+8.042000e+003	   +1.864464e-005
+8.043000e+003	   +1.983494e-005
+8.044000e+003	   +2.214917e-005
+8.045000e+003	   +2.282470e-005
+8.046000e+003	   +2.026867e-005
+8.047000e+003	   +1.887366e-005
+8.048000e+003	   +1.730952e-005
+8.049000e+003	   +1.705844e-005
+8.050000e+003	   +1.841932e-005
+8.051000e+003	   +1.851195e-005
+8.052000e+003	   +1.878538e-005
+8.053000e+003	   +1.944875e-005
+8.054000e+003	   +1.965682e-005
+8.055000e+003	   +2.082465e-005
+8.056000e+003	   +2.040261e-005
+8.057000e+003	   +1.820545e-005
+8.058000e+003	   +1.706740e-005
+8.059000e+003	   +1.734776e-005
+8.060000e+003	   +1.735348e-005
+8.061000e+003	   +1.651804e-005
+8.062000e+003	   +1.572755e-005
+8.063000e+003	   +1.888396e-005
+8.064000e+003	   +1.941123e-005
+8.065000e+003	   +1.874796e-005
+8.066000e+003	   +2.010123e-005
+8.067000e+003	   +1.997034e-005
+8.068000e+003	   +2.059321e-005
+8.069000e+003	   +1.965440e-005
+8.070000e+003	   +1.909506e-005
+8.071000e+003	   +1.934262e-005
+8.072000e+003	   +2.060707e-005
+8.073000e+003	   +2.067241e-005
+8.074000e+003	   +1.741450e-005
+8.075000e+003	   +1.739524e-005
+8.076000e+003	   +2.087692e-005
+8.077000e+003	   +2.054691e-005
+8.078000e+003	   +2.017803e-005
+8.079000e+003	   +2.338647e-005
+8.080000e+003	   +2.260548e-005
+8.081000e+003	   +1.886377e-005
+8.082000e+003	   +1.833321e-005
+8.083000e+003	   +1.750118e-005
+8.084000e+003	   +1.772095e-005
+8.085000e+003	   +1.921082e-005
+8.086000e+003	   +1.949547e-005
+8.087000e+003	   +1.878728e-005
+8.088000e+003	   +1.794315e-005
+8.089000e+003	   +1.671335e-005
+8.090000e+003	   +1.757134e-005
+8.091000e+003	   +1.967202e-005
+8.092000e+003	   +1.896589e-005
+8.093000e+003	   +1.756222e-005
+8.094000e+003	   +1.942487e-005
+8.095000e+003	   +2.104231e-005
+8.096000e+003	   +1.969041e-005
+8.097000e+003	   +1.877927e-005
+8.098000e+003	   +1.883048e-005
+8.099000e+003	   +1.862179e-005
+8.100000e+003	   +1.860027e-005
