+2.650000e+004	   +2.069301e-005
+2.650100e+004	   +1.961248e-005
+2.650200e+004	   +1.844869e-005
+2.650300e+004	   +2.066599e-005
+2.650400e+004	   +1.941848e-005
+2.650500e+004	   +1.919950e-005
+2.650600e+004	   +1.810725e-005
+2.650700e+004	   +1.527336e-005
+2.650800e+004	   +1.650140e-005
+2.650900e+004	   +1.856589e-005
+2.651000e+004	   +1.900531e-005
+2.651100e+004	   +1.897382e-005
+2.651200e+004	   +1.799936e-005
+2.651300e+004	   +1.690165e-005
+2.651400e+004	   +1.732089e-005
+2.651500e+004	   +1.942596e-005
+2.651600e+004	   +1.926619e-005
+2.651700e+004	   +1.924562e-005
+2.651800e+004	   +1.945162e-005
+2.651900e+004	   +1.940724e-005
+2.652000e+004	   +2.025414e-005
+2.652100e+004	   +2.019798e-005
+2.652200e+004	   +2.069564e-005
+2.652300e+004	   +2.072404e-005
+2.652400e+004	   +1.984015e-005
+2.652500e+004	   +2.055625e-005
+2.652600e+004	   +2.152078e-005
+2.652700e+004	   +1.918494e-005
+2.652800e+004	   +1.759331e-005
+2.652900e+004	   +1.758371e-005
+2.653000e+004	   +1.754549e-005
+2.653100e+004	   +1.891517e-005
+2.653200e+004	   +1.834140e-005
+2.653300e+004	   +1.825926e-005
+2.653400e+004	   +1.952732e-005
+2.653500e+004	   +1.920273e-005
+2.653600e+004	   +1.793166e-005
+2.653700e+004	   +1.908751e-005
+2.653800e+004	   +2.135850e-005
+2.653900e+004	   +2.179567e-005
+2.654000e+004	   +2.215486e-005
+2.654100e+004	   +2.108769e-005
+2.654200e+004	   +1.987460e-005
+2.654300e+004	   +1.902478e-005
+2.654400e+004	   +1.725588e-005
+2.654500e+004	   +1.722359e-005
+2.654600e+004	   +1.786312e-005
+2.654700e+004	   +2.021490e-005
+2.654800e+004	   +2.125011e-005
+2.654900e+004	   +1.895113e-005
+2.655000e+004	   +1.674156e-005
+2.655100e+004	   +1.835613e-005
+2.655200e+004	   +2.129911e-005
+2.655300e+004	   +2.110786e-005
+2.655400e+004	   +1.989641e-005
+2.655500e+004	   +1.884792e-005
+2.655600e+004	   +1.904623e-005
+2.655700e+004	   +2.069405e-005
+2.655800e+004	   +2.105669e-005
+2.655900e+004	   +2.110075e-005
+2.656000e+004	   +2.152414e-005
+2.656100e+004	   +2.162930e-005
+2.656200e+004	   +2.181742e-005
+2.656300e+004	   +2.164172e-005
+2.656400e+004	   +2.088671e-005
+2.656500e+004	   +1.837177e-005
+2.656600e+004	   +1.857503e-005
+2.656700e+004	   +1.878018e-005
+2.656800e+004	   +1.872831e-005
+2.656900e+004	   +2.022165e-005
+2.657000e+004	   +1.989326e-005
+2.657100e+004	   +1.990493e-005
+2.657200e+004	   +2.121418e-005
+2.657300e+004	   +2.135632e-005
+2.657400e+004	   +2.134099e-005
+2.657500e+004	   +2.139166e-005
+2.657600e+004	   +1.959324e-005
+2.657700e+004	   +1.831685e-005
+2.657800e+004	   +1.908470e-005
+2.657900e+004	   +1.916298e-005
+2.658000e+004	   +1.832634e-005
+2.658100e+004	   +1.805940e-005
+2.658200e+004	   +2.089446e-005
+2.658300e+004	   +2.239655e-005
+2.658400e+004	   +2.207039e-005
+2.658500e+004	   +2.135686e-005
+2.658600e+004	   +2.034554e-005
+2.658700e+004	   +1.934772e-005
+2.658800e+004	   +1.765263e-005
+2.658900e+004	   +1.571374e-005
+2.659000e+004	   +1.697776e-005
+2.659100e+004	   +1.950967e-005
+2.659200e+004	   +2.049232e-005
+2.659300e+004	   +2.078600e-005
+2.659400e+004	   +1.842096e-005
+2.659500e+004	   +1.824736e-005
+2.659600e+004	   +1.930901e-005
+2.659700e+004	   +1.868409e-005
+2.659800e+004	   +1.775447e-005
+2.659900e+004	   +1.823632e-005
+2.660000e+004	   +1.966474e-005
+2.660100e+004	   +2.019241e-005
+2.660200e+004	   +1.898293e-005
+2.660300e+004	   +1.997227e-005
+2.660400e+004	   +1.947089e-005
+2.660500e+004	   +1.831476e-005
+2.660600e+004	   +1.976987e-005
+2.660700e+004	   +2.004719e-005
+2.660800e+004	   +1.911746e-005
+2.660900e+004	   +1.865531e-005
+2.661000e+004	   +1.966416e-005
+2.661100e+004	   +2.027675e-005
+2.661200e+004	   +2.074054e-005
+2.661300e+004	   +2.212848e-005
+2.661400e+004	   +2.208506e-005
+2.661500e+004	   +2.287719e-005
+2.661600e+004	   +2.556328e-005
+2.661700e+004	   +2.514478e-005
+2.661800e+004	   +1.943928e-005
+2.661900e+004	   +1.737903e-005
+2.662000e+004	   +1.920443e-005
+2.662100e+004	   +2.195012e-005
+2.662200e+004	   +2.265831e-005
+2.662300e+004	   +2.159312e-005
+2.662400e+004	   +1.957251e-005
+2.662500e+004	   +1.786204e-005
+2.662600e+004	   +1.787303e-005
+2.662700e+004	   +1.905644e-005
+2.662800e+004	   +1.967036e-005
+2.662900e+004	   +1.927038e-005
+2.663000e+004	   +2.081517e-005
+2.663100e+004	   +2.101290e-005
+2.663200e+004	   +2.218731e-005
+2.663300e+004	   +2.322289e-005
+2.663400e+004	   +2.239466e-005
+2.663500e+004	   +1.980924e-005
+2.663600e+004	   +1.692105e-005
+2.663700e+004	   +1.654566e-005
+2.663800e+004	   +1.601472e-005
+2.663900e+004	   +1.701091e-005
+2.664000e+004	   +1.750910e-005
+2.664100e+004	   +1.480152e-005
+2.664200e+004	   +1.522200e-005
+2.664300e+004	   +1.717769e-005
+2.664400e+004	   +1.732778e-005
+2.664500e+004	   +1.798804e-005
+2.664600e+004	   +2.067227e-005
+2.664700e+004	   +2.314502e-005
+2.664800e+004	   +2.120079e-005
+2.664900e+004	   +1.956217e-005
+2.665000e+004	   +1.832713e-005
+2.665100e+004	   +1.579778e-005
+2.665200e+004	   +1.673897e-005
+2.665300e+004	   +1.772844e-005
+2.665400e+004	   +1.868567e-005
+2.665500e+004	   +2.120564e-005
+2.665600e+004	   +2.200700e-005
+2.665700e+004	   +2.097859e-005
+2.665800e+004	   +2.090614e-005
+2.665900e+004	   +2.134186e-005
+2.666000e+004	   +2.012791e-005
+2.666100e+004	   +1.947228e-005
+2.666200e+004	   +2.071146e-005
+2.666300e+004	   +1.977842e-005
+2.666400e+004	   +1.857089e-005
+2.666500e+004	   +1.701792e-005
+2.666600e+004	   +1.792493e-005
+2.666700e+004	   +2.012886e-005
+2.666800e+004	   +2.023367e-005
+2.666900e+004	   +1.841289e-005
+2.667000e+004	   +1.884088e-005
+2.667100e+004	   +2.009638e-005
+2.667200e+004	   +2.020634e-005
+2.667300e+004	   +1.994098e-005
+2.667400e+004	   +1.969709e-005
+2.667500e+004	   +1.672388e-005
+2.667600e+004	   +1.514061e-005
+2.667700e+004	   +1.630504e-005
+2.667800e+004	   +1.626245e-005
+2.667900e+004	   +1.807122e-005
+2.668000e+004	   +2.024445e-005
+2.668100e+004	   +2.073977e-005
+2.668200e+004	   +1.711267e-005
+2.668300e+004	   +1.548788e-005
+2.668400e+004	   +1.834648e-005
+2.668500e+004	   +1.970350e-005
+2.668600e+004	   +2.133064e-005
+2.668700e+004	   +2.251270e-005
+2.668800e+004	   +2.067357e-005
+2.668900e+004	   +1.900514e-005
+2.669000e+004	   +1.865138e-005
+2.669100e+004	   +1.996221e-005
+2.669200e+004	   +2.151051e-005
+2.669300e+004	   +2.100847e-005
+2.669400e+004	   +2.183970e-005
+2.669500e+004	   +2.269889e-005
+2.669600e+004	   +2.125188e-005
+2.669700e+004	   +1.796158e-005
+2.669800e+004	   +1.894645e-005
+2.669900e+004	   +2.168761e-005
+2.670000e+004	   +2.191229e-005
+2.670100e+004	   +2.138004e-005
+2.670200e+004	   +2.142864e-005
+2.670300e+004	   +1.838051e-005
+2.670400e+004	   +1.703897e-005
+2.670500e+004	   +1.841730e-005
+2.670600e+004	   +2.090061e-005
+2.670700e+004	   +2.104467e-005
+2.670800e+004	   +2.118597e-005
+2.670900e+004	   +2.195424e-005
+2.671000e+004	   +2.256466e-005
+2.671100e+004	   +2.175400e-005
+2.671200e+004	   +1.858088e-005
+2.671300e+004	   +1.900149e-005
+2.671400e+004	   +2.015445e-005
+2.671500e+004	   +2.000370e-005
+2.671600e+004	   +1.926974e-005
+2.671700e+004	   +2.014164e-005
+2.671800e+004	   +1.979170e-005
+2.671900e+004	   +2.053286e-005
+2.672000e+004	   +2.103065e-005
+2.672100e+004	   +1.916054e-005
+2.672200e+004	   +1.952036e-005
+2.672300e+004	   +2.183685e-005
+2.672400e+004	   +2.181339e-005
+2.672500e+004	   +2.275112e-005
+2.672600e+004	   +2.517818e-005
+2.672700e+004	   +2.403273e-005
+2.672800e+004	   +1.954560e-005
+2.672900e+004	   +1.811210e-005
+2.673000e+004	   +1.756424e-005
+2.673100e+004	   +1.903956e-005
+2.673200e+004	   +2.137650e-005
+2.673300e+004	   +1.956441e-005
+2.673400e+004	   +1.856326e-005
+2.673500e+004	   +2.050535e-005
+2.673600e+004	   +1.919832e-005
+2.673700e+004	   +1.702790e-005
+2.673800e+004	   +1.546104e-005
+2.673900e+004	   +1.429075e-005
+2.674000e+004	   +1.633959e-005
+2.674100e+004	   +1.774507e-005
+2.674200e+004	   +1.797322e-005
+2.674300e+004	   +1.984858e-005
+2.674400e+004	   +2.061771e-005
+2.674500e+004	   +2.198883e-005
+2.674600e+004	   +2.157307e-005
+2.674700e+004	   +2.089001e-005
+2.674800e+004	   +2.059285e-005
+2.674900e+004	   +1.985741e-005
+2.675000e+004	   +1.992415e-005
+2.675100e+004	   +2.126367e-005
+2.675200e+004	   +2.134453e-005
+2.675300e+004	   +2.013204e-005
+2.675400e+004	   +2.047981e-005
+2.675500e+004	   +2.056375e-005
+2.675600e+004	   +1.890848e-005
+2.675700e+004	   +1.985527e-005
+2.675800e+004	   +2.151951e-005
+2.675900e+004	   +2.020738e-005
+2.676000e+004	   +1.965395e-005
+2.676100e+004	   +2.005939e-005
+2.676200e+004	   +2.021959e-005
+2.676300e+004	   +1.981018e-005
+2.676400e+004	   +1.811473e-005
+2.676500e+004	   +1.786779e-005
+2.676600e+004	   +1.921125e-005
+2.676700e+004	   +1.858747e-005
+2.676800e+004	   +1.782707e-005
+2.676900e+004	   +1.915848e-005
+2.677000e+004	   +1.885462e-005
+2.677100e+004	   +1.644511e-005
+2.677200e+004	   +1.672789e-005
+2.677300e+004	   +1.748506e-005
+2.677400e+004	   +1.807357e-005
+2.677500e+004	   +1.835681e-005
+2.677600e+004	   +1.816951e-005
+2.677700e+004	   +1.826536e-005
+2.677800e+004	   +1.868257e-005
+2.677900e+004	   +1.742818e-005
+2.678000e+004	   +1.774981e-005
+2.678100e+004	   +2.015367e-005
+2.678200e+004	   +1.934500e-005
+2.678300e+004	   +1.790076e-005
+2.678400e+004	   +1.575740e-005
+2.678500e+004	   +1.717187e-005
+2.678600e+004	   +1.955429e-005
+2.678700e+004	   +1.952694e-005
+2.678800e+004	   +1.963176e-005
+2.678900e+004	   +1.898380e-005
+2.679000e+004	   +1.743809e-005
+2.679100e+004	   +1.735489e-005
+2.679200e+004	   +1.638488e-005
+2.679300e+004	   +1.552435e-005
+2.679400e+004	   +1.735729e-005
+2.679500e+004	   +1.811632e-005
+2.679600e+004	   +1.915358e-005
+2.679700e+004	   +2.008989e-005
+2.679800e+004	   +1.961192e-005
+2.679900e+004	   +2.167340e-005
+2.680000e+004	   +2.301035e-005
+2.680100e+004	   +2.218507e-005
+2.680200e+004	   +2.147924e-005
+2.680300e+004	   +2.067257e-005
+2.680400e+004	   +2.029726e-005
+2.680500e+004	   +1.898824e-005
+2.680600e+004	   +1.959771e-005
+2.680700e+004	   +2.163405e-005
+2.680800e+004	   +1.992122e-005
+2.680900e+004	   +1.725561e-005
+2.681000e+004	   +1.617828e-005
+2.681100e+004	   +1.509413e-005
+2.681200e+004	   +1.485962e-005
+2.681300e+004	   +1.637076e-005
+2.681400e+004	   +1.584094e-005
+2.681500e+004	   +1.700895e-005
+2.681600e+004	   +2.105058e-005
+2.681700e+004	   +2.106459e-005
+2.681800e+004	   +1.980239e-005
+2.681900e+004	   +1.797274e-005
+2.682000e+004	   +1.699063e-005
+2.682100e+004	   +1.908801e-005
+2.682200e+004	   +1.986932e-005
+2.682300e+004	   +2.008268e-005
+2.682400e+004	   +2.157008e-005
+2.682500e+004	   +2.206354e-005
+2.682600e+004	   +2.006864e-005
+2.682700e+004	   +1.895677e-005
+2.682800e+004	   +1.767105e-005
+2.682900e+004	   +1.846409e-005
+2.683000e+004	   +2.024911e-005
+2.683100e+004	   +1.769550e-005
+2.683200e+004	   +1.699622e-005
+2.683300e+004	   +1.999792e-005
+2.683400e+004	   +2.021379e-005
+2.683500e+004	   +1.983540e-005
+2.683600e+004	   +1.972228e-005
+2.683700e+004	   +1.891024e-005
+2.683800e+004	   +1.762953e-005
+2.683900e+004	   +1.862999e-005
+2.684000e+004	   +2.110362e-005
+2.684100e+004	   +2.126346e-005
+2.684200e+004	   +2.103430e-005
+2.684300e+004	   +2.021382e-005
+2.684400e+004	   +1.859072e-005
+2.684500e+004	   +1.812535e-005
+2.684600e+004	   +1.672692e-005
+2.684700e+004	   +1.693304e-005
+2.684800e+004	   +1.826935e-005
+2.684900e+004	   +1.912706e-005
+2.685000e+004	   +1.979626e-005
+2.685100e+004	   +2.228849e-005
+2.685200e+004	   +1.985687e-005
+2.685300e+004	   +1.700399e-005
+2.685400e+004	   +1.943012e-005
+2.685500e+004	   +2.027100e-005
+2.685600e+004	   +1.967081e-005
+2.685700e+004	   +1.916231e-005
+2.685800e+004	   +1.968767e-005
+2.685900e+004	   +1.979657e-005
+2.686000e+004	   +1.903870e-005
+2.686100e+004	   +2.178814e-005
+2.686200e+004	   +2.445181e-005
+2.686300e+004	   +2.251418e-005
+2.686400e+004	   +1.899769e-005
+2.686500e+004	   +1.621059e-005
+2.686600e+004	   +1.610914e-005
+2.686700e+004	   +1.859090e-005
+2.686800e+004	   +1.818641e-005
+2.686900e+004	   +1.839060e-005
+2.687000e+004	   +1.907737e-005
+2.687100e+004	   +1.816881e-005
+2.687200e+004	   +1.854430e-005
+2.687300e+004	   +1.910565e-005
+2.687400e+004	   +1.739573e-005
+2.687500e+004	   +1.663771e-005
+2.687600e+004	   +1.839745e-005
+2.687700e+004	   +2.001717e-005
+2.687800e+004	   +1.939397e-005
+2.687900e+004	   +1.750558e-005
+2.688000e+004	   +1.529471e-005
+2.688100e+004	   +1.559026e-005
+2.688200e+004	   +1.758093e-005
+2.688300e+004	   +1.848924e-005
+2.688400e+004	   +1.916944e-005
+2.688500e+004	   +2.036559e-005
+2.688600e+004	   +2.101659e-005
+2.688700e+004	   +2.055749e-005
+2.688800e+004	   +1.695133e-005
+2.688900e+004	   +1.530161e-005
+2.689000e+004	   +1.764106e-005
+2.689100e+004	   +1.857796e-005
+2.689200e+004	   +1.783639e-005
+2.689300e+004	   +1.798650e-005
+2.689400e+004	   +2.190883e-005
+2.689500e+004	   +2.204017e-005
+2.689600e+004	   +1.922808e-005
+2.689700e+004	   +1.950607e-005
+2.689800e+004	   +1.905786e-005
+2.689900e+004	   +1.804937e-005
+2.690000e+004	   +1.997795e-005
+2.690100e+004	   +2.043372e-005
+2.690200e+004	   +2.013609e-005
+2.690300e+004	   +1.950555e-005
+2.690400e+004	   +1.901798e-005
+2.690500e+004	   +1.952786e-005
+2.690600e+004	   +1.898343e-005
+2.690700e+004	   +1.807019e-005
+2.690800e+004	   +1.687473e-005
+2.690900e+004	   +1.676807e-005
+2.691000e+004	   +1.937833e-005
+2.691100e+004	   +2.276124e-005
+2.691200e+004	   +2.379974e-005
+2.691300e+004	   +2.022396e-005
+2.691400e+004	   +1.855825e-005
+2.691500e+004	   +1.833659e-005
+2.691600e+004	   +1.811632e-005
+2.691700e+004	   +1.971293e-005
+2.691800e+004	   +1.879033e-005
+2.691900e+004	   +1.714350e-005
+2.692000e+004	   +1.747562e-005
+2.692100e+004	   +1.689271e-005
+2.692200e+004	   +1.676588e-005
+2.692300e+004	   +1.809531e-005
+2.692400e+004	   +1.860009e-005
+2.692500e+004	   +1.822537e-005
+2.692600e+004	   +1.790713e-005
+2.692700e+004	   +1.871156e-005
+2.692800e+004	   +1.900579e-005
+2.692900e+004	   +1.834470e-005
+2.693000e+004	   +1.882510e-005
+2.693100e+004	   +1.992470e-005
+2.693200e+004	   +2.145041e-005
+2.693300e+004	   +1.962939e-005
+2.693400e+004	   +1.692903e-005
+2.693500e+004	   +1.724256e-005
+2.693600e+004	   +1.785058e-005
+2.693700e+004	   +1.879553e-005
+2.693800e+004	   +2.005472e-005
+2.693900e+004	   +2.030805e-005
+2.694000e+004	   +2.086427e-005
+2.694100e+004	   +2.066694e-005
+2.694200e+004	   +2.135100e-005
+2.694300e+004	   +1.902078e-005
+2.694400e+004	   +1.813101e-005
+2.694500e+004	   +2.162507e-005
+2.694600e+004	   +2.216274e-005
+2.694700e+004	   +1.857593e-005
+2.694800e+004	   +1.652079e-005
+2.694900e+004	   +1.874071e-005
+2.695000e+004	   +2.126082e-005
+2.695100e+004	   +2.232439e-005
+2.695200e+004	   +2.005146e-005
+2.695300e+004	   +1.908567e-005
+2.695400e+004	   +1.851549e-005
+2.695500e+004	   +1.832868e-005
+2.695600e+004	   +1.846234e-005
+2.695700e+004	   +1.941161e-005
+2.695800e+004	   +2.263131e-005
+2.695900e+004	   +2.320146e-005
+2.696000e+004	   +1.957137e-005
+2.696100e+004	   +1.820233e-005
+2.696200e+004	   +1.939681e-005
+2.696300e+004	   +1.734927e-005
+2.696400e+004	   +1.451613e-005
+2.696500e+004	   +1.558939e-005
+2.696600e+004	   +1.919965e-005
+2.696700e+004	   +1.921169e-005
+2.696800e+004	   +1.762728e-005
+2.696900e+004	   +1.820177e-005
+2.697000e+004	   +1.928996e-005
+2.697100e+004	   +1.868475e-005
+2.697200e+004	   +1.693693e-005
+2.697300e+004	   +1.883461e-005
+2.697400e+004	   +2.046795e-005
+2.697500e+004	   +1.997617e-005
+2.697600e+004	   +2.012247e-005
+2.697700e+004	   +1.863580e-005
+2.697800e+004	   +1.766764e-005
+2.697900e+004	   +1.652206e-005
+2.698000e+004	   +1.863019e-005
+2.698100e+004	   +2.177453e-005
+2.698200e+004	   +2.173419e-005
+2.698300e+004	   +2.338585e-005
+2.698400e+004	   +2.370869e-005
+2.698500e+004	   +2.070762e-005
+2.698600e+004	   +1.724985e-005
+2.698700e+004	   +1.765535e-005
+2.698800e+004	   +1.863067e-005
+2.698900e+004	   +1.907226e-005
+2.699000e+004	   +1.746200e-005
+2.699100e+004	   +1.778184e-005
+2.699200e+004	   +1.842879e-005
+2.699300e+004	   +1.860818e-005
+2.699400e+004	   +1.861386e-005
+2.699500e+004	   +1.773604e-005
+2.699600e+004	   +1.854084e-005
+2.699700e+004	   +1.977953e-005
+2.699800e+004	   +2.000365e-005
+2.699900e+004	   +2.038635e-005
+2.700000e+004	   +2.081542e-005
+2.700100e+004	   +2.008213e-005
+2.700200e+004	   +1.794147e-005
+2.700300e+004	   +1.587026e-005
+2.700400e+004	   +1.566468e-005
+2.700500e+004	   +1.652424e-005
+2.700600e+004	   +1.947337e-005
+2.700700e+004	   +2.005604e-005
+2.700800e+004	   +1.846070e-005
+2.700900e+004	   +1.784560e-005
+2.701000e+004	   +2.045561e-005
+2.701100e+004	   +2.200200e-005
+2.701200e+004	   +2.079278e-005
+2.701300e+004	   +2.137593e-005
+2.701400e+004	   +2.072115e-005
+2.701500e+004	   +1.891338e-005
+2.701600e+004	   +1.833043e-005
+2.701700e+004	   +1.897434e-005
+2.701800e+004	   +2.095065e-005
+2.701900e+004	   +2.136608e-005
+2.702000e+004	   +2.027962e-005
+2.702100e+004	   +1.836663e-005
+2.702200e+004	   +1.748241e-005
+2.702300e+004	   +1.630097e-005
+2.702400e+004	   +1.540654e-005
+2.702500e+004	   +1.710529e-005
+2.702600e+004	   +1.981451e-005
+2.702700e+004	   +1.955532e-005
+2.702800e+004	   +1.826853e-005
+2.702900e+004	   +2.093288e-005
+2.703000e+004	   +2.144196e-005
+2.703100e+004	   +2.192389e-005
+2.703200e+004	   +2.274070e-005
+2.703300e+004	   +2.039990e-005
+2.703400e+004	   +1.862854e-005
+2.703500e+004	   +1.854277e-005
+2.703600e+004	   +1.661739e-005
+2.703700e+004	   +1.770475e-005
+2.703800e+004	   +2.111881e-005
+2.703900e+004	   +2.324228e-005
+2.704000e+004	   +2.319081e-005
+2.704100e+004	   +2.277844e-005
+2.704200e+004	   +2.116872e-005
+2.704300e+004	   +1.991085e-005
+2.704400e+004	   +2.076898e-005
+2.704500e+004	   +1.997490e-005
+2.704600e+004	   +2.172314e-005
+2.704700e+004	   +2.522281e-005
+2.704800e+004	   +2.444705e-005
+2.704900e+004	   +2.271729e-005
+2.705000e+004	   +2.244440e-005
+2.705100e+004	   +2.067817e-005
+2.705200e+004	   +1.768532e-005
+2.705300e+004	   +1.540363e-005
+2.705400e+004	   +1.750146e-005
+2.705500e+004	   +1.861102e-005
+2.705600e+004	   +1.748898e-005
+2.705700e+004	   +1.608203e-005
+2.705800e+004	   +1.936187e-005
+2.705900e+004	   +2.197271e-005
+2.706000e+004	   +2.123462e-005
+2.706100e+004	   +1.957032e-005
+2.706200e+004	   +1.783998e-005
+2.706300e+004	   +1.755343e-005
+2.706400e+004	   +1.945636e-005
+2.706500e+004	   +1.946817e-005
+2.706600e+004	   +1.756108e-005
+2.706700e+004	   +1.646330e-005
+2.706800e+004	   +1.925775e-005
+2.706900e+004	   +2.044695e-005
+2.707000e+004	   +1.859776e-005
+2.707100e+004	   +1.783150e-005
+2.707200e+004	   +1.794193e-005
+2.707300e+004	   +1.923421e-005
+2.707400e+004	   +1.974581e-005
+2.707500e+004	   +2.000038e-005
+2.707600e+004	   +2.022589e-005
+2.707700e+004	   +1.745284e-005
+2.707800e+004	   +1.579195e-005
+2.707900e+004	   +1.719675e-005
+2.708000e+004	   +1.811157e-005
+2.708100e+004	   +1.863779e-005
+2.708200e+004	   +1.861480e-005
+2.708300e+004	   +1.942803e-005
+2.708400e+004	   +1.911524e-005
+2.708500e+004	   +1.950615e-005
+2.708600e+004	   +1.937201e-005
+2.708700e+004	   +1.976178e-005
+2.708800e+004	   +2.024249e-005
+2.708900e+004	   +1.935723e-005
+2.709000e+004	   +1.896818e-005
+2.709100e+004	   +1.865310e-005
+2.709200e+004	   +1.873742e-005
+2.709300e+004	   +2.005388e-005
+2.709400e+004	   +2.088556e-005
+2.709500e+004	   +2.037371e-005
+2.709600e+004	   +2.105608e-005
+2.709700e+004	   +2.075512e-005
+2.709800e+004	   +2.118769e-005
+2.709900e+004	   +2.002778e-005
+2.710000e+004	   +1.965272e-005
+2.710100e+004	   +2.176084e-005
+2.710200e+004	   +2.293944e-005
+2.710300e+004	   +2.096271e-005
+2.710400e+004	   +1.725624e-005
+2.710500e+004	   +1.677039e-005
+2.710600e+004	   +1.816969e-005
+2.710700e+004	   +2.053917e-005
+2.710800e+004	   +1.985985e-005
+2.710900e+004	   +1.784589e-005
+2.711000e+004	   +1.824870e-005
+2.711100e+004	   +1.923292e-005
+2.711200e+004	   +1.790697e-005
+2.711300e+004	   +1.791250e-005
+2.711400e+004	   +2.065507e-005
+2.711500e+004	   +2.255473e-005
+2.711600e+004	   +2.312249e-005
+2.711700e+004	   +2.075341e-005
+2.711800e+004	   +1.908307e-005
+2.711900e+004	   +1.795397e-005
+2.712000e+004	   +1.968788e-005
+2.712100e+004	   +2.089506e-005
+2.712200e+004	   +2.072593e-005
+2.712300e+004	   +2.075654e-005
+2.712400e+004	   +1.975774e-005
+2.712500e+004	   +2.040153e-005
+2.712600e+004	   +2.141589e-005
+2.712700e+004	   +2.069580e-005
+2.712800e+004	   +1.877513e-005
+2.712900e+004	   +1.967619e-005
+2.713000e+004	   +1.959046e-005
+2.713100e+004	   +1.838027e-005
+2.713200e+004	   +1.681228e-005
+2.713300e+004	   +1.726260e-005
+2.713400e+004	   +1.847516e-005
+2.713500e+004	   +1.771564e-005
+2.713600e+004	   +1.668127e-005
+2.713700e+004	   +1.679370e-005
+2.713800e+004	   +1.835466e-005
+2.713900e+004	   +1.933192e-005
+2.714000e+004	   +1.976269e-005
+2.714100e+004	   +1.919174e-005
+2.714200e+004	   +1.893227e-005
+2.714300e+004	   +1.893819e-005
+2.714400e+004	   +1.828410e-005
+2.714500e+004	   +1.782942e-005
+2.714600e+004	   +1.779977e-005
+2.714700e+004	   +1.705664e-005
+2.714800e+004	   +1.620883e-005
+2.714900e+004	   +1.828129e-005
+2.715000e+004	   +2.207767e-005
+2.715100e+004	   +2.164244e-005
+2.715200e+004	   +1.827250e-005
+2.715300e+004	   +1.664239e-005
+2.715400e+004	   +1.726219e-005
+2.715500e+004	   +1.776186e-005
+2.715600e+004	   +1.763866e-005
+2.715700e+004	   +1.719069e-005
+2.715800e+004	   +1.899177e-005
+2.715900e+004	   +2.047127e-005
+2.716000e+004	   +2.109037e-005
+2.716100e+004	   +2.270620e-005
+2.716200e+004	   +2.424853e-005
+2.716300e+004	   +2.200352e-005
+2.716400e+004	   +1.979441e-005
+2.716500e+004	   +1.911717e-005
+2.716600e+004	   +1.869780e-005
+2.716700e+004	   +2.058487e-005
+2.716800e+004	   +2.034123e-005
+2.716900e+004	   +2.055463e-005
+2.717000e+004	   +2.265142e-005
+2.717100e+004	   +2.128069e-005
+2.717200e+004	   +1.913743e-005
+2.717300e+004	   +2.237030e-005
+2.717400e+004	   +2.297604e-005
+2.717500e+004	   +2.077193e-005
+2.717600e+004	   +1.801718e-005
+2.717700e+004	   +1.702775e-005
+2.717800e+004	   +1.943398e-005
+2.717900e+004	   +2.115557e-005
+2.718000e+004	   +2.013200e-005
+2.718100e+004	   +1.809924e-005
+2.718200e+004	   +1.694677e-005
+2.718300e+004	   +1.646712e-005
+2.718400e+004	   +1.681630e-005
+2.718500e+004	   +1.730914e-005
+2.718600e+004	   +1.652410e-005
+2.718700e+004	   +1.700961e-005
+2.718800e+004	   +1.741196e-005
+2.718900e+004	   +1.696660e-005
+2.719000e+004	   +1.853577e-005
+2.719100e+004	   +1.925644e-005
+2.719200e+004	   +1.903751e-005
+2.719300e+004	   +1.744928e-005
+2.719400e+004	   +1.707966e-005
+2.719500e+004	   +1.861496e-005
+2.719600e+004	   +2.039817e-005
+2.719700e+004	   +1.862707e-005
+2.719800e+004	   +1.885576e-005
+2.719900e+004	   +2.053642e-005
+2.720000e+004	   +2.357796e-005
+2.720100e+004	   +2.345505e-005
+2.720200e+004	   +1.909621e-005
+2.720300e+004	   +1.768905e-005
+2.720400e+004	   +2.170569e-005
+2.720500e+004	   +2.488261e-005
+2.720600e+004	   +2.347154e-005
+2.720700e+004	   +1.876895e-005
+2.720800e+004	   +1.748222e-005
+2.720900e+004	   +1.982519e-005
+2.721000e+004	   +2.333348e-005
+2.721100e+004	   +2.509252e-005
+2.721200e+004	   +2.229838e-005
+2.721300e+004	   +2.098481e-005
+2.721400e+004	   +2.087048e-005
+2.721500e+004	   +1.847335e-005
+2.721600e+004	   +1.625679e-005
+2.721700e+004	   +1.712388e-005
+2.721800e+004	   +1.756384e-005
+2.721900e+004	   +1.829653e-005
+2.722000e+004	   +1.973069e-005
+2.722100e+004	   +2.028289e-005
+2.722200e+004	   +2.022905e-005
+2.722300e+004	   +2.027410e-005
+2.722400e+004	   +2.073881e-005
+2.722500e+004	   +2.100272e-005
+2.722600e+004	   +1.916584e-005
+2.722700e+004	   +1.869856e-005
+2.722800e+004	   +1.929707e-005
+2.722900e+004	   +1.792407e-005
+2.723000e+004	   +1.642627e-005
+2.723100e+004	   +1.927649e-005
+2.723200e+004	   +2.091094e-005
+2.723300e+004	   +1.823482e-005
+2.723400e+004	   +1.729825e-005
+2.723500e+004	   +1.890676e-005
+2.723600e+004	   +2.040496e-005
+2.723700e+004	   +2.050610e-005
+2.723800e+004	   +1.729729e-005
+2.723900e+004	   +1.663865e-005
+2.724000e+004	   +1.906765e-005
+2.724100e+004	   +1.968942e-005
+2.724200e+004	   +1.879346e-005
+2.724300e+004	   +1.909864e-005
+2.724400e+004	   +2.026535e-005
+2.724500e+004	   +1.851878e-005
+2.724600e+004	   +1.605778e-005
+2.724700e+004	   +1.712959e-005
+2.724800e+004	   +1.807214e-005
+2.724900e+004	   +1.726856e-005
+2.725000e+004	   +1.654178e-005
+2.725100e+004	   +1.769049e-005
+2.725200e+004	   +1.858351e-005
+2.725300e+004	   +1.740462e-005
+2.725400e+004	   +1.817130e-005
+2.725500e+004	   +1.911992e-005
+2.725600e+004	   +1.874994e-005
+2.725700e+004	   +2.092631e-005
+2.725800e+004	   +2.378552e-005
+2.725900e+004	   +2.382915e-005
+2.726000e+004	   +2.064517e-005
+2.726100e+004	   +1.809926e-005
+2.726200e+004	   +1.855255e-005
+2.726300e+004	   +1.903782e-005
+2.726400e+004	   +1.966433e-005
+2.726500e+004	   +2.042686e-005
+2.726600e+004	   +1.895028e-005
+2.726700e+004	   +1.761987e-005
+2.726800e+004	   +1.776314e-005
+2.726900e+004	   +1.775864e-005
+2.727000e+004	   +2.127831e-005
+2.727100e+004	   +2.407750e-005
+2.727200e+004	   +2.303214e-005
+2.727300e+004	   +2.201674e-005
+2.727400e+004	   +2.024745e-005
+2.727500e+004	   +1.973534e-005
+2.727600e+004	   +1.897932e-005
+2.727700e+004	   +1.913706e-005
+2.727800e+004	   +2.136207e-005
+2.727900e+004	   +1.877781e-005
+2.728000e+004	   +1.514869e-005
+2.728100e+004	   +1.620365e-005
+2.728200e+004	   +1.697843e-005
+2.728300e+004	   +1.700528e-005
+2.728400e+004	   +1.770819e-005
+2.728500e+004	   +1.893929e-005
+2.728600e+004	   +1.846753e-005
+2.728700e+004	   +1.649055e-005
+2.728800e+004	   +1.652595e-005
+2.728900e+004	   +1.723318e-005
+2.729000e+004	   +1.556386e-005
+2.729100e+004	   +1.606840e-005
+2.729200e+004	   +1.850068e-005
+2.729300e+004	   +1.943789e-005
+2.729400e+004	   +1.927641e-005
+2.729500e+004	   +1.734470e-005
+2.729600e+004	   +1.678241e-005
+2.729700e+004	   +1.748693e-005
+2.729800e+004	   +1.846056e-005
+2.729900e+004	   +1.880436e-005
+2.730000e+004	   +1.868093e-005
