+2.730000e+004	   +1.960025e-005
+2.730100e+004	   +1.911864e-005
+2.730200e+004	   +1.917580e-005
+2.730300e+004	   +1.892325e-005
+2.730400e+004	   +1.927107e-005
+2.730500e+004	   +1.952111e-005
+2.730600e+004	   +1.950791e-005
+2.730700e+004	   +1.994558e-005
+2.730800e+004	   +1.906655e-005
+2.730900e+004	   +1.810332e-005
+2.731000e+004	   +1.821963e-005
+2.731100e+004	   +1.877235e-005
+2.731200e+004	   +1.994411e-005
+2.731300e+004	   +2.158496e-005
+2.731400e+004	   +2.139791e-005
+2.731500e+004	   +1.988451e-005
+2.731600e+004	   +1.923778e-005
+2.731700e+004	   +1.863437e-005
+2.731800e+004	   +1.823786e-005
+2.731900e+004	   +1.973222e-005
+2.732000e+004	   +2.108470e-005
+2.732100e+004	   +2.029826e-005
+2.732200e+004	   +1.925007e-005
+2.732300e+004	   +1.922642e-005
+2.732400e+004	   +2.017526e-005
+2.732500e+004	   +1.976280e-005
+2.732600e+004	   +1.910762e-005
+2.732700e+004	   +1.987875e-005
+2.732800e+004	   +1.983268e-005
+2.732900e+004	   +2.030586e-005
+2.733000e+004	   +1.929523e-005
+2.733100e+004	   +2.012161e-005
+2.733200e+004	   +2.104804e-005
+2.733300e+004	   +2.085989e-005
+2.733400e+004	   +2.184107e-005
+2.733500e+004	   +2.150597e-005
+2.733600e+004	   +2.120019e-005
+2.733700e+004	   +1.977393e-005
+2.733800e+004	   +1.739902e-005
+2.733900e+004	   +1.693962e-005
+2.734000e+004	   +2.013271e-005
+2.734100e+004	   +2.083270e-005
+2.734200e+004	   +1.872628e-005
+2.734300e+004	   +1.806133e-005
+2.734400e+004	   +2.024918e-005
+2.734500e+004	   +2.169552e-005
+2.734600e+004	   +2.247895e-005
+2.734700e+004	   +2.104340e-005
+2.734800e+004	   +1.715103e-005
+2.734900e+004	   +1.626768e-005
+2.735000e+004	   +1.865375e-005
+2.735100e+004	   +1.931435e-005
+2.735200e+004	   +1.845679e-005
+2.735300e+004	   +1.937697e-005
+2.735400e+004	   +1.800776e-005
+2.735500e+004	   +1.690280e-005
+2.735600e+004	   +1.807037e-005
+2.735700e+004	   +1.875418e-005
+2.735800e+004	   +1.917902e-005
+2.735900e+004	   +1.883654e-005
+2.736000e+004	   +1.708506e-005
+2.736100e+004	   +1.549130e-005
+2.736200e+004	   +1.505752e-005
+2.736300e+004	   +1.648300e-005
+2.736400e+004	   +1.967939e-005
+2.736500e+004	   +2.099961e-005
+2.736600e+004	   +2.035164e-005
+2.736700e+004	   +1.957807e-005
+2.736800e+004	   +1.941564e-005
+2.736900e+004	   +1.928011e-005
+2.737000e+004	   +1.744958e-005
+2.737100e+004	   +1.676253e-005
+2.737200e+004	   +1.888613e-005
+2.737300e+004	   +1.967012e-005
+2.737400e+004	   +2.016501e-005
+2.737500e+004	   +2.101742e-005
+2.737600e+004	   +1.894171e-005
+2.737700e+004	   +1.816209e-005
+2.737800e+004	   +2.079194e-005
+2.737900e+004	   +2.281508e-005
+2.738000e+004	   +2.084666e-005
+2.738100e+004	   +1.780728e-005
+2.738200e+004	   +1.853799e-005
+2.738300e+004	   +1.833260e-005
+2.738400e+004	   +1.806503e-005
+2.738500e+004	   +1.867248e-005
+2.738600e+004	   +1.860818e-005
+2.738700e+004	   +1.840420e-005
+2.738800e+004	   +1.774225e-005
+2.738900e+004	   +1.758429e-005
+2.739000e+004	   +1.810181e-005
+2.739100e+004	   +1.909959e-005
+2.739200e+004	   +1.987634e-005
+2.739300e+004	   +2.085174e-005
+2.739400e+004	   +2.019086e-005
+2.739500e+004	   +1.903634e-005
+2.739600e+004	   +1.801354e-005
+2.739700e+004	   +2.000633e-005
+2.739800e+004	   +2.087504e-005
+2.739900e+004	   +1.794782e-005
+2.740000e+004	   +1.717726e-005
+2.740100e+004	   +2.020831e-005
+2.740200e+004	   +2.163714e-005
+2.740300e+004	   +2.006811e-005
+2.740400e+004	   +2.140355e-005
+2.740500e+004	   +2.104263e-005
+2.740600e+004	   +2.131748e-005
+2.740700e+004	   +2.080685e-005
+2.740800e+004	   +1.800365e-005
+2.740900e+004	   +1.565991e-005
+2.741000e+004	   +1.690510e-005
+2.741100e+004	   +1.811700e-005
+2.741200e+004	   +1.878946e-005
+2.741300e+004	   +2.044551e-005
+2.741400e+004	   +2.210434e-005
+2.741500e+004	   +2.221024e-005
+2.741600e+004	   +1.926712e-005
+2.741700e+004	   +1.700208e-005
+2.741800e+004	   +1.668469e-005
+2.741900e+004	   +1.923894e-005
+2.742000e+004	   +2.187496e-005
+2.742100e+004	   +2.209435e-005
+2.742200e+004	   +2.274335e-005
+2.742300e+004	   +2.161202e-005
+2.742400e+004	   +1.794122e-005
+2.742500e+004	   +1.849688e-005
+2.742600e+004	   +1.797545e-005
+2.742700e+004	   +1.706466e-005
+2.742800e+004	   +1.758968e-005
+2.742900e+004	   +1.830177e-005
+2.743000e+004	   +1.974824e-005
+2.743100e+004	   +2.147584e-005
+2.743200e+004	   +2.052445e-005
+2.743300e+004	   +1.823480e-005
+2.743400e+004	   +1.895706e-005
+2.743500e+004	   +1.968922e-005
+2.743600e+004	   +1.713217e-005
+2.743700e+004	   +1.594111e-005
+2.743800e+004	   +1.817068e-005
+2.743900e+004	   +1.948494e-005
+2.744000e+004	   +2.128607e-005
+2.744100e+004	   +2.055591e-005
+2.744200e+004	   +1.967693e-005
+2.744300e+004	   +2.051787e-005
+2.744400e+004	   +2.095005e-005
+2.744500e+004	   +2.152541e-005
+2.744600e+004	   +2.056257e-005
+2.744700e+004	   +1.849722e-005
+2.744800e+004	   +1.713499e-005
+2.744900e+004	   +1.901322e-005
+2.745000e+004	   +2.057432e-005
+2.745100e+004	   +1.793749e-005
+2.745200e+004	   +1.617365e-005
+2.745300e+004	   +1.803295e-005
+2.745400e+004	   +1.787197e-005
+2.745500e+004	   +1.784194e-005
+2.745600e+004	   +1.977838e-005
+2.745700e+004	   +1.915175e-005
+2.745800e+004	   +1.655439e-005
+2.745900e+004	   +1.697479e-005
+2.746000e+004	   +1.970687e-005
+2.746100e+004	   +2.115150e-005
+2.746200e+004	   +1.954826e-005
+2.746300e+004	   +1.741435e-005
+2.746400e+004	   +1.915783e-005
+2.746500e+004	   +2.146276e-005
+2.746600e+004	   +2.056210e-005
+2.746700e+004	   +1.868544e-005
+2.746800e+004	   +1.836841e-005
+2.746900e+004	   +1.941117e-005
+2.747000e+004	   +1.996148e-005
+2.747100e+004	   +1.706831e-005
+2.747200e+004	   +1.751265e-005
+2.747300e+004	   +1.747374e-005
+2.747400e+004	   +1.811079e-005
+2.747500e+004	   +1.930845e-005
+2.747600e+004	   +1.904613e-005
+2.747700e+004	   +1.773183e-005
+2.747800e+004	   +1.726289e-005
+2.747900e+004	   +1.833170e-005
+2.748000e+004	   +1.902291e-005
+2.748100e+004	   +1.965617e-005
+2.748200e+004	   +2.108602e-005
+2.748300e+004	   +2.145508e-005
+2.748400e+004	   +1.957036e-005
+2.748500e+004	   +1.908743e-005
+2.748600e+004	   +2.076638e-005
+2.748700e+004	   +2.307405e-005
+2.748800e+004	   +2.206710e-005
+2.748900e+004	   +1.935755e-005
+2.749000e+004	   +1.897134e-005
+2.749100e+004	   +1.942771e-005
+2.749200e+004	   +1.804832e-005
+2.749300e+004	   +1.899563e-005
+2.749400e+004	   +1.887013e-005
+2.749500e+004	   +1.818731e-005
+2.749600e+004	   +1.918846e-005
+2.749700e+004	   +2.034112e-005
+2.749800e+004	   +2.104310e-005
+2.749900e+004	   +1.954770e-005
+2.750000e+004	   +2.041758e-005
+2.750100e+004	   +2.237291e-005
+2.750200e+004	   +2.188661e-005
+2.750300e+004	   +2.153047e-005
+2.750400e+004	   +2.167811e-005
+2.750500e+004	   +2.182182e-005
+2.750600e+004	   +2.197100e-005
+2.750700e+004	   +2.051911e-005
+2.750800e+004	   +1.697973e-005
+2.750900e+004	   +1.786110e-005
+2.751000e+004	   +2.087932e-005
+2.751100e+004	   +1.939033e-005
+2.751200e+004	   +1.901205e-005
+2.751300e+004	   +2.235012e-005
+2.751400e+004	   +2.222700e-005
+2.751500e+004	   +2.011236e-005
+2.751600e+004	   +1.889578e-005
+2.751700e+004	   +2.144575e-005
+2.751800e+004	   +2.118358e-005
+2.751900e+004	   +1.822161e-005
+2.752000e+004	   +1.903093e-005
+2.752100e+004	   +1.891706e-005
+2.752200e+004	   +1.847699e-005
+2.752300e+004	   +1.991271e-005
+2.752400e+004	   +2.062303e-005
+2.752500e+004	   +1.964103e-005
+2.752600e+004	   +2.066431e-005
+2.752700e+004	   +2.208242e-005
+2.752800e+004	   +2.216542e-005
+2.752900e+004	   +2.249310e-005
+2.753000e+004	   +2.067924e-005
+2.753100e+004	   +2.124803e-005
+2.753200e+004	   +2.247377e-005
+2.753300e+004	   +2.151332e-005
+2.753400e+004	   +2.159395e-005
+2.753500e+004	   +2.300707e-005
+2.753600e+004	   +2.225242e-005
+2.753700e+004	   +2.018093e-005
+2.753800e+004	   +1.926936e-005
+2.753900e+004	   +1.910212e-005
+2.754000e+004	   +2.021264e-005
+2.754100e+004	   +2.216238e-005
+2.754200e+004	   +2.067659e-005
+2.754300e+004	   +1.899279e-005
+2.754400e+004	   +1.901931e-005
+2.754500e+004	   +2.066501e-005
+2.754600e+004	   +1.928856e-005
+2.754700e+004	   +1.843526e-005
+2.754800e+004	   +1.977154e-005
+2.754900e+004	   +1.991258e-005
+2.755000e+004	   +1.926240e-005
+2.755100e+004	   +1.978555e-005
+2.755200e+004	   +1.906690e-005
+2.755300e+004	   +1.881157e-005
+2.755400e+004	   +2.160699e-005
+2.755500e+004	   +2.140172e-005
+2.755600e+004	   +1.908764e-005
+2.755700e+004	   +1.818018e-005
+2.755800e+004	   +1.883873e-005
+2.755900e+004	   +2.034458e-005
+2.756000e+004	   +2.036964e-005
+2.756100e+004	   +1.991473e-005
+2.756200e+004	   +2.026119e-005
+2.756300e+004	   +1.997330e-005
+2.756400e+004	   +2.108269e-005
+2.756500e+004	   +2.094444e-005
+2.756600e+004	   +2.011357e-005
+2.756700e+004	   +2.143285e-005
+2.756800e+004	   +2.220590e-005
+2.756900e+004	   +1.912376e-005
+2.757000e+004	   +1.767212e-005
+2.757100e+004	   +1.963096e-005
+2.757200e+004	   +1.696553e-005
+2.757300e+004	   +1.603624e-005
+2.757400e+004	   +1.810085e-005
+2.757500e+004	   +1.805205e-005
+2.757600e+004	   +1.594786e-005
+2.757700e+004	   +1.562431e-005
+2.757800e+004	   +1.826319e-005
+2.757900e+004	   +2.098590e-005
+2.758000e+004	   +2.243640e-005
+2.758100e+004	   +2.155363e-005
+2.758200e+004	   +2.053007e-005
+2.758300e+004	   +1.954669e-005
+2.758400e+004	   +2.021624e-005
+2.758500e+004	   +2.186461e-005
+2.758600e+004	   +1.996962e-005
+2.758700e+004	   +1.840769e-005
+2.758800e+004	   +1.967900e-005
+2.758900e+004	   +1.958237e-005
+2.759000e+004	   +1.671427e-005
+2.759100e+004	   +1.674154e-005
+2.759200e+004	   +2.016007e-005
+2.759300e+004	   +1.845602e-005
+2.759400e+004	   +1.653784e-005
+2.759500e+004	   +1.828560e-005
+2.759600e+004	   +2.091420e-005
+2.759700e+004	   +2.229260e-005
+2.759800e+004	   +2.116544e-005
+2.759900e+004	   +2.015896e-005
+2.760000e+004	   +1.919179e-005
+2.760100e+004	   +1.833466e-005
+2.760200e+004	   +1.887469e-005
+2.760300e+004	   +1.724688e-005
+2.760400e+004	   +1.789347e-005
+2.760500e+004	   +1.968914e-005
+2.760600e+004	   +1.907071e-005
+2.760700e+004	   +1.878728e-005
+2.760800e+004	   +1.972458e-005
+2.760900e+004	   +2.065711e-005
+2.761000e+004	   +1.910311e-005
+2.761100e+004	   +1.711138e-005
+2.761200e+004	   +1.689740e-005
+2.761300e+004	   +1.888400e-005
+2.761400e+004	   +2.068256e-005
+2.761500e+004	   +2.181912e-005
+2.761600e+004	   +2.089008e-005
+2.761700e+004	   +1.894262e-005
+2.761800e+004	   +1.984592e-005
+2.761900e+004	   +1.911301e-005
+2.762000e+004	   +1.594461e-005
+2.762100e+004	   +1.626040e-005
+2.762200e+004	   +1.860172e-005
+2.762300e+004	   +1.976531e-005
+2.762400e+004	   +1.912412e-005
+2.762500e+004	   +1.862568e-005
+2.762600e+004	   +1.926868e-005
+2.762700e+004	   +2.140278e-005
+2.762800e+004	   +2.211221e-005
+2.762900e+004	   +1.968589e-005
+2.763000e+004	   +1.917677e-005
+2.763100e+004	   +1.954938e-005
+2.763200e+004	   +2.139902e-005
+2.763300e+004	   +2.379987e-005
+2.763400e+004	   +2.275292e-005
+2.763500e+004	   +2.224485e-005
+2.763600e+004	   +2.152679e-005
+2.763700e+004	   +1.862224e-005
+2.763800e+004	   +1.701007e-005
+2.763900e+004	   +1.807982e-005
+2.764000e+004	   +1.956494e-005
+2.764100e+004	   +1.986663e-005
+2.764200e+004	   +1.920667e-005
+2.764300e+004	   +1.856490e-005
+2.764400e+004	   +1.965387e-005
+2.764500e+004	   +2.041359e-005
+2.764600e+004	   +1.864778e-005
+2.764700e+004	   +1.755593e-005
+2.764800e+004	   +1.975054e-005
+2.764900e+004	   +2.272019e-005
+2.765000e+004	   +2.177319e-005
+2.765100e+004	   +2.096888e-005
+2.765200e+004	   +2.095684e-005
+2.765300e+004	   +1.925170e-005
+2.765400e+004	   +1.939943e-005
+2.765500e+004	   +2.017236e-005
+2.765600e+004	   +2.121726e-005
+2.765700e+004	   +1.972315e-005
+2.765800e+004	   +1.954779e-005
+2.765900e+004	   +2.031380e-005
+2.766000e+004	   +2.167159e-005
+2.766100e+004	   +2.297009e-005
+2.766200e+004	   +2.100266e-005
+2.766300e+004	   +1.855907e-005
+2.766400e+004	   +1.734637e-005
+2.766500e+004	   +1.637351e-005
+2.766600e+004	   +1.559718e-005
+2.766700e+004	   +1.562006e-005
+2.766800e+004	   +1.653243e-005
+2.766900e+004	   +1.713217e-005
+2.767000e+004	   +1.678981e-005
+2.767100e+004	   +1.636108e-005
+2.767200e+004	   +1.777030e-005
+2.767300e+004	   +1.880172e-005
+2.767400e+004	   +1.795044e-005
+2.767500e+004	   +1.611050e-005
+2.767600e+004	   +1.668303e-005
+2.767700e+004	   +1.754649e-005
+2.767800e+004	   +1.805942e-005
+2.767900e+004	   +1.906121e-005
+2.768000e+004	   +1.964858e-005
+2.768100e+004	   +1.938552e-005
+2.768200e+004	   +1.933769e-005
+2.768300e+004	   +1.907779e-005
+2.768400e+004	   +2.064084e-005
+2.768500e+004	   +2.007895e-005
+2.768600e+004	   +1.810904e-005
+2.768700e+004	   +1.751327e-005
+2.768800e+004	   +2.001960e-005
+2.768900e+004	   +1.998392e-005
+2.769000e+004	   +1.705488e-005
+2.769100e+004	   +1.635607e-005
+2.769200e+004	   +1.660062e-005
+2.769300e+004	   +1.666863e-005
+2.769400e+004	   +2.026401e-005
+2.769500e+004	   +2.296121e-005
+2.769600e+004	   +2.162690e-005
+2.769700e+004	   +1.965287e-005
+2.769800e+004	   +1.826859e-005
+2.769900e+004	   +1.789208e-005
+2.770000e+004	   +1.895870e-005
+2.770100e+004	   +1.786593e-005
+2.770200e+004	   +1.686417e-005
+2.770300e+004	   +1.856969e-005
+2.770400e+004	   +1.822933e-005
+2.770500e+004	   +1.673320e-005
+2.770600e+004	   +1.773960e-005
+2.770700e+004	   +1.916793e-005
+2.770800e+004	   +1.911864e-005
+2.770900e+004	   +1.817789e-005
+2.771000e+004	   +1.772070e-005
+2.771100e+004	   +1.847731e-005
+2.771200e+004	   +1.890979e-005
+2.771300e+004	   +1.914914e-005
+2.771400e+004	   +2.056352e-005
+2.771500e+004	   +2.244058e-005
+2.771600e+004	   +2.153837e-005
+2.771700e+004	   +2.069164e-005
+2.771800e+004	   +2.068739e-005
+2.771900e+004	   +2.064240e-005
+2.772000e+004	   +1.983460e-005
+2.772100e+004	   +2.056625e-005
+2.772200e+004	   +2.028579e-005
+2.772300e+004	   +1.931747e-005
+2.772400e+004	   +2.068996e-005
+2.772500e+004	   +2.002915e-005
+2.772600e+004	   +1.697724e-005
+2.772700e+004	   +1.803372e-005
+2.772800e+004	   +2.143888e-005
+2.772900e+004	   +2.105879e-005
+2.773000e+004	   +1.717462e-005
+2.773100e+004	   +1.652352e-005
+2.773200e+004	   +1.915099e-005
+2.773300e+004	   +1.999623e-005
+2.773400e+004	   +1.863875e-005
+2.773500e+004	   +1.851248e-005
+2.773600e+004	   +1.915604e-005
+2.773700e+004	   +1.941197e-005
+2.773800e+004	   +1.788345e-005
+2.773900e+004	   +1.650553e-005
+2.774000e+004	   +1.782531e-005
+2.774100e+004	   +1.977562e-005
+2.774200e+004	   +1.821809e-005
+2.774300e+004	   +1.790953e-005
+2.774400e+004	   +2.163852e-005
+2.774500e+004	   +2.184723e-005
+2.774600e+004	   +1.780276e-005
+2.774700e+004	   +1.708329e-005
+2.774800e+004	   +1.880352e-005
+2.774900e+004	   +2.054053e-005
+2.775000e+004	   +2.178060e-005
+2.775100e+004	   +2.061246e-005
+2.775200e+004	   +1.982073e-005
+2.775300e+004	   +1.839004e-005
+2.775400e+004	   +1.896734e-005
+2.775500e+004	   +2.179864e-005
+2.775600e+004	   +2.026030e-005
+2.775700e+004	   +1.828348e-005
+2.775800e+004	   +1.962555e-005
+2.775900e+004	   +1.958173e-005
+2.776000e+004	   +2.040118e-005
+2.776100e+004	   +2.141331e-005
+2.776200e+004	   +2.057619e-005
+2.776300e+004	   +2.164496e-005
+2.776400e+004	   +2.394734e-005
+2.776500e+004	   +2.381680e-005
+2.776600e+004	   +2.120785e-005
+2.776700e+004	   +1.802549e-005
+2.776800e+004	   +1.598708e-005
+2.776900e+004	   +1.624228e-005
+2.777000e+004	   +1.819428e-005
+2.777100e+004	   +1.860491e-005
+2.777200e+004	   +1.869989e-005
+2.777300e+004	   +1.830131e-005
+2.777400e+004	   +1.749703e-005
+2.777500e+004	   +1.886587e-005
+2.777600e+004	   +1.992956e-005
+2.777700e+004	   +1.983939e-005
+2.777800e+004	   +1.915936e-005
+2.777900e+004	   +2.067531e-005
+2.778000e+004	   +2.298788e-005
+2.778100e+004	   +2.336743e-005
+2.778200e+004	   +2.281095e-005
+2.778300e+004	   +2.132637e-005
+2.778400e+004	   +1.979576e-005
+2.778500e+004	   +1.776069e-005
+2.778600e+004	   +1.710640e-005
+2.778700e+004	   +1.832620e-005
+2.778800e+004	   +1.901098e-005
+2.778900e+004	   +1.922260e-005
+2.779000e+004	   +2.184134e-005
+2.779100e+004	   +2.407826e-005
+2.779200e+004	   +2.392752e-005
+2.779300e+004	   +2.194715e-005
+2.779400e+004	   +2.020308e-005
+2.779500e+004	   +1.869064e-005
+2.779600e+004	   +1.655037e-005
+2.779700e+004	   +1.701203e-005
+2.779800e+004	   +1.977076e-005
+2.779900e+004	   +1.932211e-005
+2.780000e+004	   +1.710276e-005
+2.780100e+004	   +1.904924e-005
+2.780200e+004	   +2.132991e-005
+2.780300e+004	   +2.103635e-005
+2.780400e+004	   +2.075050e-005
+2.780500e+004	   +2.028750e-005
+2.780600e+004	   +1.893663e-005
+2.780700e+004	   +1.829623e-005
+2.780800e+004	   +1.883743e-005
+2.780900e+004	   +1.936191e-005
+2.781000e+004	   +1.926299e-005
+2.781100e+004	   +1.882322e-005
+2.781200e+004	   +1.988719e-005
+2.781300e+004	   +2.023529e-005
+2.781400e+004	   +1.990504e-005
+2.781500e+004	   +2.096977e-005
+2.781600e+004	   +2.134727e-005
+2.781700e+004	   +1.985272e-005
+2.781800e+004	   +1.871429e-005
+2.781900e+004	   +1.807525e-005
+2.782000e+004	   +1.834078e-005
+2.782100e+004	   +2.096303e-005
+2.782200e+004	   +2.220298e-005
+2.782300e+004	   +1.933616e-005
+2.782400e+004	   +1.795115e-005
+2.782500e+004	   +1.947961e-005
+2.782600e+004	   +1.895379e-005
+2.782700e+004	   +1.849641e-005
+2.782800e+004	   +1.897962e-005
+2.782900e+004	   +1.903950e-005
+2.783000e+004	   +2.006705e-005
+2.783100e+004	   +1.894924e-005
+2.783200e+004	   +1.697931e-005
+2.783300e+004	   +1.586473e-005
+2.783400e+004	   +1.852039e-005
+2.783500e+004	   +1.850512e-005
+2.783600e+004	   +1.784527e-005
+2.783700e+004	   +1.955988e-005
+2.783800e+004	   +2.006097e-005
+2.783900e+004	   +1.998058e-005
+2.784000e+004	   +1.733236e-005
+2.784100e+004	   +1.630838e-005
+2.784200e+004	   +1.696470e-005
+2.784300e+004	   +1.751315e-005
+2.784400e+004	   +1.896618e-005
+2.784500e+004	   +2.165135e-005
+2.784600e+004	   +2.159572e-005
+2.784700e+004	   +1.991989e-005
+2.784800e+004	   +1.922688e-005
+2.784900e+004	   +1.977838e-005
+2.785000e+004	   +2.082840e-005
+2.785100e+004	   +2.175274e-005
+2.785200e+004	   +2.076711e-005
+2.785300e+004	   +1.946961e-005
+2.785400e+004	   +1.934155e-005
+2.785500e+004	   +2.076684e-005
+2.785600e+004	   +1.960182e-005
+2.785700e+004	   +1.810968e-005
+2.785800e+004	   +1.785258e-005
+2.785900e+004	   +1.776769e-005
+2.786000e+004	   +1.681755e-005
+2.786100e+004	   +1.706121e-005
+2.786200e+004	   +1.800537e-005
+2.786300e+004	   +1.821867e-005
+2.786400e+004	   +1.852999e-005
+2.786500e+004	   +1.986574e-005
+2.786600e+004	   +1.942295e-005
+2.786700e+004	   +1.861355e-005
+2.786800e+004	   +1.857042e-005
+2.786900e+004	   +1.894362e-005
+2.787000e+004	   +1.871992e-005
+2.787100e+004	   +1.785573e-005
+2.787200e+004	   +1.868631e-005
+2.787300e+004	   +1.995601e-005
+2.787400e+004	   +1.878286e-005
+2.787500e+004	   +1.966699e-005
+2.787600e+004	   +2.308361e-005
+2.787700e+004	   +2.317785e-005
+2.787800e+004	   +2.125167e-005
+2.787900e+004	   +1.924574e-005
+2.788000e+004	   +1.884171e-005
+2.788100e+004	   +1.960186e-005
+2.788200e+004	   +1.913781e-005
+2.788300e+004	   +1.879739e-005
+2.788400e+004	   +1.983198e-005
+2.788500e+004	   +2.073695e-005
+2.788600e+004	   +2.124301e-005
+2.788700e+004	   +2.028458e-005
+2.788800e+004	   +1.872003e-005
+2.788900e+004	   +1.763111e-005
+2.789000e+004	   +1.717228e-005
+2.789100e+004	   +1.907863e-005
+2.789200e+004	   +2.106189e-005
+2.789300e+004	   +2.088497e-005
+2.789400e+004	   +1.889520e-005
+2.789500e+004	   +1.791659e-005
+2.789600e+004	   +1.759735e-005
+2.789700e+004	   +1.695613e-005
+2.789800e+004	   +1.734536e-005
+2.789900e+004	   +1.878843e-005
+2.790000e+004	   +1.825978e-005
+2.790100e+004	   +1.722485e-005
+2.790200e+004	   +1.671186e-005
+2.790300e+004	   +1.740821e-005
+2.790400e+004	   +2.084696e-005
+2.790500e+004	   +2.170605e-005
+2.790600e+004	   +1.887811e-005
+2.790700e+004	   +1.578379e-005
+2.790800e+004	   +1.690551e-005
+2.790900e+004	   +1.845614e-005
+2.791000e+004	   +1.743578e-005
+2.791100e+004	   +1.867408e-005
+2.791200e+004	   +2.076563e-005
+2.791300e+004	   +2.028601e-005
+2.791400e+004	   +1.844146e-005
+2.791500e+004	   +1.797965e-005
+2.791600e+004	   +1.811024e-005
+2.791700e+004	   +1.769975e-005
+2.791800e+004	   +1.813347e-005
+2.791900e+004	   +1.910588e-005
+2.792000e+004	   +2.026201e-005
+2.792100e+004	   +1.974616e-005
+2.792200e+004	   +1.812191e-005
+2.792300e+004	   +2.240818e-005
+2.792400e+004	   +2.345237e-005
+2.792500e+004	   +2.036901e-005
+2.792600e+004	   +1.873847e-005
+2.792700e+004	   +1.662382e-005
+2.792800e+004	   +1.580331e-005
+2.792900e+004	   +1.793712e-005
+2.793000e+004	   +2.078329e-005
+2.793100e+004	   +2.043249e-005
+2.793200e+004	   +1.797987e-005
+2.793300e+004	   +1.788124e-005
+2.793400e+004	   +1.765393e-005
+2.793500e+004	   +1.804703e-005
+2.793600e+004	   +1.739764e-005
+2.793700e+004	   +1.681460e-005
+2.793800e+004	   +1.700976e-005
+2.793900e+004	   +1.671298e-005
+2.794000e+004	   +1.728671e-005
+2.794100e+004	   +1.885255e-005
+2.794200e+004	   +2.040431e-005
+2.794300e+004	   +2.019050e-005
+2.794400e+004	   +1.971302e-005
+2.794500e+004	   +1.988128e-005
+2.794600e+004	   +1.948901e-005
+2.794700e+004	   +1.927804e-005
+2.794800e+004	   +1.892740e-005
+2.794900e+004	   +2.052745e-005
+2.795000e+004	   +2.033206e-005
+2.795100e+004	   +1.887708e-005
+2.795200e+004	   +1.870979e-005
+2.795300e+004	   +1.943012e-005
+2.795400e+004	   +1.865666e-005
+2.795500e+004	   +1.745903e-005
+2.795600e+004	   +1.815423e-005
+2.795700e+004	   +1.940303e-005
+2.795800e+004	   +2.136694e-005
+2.795900e+004	   +2.069689e-005
+2.796000e+004	   +1.807984e-005
+2.796100e+004	   +1.811950e-005
+2.796200e+004	   +2.087135e-005
+2.796300e+004	   +2.067130e-005
+2.796400e+004	   +1.821831e-005
+2.796500e+004	   +1.899035e-005
+2.796600e+004	   +2.040951e-005
+2.796700e+004	   +2.016870e-005
+2.796800e+004	   +1.866572e-005
+2.796900e+004	   +1.840519e-005
+2.797000e+004	   +1.944423e-005
+2.797100e+004	   +1.885450e-005
+2.797200e+004	   +1.946499e-005
+2.797300e+004	   +2.083476e-005
+2.797400e+004	   +2.122832e-005
+2.797500e+004	   +2.108051e-005
+2.797600e+004	   +1.995151e-005
+2.797700e+004	   +1.963838e-005
+2.797800e+004	   +1.958003e-005
+2.797900e+004	   +1.914317e-005
+2.798000e+004	   +1.892830e-005
+2.798100e+004	   +1.977882e-005
+2.798200e+004	   +2.092389e-005
+2.798300e+004	   +2.128953e-005
+2.798400e+004	   +2.166683e-005
+2.798500e+004	   +1.947730e-005
+2.798600e+004	   +1.812388e-005
+2.798700e+004	   +1.902466e-005
+2.798800e+004	   +2.214054e-005
+2.798900e+004	   +2.273164e-005
+2.799000e+004	   +2.098382e-005
+2.799100e+004	   +1.899127e-005
+2.799200e+004	   +1.789259e-005
+2.799300e+004	   +1.773742e-005
+2.799400e+004	   +1.804327e-005
+2.799500e+004	   +1.712269e-005
+2.799600e+004	   +1.599574e-005
+2.799700e+004	   +1.754466e-005
+2.799800e+004	   +1.880897e-005
+2.799900e+004	   +1.879256e-005
+2.800000e+004	   +2.028218e-005
+2.800100e+004	   +2.039786e-005
+2.800200e+004	   +2.193932e-005
+2.800300e+004	   +2.278306e-005
+2.800400e+004	   +1.851628e-005
+2.800500e+004	   +1.763551e-005
+2.800600e+004	   +2.004109e-005
+2.800700e+004	   +1.948441e-005
+2.800800e+004	   +1.936059e-005
+2.800900e+004	   +1.937280e-005
+2.801000e+004	   +1.885978e-005
+2.801100e+004	   +2.035312e-005
+2.801200e+004	   +2.081496e-005
+2.801300e+004	   +2.060103e-005
+2.801400e+004	   +2.082843e-005
+2.801500e+004	   +2.073704e-005
+2.801600e+004	   +2.061370e-005
+2.801700e+004	   +2.107695e-005
+2.801800e+004	   +2.149216e-005
+2.801900e+004	   +2.110112e-005
+2.802000e+004	   +2.020226e-005
+2.802100e+004	   +1.910529e-005
+2.802200e+004	   +1.767985e-005
+2.802300e+004	   +1.614985e-005
+2.802400e+004	   +1.833884e-005
+2.802500e+004	   +1.917978e-005
+2.802600e+004	   +1.963758e-005
+2.802700e+004	   +2.010644e-005
+2.802800e+004	   +2.000427e-005
+2.802900e+004	   +1.941724e-005
+2.803000e+004	   +1.780851e-005
+2.803100e+004	   +1.651204e-005
+2.803200e+004	   +1.740997e-005
+2.803300e+004	   +1.713031e-005
+2.803400e+004	   +1.743292e-005
+2.803500e+004	   +1.508906e-005
+2.803600e+004	   +1.427380e-005
+2.803700e+004	   +1.568650e-005
+2.803800e+004	   +1.861108e-005
+2.803900e+004	   +1.930759e-005
+2.804000e+004	   +1.852269e-005
+2.804100e+004	   +1.734325e-005
+2.804200e+004	   +1.642324e-005
+2.804300e+004	   +1.855964e-005
+2.804400e+004	   +2.207582e-005
+2.804500e+004	   +2.359013e-005
+2.804600e+004	   +2.023976e-005
+2.804700e+004	   +1.650401e-005
+2.804800e+004	   +1.731296e-005
+2.804900e+004	   +1.967619e-005
+2.805000e+004	   +1.849379e-005
+2.805100e+004	   +1.759972e-005
+2.805200e+004	   +2.004100e-005
+2.805300e+004	   +2.036031e-005
+2.805400e+004	   +1.835095e-005
+2.805500e+004	   +1.890323e-005
+2.805600e+004	   +2.132811e-005
+2.805700e+004	   +2.182779e-005
+2.805800e+004	   +2.119053e-005
+2.805900e+004	   +1.970730e-005
+2.806000e+004	   +1.824413e-005
+2.806100e+004	   +1.798779e-005
+2.806200e+004	   +1.799334e-005
+2.806300e+004	   +1.850277e-005
+2.806400e+004	   +1.926310e-005
+2.806500e+004	   +2.046947e-005
+2.806600e+004	   +2.066989e-005
+2.806700e+004	   +1.921055e-005
+2.806800e+004	   +1.864739e-005
+2.806900e+004	   +1.842373e-005
+2.807000e+004	   +1.786877e-005
+2.807100e+004	   +1.777417e-005
+2.807200e+004	   +1.888647e-005
+2.807300e+004	   +2.054026e-005
+2.807400e+004	   +2.097157e-005
+2.807500e+004	   +1.945072e-005
+2.807600e+004	   +1.559071e-005
+2.807700e+004	   +1.441093e-005
+2.807800e+004	   +1.722209e-005
+2.807900e+004	   +1.811379e-005
+2.808000e+004	   +1.861022e-005
+2.808100e+004	   +1.957479e-005
+2.808200e+004	   +1.860005e-005
+2.808300e+004	   +1.712796e-005
+2.808400e+004	   +1.663729e-005
+2.808500e+004	   +1.883842e-005
+2.808600e+004	   +2.131263e-005
+2.808700e+004	   +2.074492e-005
+2.808800e+004	   +1.715336e-005
+2.808900e+004	   +1.548210e-005
+2.809000e+004	   +1.770788e-005
+2.809100e+004	   +2.037601e-005
+2.809200e+004	   +1.997881e-005
+2.809300e+004	   +1.713176e-005
+2.809400e+004	   +1.644898e-005
+2.809500e+004	   +1.841837e-005
+2.809600e+004	   +1.925143e-005
+2.809700e+004	   +1.904175e-005
+2.809800e+004	   +1.860258e-005
+2.809900e+004	   +1.941217e-005
+2.810000e+004	   +1.916361e-005
