+2.890000e+004	   +1.730536e-005
+2.890100e+004	   +1.763543e-005
+2.890200e+004	   +1.944043e-005
+2.890300e+004	   +2.152248e-005
+2.890400e+004	   +2.156075e-005
+2.890500e+004	   +1.979807e-005
+2.890600e+004	   +1.871218e-005
+2.890700e+004	   +1.878946e-005
+2.890800e+004	   +1.819890e-005
+2.890900e+004	   +2.029354e-005
+2.891000e+004	   +2.024109e-005
+2.891100e+004	   +2.031594e-005
+2.891200e+004	   +2.036908e-005
+2.891300e+004	   +2.024569e-005
+2.891400e+004	   +1.997883e-005
+2.891500e+004	   +1.966153e-005
+2.891600e+004	   +1.734011e-005
+2.891700e+004	   +1.602749e-005
+2.891800e+004	   +1.702942e-005
+2.891900e+004	   +1.794728e-005
+2.892000e+004	   +1.905001e-005
+2.892100e+004	   +2.048197e-005
+2.892200e+004	   +2.025187e-005
+2.892300e+004	   +1.956329e-005
+2.892400e+004	   +2.021158e-005
+2.892500e+004	   +2.042018e-005
+2.892600e+004	   +1.904443e-005
+2.892700e+004	   +1.915335e-005
+2.892800e+004	   +2.016007e-005
+2.892900e+004	   +2.185184e-005
+2.893000e+004	   +2.119456e-005
+2.893100e+004	   +1.925798e-005
+2.893200e+004	   +1.868409e-005
+2.893300e+004	   +1.774348e-005
+2.893400e+004	   +1.952469e-005
+2.893500e+004	   +2.163103e-005
+2.893600e+004	   +2.050691e-005
+2.893700e+004	   +1.878280e-005
+2.893800e+004	   +1.936078e-005
+2.893900e+004	   +2.025478e-005
+2.894000e+004	   +1.911494e-005
+2.894100e+004	   +1.946486e-005
+2.894200e+004	   +2.175969e-005
+2.894300e+004	   +2.114472e-005
+2.894400e+004	   +1.875545e-005
+2.894500e+004	   +1.711624e-005
+2.894600e+004	   +1.741106e-005
+2.894700e+004	   +1.727368e-005
+2.894800e+004	   +1.817809e-005
+2.894900e+004	   +2.066177e-005
+2.895000e+004	   +2.128918e-005
+2.895100e+004	   +2.024834e-005
+2.895200e+004	   +2.004635e-005
+2.895300e+004	   +1.964862e-005
+2.895400e+004	   +1.831582e-005
+2.895500e+004	   +1.937475e-005
+2.895600e+004	   +1.933782e-005
+2.895700e+004	   +1.993660e-005
+2.895800e+004	   +2.107577e-005
+2.895900e+004	   +1.973112e-005
+2.896000e+004	   +1.716284e-005
+2.896100e+004	   +1.740194e-005
+2.896200e+004	   +1.895421e-005
+2.896300e+004	   +2.066780e-005
+2.896400e+004	   +2.150520e-005
+2.896500e+004	   +2.118358e-005
+2.896600e+004	   +2.271153e-005
+2.896700e+004	   +2.384203e-005
+2.896800e+004	   +2.104400e-005
+2.896900e+004	   +1.977825e-005
+2.897000e+004	   +2.005212e-005
+2.897100e+004	   +2.094548e-005
+2.897200e+004	   +2.114612e-005
+2.897300e+004	   +2.144144e-005
+2.897400e+004	   +2.308084e-005
+2.897500e+004	   +2.261136e-005
+2.897600e+004	   +2.128532e-005
+2.897700e+004	   +2.163436e-005
+2.897800e+004	   +2.191768e-005
+2.897900e+004	   +2.041890e-005
+2.898000e+004	   +1.904941e-005
+2.898100e+004	   +2.024042e-005
+2.898200e+004	   +2.161116e-005
+2.898300e+004	   +2.371665e-005
+2.898400e+004	   +2.310016e-005
+2.898500e+004	   +2.138617e-005
+2.898600e+004	   +2.131687e-005
+2.898700e+004	   +2.230719e-005
+2.898800e+004	   +2.178761e-005
+2.898900e+004	   +2.118453e-005
+2.899000e+004	   +2.110599e-005
+2.899100e+004	   +2.088306e-005
+2.899200e+004	   +1.858913e-005
+2.899300e+004	   +1.832363e-005
+2.899400e+004	   +1.862357e-005
+2.899500e+004	   +2.050817e-005
+2.899600e+004	   +2.277304e-005
+2.899700e+004	   +2.055506e-005
+2.899800e+004	   +1.808669e-005
+2.899900e+004	   +2.003500e-005
+2.900000e+004	   +1.963197e-005
+2.900100e+004	   +1.874998e-005
+2.900200e+004	   +1.939042e-005
+2.900300e+004	   +1.930782e-005
+2.900400e+004	   +1.829908e-005
+2.900500e+004	   +1.681209e-005
+2.900600e+004	   +1.752681e-005
+2.900700e+004	   +1.984124e-005
+2.900800e+004	   +1.901411e-005
+2.900900e+004	   +1.742345e-005
+2.901000e+004	   +2.067654e-005
+2.901100e+004	   +2.278184e-005
+2.901200e+004	   +2.347834e-005
+2.901300e+004	   +2.419173e-005
+2.901400e+004	   +2.373223e-005
+2.901500e+004	   +2.049477e-005
+2.901600e+004	   +1.873835e-005
+2.901700e+004	   +1.934149e-005
+2.901800e+004	   +2.001075e-005
+2.901900e+004	   +1.827902e-005
+2.902000e+004	   +1.589256e-005
+2.902100e+004	   +1.713296e-005
+2.902200e+004	   +1.999313e-005
+2.902300e+004	   +2.013976e-005
+2.902400e+004	   +2.046857e-005
+2.902500e+004	   +2.158906e-005
+2.902600e+004	   +2.098265e-005
+2.902700e+004	   +2.027163e-005
+2.902800e+004	   +1.980344e-005
+2.902900e+004	   +2.092146e-005
+2.903000e+004	   +2.018476e-005
+2.903100e+004	   +1.923028e-005
+2.903200e+004	   +2.024273e-005
+2.903300e+004	   +1.922247e-005
+2.903400e+004	   +1.990860e-005
+2.903500e+004	   +2.014655e-005
+2.903600e+004	   +2.020212e-005
+2.903700e+004	   +2.171668e-005
+2.903800e+004	   +2.258638e-005
+2.903900e+004	   +2.203947e-005
+2.904000e+004	   +2.290363e-005
+2.904100e+004	   +2.164847e-005
+2.904200e+004	   +1.950986e-005
+2.904300e+004	   +1.967021e-005
+2.904400e+004	   +2.051238e-005
+2.904500e+004	   +1.970107e-005
+2.904600e+004	   +1.943887e-005
+2.904700e+004	   +2.028757e-005
+2.904800e+004	   +2.034183e-005
+2.904900e+004	   +2.062324e-005
+2.905000e+004	   +1.904255e-005
+2.905100e+004	   +1.980870e-005
+2.905200e+004	   +2.065805e-005
+2.905300e+004	   +1.943351e-005
+2.905400e+004	   +1.868426e-005
+2.905500e+004	   +1.947662e-005
+2.905600e+004	   +1.913708e-005
+2.905700e+004	   +1.803731e-005
+2.905800e+004	   +1.787586e-005
+2.905900e+004	   +1.965397e-005
+2.906000e+004	   +2.062111e-005
+2.906100e+004	   +2.059624e-005
+2.906200e+004	   +2.017637e-005
+2.906300e+004	   +2.003042e-005
+2.906400e+004	   +1.990340e-005
+2.906500e+004	   +1.880414e-005
+2.906600e+004	   +1.770333e-005
+2.906700e+004	   +1.873884e-005
+2.906800e+004	   +2.095622e-005
+2.906900e+004	   +2.291641e-005
+2.907000e+004	   +2.340951e-005
+2.907100e+004	   +2.223027e-005
+2.907200e+004	   +1.960604e-005
+2.907300e+004	   +1.937626e-005
+2.907400e+004	   +1.967945e-005
+2.907500e+004	   +2.006399e-005
+2.907600e+004	   +2.020882e-005
+2.907700e+004	   +1.933548e-005
+2.907800e+004	   +2.005736e-005
+2.907900e+004	   +1.987493e-005
+2.908000e+004	   +1.683080e-005
+2.908100e+004	   +1.552924e-005
+2.908200e+004	   +1.622761e-005
+2.908300e+004	   +1.773331e-005
+2.908400e+004	   +1.881337e-005
+2.908500e+004	   +1.782177e-005
+2.908600e+004	   +1.820066e-005
+2.908700e+004	   +1.816392e-005
+2.908800e+004	   +1.991717e-005
+2.908900e+004	   +2.206177e-005
+2.909000e+004	   +2.115968e-005
+2.909100e+004	   +1.952681e-005
+2.909200e+004	   +2.015723e-005
+2.909300e+004	   +1.880599e-005
+2.909400e+004	   +1.747186e-005
+2.909500e+004	   +1.945377e-005
+2.909600e+004	   +2.010434e-005
+2.909700e+004	   +2.067336e-005
+2.909800e+004	   +2.209695e-005
+2.909900e+004	   +2.223198e-005
+2.910000e+004	   +2.096349e-005
+2.910100e+004	   +1.990511e-005
+2.910200e+004	   +1.942163e-005
+2.910300e+004	   +1.952218e-005
+2.910400e+004	   +1.991027e-005
+2.910500e+004	   +2.029142e-005
+2.910600e+004	   +1.922673e-005
+2.910700e+004	   +1.899725e-005
+2.910800e+004	   +1.860395e-005
+2.910900e+004	   +1.847601e-005
+2.911000e+004	   +2.001809e-005
+2.911100e+004	   +2.104118e-005
+2.911200e+004	   +2.229429e-005
+2.911300e+004	   +2.236448e-005
+2.911400e+004	   +2.067693e-005
+2.911500e+004	   +1.870702e-005
+2.911600e+004	   +1.881754e-005
+2.911700e+004	   +1.936472e-005
+2.911800e+004	   +1.884736e-005
+2.911900e+004	   +1.836345e-005
+2.912000e+004	   +1.818707e-005
+2.912100e+004	   +1.834859e-005
+2.912200e+004	   +1.943454e-005
+2.912300e+004	   +1.891288e-005
+2.912400e+004	   +1.947021e-005
+2.912500e+004	   +1.905727e-005
+2.912600e+004	   +1.834454e-005
+2.912700e+004	   +1.755420e-005
+2.912800e+004	   +1.910697e-005
+2.912900e+004	   +2.125954e-005
+2.913000e+004	   +2.063773e-005
+2.913100e+004	   +2.013423e-005
+2.913200e+004	   +2.016270e-005
+2.913300e+004	   +1.871347e-005
+2.913400e+004	   +1.868442e-005
+2.913500e+004	   +1.927571e-005
+2.913600e+004	   +2.106499e-005
+2.913700e+004	   +2.215252e-005
+2.913800e+004	   +2.117353e-005
+2.913900e+004	   +2.069589e-005
+2.914000e+004	   +2.013129e-005
+2.914100e+004	   +1.919581e-005
+2.914200e+004	   +1.784374e-005
+2.914300e+004	   +1.704477e-005
+2.914400e+004	   +1.764872e-005
+2.914500e+004	   +1.798947e-005
+2.914600e+004	   +1.837308e-005
+2.914700e+004	   +1.985405e-005
+2.914800e+004	   +2.278116e-005
+2.914900e+004	   +2.149908e-005
+2.915000e+004	   +1.836566e-005
+2.915100e+004	   +1.942219e-005
+2.915200e+004	   +1.988767e-005
+2.915300e+004	   +1.932668e-005
+2.915400e+004	   +1.950298e-005
+2.915500e+004	   +2.118809e-005
+2.915600e+004	   +2.147455e-005
+2.915700e+004	   +2.013801e-005
+2.915800e+004	   +2.035609e-005
+2.915900e+004	   +2.225220e-005
+2.916000e+004	   +2.357229e-005
+2.916100e+004	   +2.275541e-005
+2.916200e+004	   +2.088318e-005
+2.916300e+004	   +2.128805e-005
+2.916400e+004	   +2.267321e-005
+2.916500e+004	   +2.275119e-005
+2.916600e+004	   +2.075916e-005
+2.916700e+004	   +1.814204e-005
+2.916800e+004	   +1.783359e-005
+2.916900e+004	   +1.820339e-005
+2.917000e+004	   +1.869464e-005
+2.917100e+004	   +1.924175e-005
+2.917200e+004	   +2.149915e-005
+2.917300e+004	   +2.108912e-005
+2.917400e+004	   +1.933646e-005
+2.917500e+004	   +1.968568e-005
+2.917600e+004	   +2.038185e-005
+2.917700e+004	   +2.046231e-005
+2.917800e+004	   +2.100939e-005
+2.917900e+004	   +2.071223e-005
+2.918000e+004	   +1.826471e-005
+2.918100e+004	   +1.700119e-005
+2.918200e+004	   +2.056761e-005
+2.918300e+004	   +2.240159e-005
+2.918400e+004	   +2.108987e-005
+2.918500e+004	   +1.840699e-005
+2.918600e+004	   +1.868959e-005
+2.918700e+004	   +2.001363e-005
+2.918800e+004	   +1.795840e-005
+2.918900e+004	   +1.959984e-005
+2.919000e+004	   +2.157802e-005
+2.919100e+004	   +1.932911e-005
+2.919200e+004	   +1.951209e-005
+2.919300e+004	   +2.219810e-005
+2.919400e+004	   +2.306688e-005
+2.919500e+004	   +2.192480e-005
+2.919600e+004	   +1.961338e-005
+2.919700e+004	   +1.930191e-005
+2.919800e+004	   +2.132804e-005
+2.919900e+004	   +2.139202e-005
+2.920000e+004	   +1.985926e-005
+2.920100e+004	   +2.007739e-005
+2.920200e+004	   +1.894262e-005
+2.920300e+004	   +1.891735e-005
+2.920400e+004	   +2.057619e-005
+2.920500e+004	   +2.116344e-005
+2.920600e+004	   +2.120526e-005
+2.920700e+004	   +2.091962e-005
+2.920800e+004	   +1.960053e-005
+2.920900e+004	   +1.909665e-005
+2.921000e+004	   +1.937935e-005
+2.921100e+004	   +1.969564e-005
+2.921200e+004	   +2.119162e-005
+2.921300e+004	   +2.248480e-005
+2.921400e+004	   +2.259151e-005
+2.921500e+004	   +2.181457e-005
+2.921600e+004	   +2.128890e-005
+2.921700e+004	   +2.042531e-005
+2.921800e+004	   +2.123362e-005
+2.921900e+004	   +2.209090e-005
+2.922000e+004	   +2.134694e-005
+2.922100e+004	   +1.906395e-005
+2.922200e+004	   +1.772618e-005
+2.922300e+004	   +1.839024e-005
+2.922400e+004	   +2.051344e-005
+2.922500e+004	   +1.953734e-005
+2.922600e+004	   +1.828588e-005
+2.922700e+004	   +2.007313e-005
+2.922800e+004	   +2.175959e-005
+2.922900e+004	   +2.217572e-005
+2.923000e+004	   +2.143151e-005
+2.923100e+004	   +2.035714e-005
+2.923200e+004	   +1.957272e-005
+2.923300e+004	   +2.061316e-005
+2.923400e+004	   +2.124829e-005
+2.923500e+004	   +2.006185e-005
+2.923600e+004	   +1.920351e-005
+2.923700e+004	   +2.087419e-005
+2.923800e+004	   +2.206889e-005
+2.923900e+004	   +2.228602e-005
+2.924000e+004	   +2.302609e-005
+2.924100e+004	   +2.245259e-005
+2.924200e+004	   +2.003033e-005
+2.924300e+004	   +2.027131e-005
+2.924400e+004	   +2.087254e-005
+2.924500e+004	   +2.050887e-005
+2.924600e+004	   +2.040460e-005
+2.924700e+004	   +2.024782e-005
+2.924800e+004	   +2.010364e-005
+2.924900e+004	   +2.014953e-005
+2.925000e+004	   +2.133157e-005
+2.925100e+004	   +2.100791e-005
+2.925200e+004	   +1.931957e-005
+2.925300e+004	   +1.845687e-005
+2.925400e+004	   +1.999008e-005
+2.925500e+004	   +1.934232e-005
+2.925600e+004	   +1.895596e-005
+2.925700e+004	   +1.807099e-005
+2.925800e+004	   +2.055891e-005
+2.925900e+004	   +2.117169e-005
+2.926000e+004	   +1.934939e-005
+2.926100e+004	   +2.127840e-005
+2.926200e+004	   +2.316587e-005
+2.926300e+004	   +2.231969e-005
+2.926400e+004	   +2.036930e-005
+2.926500e+004	   +1.969350e-005
+2.926600e+004	   +1.976049e-005
+2.926700e+004	   +2.048892e-005
+2.926800e+004	   +2.030540e-005
+2.926900e+004	   +1.974625e-005
+2.927000e+004	   +2.160931e-005
+2.927100e+004	   +2.125253e-005
+2.927200e+004	   +2.033560e-005
+2.927300e+004	   +2.070819e-005
+2.927400e+004	   +2.076331e-005
+2.927500e+004	   +1.971061e-005
+2.927600e+004	   +1.862056e-005
+2.927700e+004	   +1.940765e-005
+2.927800e+004	   +1.946740e-005
+2.927900e+004	   +1.930273e-005
+2.928000e+004	   +2.013719e-005
+2.928100e+004	   +1.956611e-005
+2.928200e+004	   +1.959848e-005
+2.928300e+004	   +2.104106e-005
+2.928400e+004	   +2.223835e-005
+2.928500e+004	   +2.262475e-005
+2.928600e+004	   +2.055366e-005
+2.928700e+004	   +1.900758e-005
+2.928800e+004	   +1.903711e-005
+2.928900e+004	   +1.976106e-005
+2.929000e+004	   +2.086938e-005
+2.929100e+004	   +1.849176e-005
+2.929200e+004	   +1.745876e-005
+2.929300e+004	   +1.916098e-005
+2.929400e+004	   +1.967114e-005
+2.929500e+004	   +2.030444e-005
+2.929600e+004	   +2.014082e-005
+2.929700e+004	   +1.937008e-005
+2.929800e+004	   +1.749933e-005
+2.929900e+004	   +1.842610e-005
+2.930000e+004	   +1.965743e-005
+2.930100e+004	   +1.949707e-005
+2.930200e+004	   +1.831108e-005
+2.930300e+004	   +1.820595e-005
+2.930400e+004	   +2.034713e-005
+2.930500e+004	   +2.322286e-005
+2.930600e+004	   +2.319626e-005
+2.930700e+004	   +1.968447e-005
+2.930800e+004	   +1.888941e-005
+2.930900e+004	   +1.989099e-005
+2.931000e+004	   +2.024940e-005
+2.931100e+004	   +1.878979e-005
+2.931200e+004	   +1.722674e-005
+2.931300e+004	   +1.887154e-005
+2.931400e+004	   +2.207027e-005
+2.931500e+004	   +2.052993e-005
+2.931600e+004	   +1.870622e-005
+2.931700e+004	   +1.942421e-005
+2.931800e+004	   +2.019616e-005
+2.931900e+004	   +2.015575e-005
+2.932000e+004	   +1.897053e-005
+2.932100e+004	   +1.824337e-005
+2.932200e+004	   +2.002754e-005
+2.932300e+004	   +2.307339e-005
+2.932400e+004	   +2.319432e-005
+2.932500e+004	   +2.092525e-005
+2.932600e+004	   +1.947384e-005
+2.932700e+004	   +2.045810e-005
+2.932800e+004	   +2.040368e-005
+2.932900e+004	   +1.954148e-005
+2.933000e+004	   +1.952124e-005
+2.933100e+004	   +2.031563e-005
+2.933200e+004	   +2.194650e-005
+2.933300e+004	   +2.237816e-005
+2.933400e+004	   +2.197464e-005
+2.933500e+004	   +2.196852e-005
+2.933600e+004	   +2.045417e-005
+2.933700e+004	   +1.974616e-005
+2.933800e+004	   +2.132572e-005
+2.933900e+004	   +2.065106e-005
+2.934000e+004	   +1.772046e-005
+2.934100e+004	   +1.774733e-005
+2.934200e+004	   +1.918165e-005
+2.934300e+004	   +1.823979e-005
+2.934400e+004	   +1.881543e-005
+2.934500e+004	   +1.989967e-005
+2.934600e+004	   +2.036128e-005
+2.934700e+004	   +2.053279e-005
+2.934800e+004	   +2.087401e-005
+2.934900e+004	   +2.025045e-005
+2.935000e+004	   +2.051209e-005
+2.935100e+004	   +2.206557e-005
+2.935200e+004	   +1.998102e-005
+2.935300e+004	   +1.869899e-005
+2.935400e+004	   +1.851805e-005
+2.935500e+004	   +1.694331e-005
+2.935600e+004	   +1.759414e-005
+2.935700e+004	   +1.899978e-005
+2.935800e+004	   +2.041310e-005
+2.935900e+004	   +2.173187e-005
+2.936000e+004	   +1.977517e-005
+2.936100e+004	   +1.767121e-005
+2.936200e+004	   +1.767827e-005
+2.936300e+004	   +1.921392e-005
+2.936400e+004	   +2.040469e-005
+2.936500e+004	   +2.103653e-005
+2.936600e+004	   +1.978892e-005
+2.936700e+004	   +1.871290e-005
+2.936800e+004	   +1.952066e-005
+2.936900e+004	   +2.116637e-005
+2.937000e+004	   +2.247999e-005
+2.937100e+004	   +2.226660e-005
+2.937200e+004	   +2.070173e-005
+2.937300e+004	   +1.925198e-005
+2.937400e+004	   +2.028966e-005
+2.937500e+004	   +2.208693e-005
+2.937600e+004	   +2.135391e-005
+2.937700e+004	   +2.093053e-005
+2.937800e+004	   +1.987829e-005
+2.937900e+004	   +1.850313e-005
+2.938000e+004	   +1.729387e-005
+2.938100e+004	   +1.816931e-005
+2.938200e+004	   +2.008722e-005
+2.938300e+004	   +2.000820e-005
+2.938400e+004	   +1.963141e-005
+2.938500e+004	   +2.056718e-005
+2.938600e+004	   +1.870334e-005
+2.938700e+004	   +1.762314e-005
+2.938800e+004	   +1.779998e-005
+2.938900e+004	   +1.836522e-005
+2.939000e+004	   +2.017885e-005
+2.939100e+004	   +2.019312e-005
+2.939200e+004	   +1.795619e-005
+2.939300e+004	   +1.693767e-005
+2.939400e+004	   +1.786014e-005
+2.939500e+004	   +1.793980e-005
+2.939600e+004	   +1.848585e-005
+2.939700e+004	   +2.128104e-005
+2.939800e+004	   +2.118420e-005
+2.939900e+004	   +2.042987e-005
+2.940000e+004	   +2.131114e-005
+2.940100e+004	   +2.167756e-005
+2.940200e+004	   +2.185782e-005
+2.940300e+004	   +2.136472e-005
+2.940400e+004	   +2.161560e-005
+2.940500e+004	   +2.181033e-005
+2.940600e+004	   +1.991464e-005
+2.940700e+004	   +1.884868e-005
+2.940800e+004	   +1.962137e-005
+2.940900e+004	   +2.017030e-005
+2.941000e+004	   +1.873469e-005
+2.941100e+004	   +1.701936e-005
+2.941200e+004	   +1.834638e-005
+2.941300e+004	   +2.137542e-005
+2.941400e+004	   +2.248710e-005
+2.941500e+004	   +2.282019e-005
+2.941600e+004	   +2.194896e-005
+2.941700e+004	   +2.096996e-005
+2.941800e+004	   +2.089655e-005
+2.941900e+004	   +2.058851e-005
+2.942000e+004	   +2.067434e-005
+2.942100e+004	   +2.000785e-005
+2.942200e+004	   +1.951234e-005
+2.942300e+004	   +1.970137e-005
+2.942400e+004	   +1.740565e-005
+2.942500e+004	   +1.654528e-005
+2.942600e+004	   +1.841738e-005
+2.942700e+004	   +1.764025e-005
+2.942800e+004	   +1.754641e-005
+2.942900e+004	   +2.048800e-005
+2.943000e+004	   +2.267670e-005
+2.943100e+004	   +2.247604e-005
+2.943200e+004	   +1.998622e-005
+2.943300e+004	   +2.181090e-005
+2.943400e+004	   +2.426196e-005
+2.943500e+004	   +2.353595e-005
+2.943600e+004	   +1.942816e-005
+2.943700e+004	   +1.790965e-005
+2.943800e+004	   +1.989357e-005
+2.943900e+004	   +2.131434e-005
+2.944000e+004	   +2.074196e-005
+2.944100e+004	   +2.081775e-005
+2.944200e+004	   +2.122131e-005
+2.944300e+004	   +2.160118e-005
+2.944400e+004	   +2.033654e-005
+2.944500e+004	   +1.881095e-005
+2.944600e+004	   +1.901781e-005
+2.944700e+004	   +1.817182e-005
+2.944800e+004	   +1.891745e-005
+2.944900e+004	   +1.951378e-005
+2.945000e+004	   +2.052808e-005
+2.945100e+004	   +2.081661e-005
+2.945200e+004	   +2.012751e-005
+2.945300e+004	   +2.023014e-005
+2.945400e+004	   +2.200282e-005
+2.945500e+004	   +2.272755e-005
+2.945600e+004	   +2.177178e-005
+2.945700e+004	   +2.036284e-005
+2.945800e+004	   +1.892402e-005
+2.945900e+004	   +2.020836e-005
+2.946000e+004	   +2.217002e-005
+2.946100e+004	   +2.232550e-005
+2.946200e+004	   +2.170462e-005
+2.946300e+004	   +2.034168e-005
+2.946400e+004	   +1.934103e-005
+2.946500e+004	   +2.034910e-005
+2.946600e+004	   +2.241660e-005
+2.946700e+004	   +2.175341e-005
+2.946800e+004	   +1.956284e-005
+2.946900e+004	   +1.801227e-005
+2.947000e+004	   +1.775528e-005
+2.947100e+004	   +1.749253e-005
+2.947200e+004	   +1.699331e-005
+2.947300e+004	   +1.769336e-005
+2.947400e+004	   +2.052450e-005
+2.947500e+004	   +2.183244e-005
+2.947600e+004	   +2.098468e-005
+2.947700e+004	   +1.920886e-005
+2.947800e+004	   +1.914450e-005
+2.947900e+004	   +1.991118e-005
+2.948000e+004	   +1.929578e-005
+2.948100e+004	   +1.828263e-005
+2.948200e+004	   +1.948475e-005
+2.948300e+004	   +2.068435e-005
+2.948400e+004	   +2.064199e-005
+2.948500e+004	   +1.950228e-005
+2.948600e+004	   +1.792354e-005
+2.948700e+004	   +1.805401e-005
+2.948800e+004	   +1.660403e-005
+2.948900e+004	   +1.812903e-005
+2.949000e+004	   +2.053633e-005
+2.949100e+004	   +1.995219e-005
+2.949200e+004	   +1.918439e-005
+2.949300e+004	   +1.916254e-005
+2.949400e+004	   +2.001204e-005
+2.949500e+004	   +2.022561e-005
+2.949600e+004	   +1.963551e-005
+2.949700e+004	   +1.868836e-005
+2.949800e+004	   +1.878366e-005
+2.949900e+004	   +1.925043e-005
+2.950000e+004	   +1.983133e-005
+2.950100e+004	   +1.988887e-005
+2.950200e+004	   +1.892701e-005
+2.950300e+004	   +1.855361e-005
+2.950400e+004	   +1.985861e-005
+2.950500e+004	   +2.024876e-005
+2.950600e+004	   +1.896593e-005
+2.950700e+004	   +1.813921e-005
+2.950800e+004	   +1.962585e-005
+2.950900e+004	   +2.166752e-005
+2.951000e+004	   +2.367365e-005
+2.951100e+004	   +2.400831e-005
+2.951200e+004	   +2.281756e-005
+2.951300e+004	   +2.229994e-005
+2.951400e+004	   +2.153156e-005
+2.951500e+004	   +2.055639e-005
+2.951600e+004	   +2.147969e-005
+2.951700e+004	   +2.173891e-005
+2.951800e+004	   +2.042576e-005
+2.951900e+004	   +1.839270e-005
+2.952000e+004	   +1.770566e-005
+2.952100e+004	   +1.935834e-005
+2.952200e+004	   +1.983521e-005
+2.952300e+004	   +2.109086e-005
+2.952400e+004	   +2.130702e-005
+2.952500e+004	   +2.147351e-005
+2.952600e+004	   +2.169311e-005
+2.952700e+004	   +2.038226e-005
+2.952800e+004	   +1.723857e-005
+2.952900e+004	   +1.798311e-005
+2.953000e+004	   +1.970414e-005
+2.953100e+004	   +2.126346e-005
+2.953200e+004	   +2.244647e-005
+2.953300e+004	   +2.271328e-005
+2.953400e+004	   +2.328516e-005
+2.953500e+004	   +2.366136e-005
+2.953600e+004	   +2.289636e-005
+2.953700e+004	   +2.081496e-005
+2.953800e+004	   +2.096685e-005
+2.953900e+004	   +2.081901e-005
+2.954000e+004	   +1.759885e-005
+2.954100e+004	   +1.682836e-005
+2.954200e+004	   +1.854300e-005
+2.954300e+004	   +1.949928e-005
+2.954400e+004	   +2.112662e-005
+2.954500e+004	   +2.160269e-005
+2.954600e+004	   +2.015219e-005
+2.954700e+004	   +2.119996e-005
+2.954800e+004	   +2.117713e-005
+2.954900e+004	   +2.014401e-005
+2.955000e+004	   +1.924027e-005
+2.955100e+004	   +2.221317e-005
+2.955200e+004	   +2.403661e-005
+2.955300e+004	   +2.312257e-005
+2.955400e+004	   +2.368090e-005
+2.955500e+004	   +2.408768e-005
+2.955600e+004	   +2.453272e-005
+2.955700e+004	   +2.593929e-005
+2.955800e+004	   +2.638973e-005
+2.955900e+004	   +2.405020e-005
+2.956000e+004	   +2.129981e-005
+2.956100e+004	   +1.904765e-005
+2.956200e+004	   +1.816885e-005
+2.956300e+004	   +1.980987e-005
+2.956400e+004	   +2.014717e-005
+2.956500e+004	   +1.920351e-005
+2.956600e+004	   +1.985817e-005
+2.956700e+004	   +2.073865e-005
+2.956800e+004	   +1.975648e-005
+2.956900e+004	   +1.979928e-005
+2.957000e+004	   +2.093467e-005
+2.957100e+004	   +1.965268e-005
+2.957200e+004	   +1.844045e-005
+2.957300e+004	   +1.820473e-005
+2.957400e+004	   +1.973638e-005
+2.957500e+004	   +2.095403e-005
+2.957600e+004	   +2.037791e-005
+2.957700e+004	   +1.906280e-005
+2.957800e+004	   +1.872691e-005
+2.957900e+004	   +1.915135e-005
+2.958000e+004	   +1.852419e-005
+2.958100e+004	   +1.853013e-005
+2.958200e+004	   +1.952634e-005
+2.958300e+004	   +1.894447e-005
+2.958400e+004	   +1.931961e-005
+2.958500e+004	   +2.113077e-005
+2.958600e+004	   +2.100019e-005
+2.958700e+004	   +2.049819e-005
+2.958800e+004	   +2.059581e-005
+2.958900e+004	   +2.148294e-005
+2.959000e+004	   +2.293843e-005
+2.959100e+004	   +2.212158e-005
+2.959200e+004	   +1.921198e-005
+2.959300e+004	   +1.934918e-005
+2.959400e+004	   +1.990021e-005
+2.959500e+004	   +1.874370e-005
+2.959600e+004	   +1.769410e-005
+2.959700e+004	   +1.687269e-005
+2.959800e+004	   +1.734510e-005
+2.959900e+004	   +1.954476e-005
+2.960000e+004	   +2.077669e-005
+2.960100e+004	   +2.161109e-005
+2.960200e+004	   +2.084499e-005
+2.960300e+004	   +1.721873e-005
+2.960400e+004	   +1.820007e-005
+2.960500e+004	   +2.031079e-005
+2.960600e+004	   +1.866037e-005
+2.960700e+004	   +1.927689e-005
+2.960800e+004	   +1.911555e-005
+2.960900e+004	   +1.925253e-005
+2.961000e+004	   +2.146057e-005
+2.961100e+004	   +2.248325e-005
+2.961200e+004	   +2.034012e-005
+2.961300e+004	   +1.805286e-005
+2.961400e+004	   +2.044014e-005
+2.961500e+004	   +2.143852e-005
+2.961600e+004	   +2.209299e-005
+2.961700e+004	   +2.008010e-005
+2.961800e+004	   +1.653611e-005
+2.961900e+004	   +1.784754e-005
+2.962000e+004	   +2.029673e-005
+2.962100e+004	   +2.004402e-005
+2.962200e+004	   +2.003258e-005
+2.962300e+004	   +1.961853e-005
+2.962400e+004	   +2.144314e-005
+2.962500e+004	   +2.056503e-005
+2.962600e+004	   +1.893227e-005
+2.962700e+004	   +1.953292e-005
+2.962800e+004	   +1.972728e-005
+2.962900e+004	   +2.068962e-005
+2.963000e+004	   +2.090658e-005
+2.963100e+004	   +2.111062e-005
+2.963200e+004	   +2.121313e-005
+2.963300e+004	   +1.963993e-005
+2.963400e+004	   +1.965706e-005
+2.963500e+004	   +2.170533e-005
+2.963600e+004	   +2.011523e-005
+2.963700e+004	   +1.977567e-005
+2.963800e+004	   +2.050382e-005
+2.963900e+004	   +1.936880e-005
+2.964000e+004	   +1.967919e-005
+2.964100e+004	   +2.100429e-005
+2.964200e+004	   +2.256739e-005
+2.964300e+004	   +2.142563e-005
+2.964400e+004	   +1.873282e-005
+2.964500e+004	   +1.937280e-005
+2.964600e+004	   +2.279668e-005
+2.964700e+004	   +2.181952e-005
+2.964800e+004	   +1.975340e-005
+2.964900e+004	   +1.902011e-005
+2.965000e+004	   +1.821259e-005
+2.965100e+004	   +2.080306e-005
+2.965200e+004	   +2.126152e-005
+2.965300e+004	   +1.908173e-005
+2.965400e+004	   +1.739667e-005
+2.965500e+004	   +1.838045e-005
+2.965600e+004	   +1.905309e-005
+2.965700e+004	   +2.285329e-005
+2.965800e+004	   +2.299999e-005
+2.965900e+004	   +1.907942e-005
+2.966000e+004	   +1.857315e-005
+2.966100e+004	   +2.017182e-005
+2.966200e+004	   +1.934693e-005
+2.966300e+004	   +1.687895e-005
+2.966400e+004	   +1.694485e-005
+2.966500e+004	   +1.698663e-005
+2.966600e+004	   +1.637434e-005
+2.966700e+004	   +1.721222e-005
+2.966800e+004	   +2.006388e-005
+2.966900e+004	   +2.100314e-005
+2.967000e+004	   +2.220407e-005
+2.967100e+004	   +2.242832e-005
+2.967200e+004	   +1.996013e-005
+2.967300e+004	   +2.054811e-005
+2.967400e+004	   +2.244751e-005
+2.967500e+004	   +2.361734e-005
+2.967600e+004	   +2.231180e-005
+2.967700e+004	   +1.898059e-005
+2.967800e+004	   +1.844383e-005
+2.967900e+004	   +2.046826e-005
+2.968000e+004	   +2.154078e-005
+2.968100e+004	   +2.092867e-005
+2.968200e+004	   +1.948490e-005
+2.968300e+004	   +1.781422e-005
+2.968400e+004	   +1.784245e-005
+2.968500e+004	   +2.101114e-005
+2.968600e+004	   +2.317327e-005
+2.968700e+004	   +2.237391e-005
+2.968800e+004	   +2.166029e-005
+2.968900e+004	   +2.193210e-005
+2.969000e+004	   +2.176452e-005
+2.969100e+004	   +2.091296e-005
+2.969200e+004	   +1.996081e-005
+2.969300e+004	   +1.940891e-005
+2.969400e+004	   +1.901067e-005
+2.969500e+004	   +1.968909e-005
+2.969600e+004	   +1.936384e-005
+2.969700e+004	   +1.872831e-005
+2.969800e+004	   +2.118246e-005
+2.969900e+004	   +2.030879e-005
+2.970000e+004	   +1.774983e-005
