+1.000000e+001	   -1.621481e+001
+1.047496e+001	   -1.694111e+001
+1.097247e+001	   -1.769289e+001
+1.149362e+001	   -1.846748e+001
+1.203952e+001	   -1.927085e+001
+1.261134e+001	   -2.011444e+001
+1.321033e+001	   -2.098788e+001
+1.383776e+001	   -2.189009e+001
+1.449500e+001	   -2.282482e+001
+1.518345e+001	   -2.379011e+001
+1.590459e+001	   -2.479032e+001
+1.666000e+001	   -2.582294e+001
+1.745127e+001	   -2.688653e+001
+1.828013e+001	   -2.798446e+001
+1.914836e+001	   -2.912115e+001
+2.005783e+001	   -3.029803e+001
+2.101049e+001	   -3.150611e+001
+2.200840e+001	   -3.274970e+001
+2.305370e+001	   -3.402560e+001
+2.414865e+001	   -3.534901e+001
+2.529561e+001	   -3.663130e+001
+2.649705e+001	   -3.792812e+001
+2.775554e+001	   -3.923212e+001
+2.907381e+001	   -4.055043e+001
+3.045470e+001	   -4.187557e+001
+3.190116e+001	   -4.320266e+001
+3.341633e+001	   -4.453381e+001
+3.500347e+001	   -4.586373e+001
+3.666598e+001	   -4.718523e+001
+3.840746e+001	   -4.849398e+001
+4.023165e+001	   -4.979221e+001
+4.214248e+001	   -5.107304e+001
+4.414407e+001	   -5.233992e+001
+4.624072e+001	   -5.358423e+001
+4.843696e+001	   -5.480444e+001
+5.073751e+001	   -5.599934e+001
+5.314732e+001	   -5.716851e+001
+5.567159e+001	   -5.830637e+001
+5.831576e+001	   -5.940947e+001
+6.108551e+001	   -6.048788e+001
+6.398681e+001	   -6.153964e+001
+6.702591e+001	   -6.255081e+001
+7.020935e+001	   -6.353519e+001
+7.354400e+001	   -6.447578e+001
+7.703703e+001	   -6.534099e+001
+8.069595e+001	   -6.627655e+001
+8.452866e+001	   -6.712013e+001
+8.854342e+001	   -6.794605e+001
+9.274885e+001	   -6.873227e+001
+9.715402e+001	   -6.948394e+001
+1.017684e+002	   -7.020368e+001
+1.066020e+002	   -7.083096e+001
+1.116651e+002	   -7.153538e+001
+1.169688e+002	   -7.215743e+001
+1.225243e+002	   -7.279795e+001
+1.283436e+002	   -7.337140e+001
+1.344394e+002	   -7.386011e+001
+1.408247e+002	   -7.437747e+001
+1.475133e+002	   -7.486296e+001
+1.545195e+002	   -7.532912e+001
+1.618586e+002	   -7.576060e+001
+1.695461e+002	   -7.618002e+001
+1.775989e+002	   -7.655682e+001
+1.860341e+002	   -7.700428e+001
+1.948699e+002	   -7.728539e+001
+2.041254e+002	   -7.758663e+001
+2.138204e+002	   -7.787496e+001
+2.239760e+002	   -7.813439e+001
+2.346139e+002	   -7.839397e+001
+2.457571e+002	   -7.862797e+001
+2.574295e+002	   -7.881342e+001
+2.696563e+002	   -7.899760e+001
+2.824638e+002	   -7.917262e+001
+2.958796e+002	   -7.932523e+001
+3.099326e+002	   -7.944518e+001
+3.246531e+002	   -7.965907e+001
+3.400728e+002	   -7.962740e+001
+3.562248e+002	   -7.967676e+001
+3.731439e+002	   -7.971660e+001
+3.908667e+002	   -7.972314e+001
+4.094312e+002	   -7.977286e+001
+4.288774e+002	   -7.973112e+001
+4.492472e+002	   -7.971223e+001
+4.705846e+002	   -7.964099e+001
+4.929353e+002	   -7.953252e+001
+5.163477e+002	   -7.942260e+001
+5.408719e+002	   -7.932071e+001
+5.665610e+002	   -7.920718e+001
+5.934703e+002	   -7.899803e+001
+6.216576e+002	   -7.879244e+001
+6.511837e+002	   -7.857576e+001
+6.821121e+002	   -7.832121e+001
+7.145095e+002	   -7.808808e+001
+7.484457e+002	   -7.777681e+001
+7.839937e+002	   -7.742315e+001
+8.212300e+002	   -7.712350e+001
+8.602349e+002	   -7.675550e+001
+9.010924e+002	   -7.634728e+001
+9.438904e+002	   -7.592410e+001
+9.887212e+002	   -7.546056e+001
+1.035681e+003	   -7.495765e+001
+1.084872e+003	   -7.445586e+001
+1.136398e+003	   -7.390002e+001
+1.190373e+003	   -7.330866e+001
+1.246910e+003	   -7.267017e+001
+1.306133e+003	   -7.202900e+001
+1.368169e+003	   -7.134628e+001
+1.433151e+003	   -7.062691e+001
+1.501219e+003	   -6.984760e+001
+1.572521e+003	   -6.907439e+001
+1.647209e+003	   -6.822623e+001
+1.725444e+003	   -6.735797e+001
+1.807396e+003	   -6.645130e+001
+1.893239e+003	   -6.549103e+001
+1.983160e+003	   -6.452441e+001
+2.077352e+003	   -6.349238e+001
+2.176017e+003	   -6.242733e+001
+2.279368e+003	   -6.131384e+001
+2.387629e+003	   -6.019866e+001
+2.501031e+003	   -5.905042e+001
+2.619819e+003	   -5.781915e+001
+2.744250e+003	   -5.664251e+001
+2.874590e+003	   -5.537473e+001
+3.011120e+003	   -5.411802e+001
+3.154136e+003	   -5.287073e+001
+3.303944e+003	   -5.156347e+001
+3.460867e+003	   -5.025052e+001
+3.625243e+003	   -4.895845e+001
+3.797427e+003	   -4.762117e+001
+3.977788e+003	   -4.632157e+001
+4.166716e+003	   -4.501361e+001
+4.364618e+003	   -4.371830e+001
+4.571918e+003	   -4.242571e+001
+4.789065e+003	   -4.116956e+001
+5.016525e+003	   -3.992405e+001
+5.254789e+003	   -3.872546e+001
+5.504369e+003	   -3.750365e+001
+5.765803e+003	   -3.636941e+001
+6.039654e+003	   -3.519382e+001
+6.326511e+003	   -3.412823e+001
+6.626994e+003	   -3.305555e+001
+6.941748e+003	   -3.203029e+001
+7.271451e+003	   -3.101673e+001
+7.616814e+003	   -3.006686e+001
+7.978580e+003	   -2.914224e+001
+8.357528e+003	   -2.825837e+001
+8.754476e+003	   -2.742008e+001
+9.170275e+003	   -2.657199e+001
+9.605824e+003	   -2.584550e+001
+1.006206e+004	   -2.512382e+001
+1.053996e+004	   -2.441834e+001
+1.104057e+004	   -2.376903e+001
+1.156495e+004	   -2.319769e+001
+1.211423e+004	   -2.261323e+001
+1.268961e+004	   -2.212491e+001
+1.329231e+004	   -2.162761e+001
+1.392364e+004	   -2.115592e+001
+1.458495e+004	   -2.076565e+001
+1.527767e+004	   -2.038625e+001
+1.600330e+004	   -2.006228e+001
+1.676339e+004	   -1.976800e+001
+1.755958e+004	   -1.952366e+001
+1.839358e+004	   -1.926697e+001
+1.926720e+004	   -1.912784e+001
+2.018231e+004	   -1.902208e+001
+2.114088e+004	   -1.891240e+001
+2.214498e+004	   -1.886878e+001
+2.319678e+004	   -1.885682e+001
+2.429852e+004	   -1.886439e+001
+2.545260e+004	   -1.896621e+001
+2.666149e+004	   -1.910184e+001
+2.792779e+004	   -1.926623e+001
+2.925425e+004	   -1.950588e+001
+3.064370e+004	   -1.975516e+001
+3.209914e+004	   -2.010065e+001
+3.362371e+004	   -2.050235e+001
+3.522070e+004	   -2.095086e+001
+3.689353e+004	   -2.145231e+001
+3.864582e+004	   -2.204418e+001
+4.048133e+004	   -2.268902e+001
+4.240402e+004	   -2.340534e+001
+4.441803e+004	   -2.421457e+001
+4.652769e+004	   -2.513451e+001
+4.873756e+004	   -2.618636e+001
+5.105239e+004	   -2.722722e+001
+5.347716e+004	   -2.849863e+001
+5.601709e+004	   -2.983064e+001
+5.867766e+004	   -3.142498e+001
+6.146461e+004	   -3.312369e+001
+6.438391e+004	   -3.496441e+001
+6.744187e+004	   -3.704984e+001
+7.064507e+004	   -3.935023e+001
+7.400041e+004	   -4.196558e+001
+7.751512e+004	   -4.484298e+001
+8.119675e+004	   -4.800285e+001
+8.505325e+004	   -5.148902e+001
+8.909291e+004	   -5.518756e+001
+9.332445e+004	   -5.911664e+001
+9.775696e+004	   -6.315270e+001
+1.024000e+005	   -6.629071e+001
