+1.000000e+003	   +2.149344e+001
+1.001664e+003	   +2.147985e+001
+1.003330e+003	   +2.146570e+001
+1.005000e+003	   +2.145220e+001
+1.006672e+003	   +2.143822e+001
+1.008346e+003	   +2.142436e+001
+1.010024e+003	   +2.141093e+001
+1.011705e+003	   +2.139701e+001
+1.013388e+003	   +2.138293e+001
+1.015074e+003	   +2.136962e+001
+1.016763e+003	   +2.135590e+001
+1.018454e+003	   +2.134191e+001
+1.020149e+003	   +2.132824e+001
+1.021846e+003	   +2.131465e+001
+1.023546e+003	   +2.130084e+001
+1.025249e+003	   +2.128693e+001
+1.026955e+003	   +2.127341e+001
+1.028663e+003	   +2.125990e+001
+1.030375e+003	   +2.124623e+001
+1.032089e+003	   +2.123264e+001
+1.033806e+003	   +2.121852e+001
+1.035526e+003	   +2.120499e+001
+1.037249e+003	   +2.119133e+001
+1.038975e+003	   +2.117731e+001
+1.040703e+003	   +2.116353e+001
+1.042435e+003	   +2.115035e+001
+1.044169e+003	   +2.113602e+001
+1.045906e+003	   +2.112249e+001
+1.047646e+003	   +2.110891e+001
+1.049390e+003	   +2.109543e+001
+1.051135e+003	   +2.108132e+001
+1.052884e+003	   +2.106700e+001
+1.054636e+003	   +2.105301e+001
+1.056391e+003	   +2.103871e+001
+1.058148e+003	   +2.102477e+001
+1.059909e+003	   +2.101042e+001
+1.061672e+003	   +2.099624e+001
+1.063438e+003	   +2.098263e+001
+1.065208e+003	   +2.096793e+001
+1.066980e+003	   +2.095421e+001
+1.068755e+003	   +2.094007e+001
+1.070533e+003	   +2.092569e+001
+1.072314e+003	   +2.091190e+001
+1.074099e+003	   +2.089778e+001
+1.075885e+003	   +2.088376e+001
+1.077676e+003	   +2.086994e+001
+1.079469e+003	   +2.085566e+001
+1.081264e+003	   +2.084165e+001
+1.083063e+003	   +2.082789e+001
+1.084865e+003	   +2.081399e+001
+1.086670e+003	   +2.079995e+001
+1.088478e+003	   +2.078590e+001
+1.090289e+003	   +2.077217e+001
+1.092103e+003	   +2.075772e+001
+1.093920e+003	   +2.074478e+001
+1.095740e+003	   +2.073065e+001
+1.097563e+003	   +2.071678e+001
+1.099389e+003	   +2.070265e+001
+1.101218e+003	   +2.068889e+001
+1.103050e+003	   +2.067458e+001
+1.104886e+003	   +2.066045e+001
+1.106724e+003	   +2.064700e+001
+1.108565e+003	   +2.063245e+001
+1.110410e+003	   +2.061944e+001
+1.112257e+003	   +2.060485e+001
+1.114108e+003	   +2.059125e+001
+1.115961e+003	   +2.057773e+001
+1.117818e+003	   +2.056367e+001
+1.119678e+003	   +2.054950e+001
+1.121540e+003	   +2.053585e+001
+1.123406e+003	   +2.052175e+001
+1.125276e+003	   +2.050760e+001
+1.127148e+003	   +2.049381e+001
+1.129023e+003	   +2.047997e+001
+1.130901e+003	   +2.046631e+001
+1.132783e+003	   +2.045262e+001
+1.134667e+003	   +2.043862e+001
+1.136555e+003	   +2.042508e+001
+1.138446e+003	   +2.041032e+001
+1.140340e+003	   +2.039704e+001
+1.142238e+003	   +2.038287e+001
+1.144138e+003	   +2.036952e+001
+1.146042e+003	   +2.035532e+001
+1.147948e+003	   +2.034149e+001
+1.149858e+003	   +2.032804e+001
+1.151771e+003	   +2.031411e+001
+1.153688e+003	   +2.029969e+001
+1.155607e+003	   +2.028581e+001
+1.157530e+003	   +2.027210e+001
+1.159455e+003	   +2.025853e+001
+1.161384e+003	   +2.024451e+001
+1.163317e+003	   +2.023062e+001
+1.165252e+003	   +2.021714e+001
+1.167191e+003	   +2.020281e+001
+1.169133e+003	   +2.018830e+001
+1.171078e+003	   +2.017651e+001
+1.173026e+003	   +2.016239e+001
+1.174978e+003	   +2.014856e+001
+1.176933e+003	   +2.013474e+001
+1.178891e+003	   +2.012081e+001
+1.180852e+003	   +2.010702e+001
+1.182817e+003	   +2.009287e+001
+1.184785e+003	   +2.007875e+001
+1.186756e+003	   +2.006519e+001
+1.188730e+003	   +2.005105e+001
+1.190708e+003	   +2.003761e+001
+1.192689e+003	   +2.002312e+001
+1.194674e+003	   +2.000968e+001
+1.196661e+003	   +1.999568e+001
+1.198652e+003	   +1.998180e+001
+1.200646e+003	   +1.996762e+001
+1.202644e+003	   +1.995352e+001
+1.204645e+003	   +1.993998e+001
+1.206649e+003	   +1.992576e+001
+1.208657e+003	   +1.991174e+001
+1.210668e+003	   +1.989758e+001
+1.212682e+003	   +1.988372e+001
+1.214699e+003	   +1.986992e+001
+1.216720e+003	   +1.985537e+001
+1.218745e+003	   +1.984172e+001
+1.220772e+003	   +1.982793e+001
+1.222803e+003	   +1.981394e+001
+1.224838e+003	   +1.979981e+001
+1.226876e+003	   +1.978601e+001
+1.228917e+003	   +1.977152e+001
+1.230961e+003	   +1.975755e+001
+1.233010e+003	   +1.974348e+001
+1.235061e+003	   +1.972938e+001
+1.237116e+003	   +1.971544e+001
+1.239174e+003	   +1.970172e+001
+1.241236e+003	   +1.968777e+001
+1.243301e+003	   +1.967409e+001
+1.245369e+003	   +1.965977e+001
+1.247441e+003	   +1.964584e+001
+1.249517e+003	   +1.963132e+001
+1.251596e+003	   +1.961761e+001
+1.253678e+003	   +1.960363e+001
+1.255764e+003	   +1.958945e+001
+1.257853e+003	   +1.957550e+001
+1.259946e+003	   +1.956160e+001
+1.262042e+003	   +1.954763e+001
+1.264142e+003	   +1.953348e+001
+1.266245e+003	   +1.951932e+001
+1.268352e+003	   +1.950531e+001
+1.270462e+003	   +1.949125e+001
+1.272576e+003	   +1.947703e+001
+1.274693e+003	   +1.946289e+001
+1.276814e+003	   +1.944955e+001
+1.278938e+003	   +1.943523e+001
+1.281066e+003	   +1.942065e+001
+1.283197e+003	   +1.940648e+001
+1.285332e+003	   +1.939241e+001
+1.287470e+003	   +1.937831e+001
+1.289612e+003	   +1.936443e+001
+1.291758e+003	   +1.935010e+001
+1.293907e+003	   +1.933621e+001
+1.296060e+003	   +1.932219e+001
+1.298216e+003	   +1.930805e+001
+1.300376e+003	   +1.929355e+001
+1.302540e+003	   +1.927983e+001
+1.304707e+003	   +1.926548e+001
+1.306877e+003	   +1.925141e+001
+1.309052e+003	   +1.923742e+001
+1.311230e+003	   +1.922302e+001
+1.313411e+003	   +1.920904e+001
+1.315596e+003	   +1.919519e+001
+1.317785e+003	   +1.918110e+001
+1.319978e+003	   +1.916687e+001
+1.322174e+003	   +1.915294e+001
+1.324374e+003	   +1.913883e+001
+1.326577e+003	   +1.912518e+001
+1.328784e+003	   +1.911077e+001
+1.330995e+003	   +1.909668e+001
+1.333209e+003	   +1.908211e+001
+1.335427e+003	   +1.906826e+001
+1.337649e+003	   +1.905402e+001
+1.339875e+003	   +1.903992e+001
+1.342104e+003	   +1.902567e+001
+1.344337e+003	   +1.901158e+001
+1.346573e+003	   +1.899728e+001
+1.348814e+003	   +1.898345e+001
+1.351058e+003	   +1.896961e+001
+1.353306e+003	   +1.895525e+001
+1.355557e+003	   +1.894100e+001
+1.357813e+003	   +1.892711e+001
+1.360072e+003	   +1.891257e+001
+1.362334e+003	   +1.889891e+001
+1.364601e+003	   +1.888425e+001
+1.366871e+003	   +1.887038e+001
+1.369146e+003	   +1.885667e+001
+1.371423e+003	   +1.884231e+001
+1.373705e+003	   +1.882844e+001
+1.375991e+003	   +1.881416e+001
+1.378280e+003	   +1.879984e+001
+1.380573e+003	   +1.878598e+001
+1.382870e+003	   +1.877184e+001
+1.385171e+003	   +1.875787e+001
+1.387475e+003	   +1.874354e+001
+1.389784e+003	   +1.872976e+001
+1.392096e+003	   +1.871560e+001
+1.394412e+003	   +1.870166e+001
+1.396732e+003	   +1.868745e+001
+1.399056e+003	   +1.867345e+001
+1.401384e+003	   +1.865884e+001
+1.403715e+003	   +1.864481e+001
+1.406050e+003	   +1.863088e+001
+1.408390e+003	   +1.861645e+001
+1.410733e+003	   +1.860237e+001
+1.413080e+003	   +1.858878e+001
+1.415431e+003	   +1.857436e+001
+1.417786e+003	   +1.856021e+001
+1.420145e+003	   +1.854653e+001
+1.422508e+003	   +1.853222e+001
+1.424874e+003	   +1.851898e+001
+1.427245e+003	   +1.850447e+001
+1.429620e+003	   +1.849056e+001
+1.431998e+003	   +1.847660e+001
+1.434380e+003	   +1.846194e+001
+1.436767e+003	   +1.844806e+001
+1.439157e+003	   +1.843413e+001
+1.441552e+003	   +1.842030e+001
+1.443950e+003	   +1.840597e+001
+1.446353e+003	   +1.839204e+001
+1.448759e+003	   +1.837857e+001
+1.451169e+003	   +1.836402e+001
+1.453584e+003	   +1.834978e+001
+1.456002e+003	   +1.833604e+001
+1.458424e+003	   +1.832208e+001
+1.460851e+003	   +1.830836e+001
+1.463281e+003	   +1.829461e+001
+1.465716e+003	   +1.828069e+001
+1.468154e+003	   +1.826616e+001
+1.470597e+003	   +1.825228e+001
+1.473044e+003	   +1.823859e+001
+1.475495e+003	   +1.822465e+001
+1.477949e+003	   +1.821091e+001
+1.480408e+003	   +1.819667e+001
+1.482871e+003	   +1.818283e+001
+1.485339e+003	   +1.816904e+001
+1.487810e+003	   +1.815487e+001
+1.490285e+003	   +1.814077e+001
+1.492765e+003	   +1.812718e+001
+1.495248e+003	   +1.811292e+001
+1.497736e+003	   +1.809913e+001
+1.500228e+003	   +1.808530e+001
+1.502724e+003	   +1.807137e+001
+1.505224e+003	   +1.805723e+001
+1.507728e+003	   +1.804235e+001
+1.510237e+003	   +1.802788e+001
+1.512749e+003	   +1.801363e+001
+1.515266e+003	   +1.799927e+001
+1.517787e+003	   +1.798531e+001
+1.520312e+003	   +1.797072e+001
+1.522842e+003	   +1.795639e+001
+1.525375e+003	   +1.794179e+001
+1.527913e+003	   +1.792784e+001
+1.530455e+003	   +1.791380e+001
+1.533002e+003	   +1.789916e+001
+1.535552e+003	   +1.788516e+001
+1.538107e+003	   +1.787078e+001
+1.540666e+003	   +1.785666e+001
+1.543229e+003	   +1.784280e+001
+1.545797e+003	   +1.782841e+001
+1.548369e+003	   +1.781424e+001
+1.550945e+003	   +1.780027e+001
+1.553525e+003	   +1.778591e+001
+1.556110e+003	   +1.777166e+001
+1.558699e+003	   +1.775740e+001
+1.561292e+003	   +1.774337e+001
+1.563890e+003	   +1.772936e+001
+1.566491e+003	   +1.771523e+001
+1.569098e+003	   +1.770125e+001
+1.571708e+003	   +1.768715e+001
+1.574323e+003	   +1.767320e+001
+1.576943e+003	   +1.765912e+001
+1.579566e+003	   +1.764478e+001
+1.582194e+003	   +1.763090e+001
+1.584826e+003	   +1.761663e+001
+1.587463e+003	   +1.760291e+001
+1.590104e+003	   +1.758825e+001
+1.592750e+003	   +1.757454e+001
+1.595400e+003	   +1.756071e+001
+1.598054e+003	   +1.754638e+001
+1.600713e+003	   +1.753177e+001
+1.603376e+003	   +1.751822e+001
+1.606044e+003	   +1.750441e+001
+1.608716e+003	   +1.749008e+001
+1.611392e+003	   +1.747591e+001
+1.614073e+003	   +1.746207e+001
+1.616759e+003	   +1.744810e+001
+1.619448e+003	   +1.743363e+001
+1.622143e+003	   +1.741997e+001
+1.624842e+003	   +1.740583e+001
+1.627545e+003	   +1.739149e+001
+1.630253e+003	   +1.737783e+001
+1.632965e+003	   +1.736383e+001
+1.635682e+003	   +1.734952e+001
+1.638403e+003	   +1.733555e+001
+1.641129e+003	   +1.732144e+001
+1.643860e+003	   +1.730771e+001
+1.646595e+003	   +1.729389e+001
+1.649334e+003	   +1.727981e+001
+1.652078e+003	   +1.726567e+001
+1.654827e+003	   +1.725196e+001
+1.657580e+003	   +1.723752e+001
+1.660338e+003	   +1.722360e+001
+1.663100e+003	   +1.720928e+001
+1.665867e+003	   +1.719552e+001
+1.668639e+003	   +1.718100e+001
+1.671415e+003	   +1.716738e+001
+1.674196e+003	   +1.715317e+001
+1.676981e+003	   +1.713917e+001
+1.679771e+003	   +1.712519e+001
+1.682566e+003	   +1.711131e+001
+1.685365e+003	   +1.709702e+001
+1.688169e+003	   +1.708280e+001
+1.690978e+003	   +1.706902e+001
+1.693792e+003	   +1.705477e+001
+1.696609e+003	   +1.704043e+001
+1.699432e+003	   +1.702630e+001
+1.702260e+003	   +1.701240e+001
+1.705092e+003	   +1.699823e+001
+1.707929e+003	   +1.698454e+001
+1.710770e+003	   +1.697071e+001
+1.713616e+003	   +1.695635e+001
+1.716468e+003	   +1.694206e+001
+1.719323e+003	   +1.692811e+001
+1.722184e+003	   +1.691409e+001
+1.725049e+003	   +1.689957e+001
+1.727919e+003	   +1.688559e+001
+1.730794e+003	   +1.687197e+001
+1.733674e+003	   +1.685760e+001
+1.736558e+003	   +1.684361e+001
+1.739447e+003	   +1.682934e+001
+1.742341e+003	   +1.681552e+001
+1.745240e+003	   +1.680132e+001
+1.748144e+003	   +1.678734e+001
+1.751052e+003	   +1.677323e+001
+1.753965e+003	   +1.675909e+001
+1.756884e+003	   +1.674505e+001
+1.759807e+003	   +1.673080e+001
+1.762734e+003	   +1.671663e+001
+1.765667e+003	   +1.670266e+001
+1.768605e+003	   +1.668820e+001
+1.771547e+003	   +1.667411e+001
+1.774495e+003	   +1.666024e+001
+1.777447e+003	   +1.664572e+001
+1.780404e+003	   +1.663176e+001
+1.783366e+003	   +1.661793e+001
+1.786333e+003	   +1.660356e+001
+1.789305e+003	   +1.658952e+001
+1.792282e+003	   +1.657545e+001
+1.795264e+003	   +1.656136e+001
+1.798251e+003	   +1.654709e+001
+1.801243e+003	   +1.653261e+001
+1.804240e+003	   +1.651885e+001
+1.807242e+003	   +1.650443e+001
+1.810248e+003	   +1.649004e+001
+1.813260e+003	   +1.647614e+001
+1.816277e+003	   +1.646196e+001
+1.819299e+003	   +1.644787e+001
+1.822326e+003	   +1.643358e+001
+1.825358e+003	   +1.641935e+001
+1.828395e+003	   +1.640516e+001
+1.831436e+003	   +1.639107e+001
+1.834484e+003	   +1.637679e+001
+1.837536e+003	   +1.636279e+001
+1.840593e+003	   +1.634817e+001
+1.843655e+003	   +1.633437e+001
+1.846722e+003	   +1.632013e+001
+1.849795e+003	   +1.630585e+001
+1.852873e+003	   +1.629153e+001
+1.855955e+003	   +1.627753e+001
+1.859043e+003	   +1.626330e+001
+1.862136e+003	   +1.624860e+001
+1.865234e+003	   +1.623519e+001
+1.868338e+003	   +1.622094e+001
+1.871446e+003	   +1.620669e+001
+1.874560e+003	   +1.619242e+001
+1.877678e+003	   +1.617830e+001
+1.880802e+003	   +1.616384e+001
+1.883932e+003	   +1.614984e+001
+1.887066e+003	   +1.613554e+001
+1.890205e+003	   +1.612143e+001
+1.893350e+003	   +1.610745e+001
+1.896500e+003	   +1.609299e+001
+1.899656e+003	   +1.607854e+001
+1.902816e+003	   +1.606464e+001
+1.905982e+003	   +1.605056e+001
+1.909153e+003	   +1.603597e+001
+1.912329e+003	   +1.602181e+001
+1.915511e+003	   +1.600787e+001
+1.918698e+003	   +1.599410e+001
+1.921890e+003	   +1.597942e+001
+1.925088e+003	   +1.596548e+001
+1.928291e+003	   +1.595105e+001
+1.931499e+003	   +1.593696e+001
+1.934712e+003	   +1.592286e+001
+1.937931e+003	   +1.590848e+001
+1.941155e+003	   +1.589490e+001
+1.944385e+003	   +1.588020e+001
+1.947620e+003	   +1.586581e+001
+1.950860e+003	   +1.585180e+001
+1.954106e+003	   +1.583749e+001
+1.957357e+003	   +1.582356e+001
+1.960614e+003	   +1.580915e+001
+1.963876e+003	   +1.579529e+001
+1.967143e+003	   +1.578085e+001
+1.970416e+003	   +1.576725e+001
+1.973694e+003	   +1.575256e+001
+1.976978e+003	   +1.573858e+001
+1.980267e+003	   +1.572455e+001
+1.983562e+003	   +1.571005e+001
+1.986862e+003	   +1.569609e+001
+1.990167e+003	   +1.568196e+001
+1.993479e+003	   +1.566760e+001
+1.996795e+003	   +1.565347e+001
+2.000117e+003	   +1.563972e+001
+2.003445e+003	   +1.562571e+001
+2.006778e+003	   +1.561120e+001
+2.010117e+003	   +1.559719e+001
+2.013462e+003	   +1.558298e+001
+2.016811e+003	   +1.556884e+001
+2.020167e+003	   +1.555464e+001
+2.023528e+003	   +1.554044e+001
+2.026895e+003	   +1.552633e+001
+2.030267e+003	   +1.551234e+001
+2.033645e+003	   +1.549796e+001
+2.037028e+003	   +1.548398e+001
+2.040417e+003	   +1.546977e+001
+2.043812e+003	   +1.545609e+001
+2.047212e+003	   +1.544181e+001
+2.050618e+003	   +1.542772e+001
+2.054030e+003	   +1.541382e+001
+2.057448e+003	   +1.539976e+001
+2.060871e+003	   +1.538532e+001
+2.064299e+003	   +1.537190e+001
+2.067734e+003	   +1.535760e+001
+2.071174e+003	   +1.534365e+001
+2.074620e+003	   +1.532974e+001
+2.078072e+003	   +1.531550e+001
+2.081529e+003	   +1.530130e+001
+2.084992e+003	   +1.528751e+001
+2.088461e+003	   +1.527386e+001
+2.091936e+003	   +1.525936e+001
+2.095416e+003	   +1.524559e+001
+2.098902e+003	   +1.523141e+001
+2.102394e+003	   +1.521728e+001
+2.105892e+003	   +1.520364e+001
+2.109396e+003	   +1.519005e+001
+2.112905e+003	   +1.517585e+001
+2.116421e+003	   +1.516162e+001
+2.119942e+003	   +1.514768e+001
+2.123469e+003	   +1.513421e+001
+2.127002e+003	   +1.512040e+001
+2.130541e+003	   +1.510620e+001
+2.134085e+003	   +1.509218e+001
+2.137636e+003	   +1.507825e+001
+2.141192e+003	   +1.506450e+001
+2.144755e+003	   +1.505005e+001
+2.148323e+003	   +1.503552e+001
+2.151897e+003	   +1.502106e+001
+2.155478e+003	   +1.500644e+001
+2.159064e+003	   +1.499234e+001
+2.162656e+003	   +1.497811e+001
+2.166254e+003	   +1.496355e+001
+2.169858e+003	   +1.494939e+001
+2.173468e+003	   +1.493472e+001
+2.177084e+003	   +1.492037e+001
+2.180706e+003	   +1.490640e+001
+2.184334e+003	   +1.489214e+001
+2.187969e+003	   +1.487753e+001
+2.191609e+003	   +1.486349e+001
+2.195255e+003	   +1.484894e+001
+2.198907e+003	   +1.483498e+001
+2.202566e+003	   +1.482064e+001
+2.206230e+003	   +1.480672e+001
+2.209901e+003	   +1.479214e+001
+2.213578e+003	   +1.477817e+001
+2.217261e+003	   +1.476418e+001
+2.220950e+003	   +1.474991e+001
+2.224645e+003	   +1.473600e+001
+2.228346e+003	   +1.472192e+001
+2.232053e+003	   +1.470771e+001
+2.235767e+003	   +1.469389e+001
+2.239487e+003	   +1.467974e+001
+2.243213e+003	   +1.466526e+001
+2.246945e+003	   +1.465125e+001
+2.250683e+003	   +1.463733e+001
+2.254428e+003	   +1.462297e+001
+2.258178e+003	   +1.460907e+001
+2.261936e+003	   +1.459464e+001
+2.265699e+003	   +1.458080e+001
+2.269468e+003	   +1.456688e+001
+2.273244e+003	   +1.455238e+001
+2.277026e+003	   +1.453847e+001
+2.280815e+003	   +1.452457e+001
+2.284609e+003	   +1.451058e+001
+2.288410e+003	   +1.449642e+001
+2.292218e+003	   +1.448256e+001
+2.296031e+003	   +1.446877e+001
+2.299851e+003	   +1.445472e+001
+2.303678e+003	   +1.444029e+001
+2.307510e+003	   +1.442634e+001
+2.311350e+003	   +1.441223e+001
+2.315195e+003	   +1.439826e+001
+2.319047e+003	   +1.438466e+001
+2.322905e+003	   +1.437055e+001
+2.326770e+003	   +1.435625e+001
+2.330641e+003	   +1.434226e+001
+2.334519e+003	   +1.432859e+001
+2.338403e+003	   +1.431399e+001
+2.342293e+003	   +1.430059e+001
+2.346190e+003	   +1.428650e+001
+2.350094e+003	   +1.427219e+001
+2.354004e+003	   +1.425834e+001
+2.357920e+003	   +1.424432e+001
+2.361843e+003	   +1.423040e+001
+2.365773e+003	   +1.421639e+001
+2.369709e+003	   +1.420208e+001
+2.373651e+003	   +1.418823e+001
+2.377601e+003	   +1.417398e+001
+2.381556e+003	   +1.416006e+001
+2.385519e+003	   +1.414560e+001
+2.389488e+003	   +1.413199e+001
+2.393463e+003	   +1.411820e+001
+2.397445e+003	   +1.410438e+001
+2.401434e+003	   +1.408997e+001
+2.405429e+003	   +1.407637e+001
+2.409431e+003	   +1.406214e+001
+2.413440e+003	   +1.404821e+001
+2.417455e+003	   +1.403398e+001
+2.421477e+003	   +1.401949e+001
+2.425506e+003	   +1.400587e+001
+2.429542e+003	   +1.399173e+001
+2.433583e+003	   +1.397791e+001
+2.437633e+003	   +1.396331e+001
+2.441688e+003	   +1.394958e+001
+2.445750e+003	   +1.393548e+001
+2.449820e+003	   +1.392179e+001
+2.453896e+003	   +1.390761e+001
+2.457978e+003	   +1.389360e+001
+2.462068e+003	   +1.387952e+001
+2.466164e+003	   +1.386558e+001
+2.470267e+003	   +1.385136e+001
+2.474377e+003	   +1.383718e+001
+2.478493e+003	   +1.382351e+001
+2.482617e+003	   +1.380930e+001
+2.486748e+003	   +1.379540e+001
+2.490885e+003	   +1.378096e+001
+2.495029e+003	   +1.376700e+001
+2.499180e+003	   +1.375298e+001
+2.503338e+003	   +1.373858e+001
+2.507503e+003	   +1.372457e+001
+2.511675e+003	   +1.371065e+001
+2.515854e+003	   +1.369670e+001
+2.520040e+003	   +1.368249e+001
+2.524232e+003	   +1.366837e+001
+2.528432e+003	   +1.365396e+001
+2.532638e+003	   +1.364008e+001
+2.536852e+003	   +1.362584e+001
+2.541073e+003	   +1.361183e+001
+2.545301e+003	   +1.359789e+001
+2.549535e+003	   +1.358378e+001
+2.553777e+003	   +1.356950e+001
+2.558026e+003	   +1.355538e+001
+2.562282e+003	   +1.354158e+001
+2.566545e+003	   +1.352752e+001
+2.570815e+003	   +1.351335e+001
+2.575092e+003	   +1.349894e+001
+2.579376e+003	   +1.348516e+001
+2.583668e+003	   +1.347109e+001
+2.587966e+003	   +1.345674e+001
+2.592272e+003	   +1.344267e+001
+2.596585e+003	   +1.342854e+001
+2.600905e+003	   +1.341449e+001
+2.605232e+003	   +1.340027e+001
+2.609567e+003	   +1.338633e+001
+2.613908e+003	   +1.337176e+001
+2.618257e+003	   +1.335772e+001
+2.622613e+003	   +1.334394e+001
+2.626977e+003	   +1.333003e+001
+2.631347e+003	   +1.331545e+001
+2.635725e+003	   +1.330110e+001
+2.640110e+003	   +1.328710e+001
+2.644503e+003	   +1.327331e+001
+2.648903e+003	   +1.325883e+001
+2.653310e+003	   +1.324503e+001
+2.657724e+003	   +1.323065e+001
+2.662146e+003	   +1.321683e+001
+2.666575e+003	   +1.320242e+001
+2.671012e+003	   +1.318845e+001
+2.675456e+003	   +1.317435e+001
+2.679907e+003	   +1.316047e+001
+2.684365e+003	   +1.314603e+001
+2.688832e+003	   +1.313224e+001
+2.693305e+003	   +1.311775e+001
+2.697786e+003	   +1.310387e+001
+2.702275e+003	   +1.308978e+001
+2.706771e+003	   +1.307539e+001
+2.711274e+003	   +1.306109e+001
+2.715785e+003	   +1.304747e+001
+2.720303e+003	   +1.303308e+001
+2.724829e+003	   +1.301887e+001
+2.729363e+003	   +1.300486e+001
+2.733903e+003	   +1.299070e+001
+2.738452e+003	   +1.297675e+001
+2.743008e+003	   +1.296213e+001
+2.747572e+003	   +1.294815e+001
+2.752143e+003	   +1.293442e+001
+2.756722e+003	   +1.292048e+001
+2.761308e+003	   +1.290653e+001
+2.765902e+003	   +1.289195e+001
+2.770504e+003	   +1.287810e+001
+2.775114e+003	   +1.286365e+001
+2.779731e+003	   +1.285023e+001
+2.784355e+003	   +1.283569e+001
+2.788988e+003	   +1.282188e+001
+2.793628e+003	   +1.280777e+001
+2.798276e+003	   +1.279372e+001
+2.802932e+003	   +1.277920e+001
+2.807595e+003	   +1.276556e+001
+2.812266e+003	   +1.275151e+001
+2.816945e+003	   +1.273734e+001
+2.821632e+003	   +1.272341e+001
+2.826326e+003	   +1.270914e+001
+2.831029e+003	   +1.269522e+001
+2.835739e+003	   +1.268113e+001
+2.840457e+003	   +1.266709e+001
+2.845182e+003	   +1.265298e+001
+2.849916e+003	   +1.263902e+001
+2.854657e+003	   +1.262495e+001
+2.859407e+003	   +1.261078e+001
+2.864164e+003	   +1.259680e+001
+2.868929e+003	   +1.258296e+001
+2.873703e+003	   +1.256895e+001
+2.878484e+003	   +1.255518e+001
+2.883273e+003	   +1.254105e+001
+2.888070e+003	   +1.252710e+001
+2.892875e+003	   +1.251296e+001
+2.897688e+003	   +1.249943e+001
+2.902509e+003	   +1.248514e+001
+2.907338e+003	   +1.247103e+001
+2.912175e+003	   +1.245729e+001
+2.917020e+003	   +1.244365e+001
+2.921873e+003	   +1.242952e+001
+2.926735e+003	   +1.241557e+001
+2.931604e+003	   +1.240139e+001
+2.936481e+003	   +1.238745e+001
+2.941367e+003	   +1.237382e+001
+2.946261e+003	   +1.235993e+001
+2.951163e+003	   +1.234574e+001
+2.956073e+003	   +1.233192e+001
+2.960991e+003	   +1.231782e+001
+2.965917e+003	   +1.230442e+001
+2.970852e+003	   +1.229010e+001
+2.975794e+003	   +1.227621e+001
+2.980745e+003	   +1.226263e+001
+2.985704e+003	   +1.224824e+001
+2.990672e+003	   +1.223455e+001
+2.995648e+003	   +1.222056e+001
+3.000632e+003	   +1.220690e+001
+3.005624e+003	   +1.219325e+001
+3.010625e+003	   +1.217940e+001
+3.015634e+003	   +1.216559e+001
+3.020651e+003	   +1.215217e+001
+3.025676e+003	   +1.213797e+001
+3.030710e+003	   +1.212447e+001
+3.035753e+003	   +1.211079e+001
+3.040803e+003	   +1.209677e+001
+3.045863e+003	   +1.208309e+001
+3.050930e+003	   +1.206944e+001
+3.056006e+003	   +1.205573e+001
+3.061090e+003	   +1.204152e+001
+3.066183e+003	   +1.202701e+001
+3.071285e+003	   +1.201222e+001
+3.076395e+003	   +1.199792e+001
+3.081513e+003	   +1.198376e+001
+3.086640e+003	   +1.196978e+001
+3.091775e+003	   +1.195549e+001
+3.096919e+003	   +1.194106e+001
+3.102072e+003	   +1.192711e+001
+3.107232e+003	   +1.191329e+001
+3.112402e+003	   +1.189893e+001
+3.117580e+003	   +1.188458e+001
+3.122767e+003	   +1.187065e+001
+3.127963e+003	   +1.185633e+001
+3.133167e+003	   +1.184237e+001
+3.138380e+003	   +1.182847e+001
+3.143601e+003	   +1.181427e+001
+3.148831e+003	   +1.180021e+001
+3.154070e+003	   +1.178634e+001
+3.159318e+003	   +1.177243e+001
+3.164574e+003	   +1.175817e+001
+3.169839e+003	   +1.174440e+001
+3.175113e+003	   +1.173023e+001
+3.180396e+003	   +1.171648e+001
+3.185687e+003	   +1.170234e+001
+3.190987e+003	   +1.168855e+001
+3.196296e+003	   +1.167465e+001
+3.201614e+003	   +1.166060e+001
+3.206940e+003	   +1.164678e+001
+3.212276e+003	   +1.163301e+001
+3.217621e+003	   +1.161906e+001
+3.222974e+003	   +1.160527e+001
+3.228336e+003	   +1.159106e+001
+3.233707e+003	   +1.157748e+001
+3.239087e+003	   +1.156382e+001
+3.244476e+003	   +1.154980e+001
+3.249874e+003	   +1.153603e+001
+3.255281e+003	   +1.152209e+001
+3.260697e+003	   +1.150792e+001
+3.266122e+003	   +1.149406e+001
+3.271556e+003	   +1.148000e+001
+3.276999e+003	   +1.146631e+001
+3.282451e+003	   +1.145271e+001
+3.287912e+003	   +1.143899e+001
+3.293383e+003	   +1.142509e+001
+3.298862e+003	   +1.141119e+001
+3.304351e+003	   +1.139769e+001
+3.309848e+003	   +1.138399e+001
+3.315355e+003	   +1.137007e+001
+3.320871e+003	   +1.135608e+001
+3.326396e+003	   +1.134172e+001
+3.331930e+003	   +1.132860e+001
+3.337474e+003	   +1.131406e+001
+3.343026e+003	   +1.130075e+001
+3.348588e+003	   +1.128682e+001
+3.354159e+003	   +1.127271e+001
+3.359740e+003	   +1.125916e+001
+3.365330e+003	   +1.124550e+001
+3.370929e+003	   +1.123141e+001
+3.376537e+003	   +1.121767e+001
+3.382155e+003	   +1.120348e+001
+3.387782e+003	   +1.118989e+001
+3.393418e+003	   +1.117634e+001
+3.399064e+003	   +1.116254e+001
+3.404719e+003	   +1.114867e+001
+3.410384e+003	   +1.113513e+001
+3.416058e+003	   +1.112115e+001
+3.421741e+003	   +1.110786e+001
+3.427434e+003	   +1.109396e+001
+3.433137e+003	   +1.107976e+001
+3.438849e+003	   +1.106612e+001
+3.444570e+003	   +1.105233e+001
+3.450301e+003	   +1.103874e+001
+3.456041e+003	   +1.102453e+001
+3.461791e+003	   +1.101078e+001
+3.467551e+003	   +1.099695e+001
+3.473320e+003	   +1.098314e+001
+3.479099e+003	   +1.096926e+001
+3.484887e+003	   +1.095545e+001
+3.490685e+003	   +1.094189e+001
+3.496492e+003	   +1.092824e+001
+3.502310e+003	   +1.091441e+001
+3.508137e+003	   +1.090028e+001
+3.513973e+003	   +1.088679e+001
+3.519820e+003	   +1.087269e+001
+3.525676e+003	   +1.085927e+001
+3.531542e+003	   +1.084542e+001
+3.537417e+003	   +1.083156e+001
+3.543303e+003	   +1.081733e+001
+3.549198e+003	   +1.080372e+001
+3.555103e+003	   +1.078967e+001
+3.561018e+003	   +1.077598e+001
+3.566942e+003	   +1.076216e+001
+3.572877e+003	   +1.074862e+001
+3.578821e+003	   +1.073484e+001
+3.584775e+003	   +1.072091e+001
+3.590740e+003	   +1.070718e+001
+3.596714e+003	   +1.069298e+001
+3.602698e+003	   +1.067925e+001
+3.608691e+003	   +1.066596e+001
+3.614696e+003	   +1.065196e+001
+3.620709e+003	   +1.063786e+001
+3.626733e+003	   +1.062398e+001
+3.632767e+003	   +1.061019e+001
+3.638811e+003	   +1.059649e+001
+3.644865e+003	   +1.058252e+001
+3.650929e+003	   +1.056878e+001
+3.657004e+003	   +1.055483e+001
+3.663088e+003	   +1.054102e+001
+3.669183e+003	   +1.052719e+001
+3.675287e+003	   +1.051360e+001
+3.681402e+003	   +1.049983e+001
+3.687527e+003	   +1.048608e+001
+3.693662e+003	   +1.047209e+001
+3.699807e+003	   +1.045819e+001
+3.705963e+003	   +1.044450e+001
+3.712128e+003	   +1.043087e+001
+3.718305e+003	   +1.041687e+001
+3.724491e+003	   +1.040294e+001
+3.730688e+003	   +1.038907e+001
+3.736895e+003	   +1.037533e+001
+3.743112e+003	   +1.036171e+001
+3.749339e+003	   +1.034791e+001
+3.755577e+003	   +1.033379e+001
+3.761825e+003	   +1.032007e+001
+3.768084e+003	   +1.030631e+001
+3.774354e+003	   +1.029246e+001
+3.780633e+003	   +1.027831e+001
+3.786923e+003	   +1.026430e+001
+3.793223e+003	   +1.025109e+001
+3.799534e+003	   +1.023719e+001
+3.805856e+003	   +1.022342e+001
+3.812188e+003	   +1.020971e+001
+3.818530e+003	   +1.019585e+001
+3.824884e+003	   +1.018210e+001
+3.831247e+003	   +1.016796e+001
+3.837621e+003	   +1.015432e+001
+3.844006e+003	   +1.014053e+001
+3.850402e+003	   +1.012675e+001
+3.856808e+003	   +1.011325e+001
+3.863224e+003	   +1.009941e+001
+3.869652e+003	   +1.008564e+001
+3.876090e+003	   +1.007154e+001
+3.882539e+003	   +1.005809e+001
+3.888998e+003	   +1.004409e+001
+3.895469e+003	   +1.003049e+001
+3.901950e+003	   +1.001660e+001
+3.908442e+003	   +1.000261e+001
+3.914944e+003	   +9.988879e+000
+3.921458e+003	   +9.976324e+000
+3.927982e+003	   +9.962558e+000
+3.934517e+003	   +9.948243e+000
+3.941063e+003	   +9.934677e+000
+3.947620e+003	   +9.920880e+000
+3.954188e+003	   +9.907053e+000
+3.960767e+003	   +9.893343e+000
+3.967356e+003	   +9.879705e+000
+3.973957e+003	   +9.865662e+000
+3.980569e+003	   +9.852345e+000
+3.987192e+003	   +9.838727e+000
+3.993825e+003	   +9.825175e+000
+4.000470e+003	   +9.811010e+000
+4.007126e+003	   +9.797461e+000
+4.013792e+003	   +9.784170e+000
+4.020470e+003	   +9.769969e+000
+4.027159e+003	   +9.756300e+000
+4.033860e+003	   +9.742617e+000
+4.040571e+003	   +9.728780e+000
+4.047293e+003	   +9.714873e+000
+4.054027e+003	   +9.700860e+000
+4.060772e+003	   +9.687739e+000
+4.067528e+003	   +9.673769e+000
+4.074295e+003	   +9.660099e+000
+4.081074e+003	   +9.646641e+000
+4.087864e+003	   +9.633133e+000
+4.094665e+003	   +9.619145e+000
+4.101478e+003	   +9.605749e+000
+4.108301e+003	   +9.591939e+000
+4.115137e+003	   +9.578442e+000
+4.121983e+003	   +9.564638e+000
+4.128841e+003	   +9.551500e+000
+4.135710e+003	   +9.537268e+000
+4.142591e+003	   +9.524209e+000
+4.149483e+003	   +9.510353e+000
+4.156387e+003	   +9.496615e+000
+4.163302e+003	   +9.483278e+000
+4.170229e+003	   +9.469464e+000
+4.177167e+003	   +9.455995e+000
+4.184117e+003	   +9.442541e+000
+4.191078e+003	   +9.428969e+000
+4.198051e+003	   +9.415241e+000
+4.205036e+003	   +9.401794e+000
+4.212032e+003	   +9.388377e+000
+4.219040e+003	   +9.374673e+000
+4.226059e+003	   +9.361259e+000
+4.233090e+003	   +9.347801e+000
+4.240133e+003	   +9.334038e+000
+4.247188e+003	   +9.320427e+000
+4.254253e+003	   +9.306952e+000
+4.261332e+003	   +9.293515e+000
+4.268421e+003	   +9.279838e+000
+4.275523e+003	   +9.266848e+000
+4.282636e+003	   +9.253044e+000
+4.289762e+003	   +9.239569e+000
+4.296898e+003	   +9.226319e+000
+4.304047e+003	   +9.212614e+000
+4.311208e+003	   +9.199321e+000
+4.318381e+003	   +9.186256e+000
+4.325566e+003	   +9.173094e+000
+4.332763e+003	   +9.159796e+000
+4.339971e+003	   +9.146378e+000
+4.347192e+003	   +9.132598e+000
+4.354424e+003	   +9.119111e+000
+4.361669e+003	   +9.105765e+000
+4.368926e+003	   +9.092607e+000
+4.376194e+003	   +9.079093e+000
+4.383476e+003	   +9.065981e+000
+4.390769e+003	   +9.052444e+000
+4.398074e+003	   +9.038724e+000
+4.405391e+003	   +9.025320e+000
+4.412720e+003	   +9.011273e+000
+4.420062e+003	   +8.997491e+000
+4.427416e+003	   +8.983629e+000
+4.434782e+003	   +8.969843e+000
+4.442160e+003	   +8.956113e+000
+4.449551e+003	   +8.942440e+000
+4.456954e+003	   +8.929110e+000
+4.464369e+003	   +8.915142e+000
+4.471796e+003	   +8.901519e+000
+4.479236e+003	   +8.887663e+000
+4.486689e+003	   +8.874104e+000
+4.494153e+003	   +8.860765e+000
+4.501631e+003	   +8.846930e+000
+4.509120e+003	   +8.833334e+000
+4.516622e+003	   +8.819956e+000
+4.524137e+003	   +8.806043e+000
+4.531664e+003	   +8.792656e+000
+4.539203e+003	   +8.779253e+000
+4.546755e+003	   +8.765310e+000
+4.554320e+003	   +8.752592e+000
+4.561897e+003	   +8.738998e+000
+4.569487e+003	   +8.725049e+000
+4.577090e+003	   +8.711890e+000
+4.584705e+003	   +8.697983e+000
+4.592333e+003	   +8.684655e+000
+4.599973e+003	   +8.671149e+000
+4.607626e+003	   +8.657423e+000
+4.615292e+003	   +8.644393e+000
+4.622971e+003	   +8.630778e+000
+4.630662e+003	   +8.617415e+000
+4.638367e+003	   +8.604185e+000
+4.646083e+003	   +8.590975e+000
+4.653813e+003	   +8.577489e+000
+4.661556e+003	   +8.564293e+000
+4.669312e+003	   +8.550506e+000
+4.677081e+003	   +8.537545e+000
+4.684862e+003	   +8.523647e+000
+4.692656e+003	   +8.510375e+000
+4.700464e+003	   +8.496922e+000
+4.708284e+003	   +8.483541e+000
+4.716118e+003	   +8.470189e+000
+4.723964e+003	   +8.456926e+000
+4.731823e+003	   +8.443749e+000
+4.739696e+003	   +8.430182e+000
+4.747582e+003	   +8.417102e+000
+4.755480e+003	   +8.403647e+000
+4.763392e+003	   +8.390557e+000
+4.771317e+003	   +8.377328e+000
+4.779256e+003	   +8.363853e+000
+4.787207e+003	   +8.350968e+000
+4.795172e+003	   +8.337495e+000
+4.803150e+003	   +8.323986e+000
+4.811141e+003	   +8.310555e+000
+4.819146e+003	   +8.297633e+000
+4.827164e+003	   +8.284041e+000
+4.835194e+003	   +8.270947e+000
+4.843239e+003	   +8.257624e+000
+4.851297e+003	   +8.244372e+000
+4.859368e+003	   +8.231093e+000
+4.867453e+003	   +8.217971e+000
+4.875551e+003	   +8.204720e+000
+4.883663e+003	   +8.191196e+000
+4.891788e+003	   +8.178033e+000
+4.899927e+003	   +8.164778e+000
+4.908079e+003	   +8.151690e+000
+4.916245e+003	   +8.138576e+000
+4.924424e+003	   +8.125176e+000
+4.932617e+003	   +8.112063e+000
+4.940824e+003	   +8.098516e+000
+4.949044e+003	   +8.085052e+000
+4.957278e+003	   +8.072222e+000
+4.965526e+003	   +8.058822e+000
+4.973787e+003	   +8.045751e+000
+4.982063e+003	   +8.032796e+000
+4.990351e+003	   +8.019283e+000
+4.998654e+003	   +8.006280e+000
+5.006970e+003	   +7.992609e+000
+5.015301e+003	   +7.979902e+000
+5.023645e+003	   +7.966682e+000
+5.032003e+003	   +7.953291e+000
+5.040375e+003	   +7.939943e+000
+5.048761e+003	   +7.926836e+000
+5.057161e+003	   +7.913424e+000
+5.065575e+003	   +7.900148e+000
+5.074002e+003	   +7.887070e+000
+5.082444e+003	   +7.873407e+000
+5.090900e+003	   +7.860256e+000
+5.099370e+003	   +7.847059e+000
+5.107854e+003	   +7.833697e+000
+5.116353e+003	   +7.820629e+000
+5.124865e+003	   +7.807442e+000
+5.133391e+003	   +7.794189e+000
+5.141932e+003	   +7.780709e+000
+5.150487e+003	   +7.767345e+000
+5.159056e+003	   +7.754228e+000
+5.167639e+003	   +7.741549e+000
+5.176237e+003	   +7.727874e+000
+5.184849e+003	   +7.714863e+000
+5.193475e+003	   +7.701634e+000
+5.202116e+003	   +7.688313e+000
+5.210771e+003	   +7.675533e+000
+5.219440e+003	   +7.662048e+000
+5.228124e+003	   +7.649082e+000
+5.236822e+003	   +7.635804e+000
+5.245535e+003	   +7.622892e+000
+5.254262e+003	   +7.609589e+000
+5.263004e+003	   +7.596313e+000
+5.271760e+003	   +7.583296e+000
+5.280531e+003	   +7.569839e+000
+5.289316e+003	   +7.556829e+000
+5.298117e+003	   +7.543605e+000
+5.306931e+003	   +7.530558e+000
+5.315761e+003	   +7.517433e+000
+5.324605e+003	   +7.504273e+000
+5.333463e+003	   +7.491060e+000
+5.342337e+003	   +7.478112e+000
+5.351226e+003	   +7.464959e+000
+5.360128e+003	   +7.451784e+000
+5.369046e+003	   +7.438937e+000
+5.377979e+003	   +7.425369e+000
+5.386927e+003	   +7.412433e+000
+5.395889e+003	   +7.398684e+000
+5.404867e+003	   +7.384987e+000
+5.413859e+003	   +7.372263e+000
+5.422866e+003	   +7.359340e+000
+5.431889e+003	   +7.346392e+000
+5.440926e+003	   +7.332974e+000
+5.449978e+003	   +7.320279e+000
+5.459045e+003	   +7.306843e+000
+5.468128e+003	   +7.293915e+000
+5.477226e+003	   +7.281080e+000
+5.486338e+003	   +7.267616e+000
+5.495466e+003	   +7.254395e+000
+5.504609e+003	   +7.241591e+000
+5.513768e+003	   +7.228752e+000
+5.522941e+003	   +7.215268e+000
+5.532130e+003	   +7.202154e+000
+5.541334e+003	   +7.188982e+000
+5.550553e+003	   +7.176155e+000
+5.559788e+003	   +7.162723e+000
+5.569038e+003	   +7.150138e+000
+5.578304e+003	   +7.137004e+000
+5.587584e+003	   +7.123711e+000
+5.596881e+003	   +7.110716e+000
+5.606192e+003	   +7.097618e+000
+5.615520e+003	   +7.084459e+000
+5.624863e+003	   +7.071835e+000
+5.634221e+003	   +7.058893e+000
+5.643595e+003	   +7.045665e+000
+5.652984e+003	   +7.032735e+000
+5.662390e+003	   +7.019175e+000
+5.671810e+003	   +7.006454e+000
+5.681247e+003	   +6.993160e+000
+5.690699e+003	   +6.980231e+000
+5.700167e+003	   +6.967097e+000
+5.709650e+003	   +6.954149e+000
+5.719150e+003	   +6.941189e+000
+5.728665e+003	   +6.928301e+000
+5.738196e+003	   +6.915411e+000
+5.747743e+003	   +6.902416e+000
+5.757306e+003	   +6.889754e+000
+5.766884e+003	   +6.876685e+000
+5.776479e+003	   +6.863674e+000
+5.786090e+003	   +6.850792e+000
+5.795716e+003	   +6.837763e+000
+5.805359e+003	   +6.824725e+000
+5.815018e+003	   +6.811785e+000
+5.824692e+003	   +6.798634e+000
+5.834383e+003	   +6.785914e+000
+5.844090e+003	   +6.772999e+000
+5.853813e+003	   +6.760275e+000
+5.863552e+003	   +6.747344e+000
+5.873308e+003	   +6.734560e+000
+5.883080e+003	   +6.721536e+000
+5.892868e+003	   +6.708519e+000
+5.902672e+003	   +6.695983e+000
+5.912492e+003	   +6.683322e+000
+5.922329e+003	   +6.670381e+000
+5.932183e+003	   +6.657551e+000
+5.942052e+003	   +6.644296e+000
+5.951938e+003	   +6.631693e+000
+5.961841e+003	   +6.618579e+000
+5.971760e+003	   +6.605872e+000
+5.981695e+003	   +6.592812e+000
+5.991647e+003	   +6.580165e+000
+6.001616e+003	   +6.567195e+000
+6.011601e+003	   +6.554706e+000
+6.021603e+003	   +6.541936e+000
+6.031621e+003	   +6.529006e+000
+6.041656e+003	   +6.516231e+000
+6.051708e+003	   +6.503703e+000
+6.061776e+003	   +6.491171e+000
+6.071862e+003	   +6.478012e+000
+6.081964e+003	   +6.465447e+000
+6.092083e+003	   +6.452671e+000
+6.102218e+003	   +6.439579e+000
+6.112371e+003	   +6.427052e+000
+6.122541e+003	   +6.414474e+000
+6.132727e+003	   +6.401626e+000
+6.142930e+003	   +6.389222e+000
+6.153150e+003	   +6.376257e+000
+6.163388e+003	   +6.364182e+000
+6.173642e+003	   +6.351169e+000
+6.183913e+003	   +6.338888e+000
+6.194202e+003	   +6.326063e+000
+6.204507e+003	   +6.313678e+000
+6.214830e+003	   +6.300955e+000
+6.225170e+003	   +6.288651e+000
+6.235527e+003	   +6.276195e+000
+6.245901e+003	   +6.263100e+000
+6.256293e+003	   +6.250765e+000
+6.266702e+003	   +6.238369e+000
+6.277128e+003	   +6.225387e+000
+6.287572e+003	   +6.212992e+000
+6.298033e+003	   +6.200359e+000
+6.308511e+003	   +6.187858e+000
+6.319007e+003	   +6.175428e+000
+6.329520e+003	   +6.162902e+000
+6.340051e+003	   +6.150640e+000
+6.350599e+003	   +6.138135e+000
+6.361165e+003	   +6.126018e+000
+6.371748e+003	   +6.113527e+000
+6.382349e+003	   +6.101027e+000
+6.392968e+003	   +6.088471e+000
+6.403604e+003	   +6.075911e+000
+6.414258e+003	   +6.063795e+000
+6.424930e+003	   +6.051116e+000
+6.435619e+003	   +6.038527e+000
+6.446326e+003	   +6.026478e+000
+6.457051e+003	   +6.013296e+000
+6.467794e+003	   +6.000680e+000
+6.478555e+003	   +5.988038e+000
+6.489333e+003	   +5.975480e+000
+6.500130e+003	   +5.962457e+000
+6.510945e+003	   +5.949845e+000
+6.521777e+003	   +5.937329e+000
+6.532628e+003	   +5.924295e+000
+6.543497e+003	   +5.911423e+000
+6.554383e+003	   +5.899152e+000
+6.565288e+003	   +5.886240e+000
+6.576211e+003	   +5.873639e+000
+6.587152e+003	   +5.861141e+000
+6.598112e+003	   +5.848372e+000
+6.609089e+003	   +5.835734e+000
+6.620085e+003	   +5.823421e+000
+6.631099e+003	   +5.810732e+000
+6.642132e+003	   +5.798316e+000
+6.653183e+003	   +5.785931e+000
+6.664252e+003	   +5.773188e+000
+6.675339e+003	   +5.761148e+000
+6.686445e+003	   +5.748369e+000
+6.697570e+003	   +5.735774e+000
+6.708713e+003	   +5.723272e+000
+6.719875e+003	   +5.710817e+000
+6.731055e+003	   +5.698884e+000
+6.742253e+003	   +5.686462e+000
+6.753471e+003	   +5.673964e+000
+6.764707e+003	   +5.661757e+000
+6.775962e+003	   +5.649310e+000
+6.787235e+003	   +5.637168e+000
+6.798527e+003	   +5.624674e+000
+6.809838e+003	   +5.612267e+000
+6.821168e+003	   +5.599996e+000
+6.832517e+003	   +5.587668e+000
+6.843885e+003	   +5.575408e+000
+6.855271e+003	   +5.562742e+000
+6.866677e+003	   +5.550550e+000
+6.878101e+003	   +5.538267e+000
+6.889544e+003	   +5.525546e+000
+6.901007e+003	   +5.513644e+000
+6.912488e+003	   +5.501488e+000
+6.923989e+003	   +5.489330e+000
+6.935509e+003	   +5.477271e+000
+6.947048e+003	   +5.464978e+000
+6.958606e+003	   +5.453029e+000
+6.970183e+003	   +5.440759e+000
+6.981780e+003	   +5.428481e+000
+6.993396e+003	   +5.416075e+000
+7.005031e+003	   +5.404432e+000
+7.016686e+003	   +5.391885e+000
+7.028359e+003	   +5.379638e+000
+7.040053e+003	   +5.367177e+000
+7.051766e+003	   +5.355113e+000
+7.063498e+003	   +5.342688e+000
+7.075250e+003	   +5.330567e+000
+7.087021e+003	   +5.318951e+000
+7.098813e+003	   +5.306864e+000
+7.110623e+003	   +5.294703e+000
+7.122454e+003	   +5.282653e+000
+7.134303e+003	   +5.270788e+000
+7.146173e+003	   +5.258658e+000
+7.158063e+003	   +5.246380e+000
+7.169972e+003	   +5.234275e+000
+7.181901e+003	   +5.221891e+000
+7.193850e+003	   +5.209784e+000
+7.205818e+003	   +5.197997e+000
+7.217807e+003	   +5.185696e+000
+7.229815e+003	   +5.173563e+000
+7.241844e+003	   +5.161599e+000
+7.253893e+003	   +5.149603e+000
+7.265961e+003	   +5.137030e+000
+7.278050e+003	   +5.125485e+000
+7.290159e+003	   +5.113547e+000
+7.302288e+003	   +5.101675e+000
+7.314437e+003	   +5.089865e+000
+7.326606e+003	   +5.077486e+000
+7.338796e+003	   +5.065498e+000
+7.351006e+003	   +5.053126e+000
+7.363236e+003	   +5.041129e+000
+7.375487e+003	   +5.029192e+000
+7.387758e+003	   +5.017480e+000
+7.400049e+003	   +5.005172e+000
+7.412361e+003	   +4.993001e+000
+7.424693e+003	   +4.981153e+000
+7.437046e+003	   +4.969497e+000
+7.449419e+003	   +4.957634e+000
+7.461813e+003	   +4.945936e+000
+7.474228e+003	   +4.933635e+000
+7.486663e+003	   +4.921987e+000
+7.499119e+003	   +4.910338e+000
+7.511596e+003	   +4.897962e+000
+7.524093e+003	   +4.886198e+000
+7.536611e+003	   +4.874371e+000
+7.549150e+003	   +4.862117e+000
+7.561710e+003	   +4.850298e+000
+7.574291e+003	   +4.838345e+000
+7.586893e+003	   +4.826320e+000
+7.599515e+003	   +4.813858e+000
+7.612159e+003	   +4.802474e+000
+7.624824e+003	   +4.790531e+000
+7.637509e+003	   +4.778835e+000
+7.650216e+003	   +4.767166e+000
+7.662944e+003	   +4.755272e+000
+7.675693e+003	   +4.743554e+000
+7.688464e+003	   +4.731578e+000
+7.701255e+003	   +4.719936e+000
+7.714068e+003	   +4.707819e+000
+7.726903e+003	   +4.695949e+000
+7.739758e+003	   +4.683877e+000
+7.752635e+003	   +4.672214e+000
+7.765534e+003	   +4.660314e+000
+7.778454e+003	   +4.648188e+000
+7.791395e+003	   +4.636427e+000
+7.804358e+003	   +4.624605e+000
+7.817342e+003	   +4.612775e+000
+7.830349e+003	   +4.601093e+000
+7.843376e+003	   +4.589374e+000
+7.856426e+003	   +4.577451e+000
+7.869497e+003	   +4.565912e+000
+7.882589e+003	   +4.554286e+000
+7.895704e+003	   +4.542453e+000
+7.908841e+003	   +4.530773e+000
+7.921999e+003	   +4.519072e+000
+7.935179e+003	   +4.506873e+000
+7.948381e+003	   +4.495251e+000
+7.961605e+003	   +4.483350e+000
+7.974852e+003	   +4.471460e+000
+7.988120e+003	   +4.459820e+000
+8.001410e+003	   +4.448125e+000
+8.014722e+003	   +4.436358e+000
+8.028057e+003	   +4.424941e+000
+8.041413e+003	   +4.413554e+000
+8.054792e+003	   +4.401663e+000
+8.068193e+003	   +4.389966e+000
+8.081617e+003	   +4.378888e+000
+8.095063e+003	   +4.366633e+000
+8.108531e+003	   +4.354910e+000
+8.122021e+003	   +4.343191e+000
+8.135534e+003	   +4.331303e+000
+8.149070e+003	   +4.319456e+000
+8.162627e+003	   +4.307842e+000
+8.176208e+003	   +4.296193e+000
+8.189811e+003	   +4.284387e+000
+8.203438e+003	   +4.272930e+000
+8.217086e+003	   +4.261102e+000
+8.230757e+003	   +4.249533e+000
+8.244450e+003	   +4.238335e+000
+8.258167e+003	   +4.226817e+000
+8.271906e+003	   +4.215170e+000
+8.285669e+003	   +4.203677e+000
+8.299454e+003	   +4.192005e+000
+8.313263e+003	   +4.180336e+000
+8.327094e+003	   +4.168511e+000
+8.340948e+003	   +4.157214e+000
+8.354825e+003	   +4.145561e+000
+8.368726e+003	   +4.133991e+000
+8.382648e+003	   +4.122190e+000
+8.396596e+003	   +4.110765e+000
+8.410565e+003	   +4.099201e+000
+8.424559e+003	   +4.088090e+000
+8.438574e+003	   +4.076445e+000
+8.452614e+003	   +4.064983e+000
+8.466678e+003	   +4.053694e+000
+8.480764e+003	   +4.041980e+000
+8.494874e+003	   +4.030683e+000
+8.509007e+003	   +4.019388e+000
+8.523164e+003	   +4.007942e+000
+8.537344e+003	   +3.996234e+000
+8.551548e+003	   +3.984773e+000
+8.565775e+003	   +3.973291e+000
+8.580027e+003	   +3.961195e+000
+8.594302e+003	   +3.950013e+000
+8.608601e+003	   +3.938447e+000
+8.622923e+003	   +3.927096e+000
+8.637270e+003	   +3.915843e+000
+8.651640e+003	   +3.904640e+000
+8.666034e+003	   +3.893226e+000
+8.680452e+003	   +3.882245e+000
+8.694895e+003	   +3.871047e+000
+8.709360e+003	   +3.859179e+000
+8.723851e+003	   +3.848260e+000
+8.738364e+003	   +3.836843e+000
+8.752903e+003	   +3.825112e+000
+8.767466e+003	   +3.813772e+000
+8.782053e+003	   +3.802515e+000
+8.796664e+003	   +3.791250e+000
+8.811299e+003	   +3.780091e+000
+8.825959e+003	   +3.768660e+000
+8.840643e+003	   +3.757411e+000
+8.855352e+003	   +3.746457e+000
+8.870085e+003	   +3.735223e+000
+8.884842e+003	   +3.724003e+000
+8.899624e+003	   +3.712799e+000
+8.914431e+003	   +3.701632e+000
+8.929263e+003	   +3.690376e+000
+8.944118e+003	   +3.679337e+000
+8.958999e+003	   +3.667977e+000
+8.973904e+003	   +3.656505e+000
+8.988835e+003	   +3.645592e+000
+9.003790e+003	   +3.634429e+000
+9.018771e+003	   +3.623018e+000
+9.033775e+003	   +3.611676e+000
+9.048805e+003	   +3.600421e+000
+9.063860e+003	   +3.589722e+000
+9.078940e+003	   +3.578434e+000
+9.094045e+003	   +3.567344e+000
+9.109175e+003	   +3.555889e+000
+9.124331e+003	   +3.545357e+000
+9.139511e+003	   +3.534370e+000
+9.154717e+003	   +3.523286e+000
+9.169948e+003	   +3.512429e+000
+9.185204e+003	   +3.501568e+000
+9.200486e+003	   +3.490416e+000
+9.215794e+003	   +3.479521e+000
+9.231126e+003	   +3.468560e+000
+9.246484e+003	   +3.457381e+000
+9.261868e+003	   +3.446228e+000
+9.277278e+003	   +3.435438e+000
+9.292713e+003	   +3.424574e+000
+9.308174e+003	   +3.413604e+000
+9.323660e+003	   +3.402388e+000
+9.339172e+003	   +3.391531e+000
+9.354710e+003	   +3.380764e+000
+9.370274e+003	   +3.369440e+000
+9.385864e+003	   +3.358919e+000
+9.401479e+003	   +3.348306e+000
+9.417121e+003	   +3.337328e+000
+9.432789e+003	   +3.326882e+000
+9.448482e+003	   +3.316247e+000
+9.464203e+003	   +3.305511e+000
+9.479949e+003	   +3.294594e+000
+9.495721e+003	   +3.283363e+000
+9.511520e+003	   +3.272344e+000
+9.527345e+003	   +3.261523e+000
+9.543195e+003	   +3.250955e+000
+9.559073e+003	   +3.239849e+000
+9.574977e+003	   +3.229369e+000
+9.590907e+003	   +3.218126e+000
+9.606864e+003	   +3.207714e+000
+9.622848e+003	   +3.197324e+000
+9.638857e+003	   +3.186814e+000
+9.654894e+003	   +3.176131e+000
+9.670957e+003	   +3.165658e+000
+9.687047e+003	   +3.154917e+000
+9.703164e+003	   +3.144468e+000
+9.719308e+003	   +3.133852e+000
+9.735479e+003	   +3.122887e+000
+9.751676e+003	   +3.112177e+000
+9.767899e+003	   +3.101641e+000
+9.784151e+003	   +3.090911e+000
+9.800430e+003	   +3.080540e+000
+9.816734e+003	   +3.069837e+000
+9.833067e+003	   +3.059458e+000
+9.849427e+003	   +3.048746e+000
+9.865814e+003	   +3.038399e+000
+9.882229e+003	   +3.028070e+000
+9.898670e+003	   +3.017722e+000
+9.915139e+003	   +3.006948e+000
+9.931635e+003	   +2.995924e+000
+9.948159e+003	   +2.984741e+000
+9.964710e+003	   +2.974140e+000
+9.981289e+003	   +2.963064e+000
+9.997895e+003	   +2.951956e+000
+1.001453e+004	   +2.941305e+000
+1.003119e+004	   +2.930115e+000
+1.004788e+004	   +2.919496e+000
+1.006460e+004	   +2.908906e+000
+1.008134e+004	   +2.898363e+000
+1.009812e+004	   +2.887751e+000
+1.011492e+004	   +2.877432e+000
+1.013174e+004	   +2.866715e+000
+1.014860e+004	   +2.856344e+000
+1.016549e+004	   +2.845704e+000
+1.018240e+004	   +2.835380e+000
+1.019934e+004	   +2.824824e+000
+1.021631e+004	   +2.813995e+000
+1.023331e+004	   +2.803128e+000
+1.025033e+004	   +2.792696e+000
+1.026739e+004	   +2.781931e+000
+1.028447e+004	   +2.771363e+000
+1.030158e+004	   +2.760701e+000
+1.031872e+004	   +2.750634e+000
+1.033589e+004	   +2.740077e+000
+1.035308e+004	   +2.729844e+000
+1.037031e+004	   +2.719197e+000
+1.038756e+004	   +2.709107e+000
+1.040484e+004	   +2.698807e+000
+1.042215e+004	   +2.688440e+000
+1.043949e+004	   +2.678143e+000
+1.045686e+004	   +2.667645e+000
+1.047426e+004	   +2.657459e+000
+1.049169e+004	   +2.646757e+000
+1.050914e+004	   +2.636336e+000
+1.052663e+004	   +2.625866e+000
+1.054414e+004	   +2.615711e+000
+1.056168e+004	   +2.605565e+000
+1.057925e+004	   +2.595094e+000
+1.059686e+004	   +2.584728e+000
+1.061449e+004	   +2.574532e+000
+1.063215e+004	   +2.564255e+000
+1.064983e+004	   +2.554135e+000
+1.066755e+004	   +2.543792e+000
+1.068530e+004	   +2.534100e+000
+1.070308e+004	   +2.523858e+000
+1.072089e+004	   +2.513850e+000
+1.073872e+004	   +2.503229e+000
+1.075659e+004	   +2.493137e+000
+1.077449e+004	   +2.483172e+000
+1.079241e+004	   +2.472762e+000
+1.081037e+004	   +2.462301e+000
+1.082835e+004	   +2.452396e+000
+1.084637e+004	   +2.442010e+000
+1.086442e+004	   +2.432200e+000
+1.088249e+004	   +2.421976e+000
+1.090060e+004	   +2.412158e+000
+1.091873e+004	   +2.402272e+000
+1.093690e+004	   +2.392194e+000
+1.095509e+004	   +2.382339e+000
+1.097332e+004	   +2.372157e+000
+1.099158e+004	   +2.362294e+000
+1.100987e+004	   +2.352341e+000
+1.102818e+004	   +2.342084e+000
+1.104653e+004	   +2.332146e+000
+1.106491e+004	   +2.322071e+000
+1.108332e+004	   +2.311953e+000
+1.110176e+004	   +2.301852e+000
+1.112023e+004	   +2.291847e+000
+1.113873e+004	   +2.281805e+000
+1.115726e+004	   +2.272019e+000
+1.117583e+004	   +2.262136e+000
+1.119442e+004	   +2.252212e+000
+1.121304e+004	   +2.242598e+000
+1.123170e+004	   +2.232647e+000
+1.125039e+004	   +2.222800e+000
+1.126910e+004	   +2.212837e+000
+1.128785e+004	   +2.203016e+000
+1.130663e+004	   +2.193189e+000
+1.132544e+004	   +2.183177e+000
+1.134429e+004	   +2.173005e+000
+1.136316e+004	   +2.163098e+000
+1.138207e+004	   +2.152927e+000
+1.140100e+004	   +2.143298e+000
+1.141997e+004	   +2.133516e+000
+1.143897e+004	   +2.123474e+000
+1.145800e+004	   +2.114094e+000
+1.147707e+004	   +2.104375e+000
+1.149616e+004	   +2.094721e+000
+1.151529e+004	   +2.085085e+000
+1.153445e+004	   +2.075161e+000
+1.155364e+004	   +2.065677e+000
+1.157286e+004	   +2.055665e+000
+1.159211e+004	   +2.045798e+000
+1.161140e+004	   +2.035935e+000
+1.163072e+004	   +2.026267e+000
+1.165007e+004	   +2.016350e+000
+1.166945e+004	   +2.006518e+000
+1.168887e+004	   +1.996805e+000
+1.170831e+004	   +1.986980e+000
+1.172779e+004	   +1.977337e+000
+1.174731e+004	   +1.967685e+000
+1.176685e+004	   +1.958112e+000
+1.178643e+004	   +1.948621e+000
+1.180604e+004	   +1.939223e+000
+1.182568e+004	   +1.929454e+000
+1.184535e+004	   +1.919907e+000
+1.186506e+004	   +1.910138e+000
+1.188480e+004	   +1.900202e+000
+1.190458e+004	   +1.890510e+000
+1.192438e+004	   +1.881095e+000
+1.194422e+004	   +1.871432e+000
+1.196409e+004	   +1.861482e+000
+1.198400e+004	   +1.851388e+000
+1.200394e+004	   +1.842212e+000
+1.202391e+004	   +1.832400e+000
+1.204391e+004	   +1.822932e+000
+1.206395e+004	   +1.813616e+000
+1.208402e+004	   +1.804097e+000
+1.210413e+004	   +1.794543e+000
+1.212427e+004	   +1.785533e+000
+1.214444e+004	   +1.775687e+000
+1.216464e+004	   +1.766001e+000
+1.218488e+004	   +1.756749e+000
+1.220515e+004	   +1.747150e+000
+1.222546e+004	   +1.737432e+000
+1.224580e+004	   +1.727828e+000
+1.226617e+004	   +1.718220e+000
+1.228658e+004	   +1.708413e+000
+1.230702e+004	   +1.699278e+000
+1.232750e+004	   +1.689700e+000
+1.234801e+004	   +1.680290e+000
+1.236855e+004	   +1.671132e+000
+1.238913e+004	   +1.661970e+000
+1.240974e+004	   +1.652580e+000
+1.243039e+004	   +1.642958e+000
+1.245107e+004	   +1.633945e+000
+1.247179e+004	   +1.624384e+000
+1.249254e+004	   +1.614739e+000
+1.251332e+004	   +1.605429e+000
+1.253414e+004	   +1.596182e+000
+1.255499e+004	   +1.586518e+000
+1.257588e+004	   +1.576872e+000
+1.259680e+004	   +1.567198e+000
+1.261776e+004	   +1.557805e+000
+1.263876e+004	   +1.548497e+000
+1.265978e+004	   +1.539349e+000
+1.268085e+004	   +1.530008e+000
+1.270194e+004	   +1.520916e+000
+1.272308e+004	   +1.511756e+000
+1.274424e+004	   +1.502314e+000
+1.276545e+004	   +1.493220e+000
+1.278669e+004	   +1.483981e+000
+1.280796e+004	   +1.474630e+000
+1.282927e+004	   +1.465319e+000
+1.285061e+004	   +1.456130e+000
+1.287199e+004	   +1.446357e+000
+1.289341e+004	   +1.437154e+000
+1.291486e+004	   +1.427539e+000
+1.293635e+004	   +1.418155e+000
+1.295787e+004	   +1.408957e+000
+1.297943e+004	   +1.399659e+000
+1.300102e+004	   +1.390730e+000
+1.302265e+004	   +1.381746e+000
+1.304432e+004	   +1.372723e+000
+1.306602e+004	   +1.363556e+000
+1.308776e+004	   +1.354643e+000
+1.310954e+004	   +1.345136e+000
+1.313135e+004	   +1.336058e+000
+1.315320e+004	   +1.326599e+000
+1.317508e+004	   +1.317493e+000
+1.319700e+004	   +1.308157e+000
+1.321896e+004	   +1.298962e+000
+1.324095e+004	   +1.289850e+000
+1.326298e+004	   +1.280312e+000
+1.328504e+004	   +1.271174e+000
+1.330715e+004	   +1.262148e+000
+1.332929e+004	   +1.253242e+000
+1.335146e+004	   +1.244156e+000
+1.337368e+004	   +1.234935e+000
+1.339593e+004	   +1.226468e+000
+1.341821e+004	   +1.217180e+000
+1.344054e+004	   +1.208119e+000
+1.346290e+004	   +1.199140e+000
+1.348530e+004	   +1.190190e+000
+1.350774e+004	   +1.181061e+000
+1.353021e+004	   +1.172122e+000
+1.355272e+004	   +1.162773e+000
+1.357527e+004	   +1.153769e+000
+1.359785e+004	   +1.144591e+000
+1.362048e+004	   +1.135353e+000
+1.364314e+004	   +1.126149e+000
+1.366584e+004	   +1.117507e+000
+1.368857e+004	   +1.108626e+000
+1.371135e+004	   +1.099722e+000
+1.373416e+004	   +1.091053e+000
+1.375701e+004	   +1.082101e+000
+1.377990e+004	   +1.073167e+000
+1.380282e+004	   +1.064491e+000
+1.382579e+004	   +1.055266e+000
+1.384879e+004	   +1.046399e+000
+1.387183e+004	   +1.037163e+000
+1.389491e+004	   +1.028218e+000
+1.391803e+004	   +1.019055e+000
+1.394119e+004	   +1.010328e+000
+1.396438e+004	   +1.001092e+000
+1.398761e+004	   +9.922647e-001
+1.401088e+004	   +9.834785e-001
+1.403420e+004	   +9.746619e-001
+1.405754e+004	   +9.659987e-001
+1.408093e+004	   +9.573423e-001
+1.410436e+004	   +9.486005e-001
+1.412783e+004	   +9.402285e-001
+1.415133e+004	   +9.312062e-001
+1.417488e+004	   +9.226133e-001
+1.419846e+004	   +9.135849e-001
+1.422208e+004	   +9.043494e-001
+1.424574e+004	   +8.955039e-001
+1.426945e+004	   +8.863928e-001
+1.429319e+004	   +8.776559e-001
+1.431697e+004	   +8.688406e-001
+1.434079e+004	   +8.598567e-001
+1.436465e+004	   +8.514435e-001
+1.438854e+004	   +8.427520e-001
+1.441248e+004	   +8.343450e-001
+1.443646e+004	   +8.258219e-001
+1.446048e+004	   +8.171449e-001
+1.448454e+004	   +8.083010e-001
+1.450864e+004	   +7.999510e-001
+1.453278e+004	   +7.911083e-001
+1.455696e+004	   +7.824275e-001
+1.458117e+004	   +7.737014e-001
+1.460543e+004	   +7.651746e-001
+1.462973e+004	   +7.560539e-001
+1.465407e+004	   +7.472825e-001
+1.467845e+004	   +7.384261e-001
+1.470288e+004	   +7.297714e-001
+1.472734e+004	   +7.211997e-001
+1.475184e+004	   +7.130916e-001
+1.477638e+004	   +7.042002e-001
+1.480097e+004	   +6.958269e-001
+1.482559e+004	   +6.873552e-001
+1.485026e+004	   +6.789089e-001
+1.487497e+004	   +6.701939e-001
+1.489971e+004	   +6.620263e-001
+1.492450e+004	   +6.533085e-001
+1.494933e+004	   +6.445627e-001
+1.497421e+004	   +6.359112e-001
+1.499912e+004	   +6.272593e-001
+1.502407e+004	   +6.186898e-001
+1.504907e+004	   +6.102279e-001
+1.507411e+004	   +6.019401e-001
+1.509919e+004	   +5.931465e-001
+1.512431e+004	   +5.849100e-001
+1.514947e+004	   +5.764255e-001
+1.517468e+004	   +5.680023e-001
+1.519992e+004	   +5.597758e-001
+1.522521e+004	   +5.515001e-001
+1.525054e+004	   +5.429929e-001
+1.527592e+004	   +5.343994e-001
+1.530133e+004	   +5.260733e-001
+1.532679e+004	   +5.178069e-001
+1.535229e+004	   +5.091836e-001
+1.537783e+004	   +5.007545e-001
+1.540342e+004	   +4.922841e-001
+1.542904e+004	   +4.834794e-001
+1.545471e+004	   +4.749317e-001
+1.548043e+004	   +4.668584e-001
+1.550618e+004	   +4.583307e-001
+1.553198e+004	   +4.502532e-001
+1.555782e+004	   +4.421337e-001
+1.558371e+004	   +4.338016e-001
+1.560963e+004	   +4.255590e-001
+1.563560e+004	   +4.173085e-001
+1.566162e+004	   +4.088398e-001
+1.568767e+004	   +4.005010e-001
+1.571377e+004	   +3.922279e-001
+1.573992e+004	   +3.833629e-001
+1.576611e+004	   +3.754812e-001
+1.579234e+004	   +3.667685e-001
+1.581861e+004	   +3.584989e-001
+1.584493e+004	   +3.500754e-001
+1.587129e+004	   +3.418120e-001
+1.589770e+004	   +3.335436e-001
+1.592415e+004	   +3.256167e-001
+1.595064e+004	   +3.174729e-001
+1.597718e+004	   +3.094132e-001
+1.600376e+004	   +3.012491e-001
+1.603039e+004	   +2.933858e-001
+1.605706e+004	   +2.851297e-001
+1.608377e+004	   +2.765087e-001
+1.611053e+004	   +2.682389e-001
+1.613733e+004	   +2.598928e-001
+1.616418e+004	   +2.517131e-001
+1.619108e+004	   +2.433762e-001
+1.621801e+004	   +2.353705e-001
+1.624500e+004	   +2.270374e-001
+1.627202e+004	   +2.187555e-001
+1.629910e+004	   +2.109012e-001
+1.632621e+004	   +2.026615e-001
+1.635338e+004	   +1.943755e-001
+1.638058e+004	   +1.867025e-001
+1.640784e+004	   +1.785291e-001
+1.643514e+004	   +1.703306e-001
+1.646248e+004	   +1.627008e-001
+1.648987e+004	   +1.541444e-001
+1.651730e+004	   +1.462400e-001
+1.654479e+004	   +1.380440e-001
+1.657231e+004	   +1.296125e-001
+1.659988e+004	   +1.218533e-001
+1.662750e+004	   +1.137422e-001
+1.665517e+004	   +1.055589e-001
+1.668288e+004	   +9.730126e-002
+1.671063e+004	   +8.935795e-002
+1.673843e+004	   +8.148015e-002
+1.676628e+004	   +7.344688e-002
+1.679418e+004	   +6.592938e-002
+1.682212e+004	   +5.801250e-002
+1.685011e+004	   +5.012765e-002
+1.687814e+004	   +4.247288e-002
+1.690622e+004	   +3.398987e-002
+1.693435e+004	   +2.567087e-002
+1.696252e+004	   +1.809042e-002
+1.699074e+004	   +1.017701e-002
+1.701901e+004	   +1.064571e-003
+1.704733e+004	   -6.777108e-003
+1.707569e+004	   -1.521377e-002
+1.710410e+004	   -2.357441e-002
+1.713256e+004	   -3.185027e-002
+1.716106e+004	   -3.993051e-002
+1.718961e+004	   -4.784986e-002
+1.721821e+004	   -5.634952e-002
+1.724686e+004	   -6.416820e-002
+1.727555e+004	   -7.231052e-002
+1.730430e+004	   -8.057259e-002
+1.733309e+004	   -8.898116e-002
+1.736192e+004	   -9.690510e-002
+1.739081e+004	   -1.051892e-001
+1.741974e+004	   -1.136909e-001
+1.744873e+004	   -1.215410e-001
+1.747776e+004	   -1.296930e-001
+1.750683e+004	   -1.381362e-001
+1.753596e+004	   -1.463021e-001
+1.756514e+004	   -1.543255e-001
+1.759436e+004	   -1.621513e-001
+1.762363e+004	   -1.703495e-001
+1.765296e+004	   -1.784318e-001
+1.768232e+004	   -1.863574e-001
+1.771174e+004	   -1.943244e-001
+1.774121e+004	   -2.023607e-001
+1.777073e+004	   -2.102116e-001
+1.780029e+004	   -2.184574e-001
+1.782991e+004	   -2.264114e-001
+1.785957e+004	   -2.343481e-001
+1.788929e+004	   -2.428164e-001
+1.791905e+004	   -2.504470e-001
+1.794886e+004	   -2.589175e-001
+1.797873e+004	   -2.668183e-001
+1.800864e+004	   -2.747166e-001
+1.803860e+004	   -2.829579e-001
+1.806861e+004	   -2.908092e-001
+1.809867e+004	   -2.986098e-001
+1.812879e+004	   -3.065895e-001
+1.815895e+004	   -3.143441e-001
+1.818916e+004	   -3.223364e-001
+1.821942e+004	   -3.303233e-001
+1.824973e+004	   -3.380617e-001
+1.828010e+004	   -3.461168e-001
+1.831051e+004	   -3.539156e-001
+1.834097e+004	   -3.620136e-001
+1.837149e+004	   -3.702291e-001
+1.840205e+004	   -3.783236e-001
+1.843267e+004	   -3.864396e-001
+1.846334e+004	   -3.938619e-001
+1.849406e+004	   -4.022364e-001
+1.852482e+004	   -4.098950e-001
+1.855565e+004	   -4.176092e-001
+1.858652e+004	   -4.256781e-001
+1.861744e+004	   -4.334385e-001
+1.864842e+004	   -4.412262e-001
+1.867944e+004	   -4.493961e-001
+1.871052e+004	   -4.567958e-001
+1.874165e+004	   -4.648862e-001
+1.877283e+004	   -4.730337e-001
+1.880406e+004	   -4.809839e-001
+1.883535e+004	   -4.890131e-001
+1.886669e+004	   -4.968270e-001
+1.889808e+004	   -5.044452e-001
+1.892952e+004	   -5.128382e-001
+1.896101e+004	   -5.205332e-001
+1.899256e+004	   -5.283085e-001
+1.902416e+004	   -5.366126e-001
+1.905581e+004	   -5.440714e-001
+1.908751e+004	   -5.520712e-001
+1.911927e+004	   -5.594328e-001
+1.915108e+004	   -5.663617e-001
+1.918294e+004	   -5.755433e-001
+1.921486e+004	   -5.838872e-001
+1.924682e+004	   -5.905138e-001
+1.927885e+004	   -6.004050e-001
+1.931092e+004	   -6.064381e-001
+1.934305e+004	   -6.153838e-001
+1.937523e+004	   -6.215943e-001
+1.940747e+004	   -6.277934e-001
+1.943976e+004	   -6.378477e-001
+1.947210e+004	   -6.460344e-001
+1.950450e+004	   -6.485004e-001
+1.953695e+004	   -6.607622e-001
+1.956945e+004	   -6.705570e-001
+1.960201e+004	   -6.803631e-001
+1.963462e+004	   -6.781409e-001
+1.966729e+004	   -6.939726e-001
+1.970001e+004	   -7.016703e-001
+1.973279e+004	   -7.096335e-001
+1.976562e+004	   -7.179570e-001
+1.979850e+004	   -7.251952e-001
+1.983144e+004	   -7.332697e-001
+1.986444e+004	   -7.408455e-001
+1.989749e+004	   -7.488807e-001
+1.993059e+004	   -7.566130e-001
+1.996375e+004	   -7.643841e-001
+1.999696e+004	   -7.725936e-001
+2.003023e+004	   -7.804417e-001
+2.006356e+004	   -7.884706e-001
+2.009694e+004	   -7.962052e-001
+2.013038e+004	   -8.035824e-001
+2.016387e+004	   -8.117737e-001
+2.019742e+004	   -8.198528e-001
+2.023102e+004	   -8.278609e-001
+2.026468e+004	   -8.356029e-001
+2.029839e+004	   -8.433282e-001
+2.033217e+004	   -8.515588e-001
+2.036599e+004	   -8.591823e-001
+2.039988e+004	   -8.666283e-001
+2.043382e+004	   -8.746031e-001
+2.046781e+004	   -8.824578e-001
+2.050187e+004	   -8.907449e-001
+2.053598e+004	   -8.988118e-001
+2.057014e+004	   -9.066246e-001
+2.060437e+004	   -9.146464e-001
+2.063865e+004	   -9.225734e-001
+2.067298e+004	   -9.303589e-001
+2.070738e+004	   -9.384427e-001
+2.074183e+004	   -9.465438e-001
+2.077634e+004	   -9.546018e-001
+2.081091e+004	   -9.621312e-001
+2.084553e+004	   -9.700799e-001
+2.088021e+004	   -9.781814e-001
+2.091495e+004	   -9.861709e-001
+2.094975e+004	   -9.938575e-001
+2.098461e+004	   -1.002231e+000
+2.101952e+004	   -1.010471e+000
+2.105449e+004	   -1.018089e+000
+2.108952e+004	   -1.026226e+000
+2.112461e+004	   -1.034564e+000
+2.115975e+004	   -1.042463e+000
+2.119496e+004	   -1.050593e+000
+2.123022e+004	   -1.058483e+000
+2.126554e+004	   -1.066738e+000
+2.130092e+004	   -1.074621e+000
+2.133636e+004	   -1.082661e+000
+2.137186e+004	   -1.090362e+000
+2.140742e+004	   -1.098599e+000
+2.144303e+004	   -1.106674e+000
+2.147871e+004	   -1.114221e+000
+2.151444e+004	   -1.122820e+000
+2.155024e+004	   -1.131224e+000
+2.158609e+004	   -1.138863e+000
+2.162201e+004	   -1.146844e+000
+2.165798e+004	   -1.155546e+000
+2.169401e+004	   -1.163236e+000
+2.173011e+004	   -1.171381e+000
+2.176626e+004	   -1.179660e+000
+2.180247e+004	   -1.187657e+000
+2.183875e+004	   -1.195735e+000
+2.187508e+004	   -1.203809e+000
+2.191148e+004	   -1.211949e+000
+2.194793e+004	   -1.219797e+000
+2.198445e+004	   -1.227972e+000
+2.202102e+004	   -1.235899e+000
+2.205766e+004	   -1.244487e+000
+2.209436e+004	   -1.252724e+000
+2.213112e+004	   -1.260447e+000
+2.216794e+004	   -1.269381e+000
+2.220482e+004	   -1.277458e+000
+2.224176e+004	   -1.285704e+000
+2.227877e+004	   -1.294507e+000
+2.231584e+004	   -1.302303e+000
+2.235296e+004	   -1.310837e+000
+2.239015e+004	   -1.318840e+000
+2.242740e+004	   -1.326763e+000
+2.246472e+004	   -1.334930e+000
+2.250209e+004	   -1.343236e+000
+2.253953e+004	   -1.351375e+000
+2.257703e+004	   -1.359140e+000
+2.261459e+004	   -1.367648e+000
+2.265222e+004	   -1.376243e+000
+2.268991e+004	   -1.384714e+000
+2.272766e+004	   -1.392936e+000
+2.276547e+004	   -1.401855e+000
+2.280335e+004	   -1.410210e+000
+2.284129e+004	   -1.418856e+000
+2.287929e+004	   -1.427242e+000
+2.291735e+004	   -1.435557e+000
+2.295548e+004	   -1.443589e+000
+2.299367e+004	   -1.452033e+000
+2.303193e+004	   -1.460229e+000
+2.307025e+004	   -1.468483e+000
+2.310863e+004	   -1.476470e+000
+2.314708e+004	   -1.485078e+000
+2.318559e+004	   -1.493442e+000
+2.322416e+004	   -1.502169e+000
+2.326280e+004	   -1.511254e+000
+2.330151e+004	   -1.519538e+000
+2.334027e+004	   -1.528089e+000
+2.337911e+004	   -1.536849e+000
+2.341800e+004	   -1.545901e+000
+2.345696e+004	   -1.554403e+000
+2.349599e+004	   -1.562567e+000
+2.353508e+004	   -1.571425e+000
+2.357424e+004	   -1.579290e+000
+2.361346e+004	   -1.587617e+000
+2.365275e+004	   -1.596938e+000
+2.369210e+004	   -1.604876e+000
+2.373152e+004	   -1.613303e+000
+2.377100e+004	   -1.621775e+000
+2.381055e+004	   -1.630851e+000
+2.385016e+004	   -1.639832e+000
+2.388985e+004	   -1.648570e+000
+2.392959e+004	   -1.657828e+000
+2.396940e+004	   -1.666539e+000
+2.400928e+004	   -1.675246e+000
+2.404923e+004	   -1.684617e+000
+2.408924e+004	   -1.692980e+000
+2.412932e+004	   -1.701380e+000
+2.416946e+004	   -1.710178e+000
+2.420968e+004	   -1.719194e+000
+2.424996e+004	   -1.727637e+000
+2.429030e+004	   -1.736092e+000
+2.433071e+004	   -1.745041e+000
+2.437119e+004	   -1.753549e+000
+2.441174e+004	   -1.762525e+000
+2.445236e+004	   -1.771716e+000
+2.449304e+004	   -1.781074e+000
+2.453379e+004	   -1.790370e+000
+2.457461e+004	   -1.799314e+000
+2.461549e+004	   -1.808759e+000
+2.465645e+004	   -1.818440e+000
+2.469747e+004	   -1.827045e+000
+2.473856e+004	   -1.836081e+000
+2.477972e+004	   -1.844338e+000
+2.482095e+004	   -1.853470e+000
+2.486224e+004	   -1.862314e+000
+2.490361e+004	   -1.870501e+000
+2.494504e+004	   -1.879615e+000
+2.498654e+004	   -1.888479e+000
+2.502811e+004	   -1.897685e+000
+2.506975e+004	   -1.907810e+000
+2.511146e+004	   -1.916806e+000
+2.515324e+004	   -1.926246e+000
+2.519509e+004	   -1.936248e+000
+2.523701e+004	   -1.945870e+000
+2.527900e+004	   -1.955058e+000
+2.532105e+004	   -1.964385e+000
+2.536318e+004	   -1.973352e+000
+2.540538e+004	   -1.982460e+000
+2.544765e+004	   -1.991616e+000
+2.548999e+004	   -2.000757e+000
+2.553239e+004	   -2.009173e+000
+2.557488e+004	   -2.018472e+000
+2.561742e+004	   -2.027584e+000
+2.566004e+004	   -2.036891e+000
+2.570274e+004	   -2.047048e+000
+2.574550e+004	   -2.057063e+000
+2.578833e+004	   -2.066560e+000
+2.583124e+004	   -2.077323e+000
+2.587422e+004	   -2.086666e+000
+2.591726e+004	   -2.096714e+000
+2.596038e+004	   -2.106099e+000
+2.600358e+004	   -2.115225e+000
+2.604684e+004	   -2.124818e+000
+2.609017e+004	   -2.133535e+000
+2.613358e+004	   -2.142774e+000
+2.617706e+004	   -2.152496e+000
+2.622061e+004	   -2.161122e+000
+2.626424e+004	   -2.171074e+000
+2.630794e+004	   -2.180767e+000
+2.635171e+004	   -2.190754e+000
+2.639555e+004	   -2.201497e+000
+2.643946e+004	   -2.211612e+000
+2.648345e+004	   -2.222355e+000
+2.652751e+004	   -2.232316e+000
+2.657165e+004	   -2.242994e+000
+2.661586e+004	   -2.252648e+000
+2.666014e+004	   -2.261882e+000
+2.670449e+004	   -2.272102e+000
+2.674892e+004	   -2.281144e+000
+2.679343e+004	   -2.290426e+000
+2.683800e+004	   -2.300736e+000
+2.688266e+004	   -2.309577e+000
+2.692738e+004	   -2.319412e+000
+2.697218e+004	   -2.330125e+000
+2.701706e+004	   -2.340831e+000
+2.706201e+004	   -2.351866e+000
+2.710703e+004	   -2.362162e+000
+2.715213e+004	   -2.373445e+000
+2.719730e+004	   -2.384966e+000
+2.724255e+004	   -2.395058e+000
+2.728788e+004	   -2.406147e+000
+2.733328e+004	   -2.415365e+000
+2.737876e+004	   -2.425084e+000
+2.742431e+004	   -2.435043e+000
+2.746993e+004	   -2.444654e+000
+2.751564e+004	   -2.454457e+000
+2.756142e+004	   -2.464163e+000
+2.760727e+004	   -2.473977e+000
+2.765320e+004	   -2.485479e+000
+2.769921e+004	   -2.495569e+000
+2.774529e+004	   -2.507701e+000
+2.779146e+004	   -2.518729e+000
+2.783769e+004	   -2.530032e+000
+2.788401e+004	   -2.541909e+000
+2.793040e+004	   -2.553015e+000
+2.797687e+004	   -2.563955e+000
+2.802342e+004	   -2.572719e+000
+2.807004e+004	   -2.583578e+000
+2.811674e+004	   -2.594300e+000
+2.816352e+004	   -2.603443e+000
+2.821038e+004	   -2.614306e+000
+2.825731e+004	   -2.624684e+000
+2.830433e+004	   -2.634097e+000
+2.835142e+004	   -2.646282e+000
+2.839859e+004	   -2.657553e+000
+2.844583e+004	   -2.669289e+000
+2.849316e+004	   -2.680781e+000
+2.854057e+004	   -2.693050e+000
+2.858805e+004	   -2.704787e+000
+2.863561e+004	   -2.718145e+000
+2.868326e+004	   -2.728166e+000
+2.873098e+004	   -2.738627e+000
+2.877878e+004	   -2.749745e+000
+2.882666e+004	   -2.759558e+000
+2.887462e+004	   -2.770062e+000
+2.892266e+004	   -2.780686e+000
+2.897078e+004	   -2.791354e+000
+2.901898e+004	   -2.801341e+000
+2.906726e+004	   -2.813570e+000
+2.911562e+004	   -2.826456e+000
+2.916406e+004	   -2.838191e+000
+2.921258e+004	   -2.851364e+000
+2.926119e+004	   -2.866463e+000
+2.930987e+004	   -2.876597e+000
+2.935863e+004	   -2.887090e+000
+2.940748e+004	   -2.898303e+000
+2.945640e+004	   -2.905953e+000
+2.950541e+004	   -2.917059e+000
+2.955450e+004	   -2.928920e+000
+2.960367e+004	   -2.943639e+000
+2.965293e+004	   -2.955176e+000
+2.970226e+004	   -2.965085e+000
+2.975168e+004	   -2.978074e+000
+2.980118e+004	   -2.989705e+000
+2.985076e+004	   -3.005564e+000
+2.990042e+004	   -3.017551e+000
+2.995017e+004	   -3.031404e+000
+3.000000e+004	   -3.046083e+000
