-6.446000e+00
-6.625230e+00
-6.804462e+00
-6.986086e+00
-7.172904e+00
-7.359722e+00
-7.558296e+00
-7.763750e+00
-7.969203e+00
-8.206770e+00
-8.446160e+00
-8.677873e+00
-8.887933e+00
-9.097993e+00
-9.329169e+00
-9.575814e+00
-9.822460e+00
-1.010887e+01
-1.040006e+01
-1.068483e+01
-1.094518e+01
-1.120553e+01
-1.148387e+01
-1.177860e+01
-1.207333e+01
-1.236604e+01
-1.265836e+01
-1.296343e+01
-1.333833e+01
-1.371324e+01
-1.407530e+01
-1.442287e+01
-1.477045e+01
-1.515467e+01
-1.554891e+01
-1.594276e+01
-1.633306e+01
-1.672336e+01
-1.714066e+01
-1.759584e+01
-1.805102e+01
-1.848273e+01
-1.890583e+01
-1.933100e+01
-1.979812e+01
-2.026525e+01
-2.073785e+01
-2.122011e+01
-2.170236e+01
-2.220191e+01
-2.270967e+01
-2.321733e+01
-2.373940e+01
-2.426148e+01
-2.478913e+01
-2.532926e+01
-2.586939e+01
-2.641819e+01
-2.697220e+01
-2.752621e+01
-2.807935e+01
-2.863242e+01
-2.919261e+01
-2.977357e+01
-3.035454e+01
-3.093361e+01
-3.151126e+01
-3.208890e+01
-3.265125e+01
-3.321162e+01
-3.378241e+01
-3.439451e+01
-3.500661e+01
-3.558692e+01
-3.613751e+01
-3.668810e+01
-3.724616e+01
-3.780572e+01
-3.836340e+01
-3.891020e+01
-3.945700e+01
-3.999891e+01
-4.053516e+01
-4.107142e+01
-4.158448e+01
-4.209095e+01
-4.259622e+01
-4.308986e+01
-4.358350e+01
-4.406259e+01
-4.452070e+01
-4.497882e+01
-4.542595e+01
-4.586889e+01
-4.631057e+01
-4.672194e+01
-4.713332e+01
-4.753614e+01
-4.792347e+01
-4.831080e+01
-4.867327e+01
-4.902355e+01
-4.937383e+01
-4.971909e+01
-5.006428e+01
-5.040326e+01
-5.072791e+01
-5.105256e+01
-5.136174e+01
-5.166134e+01
-5.196094e+01
-5.224244e+01
-5.252264e+01
-5.280236e+01
-5.308064e+01
-5.335892e+01
-5.362674e+01
-5.388647e+01
-5.414620e+01
-5.441203e+01
-5.467870e+01
-5.494497e+01
-5.520955e+01
-5.547413e+01
-5.573986e+01
-5.600668e+01
-5.627350e+01
-5.655154e+01
-5.683195e+01
-5.711349e+01
-5.740189e+01
-5.769029e+01
-5.798417e+01
-5.828456e+01
-5.858496e+01
-5.890133e+01
-5.922242e+01
-5.954453e+01
-5.987712e+01
-6.020972e+01
-6.055346e+01
-6.091368e+01
-6.127391e+01
-6.164009e+01
-6.200863e+01
-6.237802e+01
-6.277226e+01
-6.316651e+01
-6.356417e+01
-6.396820e+01
-6.437223e+01
-6.478310e+01
-6.519742e+01
-6.561173e+01
-6.603785e+01
-6.646420e+01
-6.689101e+01
-6.731893e+01
-6.774685e+01
-6.818211e+01
-6.862206e+01
-6.906200e+01
-6.950468e+01
-6.994756e+01
-7.038990e+01
-7.083055e+01
-7.127119e+01
-7.171005e+01
-7.214748e+01
-7.258492e+01
-7.301972e+01
-7.345414e+01
-7.388707e+01
-7.431356e+01
-7.474004e+01
-7.516293e+01
-7.558228e+01
-7.600162e+01
-7.641811e+01
-7.683398e+01
-7.724802e+01
-7.765031e+01
-7.805260e+01
-7.845248e+01
-7.884943e+01
-7.924638e+01
-7.963532e+01
-8.002180e+01
-8.040729e+01
-8.078161e+01
-8.115592e+01
-8.152715e+01
-8.189369e+01
-8.226024e+01
-8.262595e+01
-8.299132e+01
-8.335630e+01
-8.370700e+01
-8.405769e+01
-8.440625e+01
-8.475068e+01
-8.509512e+01
-8.543688e+01
-8.577726e+01
-8.611764e+01
-8.645948e+01
-8.680137e+01
-8.713996e+01
-8.747041e+01
-8.780087e+01
-8.813305e+01
-8.846638e+01
-8.879970e+01
-8.912759e+01
-8.945499e+01
-8.978391e+01
-9.011766e+01
-9.045142e+01
-9.078224e+01
-9.111068e+01
-9.143911e+01
-9.177008e+01
-9.210144e+01
-9.243211e+01
-9.275961e+01
-9.308711e+01
-9.342120e+01
-9.376199e+01
-9.410276e+01
-9.444669e+01
-9.479135e+01
-9.513518e+01
-9.547334e+01
-9.581149e+01
-9.615647e+01
-9.651005e+01
-9.686362e+01
-9.722408e+01
-9.758672e+01
-9.794880e+01
-9.830392e+01
-9.865905e+01
-9.901505e+01
-9.937241e+01
-9.972977e+01
-1.001031e+02
-1.004832e+02
-1.008631e+02
-1.012381e+02
-1.016131e+02
-1.019896e+02
-1.023689e+02
-1.027482e+02
-1.031313e+02
-1.035164e+02
-1.039016e+02
-1.042911e+02
-1.046808e+02
-1.050675e+02
-1.054469e+02
-1.058263e+02
-1.061941e+02
-1.065540e+02
-1.069138e+02
-1.072667e+02
-1.076189e+02
-1.079740e+02
-1.083392e+02
-1.087044e+02
-1.090657e+02
-1.094238e+02
-1.097819e+02
-1.100907e+02
-1.103914e+02
-1.106901e+02
-1.109787e+02
-1.112673e+02
-1.115525e+02
-1.118343e+02
-1.121161e+02
-1.123832e+02
-1.126468e+02
-1.129097e+02
-1.131682e+02
-1.134267e+02
-1.136430e+02
-1.138047e+02
-1.139665e+02
-1.141399e+02
-1.143172e+02
-1.144955e+02
-1.146884e+02
-1.148812e+02
-1.150416e+02
-1.151495e+02
-1.152574e+02
-1.154256e+02
-1.156200e+02
-1.158118e+02
-1.158159e+02
-1.158200e+02
-1.158814e+02
-1.160596e+02
-1.162377e+02
-1.163419e+02
-1.164053e+02
-1.164687e+02
-1.164344e+02
-1.163959e+02
-1.164228e+02
-1.166216e+02
-1.168205e+02
-1.169872e+02
-1.171315e+02
-1.172759e+02
-1.174452e+02
-1.176170e+02
-1.177036e+02
-1.174908e+02
-1.172780e+02
-1.173448e+02
-1.176528e+02
-1.179608e+02
-1.178830e+02
-1.177385e+02
-1.176731e+02
-1.180006e+02
-1.183282e+02
-1.185311e+02
-1.186006e+02
-1.186702e+02
-1.192071e+02
-1.198619e+02
-1.204335e+02
-1.203597e+02
-1.202859e+02
-1.206238e+02
-1.215086e+02
-1.223934e+02
-1.225471e+02
-1.224505e+02
-1.223569e+02
-1.223113e+02
-1.222657e+02
-1.224688e+02
-1.230847e+02
-1.237006e+02
-1.245208e+02
-1.254322e+02
-1.263341e+02
-1.258100e+02
-1.252859e+02
-1.255110e+02
-1.273123e+02
-1.291136e+02
-1.313789e+02
-1.339078e+02
-1.364368e+02
-1.356074e+02
-1.346126e+02
-1.340094e+02
-1.344738e+02
-1.349381e+02
-1.362505e+02
-1.381673e+02
-1.400841e+02
-1.388120e+02
-1.371830e+02
-1.363382e+02
-1.383609e+02
-1.403835e+02
-1.409425e+02
-1.402046e+02
-1.394668e+02
-1.418668e+02
-1.448396e+02
-1.474233e+02
-1.479807e+02
-1.485382e+02
-1.491130e+02
-1.497069e+02
-1.503008e+02
-1.501855e+02
-1.498838e+02
-1.497057e+02
-1.505553e+02
-1.514048e+02
-1.530969e+02
-1.559392e+02
-1.587814e+02
-1.596605e+02
-1.598436e+02
-1.600449e+02
-1.605690e+02
-1.610932e+02
-1.625782e+02
-1.657057e+02
-1.688331e+02
-1.667704e+02
-1.623163e+02
-1.578621e+02
