+3.800000e+003	   +8.414186e-005
+3.801000e+003	   +8.428295e-005
+3.802000e+003	   +8.485903e-005
+3.803000e+003	   +7.969290e-005
+3.804000e+003	   +7.171892e-005
+3.805000e+003	   +7.094575e-005
+3.806000e+003	   +7.083795e-005
+3.807000e+003	   +6.858239e-005
+3.808000e+003	   +6.236816e-005
+3.809000e+003	   +7.000084e-005
+3.810000e+003	   +7.588744e-005
+3.811000e+003	   +7.120289e-005
+3.812000e+003	   +7.217487e-005
+3.813000e+003	   +7.343335e-005
+3.814000e+003	   +7.104530e-005
+3.815000e+003	   +6.868775e-005
+3.816000e+003	   +6.857049e-005
+3.817000e+003	   +6.939781e-005
+3.818000e+003	   +6.903698e-005
+3.819000e+003	   +6.302708e-005
+3.820000e+003	   +6.031543e-005
+3.821000e+003	   +7.001683e-005
+3.822000e+003	   +7.339990e-005
+3.823000e+003	   +6.758112e-005
+3.824000e+003	   +6.414464e-005
+3.825000e+003	   +6.672438e-005
+3.826000e+003	   +7.192474e-005
+3.827000e+003	   +7.122368e-005
+3.828000e+003	   +6.891724e-005
+3.829000e+003	   +6.929586e-005
+3.830000e+003	   +7.624489e-005
+3.831000e+003	   +7.472904e-005
+3.832000e+003	   +6.493709e-005
+3.833000e+003	   +5.938919e-005
+3.834000e+003	   +6.132360e-005
+3.835000e+003	   +6.175272e-005
+3.836000e+003	   +5.978120e-005
+3.837000e+003	   +5.824361e-005
+3.838000e+003	   +6.810029e-005
+3.839000e+003	   +7.594220e-005
+3.840000e+003	   +7.490203e-005
+3.841000e+003	   +7.163125e-005
+3.842000e+003	   +6.883270e-005
+3.843000e+003	   +6.645664e-005
+3.844000e+003	   +6.931314e-005
+3.845000e+003	   +6.723771e-005
+3.846000e+003	   +6.283858e-005
+3.847000e+003	   +5.946775e-005
+3.848000e+003	   +6.219856e-005
+3.849000e+003	   +6.124556e-005
+3.850000e+003	   +5.147728e-005
+3.851000e+003	   +4.890819e-005
+3.852000e+003	   +5.150662e-005
+3.853000e+003	   +5.893992e-005
+3.854000e+003	   +5.978251e-005
+3.855000e+003	   +6.095655e-005
+3.856000e+003	   +7.432024e-005
+3.857000e+003	   +7.775408e-005
+3.858000e+003	   +6.812721e-005
+3.859000e+003	   +6.302016e-005
+3.860000e+003	   +6.287916e-005
+3.861000e+003	   +6.694901e-005
+3.862000e+003	   +7.049292e-005
+3.863000e+003	   +6.706142e-005
+3.864000e+003	   +5.661066e-005
+3.865000e+003	   +5.660214e-005
+3.866000e+003	   +5.717303e-005
+3.867000e+003	   +5.556118e-005
+3.868000e+003	   +4.815623e-005
+3.869000e+003	   +5.028621e-005
+3.870000e+003	   +5.314734e-005
+3.871000e+003	   +4.945058e-005
+3.872000e+003	   +5.372630e-005
+3.873000e+003	   +6.190438e-005
+3.874000e+003	   +6.161537e-005
+3.875000e+003	   +6.012936e-005
+3.876000e+003	   +5.394560e-005
+3.877000e+003	   +5.374984e-005
+3.878000e+003	   +5.663708e-005
+3.879000e+003	   +5.248539e-005
+3.880000e+003	   +4.795973e-005
+3.881000e+003	   +4.978442e-005
+3.882000e+003	   +5.446665e-005
+3.883000e+003	   +5.274211e-005
+3.884000e+003	   +5.170538e-005
+3.885000e+003	   +5.595415e-005
+3.886000e+003	   +5.504216e-005
+3.887000e+003	   +5.629751e-005
+3.888000e+003	   +5.696725e-005
+3.889000e+003	   +5.096998e-005
+3.890000e+003	   +5.038641e-005
+3.891000e+003	   +5.717635e-005
+3.892000e+003	   +5.938834e-005
+3.893000e+003	   +5.388847e-005
+3.894000e+003	   +5.070691e-005
+3.895000e+003	   +4.743223e-005
+3.896000e+003	   +4.565173e-005
+3.897000e+003	   +5.649033e-005
+3.898000e+003	   +5.916894e-005
+3.899000e+003	   +5.538066e-005
+3.900000e+003	   +5.819861e-005
+3.901000e+003	   +5.563877e-005
+3.902000e+003	   +4.685808e-005
+3.903000e+003	   +4.119865e-005
+3.904000e+003	   +4.767910e-005
+3.905000e+003	   +5.184978e-005
+3.906000e+003	   +5.031648e-005
+3.907000e+003	   +4.967975e-005
+3.908000e+003	   +4.574003e-005
+3.909000e+003	   +4.652654e-005
+3.910000e+003	   +4.886284e-005
+3.911000e+003	   +4.886697e-005
+3.912000e+003	   +4.591533e-005
+3.913000e+003	   +4.543206e-005
+3.914000e+003	   +4.837297e-005
+3.915000e+003	   +4.960399e-005
+3.916000e+003	   +4.654718e-005
+3.917000e+003	   +4.464052e-005
+3.918000e+003	   +4.418566e-005
+3.919000e+003	   +4.275183e-005
+3.920000e+003	   +5.025403e-005
+3.921000e+003	   +5.353252e-005
+3.922000e+003	   +4.706567e-005
+3.923000e+003	   +4.526521e-005
+3.924000e+003	   +4.321684e-005
+3.925000e+003	   +4.694284e-005
+3.926000e+003	   +5.120731e-005
+3.927000e+003	   +5.212474e-005
+3.928000e+003	   +5.175326e-005
+3.929000e+003	   +4.929084e-005
+3.930000e+003	   +4.780244e-005
+3.931000e+003	   +4.564877e-005
+3.932000e+003	   +4.538221e-005
+3.933000e+003	   +4.878918e-005
+3.934000e+003	   +5.543554e-005
+3.935000e+003	   +5.887932e-005
+3.936000e+003	   +5.711110e-005
+3.937000e+003	   +5.434462e-005
+3.938000e+003	   +5.359609e-005
+3.939000e+003	   +5.580310e-005
+3.940000e+003	   +5.493427e-005
+3.941000e+003	   +4.875378e-005
+3.942000e+003	   +4.659750e-005
+3.943000e+003	   +4.679315e-005
+3.944000e+003	   +4.660067e-005
+3.945000e+003	   +5.052712e-005
+3.946000e+003	   +5.062063e-005
+3.947000e+003	   +4.852660e-005
+3.948000e+003	   +4.628838e-005
+3.949000e+003	   +4.960540e-005
+3.950000e+003	   +5.511812e-005
+3.951000e+003	   +4.900613e-005
+3.952000e+003	   +4.200187e-005
+3.953000e+003	   +4.171335e-005
+3.954000e+003	   +4.374124e-005
+3.955000e+003	   +4.624835e-005
+3.956000e+003	   +4.951268e-005
+3.957000e+003	   +5.487459e-005
+3.958000e+003	   +5.516340e-005
+3.959000e+003	   +4.749044e-005
+3.960000e+003	   +4.592895e-005
+3.961000e+003	   +4.855292e-005
+3.962000e+003	   +4.704392e-005
+3.963000e+003	   +4.635369e-005
+3.964000e+003	   +4.742812e-005
+3.965000e+003	   +4.974503e-005
+3.966000e+003	   +5.102446e-005
+3.967000e+003	   +5.093843e-005
+3.968000e+003	   +5.260267e-005
+3.969000e+003	   +5.543949e-005
+3.970000e+003	   +4.942095e-005
+3.971000e+003	   +4.657510e-005
+3.972000e+003	   +4.780286e-005
+3.973000e+003	   +5.061952e-005
+3.974000e+003	   +4.803330e-005
+3.975000e+003	   +4.663906e-005
+3.976000e+003	   +4.895869e-005
+3.977000e+003	   +4.687923e-005
+3.978000e+003	   +4.536432e-005
+3.979000e+003	   +4.855586e-005
+3.980000e+003	   +5.043224e-005
+3.981000e+003	   +4.971189e-005
+3.982000e+003	   +4.807434e-005
+3.983000e+003	   +4.602921e-005
+3.984000e+003	   +4.426379e-005
+3.985000e+003	   +4.546305e-005
+3.986000e+003	   +4.084154e-005
+3.987000e+003	   +3.798576e-005
+3.988000e+003	   +3.806183e-005
+3.989000e+003	   +3.996587e-005
+3.990000e+003	   +4.103387e-005
+3.991000e+003	   +4.667482e-005
+3.992000e+003	   +5.372890e-005
+3.993000e+003	   +5.194375e-005
+3.994000e+003	   +4.691053e-005
+3.995000e+003	   +4.974590e-005
+3.996000e+003	   +5.304829e-005
+3.997000e+003	   +5.206685e-005
+3.998000e+003	   +5.046669e-005
+3.999000e+003	   +5.400326e-005
+4.000000e+003	   +5.454386e-005
+4.001000e+003	   +5.007503e-005
+4.002000e+003	   +4.468137e-005
+4.003000e+003	   +3.971148e-005
+4.004000e+003	   +4.041021e-005
+4.005000e+003	   +4.895547e-005
+4.006000e+003	   +5.013329e-005
+4.007000e+003	   +4.567860e-005
+4.008000e+003	   +4.650795e-005
+4.009000e+003	   +4.810587e-005
+4.010000e+003	   +4.452162e-005
+4.011000e+003	   +4.087070e-005
+4.012000e+003	   +4.540349e-005
+4.013000e+003	   +4.714956e-005
+4.014000e+003	   +4.533634e-005
+4.015000e+003	   +4.430541e-005
+4.016000e+003	   +4.097390e-005
+4.017000e+003	   +4.002485e-005
+4.018000e+003	   +4.171664e-005
+4.019000e+003	   +5.312266e-005
+4.020000e+003	   +5.999134e-005
+4.021000e+003	   +5.426264e-005
+4.022000e+003	   +5.216711e-005
+4.023000e+003	   +5.477346e-005
+4.024000e+003	   +5.547323e-005
+4.025000e+003	   +5.368396e-005
+4.026000e+003	   +5.232210e-005
+4.027000e+003	   +5.236980e-005
+4.028000e+003	   +5.327546e-005
+4.029000e+003	   +5.129313e-005
+4.030000e+003	   +4.966950e-005
+4.031000e+003	   +4.820813e-005
+4.032000e+003	   +4.981926e-005
+4.033000e+003	   +4.631675e-005
+4.034000e+003	   +4.442289e-005
+4.035000e+003	   +4.369660e-005
+4.036000e+003	   +4.490485e-005
+4.037000e+003	   +4.901877e-005
+4.038000e+003	   +4.728046e-005
+4.039000e+003	   +4.542797e-005
+4.040000e+003	   +4.567629e-005
+4.041000e+003	   +4.539816e-005
+4.042000e+003	   +4.969568e-005
+4.043000e+003	   +5.184506e-005
+4.044000e+003	   +4.708665e-005
+4.045000e+003	   +4.119932e-005
+4.046000e+003	   +4.325083e-005
+4.047000e+003	   +4.750421e-005
+4.048000e+003	   +4.787392e-005
+4.049000e+003	   +4.649483e-005
+4.050000e+003	   +4.165362e-005
+4.051000e+003	   +4.006856e-005
+4.052000e+003	   +4.045753e-005
+4.053000e+003	   +3.733104e-005
+4.054000e+003	   +4.203024e-005
+4.055000e+003	   +4.489917e-005
+4.056000e+003	   +4.271589e-005
+4.057000e+003	   +4.463332e-005
+4.058000e+003	   +4.629316e-005
+4.059000e+003	   +4.691084e-005
+4.060000e+003	   +4.427647e-005
+4.061000e+003	   +4.030232e-005
+4.062000e+003	   +4.046770e-005
+4.063000e+003	   +3.985103e-005
+4.064000e+003	   +3.928768e-005
+4.065000e+003	   +4.051074e-005
+4.066000e+003	   +4.262748e-005
+4.067000e+003	   +4.648207e-005
+4.068000e+003	   +4.664592e-005
+4.069000e+003	   +4.502135e-005
+4.070000e+003	   +4.544209e-005
+4.071000e+003	   +4.297821e-005
+4.072000e+003	   +4.114770e-005
+4.073000e+003	   +4.088250e-005
+4.074000e+003	   +3.874752e-005
+4.075000e+003	   +3.913665e-005
+4.076000e+003	   +4.605448e-005
+4.077000e+003	   +5.210071e-005
+4.078000e+003	   +5.036700e-005
+4.079000e+003	   +4.939561e-005
+4.080000e+003	   +4.367213e-005
+4.081000e+003	   +3.907787e-005
+4.082000e+003	   +4.549361e-005
+4.083000e+003	   +5.004842e-005
+4.084000e+003	   +5.193023e-005
+4.085000e+003	   +5.419488e-005
+4.086000e+003	   +4.940521e-005
+4.087000e+003	   +4.247075e-005
+4.088000e+003	   +4.069463e-005
+4.089000e+003	   +4.106235e-005
+4.090000e+003	   +4.135087e-005
+4.091000e+003	   +3.790735e-005
+4.092000e+003	   +4.026790e-005
+4.093000e+003	   +3.905188e-005
+4.094000e+003	   +3.818200e-005
+4.095000e+003	   +4.094660e-005
+4.096000e+003	   +4.414085e-005
+4.097000e+003	   +4.475978e-005
+4.098000e+003	   +5.014490e-005
+4.099000e+003	   +5.313759e-005
+4.100000e+003	   +5.063581e-005
+4.101000e+003	   +4.536572e-005
+4.102000e+003	   +4.267145e-005
+4.103000e+003	   +4.314203e-005
+4.104000e+003	   +4.254033e-005
+4.105000e+003	   +3.859103e-005
+4.106000e+003	   +3.929721e-005
+4.107000e+003	   +4.360946e-005
+4.108000e+003	   +4.907618e-005
+4.109000e+003	   +4.716194e-005
+4.110000e+003	   +4.799234e-005
+4.111000e+003	   +4.660599e-005
+4.112000e+003	   +4.531932e-005
+4.113000e+003	   +4.732990e-005
+4.114000e+003	   +4.478967e-005
+4.115000e+003	   +4.023060e-005
+4.116000e+003	   +4.152649e-005
+4.117000e+003	   +4.071229e-005
+4.118000e+003	   +3.670768e-005
+4.119000e+003	   +3.700754e-005
+4.120000e+003	   +3.982334e-005
+4.121000e+003	   +4.116252e-005
+4.122000e+003	   +3.932808e-005
+4.123000e+003	   +3.770077e-005
+4.124000e+003	   +3.986569e-005
+4.125000e+003	   +4.564972e-005
+4.126000e+003	   +4.860808e-005
+4.127000e+003	   +4.613202e-005
+4.128000e+003	   +4.077070e-005
+4.129000e+003	   +4.347412e-005
+4.130000e+003	   +4.636560e-005
+4.131000e+003	   +4.378424e-005
+4.132000e+003	   +4.314530e-005
+4.133000e+003	   +4.411125e-005
+4.134000e+003	   +4.255636e-005
+4.135000e+003	   +3.917620e-005
+4.136000e+003	   +3.945783e-005
+4.137000e+003	   +4.539621e-005
+4.138000e+003	   +4.456628e-005
+4.139000e+003	   +3.570826e-005
+4.140000e+003	   +3.529431e-005
+4.141000e+003	   +4.274423e-005
+4.142000e+003	   +4.823624e-005
+4.143000e+003	   +4.991491e-005
+4.144000e+003	   +4.670240e-005
+4.145000e+003	   +4.037562e-005
+4.146000e+003	   +4.093056e-005
+4.147000e+003	   +4.537334e-005
+4.148000e+003	   +4.405980e-005
+4.149000e+003	   +3.815564e-005
+4.150000e+003	   +4.321480e-005
+4.151000e+003	   +4.452202e-005
+4.152000e+003	   +4.324475e-005
+4.153000e+003	   +4.282451e-005
+4.154000e+003	   +4.175014e-005
+4.155000e+003	   +4.210599e-005
+4.156000e+003	   +4.435895e-005
+4.157000e+003	   +4.343161e-005
+4.158000e+003	   +4.247476e-005
+4.159000e+003	   +4.435125e-005
+4.160000e+003	   +4.450218e-005
+4.161000e+003	   +4.553169e-005
+4.162000e+003	   +4.421211e-005
+4.163000e+003	   +4.131166e-005
+4.164000e+003	   +4.630104e-005
+4.165000e+003	   +5.021796e-005
+4.166000e+003	   +4.635638e-005
+4.167000e+003	   +4.395089e-005
+4.168000e+003	   +4.422633e-005
+4.169000e+003	   +4.618695e-005
+4.170000e+003	   +4.629443e-005
+4.171000e+003	   +4.801068e-005
+4.172000e+003	   +5.038868e-005
+4.173000e+003	   +5.320344e-005
+4.174000e+003	   +5.164644e-005
+4.175000e+003	   +4.485340e-005
+4.176000e+003	   +4.420070e-005
+4.177000e+003	   +4.397372e-005
+4.178000e+003	   +4.172232e-005
+4.179000e+003	   +4.193123e-005
+4.180000e+003	   +4.758397e-005
+4.181000e+003	   +5.014826e-005
+4.182000e+003	   +4.530330e-005
+4.183000e+003	   +4.418687e-005
+4.184000e+003	   +4.340696e-005
+4.185000e+003	   +4.268734e-005
+4.186000e+003	   +4.225214e-005
+4.187000e+003	   +4.537140e-005
+4.188000e+003	   +4.658793e-005
+4.189000e+003	   +4.167402e-005
+4.190000e+003	   +4.121245e-005
+4.191000e+003	   +4.049686e-005
+4.192000e+003	   +4.010196e-005
+4.193000e+003	   +4.101049e-005
+4.194000e+003	   +3.695265e-005
+4.195000e+003	   +3.768753e-005
+4.196000e+003	   +4.160261e-005
+4.197000e+003	   +4.317022e-005
+4.198000e+003	   +4.484217e-005
+4.199000e+003	   +4.431373e-005
+4.200000e+003	   +4.231120e-005
+4.201000e+003	   +4.643468e-005
+4.202000e+003	   +4.782091e-005
+4.203000e+003	   +4.700819e-005
+4.204000e+003	   +4.939242e-005
+4.205000e+003	   +4.614427e-005
+4.206000e+003	   +4.175289e-005
+4.207000e+003	   +4.862137e-005
+4.208000e+003	   +5.189170e-005
+4.209000e+003	   +4.895687e-005
+4.210000e+003	   +4.710346e-005
+4.211000e+003	   +4.065422e-005
+4.212000e+003	   +3.620939e-005
+4.213000e+003	   +3.943752e-005
+4.214000e+003	   +4.265946e-005
+4.215000e+003	   +4.703958e-005
+4.216000e+003	   +4.884009e-005
+4.217000e+003	   +4.086818e-005
+4.218000e+003	   +3.443387e-005
+4.219000e+003	   +3.911964e-005
+4.220000e+003	   +4.310486e-005
+4.221000e+003	   +4.580179e-005
+4.222000e+003	   +4.476765e-005
+4.223000e+003	   +4.168844e-005
+4.224000e+003	   +4.305775e-005
+4.225000e+003	   +4.419648e-005
+4.226000e+003	   +4.470335e-005
+4.227000e+003	   +3.808507e-005
+4.228000e+003	   +3.753230e-005
+4.229000e+003	   +4.196522e-005
+4.230000e+003	   +4.586565e-005
+4.231000e+003	   +4.523948e-005
+4.232000e+003	   +4.148712e-005
+4.233000e+003	   +4.230256e-005
+4.234000e+003	   +4.226040e-005
+4.235000e+003	   +4.468735e-005
+4.236000e+003	   +4.713802e-005
+4.237000e+003	   +4.762076e-005
+4.238000e+003	   +4.731681e-005
+4.239000e+003	   +4.306408e-005
+4.240000e+003	   +3.996522e-005
+4.241000e+003	   +4.340263e-005
+4.242000e+003	   +4.702868e-005
+4.243000e+003	   +4.212754e-005
+4.244000e+003	   +3.795658e-005
+4.245000e+003	   +3.836387e-005
+4.246000e+003	   +4.066471e-005
+4.247000e+003	   +3.923914e-005
+4.248000e+003	   +3.609198e-005
+4.249000e+003	   +3.524656e-005
+4.250000e+003	   +4.149623e-005
+4.251000e+003	   +4.188844e-005
+4.252000e+003	   +4.002687e-005
+4.253000e+003	   +3.961580e-005
+4.254000e+003	   +3.783741e-005
+4.255000e+003	   +3.834155e-005
+4.256000e+003	   +3.905432e-005
+4.257000e+003	   +4.042365e-005
+4.258000e+003	   +4.253281e-005
+4.259000e+003	   +4.209799e-005
+4.260000e+003	   +3.889962e-005
+4.261000e+003	   +3.740194e-005
+4.262000e+003	   +3.875242e-005
+4.263000e+003	   +3.935006e-005
+4.264000e+003	   +3.808971e-005
+4.265000e+003	   +3.883906e-005
+4.266000e+003	   +3.566215e-005
+4.267000e+003	   +3.743464e-005
+4.268000e+003	   +4.119715e-005
+4.269000e+003	   +4.165783e-005
+4.270000e+003	   +4.699818e-005
+4.271000e+003	   +4.947616e-005
+4.272000e+003	   +4.912481e-005
+4.273000e+003	   +5.122030e-005
+4.274000e+003	   +4.816495e-005
+4.275000e+003	   +4.753259e-005
+4.276000e+003	   +4.555909e-005
+4.277000e+003	   +4.992521e-005
+4.278000e+003	   +5.667994e-005
+4.279000e+003	   +5.735227e-005
+4.280000e+003	   +5.618797e-005
+4.281000e+003	   +5.027368e-005
+4.282000e+003	   +4.673466e-005
+4.283000e+003	   +5.042299e-005
+4.284000e+003	   +5.024824e-005
+4.285000e+003	   +4.836139e-005
+4.286000e+003	   +4.729058e-005
+4.287000e+003	   +4.428931e-005
+4.288000e+003	   +4.400502e-005
+4.289000e+003	   +4.756574e-005
+4.290000e+003	   +4.566491e-005
+4.291000e+003	   +3.961376e-005
+4.292000e+003	   +3.314851e-005
+4.293000e+003	   +3.153935e-005
+4.294000e+003	   +3.214924e-005
+4.295000e+003	   +3.638334e-005
+4.296000e+003	   +3.623974e-005
+4.297000e+003	   +3.509176e-005
+4.298000e+003	   +4.190458e-005
+4.299000e+003	   +5.078140e-005
+4.300000e+003	   +4.938677e-005
+4.301000e+003	   +4.648967e-005
+4.302000e+003	   +4.633425e-005
+4.303000e+003	   +4.855826e-005
+4.304000e+003	   +4.888505e-005
+4.305000e+003	   +4.923469e-005
+4.306000e+003	   +4.722940e-005
+4.307000e+003	   +4.993442e-005
+4.308000e+003	   +6.401518e-005
+4.309000e+003	   +6.426674e-005
+4.310000e+003	   +5.450363e-005
+4.311000e+003	   +4.935783e-005
+4.312000e+003	   +5.074105e-005
+4.313000e+003	   +5.782428e-005
+4.314000e+003	   +5.799933e-005
+4.315000e+003	   +5.134728e-005
+4.316000e+003	   +5.072378e-005
+4.317000e+003	   +6.226470e-005
+4.318000e+003	   +7.590135e-005
+4.319000e+003	   +7.617226e-005
+4.320000e+003	   +6.576251e-005
+4.321000e+003	   +5.115005e-005
+4.322000e+003	   +4.662073e-005
+4.323000e+003	   +4.446549e-005
+4.324000e+003	   +4.045593e-005
+4.325000e+003	   +4.569204e-005
+4.326000e+003	   +4.870370e-005
+4.327000e+003	   +4.473595e-005
+4.328000e+003	   +3.773034e-005
+4.329000e+003	   +3.408241e-005
+4.330000e+003	   +3.811347e-005
+4.331000e+003	   +3.951489e-005
+4.332000e+003	   +4.347102e-005
+4.333000e+003	   +4.468397e-005
+4.334000e+003	   +4.529609e-005
+4.335000e+003	   +4.571232e-005
+4.336000e+003	   +4.569565e-005
+4.337000e+003	   +4.429218e-005
+4.338000e+003	   +4.827762e-005
+4.339000e+003	   +5.285387e-005
+4.340000e+003	   +5.072245e-005
+4.341000e+003	   +4.571478e-005
+4.342000e+003	   +4.641572e-005
+4.343000e+003	   +4.469393e-005
+4.344000e+003	   +3.854098e-005
+4.345000e+003	   +3.793246e-005
+4.346000e+003	   +4.038488e-005
+4.347000e+003	   +4.481382e-005
+4.348000e+003	   +4.563784e-005
+4.349000e+003	   +4.009884e-005
+4.350000e+003	   +4.063632e-005
+4.351000e+003	   +4.253379e-005
+4.352000e+003	   +4.035869e-005
+4.353000e+003	   +4.108819e-005
+4.354000e+003	   +4.207341e-005
+4.355000e+003	   +4.082289e-005
+4.356000e+003	   +3.655424e-005
+4.357000e+003	   +3.279968e-005
+4.358000e+003	   +3.172662e-005
+4.359000e+003	   +3.085357e-005
+4.360000e+003	   +3.318849e-005
+4.361000e+003	   +3.372569e-005
+4.362000e+003	   +3.684508e-005
+4.363000e+003	   +4.290768e-005
+4.364000e+003	   +4.045291e-005
+4.365000e+003	   +3.540943e-005
+4.366000e+003	   +3.392356e-005
+4.367000e+003	   +3.423058e-005
+4.368000e+003	   +3.602939e-005
+4.369000e+003	   +3.642107e-005
+4.370000e+003	   +3.302539e-005
+4.371000e+003	   +3.129660e-005
+4.372000e+003	   +3.332915e-005
+4.373000e+003	   +3.628636e-005
+4.374000e+003	   +3.769750e-005
+4.375000e+003	   +4.124458e-005
+4.376000e+003	   +4.188549e-005
+4.377000e+003	   +3.968694e-005
+4.378000e+003	   +3.452890e-005
+4.379000e+003	   +3.841845e-005
+4.380000e+003	   +4.349503e-005
+4.381000e+003	   +4.228853e-005
+4.382000e+003	   +4.154519e-005
+4.383000e+003	   +3.977781e-005
+4.384000e+003	   +3.766829e-005
+4.385000e+003	   +3.445842e-005
+4.386000e+003	   +3.436144e-005
+4.387000e+003	   +4.245672e-005
+4.388000e+003	   +4.636153e-005
+4.389000e+003	   +4.326218e-005
+4.390000e+003	   +4.429548e-005
+4.391000e+003	   +4.701252e-005
+4.392000e+003	   +4.768858e-005
+4.393000e+003	   +4.172699e-005
+4.394000e+003	   +3.614294e-005
+4.395000e+003	   +3.544413e-005
+4.396000e+003	   +3.528102e-005
+4.397000e+003	   +3.553937e-005
+4.398000e+003	   +3.504270e-005
+4.399000e+003	   +3.603073e-005
+4.400000e+003	   +3.716329e-005
+4.401000e+003	   +3.366154e-005
+4.402000e+003	   +3.072086e-005
+4.403000e+003	   +3.053913e-005
+4.404000e+003	   +3.240710e-005
+4.405000e+003	   +3.078712e-005
+4.406000e+003	   +3.256028e-005
+4.407000e+003	   +3.434812e-005
+4.408000e+003	   +3.420158e-005
+4.409000e+003	   +3.242532e-005
+4.410000e+003	   +3.179717e-005
+4.411000e+003	   +3.316656e-005
+4.412000e+003	   +3.273949e-005
+4.413000e+003	   +3.143881e-005
+4.414000e+003	   +3.478319e-005
+4.415000e+003	   +3.755646e-005
+4.416000e+003	   +3.561742e-005
+4.417000e+003	   +3.617061e-005
+4.418000e+003	   +3.997786e-005
+4.419000e+003	   +4.162788e-005
+4.420000e+003	   +4.045300e-005
+4.421000e+003	   +3.990835e-005
+4.422000e+003	   +4.135791e-005
+4.423000e+003	   +4.257734e-005
+4.424000e+003	   +4.167951e-005
+4.425000e+003	   +3.646188e-005
+4.426000e+003	   +3.210095e-005
+4.427000e+003	   +3.556279e-005
+4.428000e+003	   +4.374350e-005
+4.429000e+003	   +4.666647e-005
+4.430000e+003	   +4.064132e-005
+4.431000e+003	   +3.597369e-005
+4.432000e+003	   +3.774604e-005
+4.433000e+003	   +3.895693e-005
+4.434000e+003	   +4.103180e-005
+4.435000e+003	   +4.144141e-005
+4.436000e+003	   +3.852274e-005
+4.437000e+003	   +3.808909e-005
+4.438000e+003	   +3.777751e-005
+4.439000e+003	   +3.615004e-005
+4.440000e+003	   +3.623429e-005
+4.441000e+003	   +3.768057e-005
+4.442000e+003	   +3.345814e-005
+4.443000e+003	   +3.191119e-005
+4.444000e+003	   +3.942648e-005
+4.445000e+003	   +4.230014e-005
+4.446000e+003	   +3.831541e-005
+4.447000e+003	   +4.120010e-005
+4.448000e+003	   +4.301976e-005
+4.449000e+003	   +3.962746e-005
+4.450000e+003	   +3.636549e-005
+4.451000e+003	   +3.639389e-005
+4.452000e+003	   +4.143313e-005
+4.453000e+003	   +4.489203e-005
+4.454000e+003	   +4.066346e-005
+4.455000e+003	   +3.875280e-005
+4.456000e+003	   +4.460094e-005
+4.457000e+003	   +4.752690e-005
+4.458000e+003	   +4.098214e-005
+4.459000e+003	   +3.540143e-005
+4.460000e+003	   +3.486961e-005
+4.461000e+003	   +3.085229e-005
+4.462000e+003	   +3.061914e-005
+4.463000e+003	   +3.066476e-005
+4.464000e+003	   +3.234489e-005
+4.465000e+003	   +3.143546e-005
+4.466000e+003	   +3.110900e-005
+4.467000e+003	   +2.955264e-005
+4.468000e+003	   +2.612920e-005
+4.469000e+003	   +3.045508e-005
+4.470000e+003	   +3.599064e-005
+4.471000e+003	   +3.716741e-005
+4.472000e+003	   +3.892777e-005
+4.473000e+003	   +3.995162e-005
+4.474000e+003	   +3.570999e-005
+4.475000e+003	   +3.359969e-005
+4.476000e+003	   +3.214768e-005
+4.477000e+003	   +3.136365e-005
+4.478000e+003	   +3.514045e-005
+4.479000e+003	   +3.719309e-005
+4.480000e+003	   +3.529137e-005
+4.481000e+003	   +3.374087e-005
+4.482000e+003	   +3.819323e-005
+4.483000e+003	   +4.192884e-005
+4.484000e+003	   +4.017009e-005
+4.485000e+003	   +3.725333e-005
+4.486000e+003	   +3.741570e-005
+4.487000e+003	   +3.715227e-005
+4.488000e+003	   +3.672021e-005
+4.489000e+003	   +4.272996e-005
+4.490000e+003	   +4.926194e-005
+4.491000e+003	   +4.691981e-005
+4.492000e+003	   +4.022429e-005
+4.493000e+003	   +3.787885e-005
+4.494000e+003	   +3.834479e-005
+4.495000e+003	   +3.849661e-005
+4.496000e+003	   +4.061375e-005
+4.497000e+003	   +4.505340e-005
+4.498000e+003	   +4.400570e-005
+4.499000e+003	   +3.838801e-005
+4.500000e+003	   +3.311322e-005
+4.501000e+003	   +3.349626e-005
+4.502000e+003	   +3.492797e-005
+4.503000e+003	   +3.606354e-005
+4.504000e+003	   +3.957459e-005
+4.505000e+003	   +4.034008e-005
+4.506000e+003	   +3.920301e-005
+4.507000e+003	   +3.932998e-005
+4.508000e+003	   +3.909632e-005
+4.509000e+003	   +4.033534e-005
+4.510000e+003	   +3.582002e-005
+4.511000e+003	   +3.404269e-005
+4.512000e+003	   +3.488661e-005
+4.513000e+003	   +3.327321e-005
+4.514000e+003	   +3.527502e-005
+4.515000e+003	   +3.882895e-005
+4.516000e+003	   +4.070048e-005
+4.517000e+003	   +4.115610e-005
+4.518000e+003	   +4.186315e-005
+4.519000e+003	   +4.355338e-005
+4.520000e+003	   +3.875174e-005
+4.521000e+003	   +3.635475e-005
+4.522000e+003	   +3.826169e-005
+4.523000e+003	   +3.840732e-005
+4.524000e+003	   +3.645584e-005
+4.525000e+003	   +3.297666e-005
+4.526000e+003	   +3.219396e-005
+4.527000e+003	   +3.065597e-005
+4.528000e+003	   +2.882212e-005
+4.529000e+003	   +2.727863e-005
+4.530000e+003	   +2.904752e-005
+4.531000e+003	   +3.228975e-005
+4.532000e+003	   +3.501463e-005
+4.533000e+003	   +3.357686e-005
+4.534000e+003	   +3.179878e-005
+4.535000e+003	   +2.889740e-005
+4.536000e+003	   +3.121335e-005
+4.537000e+003	   +3.196944e-005
+4.538000e+003	   +3.371750e-005
+4.539000e+003	   +3.686151e-005
+4.540000e+003	   +3.382908e-005
+4.541000e+003	   +2.874317e-005
+4.542000e+003	   +3.348464e-005
+4.543000e+003	   +3.818225e-005
+4.544000e+003	   +3.859641e-005
+4.545000e+003	   +3.651817e-005
+4.546000e+003	   +3.368009e-005
+4.547000e+003	   +2.922458e-005
+4.548000e+003	   +2.886218e-005
+4.549000e+003	   +3.429875e-005
+4.550000e+003	   +3.667420e-005
+4.551000e+003	   +3.509314e-005
+4.552000e+003	   +3.168447e-005
+4.553000e+003	   +3.324027e-005
+4.554000e+003	   +3.806467e-005
+4.555000e+003	   +3.955847e-005
+4.556000e+003	   +4.134501e-005
+4.557000e+003	   +4.336809e-005
+4.558000e+003	   +4.229861e-005
+4.559000e+003	   +4.032644e-005
+4.560000e+003	   +4.208644e-005
+4.561000e+003	   +4.166560e-005
+4.562000e+003	   +3.971854e-005
+4.563000e+003	   +3.806943e-005
+4.564000e+003	   +3.178038e-005
+4.565000e+003	   +2.720839e-005
+4.566000e+003	   +2.884225e-005
+4.567000e+003	   +2.984877e-005
+4.568000e+003	   +2.765668e-005
+4.569000e+003	   +2.772978e-005
+4.570000e+003	   +3.245467e-005
+4.571000e+003	   +3.572611e-005
+4.572000e+003	   +3.678530e-005
+4.573000e+003	   +3.653947e-005
+4.574000e+003	   +3.516017e-005
+4.575000e+003	   +3.144333e-005
+4.576000e+003	   +3.030421e-005
+4.577000e+003	   +3.287900e-005
+4.578000e+003	   +3.676822e-005
+4.579000e+003	   +4.006046e-005
+4.580000e+003	   +3.803739e-005
+4.581000e+003	   +3.658516e-005
+4.582000e+003	   +3.388186e-005
+4.583000e+003	   +3.472962e-005
+4.584000e+003	   +3.999120e-005
+4.585000e+003	   +3.889573e-005
+4.586000e+003	   +3.477342e-005
+4.587000e+003	   +3.231245e-005
+4.588000e+003	   +3.087811e-005
+4.589000e+003	   +3.036400e-005
+4.590000e+003	   +3.279010e-005
+4.591000e+003	   +3.753292e-005
+4.592000e+003	   +3.533293e-005
+4.593000e+003	   +3.445055e-005
+4.594000e+003	   +3.556295e-005
+4.595000e+003	   +3.411330e-005
+4.596000e+003	   +3.412236e-005
+4.597000e+003	   +3.442737e-005
+4.598000e+003	   +3.199978e-005
+4.599000e+003	   +2.912921e-005
+4.600000e+003	   +2.949799e-005
