+6.200000e+003	   +1.679773e-005
+6.201000e+003	   +1.664433e-005
+6.202000e+003	   +1.489940e-005
+6.203000e+003	   +1.437922e-005
+6.204000e+003	   +1.492336e-005
+6.205000e+003	   +1.556285e-005
+6.206000e+003	   +1.531319e-005
+6.207000e+003	   +1.498782e-005
+6.208000e+003	   +1.650805e-005
+6.209000e+003	   +1.710939e-005
+6.210000e+003	   +1.667255e-005
+6.211000e+003	   +1.669224e-005
+6.212000e+003	   +1.651735e-005
+6.213000e+003	   +1.626482e-005
+6.214000e+003	   +1.526766e-005
+6.215000e+003	   +1.447986e-005
+6.216000e+003	   +1.426523e-005
+6.217000e+003	   +1.427734e-005
+6.218000e+003	   +1.452123e-005
+6.219000e+003	   +1.461100e-005
+6.220000e+003	   +1.385703e-005
+6.221000e+003	   +1.314311e-005
+6.222000e+003	   +1.281657e-005
+6.223000e+003	   +1.255325e-005
+6.224000e+003	   +1.322231e-005
+6.225000e+003	   +1.492246e-005
+6.226000e+003	   +1.498137e-005
+6.227000e+003	   +1.483972e-005
+6.228000e+003	   +1.391964e-005
+6.229000e+003	   +1.396701e-005
+6.230000e+003	   +1.503517e-005
+6.231000e+003	   +1.505259e-005
+6.232000e+003	   +1.517884e-005
+6.233000e+003	   +1.597471e-005
+6.234000e+003	   +1.548264e-005
+6.235000e+003	   +1.402827e-005
+6.236000e+003	   +1.342046e-005
+6.237000e+003	   +1.363122e-005
+6.238000e+003	   +1.297434e-005
+6.239000e+003	   +1.186796e-005
+6.240000e+003	   +1.261033e-005
+6.241000e+003	   +1.479060e-005
+6.242000e+003	   +1.586834e-005
+6.243000e+003	   +1.527422e-005
+6.244000e+003	   +1.495589e-005
+6.245000e+003	   +1.612614e-005
+6.246000e+003	   +1.622784e-005
+6.247000e+003	   +1.376975e-005
+6.248000e+003	   +1.412696e-005
+6.249000e+003	   +1.384271e-005
+6.250000e+003	   +1.416554e-005
+6.251000e+003	   +1.539120e-005
+6.252000e+003	   +1.690143e-005
+6.253000e+003	   +1.724586e-005
+6.254000e+003	   +1.594235e-005
+6.255000e+003	   +1.361565e-005
+6.256000e+003	   +1.253908e-005
+6.257000e+003	   +1.228783e-005
+6.258000e+003	   +1.159389e-005
+6.259000e+003	   +1.222276e-005
+6.260000e+003	   +1.295043e-005
+6.261000e+003	   +1.372126e-005
+6.262000e+003	   +1.438093e-005
+6.263000e+003	   +1.390242e-005
+6.264000e+003	   +1.397011e-005
+6.265000e+003	   +1.393318e-005
+6.266000e+003	   +1.311666e-005
+6.267000e+003	   +1.205448e-005
+6.268000e+003	   +1.304751e-005
+6.269000e+003	   +1.425590e-005
+6.270000e+003	   +1.402693e-005
+6.271000e+003	   +1.451691e-005
+6.272000e+003	   +1.416798e-005
+6.273000e+003	   +1.282151e-005
+6.274000e+003	   +1.341746e-005
+6.275000e+003	   +1.430480e-005
+6.276000e+003	   +1.511126e-005
+6.277000e+003	   +1.484857e-005
+6.278000e+003	   +1.466993e-005
+6.279000e+003	   +1.438887e-005
+6.280000e+003	   +1.506814e-005
+6.281000e+003	   +1.495098e-005
+6.282000e+003	   +1.568258e-005
+6.283000e+003	   +1.627200e-005
+6.284000e+003	   +1.434614e-005
+6.285000e+003	   +1.267178e-005
+6.286000e+003	   +1.448868e-005
+6.287000e+003	   +1.508004e-005
+6.288000e+003	   +1.322774e-005
+6.289000e+003	   +1.326650e-005
+6.290000e+003	   +1.430954e-005
+6.291000e+003	   +1.542219e-005
+6.292000e+003	   +1.657255e-005
+6.293000e+003	   +1.590404e-005
+6.294000e+003	   +1.469356e-005
+6.295000e+003	   +1.419012e-005
+6.296000e+003	   +1.566511e-005
+6.297000e+003	   +1.568247e-005
+6.298000e+003	   +1.505876e-005
+6.299000e+003	   +1.418356e-005
+6.300000e+003	   +1.324634e-005
+6.301000e+003	   +1.420219e-005
+6.302000e+003	   +1.505772e-005
+6.303000e+003	   +1.483844e-005
+6.304000e+003	   +1.418613e-005
+6.305000e+003	   +1.336801e-005
+6.306000e+003	   +1.379900e-005
+6.307000e+003	   +1.565130e-005
+6.308000e+003	   +1.553013e-005
+6.309000e+003	   +1.439217e-005
+6.310000e+003	   +1.315054e-005
+6.311000e+003	   +1.429720e-005
+6.312000e+003	   +1.491806e-005
+6.313000e+003	   +1.434121e-005
+6.314000e+003	   +1.372995e-005
+6.315000e+003	   +1.368996e-005
+6.316000e+003	   +1.399761e-005
+6.317000e+003	   +1.327482e-005
+6.318000e+003	   +1.306511e-005
+6.319000e+003	   +1.402017e-005
+6.320000e+003	   +1.463764e-005
+6.321000e+003	   +1.425760e-005
+6.322000e+003	   +1.488568e-005
+6.323000e+003	   +1.694491e-005
+6.324000e+003	   +1.590259e-005
+6.325000e+003	   +1.433414e-005
+6.326000e+003	   +1.424163e-005
+6.327000e+003	   +1.375102e-005
+6.328000e+003	   +1.448171e-005
+6.329000e+003	   +1.453744e-005
+6.330000e+003	   +1.393292e-005
+6.331000e+003	   +1.383342e-005
+6.332000e+003	   +1.389212e-005
+6.333000e+003	   +1.372518e-005
+6.334000e+003	   +1.351424e-005
+6.335000e+003	   +1.449116e-005
+6.336000e+003	   +1.529736e-005
+6.337000e+003	   +1.510902e-005
+6.338000e+003	   +1.525479e-005
+6.339000e+003	   +1.569100e-005
+6.340000e+003	   +1.524589e-005
+6.341000e+003	   +1.405294e-005
+6.342000e+003	   +1.277191e-005
+6.343000e+003	   +1.239315e-005
+6.344000e+003	   +1.400119e-005
+6.345000e+003	   +1.515145e-005
+6.346000e+003	   +1.578096e-005
+6.347000e+003	   +1.630298e-005
+6.348000e+003	   +1.687986e-005
+6.349000e+003	   +1.555468e-005
+6.350000e+003	   +1.353080e-005
+6.351000e+003	   +1.412114e-005
+6.352000e+003	   +1.505888e-005
+6.353000e+003	   +1.446689e-005
+6.354000e+003	   +1.491676e-005
+6.355000e+003	   +1.511822e-005
+6.356000e+003	   +1.451967e-005
+6.357000e+003	   +1.544870e-005
+6.358000e+003	   +1.617782e-005
+6.359000e+003	   +1.599026e-005
+6.360000e+003	   +1.624150e-005
+6.361000e+003	   +1.577109e-005
+6.362000e+003	   +1.484487e-005
+6.363000e+003	   +1.477859e-005
+6.364000e+003	   +1.696881e-005
+6.365000e+003	   +1.667317e-005
+6.366000e+003	   +1.574515e-005
+6.367000e+003	   +1.518958e-005
+6.368000e+003	   +1.450829e-005
+6.369000e+003	   +1.425408e-005
+6.370000e+003	   +1.479395e-005
+6.371000e+003	   +1.417508e-005
+6.372000e+003	   +1.275045e-005
+6.373000e+003	   +1.185827e-005
+6.374000e+003	   +1.289146e-005
+6.375000e+003	   +1.356659e-005
+6.376000e+003	   +1.322799e-005
+6.377000e+003	   +1.248669e-005
+6.378000e+003	   +1.329675e-005
+6.379000e+003	   +1.266074e-005
+6.380000e+003	   +1.265561e-005
+6.381000e+003	   +1.363125e-005
+6.382000e+003	   +1.428582e-005
+6.383000e+003	   +1.672737e-005
+6.384000e+003	   +1.616752e-005
+6.385000e+003	   +1.322298e-005
+6.386000e+003	   +1.349846e-005
+6.387000e+003	   +1.335558e-005
+6.388000e+003	   +1.298125e-005
+6.389000e+003	   +1.331447e-005
+6.390000e+003	   +1.462050e-005
+6.391000e+003	   +1.543898e-005
+6.392000e+003	   +1.436038e-005
+6.393000e+003	   +1.477807e-005
+6.394000e+003	   +1.625224e-005
+6.395000e+003	   +1.609771e-005
+6.396000e+003	   +1.401985e-005
+6.397000e+003	   +1.348264e-005
+6.398000e+003	   +1.455661e-005
+6.399000e+003	   +1.583532e-005
+6.400000e+003	   +1.441309e-005
+6.401000e+003	   +1.305134e-005
+6.402000e+003	   +1.409910e-005
+6.403000e+003	   +1.448119e-005
+6.404000e+003	   +1.511787e-005
+6.405000e+003	   +1.602773e-005
+6.406000e+003	   +1.517599e-005
+6.407000e+003	   +1.441088e-005
+6.408000e+003	   +1.487555e-005
+6.409000e+003	   +1.507991e-005
+6.410000e+003	   +1.339551e-005
+6.411000e+003	   +1.417008e-005
+6.412000e+003	   +1.564010e-005
+6.413000e+003	   +1.556428e-005
+6.414000e+003	   +1.594867e-005
+6.415000e+003	   +1.484663e-005
+6.416000e+003	   +1.385460e-005
+6.417000e+003	   +1.416834e-005
+6.418000e+003	   +1.511261e-005
+6.419000e+003	   +1.550234e-005
+6.420000e+003	   +1.533173e-005
+6.421000e+003	   +1.604738e-005
+6.422000e+003	   +1.661063e-005
+6.423000e+003	   +1.570161e-005
+6.424000e+003	   +1.451785e-005
+6.425000e+003	   +1.450700e-005
+6.426000e+003	   +1.453912e-005
+6.427000e+003	   +1.542350e-005
+6.428000e+003	   +1.527107e-005
+6.429000e+003	   +1.526349e-005
+6.430000e+003	   +1.540684e-005
+6.431000e+003	   +1.497753e-005
+6.432000e+003	   +1.439936e-005
+6.433000e+003	   +1.384636e-005
+6.434000e+003	   +1.391182e-005
+6.435000e+003	   +1.410861e-005
+6.436000e+003	   +1.567485e-005
+6.437000e+003	   +1.628248e-005
+6.438000e+003	   +1.447329e-005
+6.439000e+003	   +1.291852e-005
+6.440000e+003	   +1.267121e-005
+6.441000e+003	   +1.253122e-005
+6.442000e+003	   +1.245984e-005
+6.443000e+003	   +1.284108e-005
+6.444000e+003	   +1.347792e-005
+6.445000e+003	   +1.566127e-005
+6.446000e+003	   +1.702233e-005
+6.447000e+003	   +1.509584e-005
+6.448000e+003	   +1.396324e-005
+6.449000e+003	   +1.391084e-005
+6.450000e+003	   +1.335875e-005
+6.451000e+003	   +1.336589e-005
+6.452000e+003	   +1.430932e-005
+6.453000e+003	   +1.320835e-005
+6.454000e+003	   +1.254720e-005
+6.455000e+003	   +1.352321e-005
+6.456000e+003	   +1.469815e-005
+6.457000e+003	   +1.517133e-005
+6.458000e+003	   +1.442342e-005
+6.459000e+003	   +1.391504e-005
+6.460000e+003	   +1.412276e-005
+6.461000e+003	   +1.446263e-005
+6.462000e+003	   +1.630323e-005
+6.463000e+003	   +1.720856e-005
+6.464000e+003	   +1.630686e-005
+6.465000e+003	   +1.537220e-005
+6.466000e+003	   +1.468698e-005
+6.467000e+003	   +1.410350e-005
+6.468000e+003	   +1.520157e-005
+6.469000e+003	   +1.522128e-005
+6.470000e+003	   +1.368736e-005
+6.471000e+003	   +1.246167e-005
+6.472000e+003	   +1.388557e-005
+6.473000e+003	   +1.347471e-005
+6.474000e+003	   +1.227306e-005
+6.475000e+003	   +1.425790e-005
+6.476000e+003	   +1.570149e-005
+6.477000e+003	   +1.427126e-005
+6.478000e+003	   +1.338781e-005
+6.479000e+003	   +1.524841e-005
+6.480000e+003	   +1.612414e-005
+6.481000e+003	   +1.632755e-005
+6.482000e+003	   +1.571736e-005
+6.483000e+003	   +1.432250e-005
+6.484000e+003	   +1.490177e-005
+6.485000e+003	   +1.589533e-005
+6.486000e+003	   +1.480527e-005
+6.487000e+003	   +1.402225e-005
+6.488000e+003	   +1.389991e-005
+6.489000e+003	   +1.428106e-005
+6.490000e+003	   +1.428819e-005
+6.491000e+003	   +1.348991e-005
+6.492000e+003	   +1.384675e-005
+6.493000e+003	   +1.530954e-005
+6.494000e+003	   +1.493384e-005
+6.495000e+003	   +1.552997e-005
+6.496000e+003	   +1.627090e-005
+6.497000e+003	   +1.496739e-005
+6.498000e+003	   +1.400912e-005
+6.499000e+003	   +1.399522e-005
+6.500000e+003	   +1.476778e-005
+6.501000e+003	   +1.563523e-005
+6.502000e+003	   +1.583223e-005
+6.503000e+003	   +1.553869e-005
+6.504000e+003	   +1.491814e-005
+6.505000e+003	   +1.386501e-005
+6.506000e+003	   +1.321120e-005
+6.507000e+003	   +1.416546e-005
+6.508000e+003	   +1.433541e-005
+6.509000e+003	   +1.351727e-005
+6.510000e+003	   +1.281970e-005
+6.511000e+003	   +1.295407e-005
+6.512000e+003	   +1.381247e-005
+6.513000e+003	   +1.403650e-005
+6.514000e+003	   +1.307997e-005
+6.515000e+003	   +1.308330e-005
+6.516000e+003	   +1.388928e-005
+6.517000e+003	   +1.314272e-005
+6.518000e+003	   +1.250848e-005
+6.519000e+003	   +1.364864e-005
+6.520000e+003	   +1.567598e-005
+6.521000e+003	   +1.518519e-005
+6.522000e+003	   +1.341379e-005
+6.523000e+003	   +1.478531e-005
+6.524000e+003	   +1.637155e-005
+6.525000e+003	   +1.607274e-005
+6.526000e+003	   +1.562870e-005
+6.527000e+003	   +1.498680e-005
+6.528000e+003	   +1.441889e-005
+6.529000e+003	   +1.318434e-005
+6.530000e+003	   +1.290995e-005
+6.531000e+003	   +1.323514e-005
+6.532000e+003	   +1.359586e-005
+6.533000e+003	   +1.251203e-005
+6.534000e+003	   +1.153511e-005
+6.535000e+003	   +1.390266e-005
+6.536000e+003	   +1.605038e-005
+6.537000e+003	   +1.718888e-005
+6.538000e+003	   +1.591849e-005
+6.539000e+003	   +1.487155e-005
+6.540000e+003	   +1.489835e-005
+6.541000e+003	   +1.379022e-005
+6.542000e+003	   +1.306021e-005
+6.543000e+003	   +1.367264e-005
+6.544000e+003	   +1.429785e-005
+6.545000e+003	   +1.395680e-005
+6.546000e+003	   +1.381077e-005
+6.547000e+003	   +1.475074e-005
+6.548000e+003	   +1.561505e-005
+6.549000e+003	   +1.579153e-005
+6.550000e+003	   +1.567443e-005
+6.551000e+003	   +1.395790e-005
+6.552000e+003	   +1.177119e-005
+6.553000e+003	   +1.198858e-005
+6.554000e+003	   +1.427574e-005
+6.555000e+003	   +1.464169e-005
+6.556000e+003	   +1.395971e-005
+6.557000e+003	   +1.355304e-005
+6.558000e+003	   +1.260678e-005
+6.559000e+003	   +1.138369e-005
+6.560000e+003	   +1.256986e-005
+6.561000e+003	   +1.319189e-005
+6.562000e+003	   +1.207320e-005
+6.563000e+003	   +1.286547e-005
+6.564000e+003	   +1.358051e-005
+6.565000e+003	   +1.444824e-005
+6.566000e+003	   +1.454031e-005
+6.567000e+003	   +1.335781e-005
+6.568000e+003	   +1.421036e-005
+6.569000e+003	   +1.516986e-005
+6.570000e+003	   +1.549087e-005
+6.571000e+003	   +1.469571e-005
+6.572000e+003	   +1.308237e-005
+6.573000e+003	   +1.300195e-005
+6.574000e+003	   +1.459303e-005
+6.575000e+003	   +1.458207e-005
+6.576000e+003	   +1.440316e-005
+6.577000e+003	   +1.471984e-005
+6.578000e+003	   +1.426835e-005
+6.579000e+003	   +1.304599e-005
+6.580000e+003	   +1.275027e-005
+6.581000e+003	   +1.368163e-005
+6.582000e+003	   +1.405380e-005
+6.583000e+003	   +1.447587e-005
+6.584000e+003	   +1.414107e-005
+6.585000e+003	   +1.284407e-005
+6.586000e+003	   +1.190069e-005
+6.587000e+003	   +1.239739e-005
+6.588000e+003	   +1.294385e-005
+6.589000e+003	   +1.234117e-005
+6.590000e+003	   +1.257424e-005
+6.591000e+003	   +1.231054e-005
+6.592000e+003	   +1.254355e-005
+6.593000e+003	   +1.302818e-005
+6.594000e+003	   +1.456916e-005
+6.595000e+003	   +1.585812e-005
+6.596000e+003	   +1.452878e-005
+6.597000e+003	   +1.382151e-005
+6.598000e+003	   +1.443240e-005
+6.599000e+003	   +1.338094e-005
+6.600000e+003	   +1.287665e-005
+6.601000e+003	   +1.321820e-005
+6.602000e+003	   +1.294193e-005
+6.603000e+003	   +1.364479e-005
+6.604000e+003	   +1.484659e-005
+6.605000e+003	   +1.564735e-005
+6.606000e+003	   +1.435882e-005
+6.607000e+003	   +1.300716e-005
+6.608000e+003	   +1.353878e-005
+6.609000e+003	   +1.395322e-005
+6.610000e+003	   +1.323713e-005
+6.611000e+003	   +1.409874e-005
+6.612000e+003	   +1.482642e-005
+6.613000e+003	   +1.431344e-005
+6.614000e+003	   +1.322025e-005
+6.615000e+003	   +1.202446e-005
+6.616000e+003	   +1.177302e-005
+6.617000e+003	   +1.262394e-005
+6.618000e+003	   +1.383631e-005
+6.619000e+003	   +1.383317e-005
+6.620000e+003	   +1.356018e-005
+6.621000e+003	   +1.385582e-005
+6.622000e+003	   +1.391465e-005
+6.623000e+003	   +1.381536e-005
+6.624000e+003	   +1.377559e-005
+6.625000e+003	   +1.325943e-005
+6.626000e+003	   +1.309359e-005
+6.627000e+003	   +1.320279e-005
+6.628000e+003	   +1.301279e-005
+6.629000e+003	   +1.263158e-005
+6.630000e+003	   +1.219538e-005
+6.631000e+003	   +1.233735e-005
+6.632000e+003	   +1.276598e-005
+6.633000e+003	   +1.418847e-005
+6.634000e+003	   +1.475966e-005
+6.635000e+003	   +1.412936e-005
+6.636000e+003	   +1.398300e-005
+6.637000e+003	   +1.295797e-005
+6.638000e+003	   +1.272969e-005
+6.639000e+003	   +1.304443e-005
+6.640000e+003	   +1.239192e-005
+6.641000e+003	   +1.251729e-005
+6.642000e+003	   +1.278342e-005
+6.643000e+003	   +1.308178e-005
+6.644000e+003	   +1.315278e-005
+6.645000e+003	   +1.276593e-005
+6.646000e+003	   +1.275056e-005
+6.647000e+003	   +1.247747e-005
+6.648000e+003	   +1.212808e-005
+6.649000e+003	   +1.256874e-005
+6.650000e+003	   +1.248794e-005
+6.651000e+003	   +1.197785e-005
+6.652000e+003	   +1.233937e-005
+6.653000e+003	   +1.372447e-005
+6.654000e+003	   +1.359974e-005
+6.655000e+003	   +1.333800e-005
+6.656000e+003	   +1.255710e-005
+6.657000e+003	   +1.263323e-005
+6.658000e+003	   +1.338291e-005
+6.659000e+003	   +1.320268e-005
+6.660000e+003	   +1.319690e-005
+6.661000e+003	   +1.323884e-005
+6.662000e+003	   +1.423325e-005
+6.663000e+003	   +1.455637e-005
+6.664000e+003	   +1.461513e-005
+6.665000e+003	   +1.435521e-005
+6.666000e+003	   +1.357384e-005
+6.667000e+003	   +1.333022e-005
+6.668000e+003	   +1.365255e-005
+6.669000e+003	   +1.294932e-005
+6.670000e+003	   +1.285540e-005
+6.671000e+003	   +1.361961e-005
+6.672000e+003	   +1.312324e-005
+6.673000e+003	   +1.287915e-005
+6.674000e+003	   +1.289165e-005
+6.675000e+003	   +1.339044e-005
+6.676000e+003	   +1.431497e-005
+6.677000e+003	   +1.304709e-005
+6.678000e+003	   +1.287582e-005
+6.679000e+003	   +1.503771e-005
+6.680000e+003	   +1.575856e-005
+6.681000e+003	   +1.457433e-005
+6.682000e+003	   +1.327208e-005
+6.683000e+003	   +1.254310e-005
+6.684000e+003	   +1.213506e-005
+6.685000e+003	   +1.240140e-005
+6.686000e+003	   +1.290939e-005
+6.687000e+003	   +1.278093e-005
+6.688000e+003	   +1.277595e-005
+6.689000e+003	   +1.359377e-005
+6.690000e+003	   +1.316106e-005
+6.691000e+003	   +1.397153e-005
+6.692000e+003	   +1.507568e-005
+6.693000e+003	   +1.465490e-005
+6.694000e+003	   +1.416977e-005
+6.695000e+003	   +1.356602e-005
+6.696000e+003	   +1.335397e-005
+6.697000e+003	   +1.428625e-005
+6.698000e+003	   +1.383171e-005
+6.699000e+003	   +1.265137e-005
+6.700000e+003	   +1.292442e-005
+6.701000e+003	   +1.295921e-005
+6.702000e+003	   +1.195069e-005
+6.703000e+003	   +1.160267e-005
+6.704000e+003	   +1.304015e-005
+6.705000e+003	   +1.251754e-005
+6.706000e+003	   +1.235938e-005
+6.707000e+003	   +1.258223e-005
+6.708000e+003	   +1.332200e-005
+6.709000e+003	   +1.561402e-005
+6.710000e+003	   +1.687823e-005
+6.711000e+003	   +1.524018e-005
+6.712000e+003	   +1.325036e-005
+6.713000e+003	   +1.379873e-005
+6.714000e+003	   +1.452690e-005
+6.715000e+003	   +1.264965e-005
+6.716000e+003	   +1.321002e-005
+6.717000e+003	   +1.468321e-005
+6.718000e+003	   +1.420011e-005
+6.719000e+003	   +1.300166e-005
+6.720000e+003	   +1.276282e-005
+6.721000e+003	   +1.259239e-005
+6.722000e+003	   +1.286825e-005
+6.723000e+003	   +1.398239e-005
+6.724000e+003	   +1.497405e-005
+6.725000e+003	   +1.367400e-005
+6.726000e+003	   +1.287028e-005
+6.727000e+003	   +1.331523e-005
+6.728000e+003	   +1.411896e-005
+6.729000e+003	   +1.481869e-005
+6.730000e+003	   +1.415789e-005
+6.731000e+003	   +1.376061e-005
+6.732000e+003	   +1.539594e-005
+6.733000e+003	   +1.735249e-005
+6.734000e+003	   +1.695943e-005
+6.735000e+003	   +1.468977e-005
+6.736000e+003	   +1.323816e-005
+6.737000e+003	   +1.333160e-005
+6.738000e+003	   +1.351331e-005
+6.739000e+003	   +1.515385e-005
+6.740000e+003	   +1.519453e-005
+6.741000e+003	   +1.405118e-005
+6.742000e+003	   +1.421236e-005
+6.743000e+003	   +1.378795e-005
+6.744000e+003	   +1.347853e-005
+6.745000e+003	   +1.444567e-005
+6.746000e+003	   +1.439331e-005
+6.747000e+003	   +1.330526e-005
+6.748000e+003	   +1.314012e-005
+6.749000e+003	   +1.310982e-005
+6.750000e+003	   +1.383262e-005
+6.751000e+003	   +1.559090e-005
+6.752000e+003	   +1.504043e-005
+6.753000e+003	   +1.417894e-005
+6.754000e+003	   +1.395694e-005
+6.755000e+003	   +1.377365e-005
+6.756000e+003	   +1.260563e-005
+6.757000e+003	   +1.291984e-005
+6.758000e+003	   +1.417542e-005
+6.759000e+003	   +1.468922e-005
+6.760000e+003	   +1.407442e-005
+6.761000e+003	   +1.376883e-005
+6.762000e+003	   +1.302021e-005
+6.763000e+003	   +1.384745e-005
+6.764000e+003	   +1.445231e-005
+6.765000e+003	   +1.488130e-005
+6.766000e+003	   +1.448510e-005
+6.767000e+003	   +1.356240e-005
+6.768000e+003	   +1.223237e-005
+6.769000e+003	   +1.091420e-005
+6.770000e+003	   +1.248514e-005
+6.771000e+003	   +1.323690e-005
+6.772000e+003	   +1.368951e-005
+6.773000e+003	   +1.431417e-005
+6.774000e+003	   +1.287792e-005
+6.775000e+003	   +1.164472e-005
+6.776000e+003	   +1.202502e-005
+6.777000e+003	   +1.379005e-005
+6.778000e+003	   +1.440208e-005
+6.779000e+003	   +1.265470e-005
+6.780000e+003	   +1.208952e-005
+6.781000e+003	   +1.242470e-005
+6.782000e+003	   +1.287072e-005
+6.783000e+003	   +1.253207e-005
+6.784000e+003	   +1.340188e-005
+6.785000e+003	   +1.442183e-005
+6.786000e+003	   +1.302348e-005
+6.787000e+003	   +1.177949e-005
+6.788000e+003	   +1.292912e-005
+6.789000e+003	   +1.223365e-005
+6.790000e+003	   +1.072187e-005
+6.791000e+003	   +1.164939e-005
+6.792000e+003	   +1.107316e-005
+6.793000e+003	   +1.338732e-005
+6.794000e+003	   +1.657871e-005
+6.795000e+003	   +1.569584e-005
+6.796000e+003	   +1.500006e-005
+6.797000e+003	   +1.403220e-005
+6.798000e+003	   +1.292828e-005
+6.799000e+003	   +1.340594e-005
+6.800000e+003	   +1.344855e-005
+6.801000e+003	   +1.379984e-005
+6.802000e+003	   +1.503431e-005
+6.803000e+003	   +1.407406e-005
+6.804000e+003	   +1.311703e-005
+6.805000e+003	   +1.405732e-005
+6.806000e+003	   +1.417257e-005
+6.807000e+003	   +1.375533e-005
+6.808000e+003	   +1.309415e-005
+6.809000e+003	   +1.210452e-005
+6.810000e+003	   +1.206318e-005
+6.811000e+003	   +1.326221e-005
+6.812000e+003	   +1.457994e-005
+6.813000e+003	   +1.466924e-005
+6.814000e+003	   +1.413300e-005
+6.815000e+003	   +1.401702e-005
+6.816000e+003	   +1.320619e-005
+6.817000e+003	   +1.349957e-005
+6.818000e+003	   +1.369489e-005
+6.819000e+003	   +1.338621e-005
+6.820000e+003	   +1.323036e-005
+6.821000e+003	   +1.329472e-005
+6.822000e+003	   +1.333126e-005
+6.823000e+003	   +1.462018e-005
+6.824000e+003	   +1.458654e-005
+6.825000e+003	   +1.317406e-005
+6.826000e+003	   +1.296544e-005
+6.827000e+003	   +1.354130e-005
+6.828000e+003	   +1.249502e-005
+6.829000e+003	   +1.138126e-005
+6.830000e+003	   +1.195475e-005
+6.831000e+003	   +1.343780e-005
+6.832000e+003	   +1.319796e-005
+6.833000e+003	   +1.288396e-005
+6.834000e+003	   +1.319628e-005
+6.835000e+003	   +1.300653e-005
+6.836000e+003	   +1.252954e-005
+6.837000e+003	   +1.238664e-005
+6.838000e+003	   +1.357010e-005
+6.839000e+003	   +1.394822e-005
+6.840000e+003	   +1.303965e-005
+6.841000e+003	   +1.362693e-005
+6.842000e+003	   +1.476584e-005
+6.843000e+003	   +1.519226e-005
+6.844000e+003	   +1.505102e-005
+6.845000e+003	   +1.402933e-005
+6.846000e+003	   +1.365722e-005
+6.847000e+003	   +1.320451e-005
+6.848000e+003	   +1.144833e-005
+6.849000e+003	   +1.123237e-005
+6.850000e+003	   +1.338646e-005
+6.851000e+003	   +1.581916e-005
+6.852000e+003	   +1.621173e-005
+6.853000e+003	   +1.606791e-005
+6.854000e+003	   +1.586174e-005
+6.855000e+003	   +1.519233e-005
+6.856000e+003	   +1.454268e-005
+6.857000e+003	   +1.383426e-005
+6.858000e+003	   +1.280999e-005
+6.859000e+003	   +1.266574e-005
+6.860000e+003	   +1.301012e-005
+6.861000e+003	   +1.278715e-005
+6.862000e+003	   +1.265055e-005
+6.863000e+003	   +1.127427e-005
+6.864000e+003	   +1.045482e-005
+6.865000e+003	   +1.192423e-005
+6.866000e+003	   +1.272627e-005
+6.867000e+003	   +1.301469e-005
+6.868000e+003	   +1.269975e-005
+6.869000e+003	   +1.370127e-005
+6.870000e+003	   +1.517679e-005
+6.871000e+003	   +1.403582e-005
+6.872000e+003	   +1.175129e-005
+6.873000e+003	   +1.139344e-005
+6.874000e+003	   +1.253825e-005
+6.875000e+003	   +1.419533e-005
+6.876000e+003	   +1.391445e-005
+6.877000e+003	   +1.359083e-005
+6.878000e+003	   +1.430174e-005
+6.879000e+003	   +1.450106e-005
+6.880000e+003	   +1.452533e-005
+6.881000e+003	   +1.540290e-005
+6.882000e+003	   +1.588349e-005
+6.883000e+003	   +1.462551e-005
+6.884000e+003	   +1.366857e-005
+6.885000e+003	   +1.264395e-005
+6.886000e+003	   +1.171240e-005
+6.887000e+003	   +1.112490e-005
+6.888000e+003	   +1.249101e-005
+6.889000e+003	   +1.417208e-005
+6.890000e+003	   +1.363928e-005
+6.891000e+003	   +1.322273e-005
+6.892000e+003	   +1.434099e-005
+6.893000e+003	   +1.399492e-005
+6.894000e+003	   +1.196981e-005
+6.895000e+003	   +1.138270e-005
+6.896000e+003	   +1.308561e-005
+6.897000e+003	   +1.527155e-005
+6.898000e+003	   +1.646576e-005
+6.899000e+003	   +1.502169e-005
+6.900000e+003	   +1.389790e-005
+6.901000e+003	   +1.225622e-005
+6.902000e+003	   +1.160141e-005
+6.903000e+003	   +1.390840e-005
+6.904000e+003	   +1.449899e-005
+6.905000e+003	   +1.506680e-005
+6.906000e+003	   +1.507002e-005
+6.907000e+003	   +1.375538e-005
+6.908000e+003	   +1.321621e-005
+6.909000e+003	   +1.294962e-005
+6.910000e+003	   +1.307104e-005
+6.911000e+003	   +1.340093e-005
+6.912000e+003	   +1.419380e-005
+6.913000e+003	   +1.523871e-005
+6.914000e+003	   +1.556960e-005
+6.915000e+003	   +1.509413e-005
+6.916000e+003	   +1.456615e-005
+6.917000e+003	   +1.481173e-005
+6.918000e+003	   +1.424463e-005
+6.919000e+003	   +1.520956e-005
+6.920000e+003	   +1.564098e-005
+6.921000e+003	   +1.445893e-005
+6.922000e+003	   +1.532222e-005
+6.923000e+003	   +1.620475e-005
+6.924000e+003	   +1.536410e-005
+6.925000e+003	   +1.384262e-005
+6.926000e+003	   +1.320696e-005
+6.927000e+003	   +1.421620e-005
+6.928000e+003	   +1.423838e-005
+6.929000e+003	   +1.342946e-005
+6.930000e+003	   +1.250641e-005
+6.931000e+003	   +1.191364e-005
+6.932000e+003	   +1.179918e-005
+6.933000e+003	   +1.272409e-005
+6.934000e+003	   +1.349828e-005
+6.935000e+003	   +1.300773e-005
+6.936000e+003	   +1.196638e-005
+6.937000e+003	   +1.195435e-005
+6.938000e+003	   +1.356240e-005
+6.939000e+003	   +1.393426e-005
+6.940000e+003	   +1.338165e-005
+6.941000e+003	   +1.364753e-005
+6.942000e+003	   +1.335384e-005
+6.943000e+003	   +1.336926e-005
+6.944000e+003	   +1.417285e-005
+6.945000e+003	   +1.389492e-005
+6.946000e+003	   +1.278113e-005
+6.947000e+003	   +1.379549e-005
+6.948000e+003	   +1.467963e-005
+6.949000e+003	   +1.362953e-005
+6.950000e+003	   +1.303384e-005
+6.951000e+003	   +1.264389e-005
+6.952000e+003	   +1.267090e-005
+6.953000e+003	   +1.274650e-005
+6.954000e+003	   +1.388071e-005
+6.955000e+003	   +1.357349e-005
+6.956000e+003	   +1.384417e-005
+6.957000e+003	   +1.498834e-005
+6.958000e+003	   +1.525741e-005
+6.959000e+003	   +1.636462e-005
+6.960000e+003	   +1.536797e-005
+6.961000e+003	   +1.429656e-005
+6.962000e+003	   +1.487862e-005
+6.963000e+003	   +1.334620e-005
+6.964000e+003	   +1.228825e-005
+6.965000e+003	   +1.294000e-005
+6.966000e+003	   +1.337257e-005
+6.967000e+003	   +1.286010e-005
+6.968000e+003	   +1.226871e-005
+6.969000e+003	   +1.345941e-005
+6.970000e+003	   +1.276648e-005
+6.971000e+003	   +1.120040e-005
+6.972000e+003	   +1.280681e-005
+6.973000e+003	   +1.392298e-005
+6.974000e+003	   +1.174273e-005
+6.975000e+003	   +1.105472e-005
+6.976000e+003	   +1.209403e-005
+6.977000e+003	   +1.310176e-005
+6.978000e+003	   +1.364665e-005
+6.979000e+003	   +1.282274e-005
+6.980000e+003	   +1.202961e-005
+6.981000e+003	   +1.145373e-005
+6.982000e+003	   +1.113800e-005
+6.983000e+003	   +1.030936e-005
+6.984000e+003	   +1.243132e-005
+6.985000e+003	   +1.362804e-005
+6.986000e+003	   +1.301053e-005
+6.987000e+003	   +1.396692e-005
+6.988000e+003	   +1.288867e-005
+6.989000e+003	   +1.167505e-005
+6.990000e+003	   +1.184247e-005
+6.991000e+003	   +1.239388e-005
+6.992000e+003	   +1.196494e-005
+6.993000e+003	   +1.320679e-005
+6.994000e+003	   +1.355317e-005
+6.995000e+003	   +1.253975e-005
+6.996000e+003	   +1.203054e-005
+6.997000e+003	   +1.235984e-005
+6.998000e+003	   +1.209471e-005
+6.999000e+003	   +1.320948e-005
+7.000000e+003	   +1.311692e-005
