+1.180000e+004	   +1.267366e-005
+1.180100e+004	   +1.362247e-005
+1.180200e+004	   +1.314630e-005
+1.180300e+004	   +1.283331e-005
+1.180400e+004	   +1.359762e-005
+1.180500e+004	   +1.345586e-005
+1.180600e+004	   +1.213685e-005
+1.180700e+004	   +1.143723e-005
+1.180800e+004	   +1.051963e-005
+1.180900e+004	   +1.124458e-005
+1.181000e+004	   +1.209110e-005
+1.181100e+004	   +1.187590e-005
+1.181200e+004	   +1.153256e-005
+1.181300e+004	   +1.193624e-005
+1.181400e+004	   +1.245816e-005
+1.181500e+004	   +1.222917e-005
+1.181600e+004	   +1.172735e-005
+1.181700e+004	   +1.173202e-005
+1.181800e+004	   +1.099492e-005
+1.181900e+004	   +1.041440e-005
+1.182000e+004	   +1.088068e-005
+1.182100e+004	   +1.219479e-005
+1.182200e+004	   +1.232400e-005
+1.182300e+004	   +1.193159e-005
+1.182400e+004	   +1.117031e-005
+1.182500e+004	   +1.024763e-005
+1.182600e+004	   +1.089060e-005
+1.182700e+004	   +1.125365e-005
+1.182800e+004	   +1.101916e-005
+1.182900e+004	   +1.042788e-005
+1.183000e+004	   +1.067817e-005
+1.183100e+004	   +1.228280e-005
+1.183200e+004	   +1.186494e-005
+1.183300e+004	   +1.099045e-005
+1.183400e+004	   +1.133892e-005
+1.183500e+004	   +1.200084e-005
+1.183600e+004	   +1.130596e-005
+1.183700e+004	   +1.087185e-005
+1.183800e+004	   +9.947600e-006
+1.183900e+004	   +1.071309e-005
+1.184000e+004	   +1.273711e-005
+1.184100e+004	   +1.219415e-005
+1.184200e+004	   +1.211714e-005
+1.184300e+004	   +1.276300e-005
+1.184400e+004	   +1.335020e-005
+1.184500e+004	   +1.238322e-005
+1.184600e+004	   +1.151622e-005
+1.184700e+004	   +1.205591e-005
+1.184800e+004	   +1.145145e-005
+1.184900e+004	   +1.145863e-005
+1.185000e+004	   +1.234392e-005
+1.185100e+004	   +1.287013e-005
+1.185200e+004	   +1.323134e-005
+1.185300e+004	   +1.178032e-005
+1.185400e+004	   +1.076181e-005
+1.185500e+004	   +1.216934e-005
+1.185600e+004	   +1.246205e-005
+1.185700e+004	   +1.186770e-005
+1.185800e+004	   +1.157797e-005
+1.185900e+004	   +1.305531e-005
+1.186000e+004	   +1.428586e-005
+1.186100e+004	   +1.354841e-005
+1.186200e+004	   +1.052139e-005
+1.186300e+004	   +1.074081e-005
+1.186400e+004	   +1.197752e-005
+1.186500e+004	   +1.184550e-005
+1.186600e+004	   +1.148992e-005
+1.186700e+004	   +1.195393e-005
+1.186800e+004	   +1.285231e-005
+1.186900e+004	   +1.220295e-005
+1.187000e+004	   +1.115353e-005
+1.187100e+004	   +1.159563e-005
+1.187200e+004	   +1.257878e-005
+1.187300e+004	   +1.317339e-005
+1.187400e+004	   +1.327590e-005
+1.187500e+004	   +1.314207e-005
+1.187600e+004	   +1.344301e-005
+1.187700e+004	   +1.319681e-005
+1.187800e+004	   +1.236254e-005
+1.187900e+004	   +1.155835e-005
+1.188000e+004	   +1.014799e-005
+1.188100e+004	   +1.158015e-005
+1.188200e+004	   +1.195126e-005
+1.188300e+004	   +9.980005e-006
+1.188400e+004	   +9.668724e-006
+1.188500e+004	   +1.048228e-005
+1.188600e+004	   +1.176390e-005
+1.188700e+004	   +1.237532e-005
+1.188800e+004	   +1.242809e-005
+1.188900e+004	   +1.151859e-005
+1.189000e+004	   +1.045140e-005
+1.189100e+004	   +1.142448e-005
+1.189200e+004	   +1.331745e-005
+1.189300e+004	   +1.326245e-005
+1.189400e+004	   +1.135503e-005
+1.189500e+004	   +1.057161e-005
+1.189600e+004	   +1.194746e-005
+1.189700e+004	   +1.317274e-005
+1.189800e+004	   +1.314272e-005
+1.189900e+004	   +1.237479e-005
+1.190000e+004	   +1.189912e-005
+1.190100e+004	   +1.212457e-005
+1.190200e+004	   +1.276101e-005
+1.190300e+004	   +1.178783e-005
+1.190400e+004	   +1.164925e-005
+1.190500e+004	   +1.254901e-005
+1.190600e+004	   +1.199842e-005
+1.190700e+004	   +1.134177e-005
+1.190800e+004	   +1.236551e-005
+1.190900e+004	   +1.309016e-005
+1.191000e+004	   +1.170807e-005
+1.191100e+004	   +1.139190e-005
+1.191200e+004	   +1.122947e-005
+1.191300e+004	   +1.178644e-005
+1.191400e+004	   +1.334333e-005
+1.191500e+004	   +1.318332e-005
+1.191600e+004	   +1.297410e-005
+1.191700e+004	   +1.197335e-005
+1.191800e+004	   +1.067619e-005
+1.191900e+004	   +1.042926e-005
+1.192000e+004	   +1.124936e-005
+1.192100e+004	   +1.306091e-005
+1.192200e+004	   +1.282520e-005
+1.192300e+004	   +1.139971e-005
+1.192400e+004	   +1.182619e-005
+1.192500e+004	   +1.135221e-005
+1.192600e+004	   +1.159291e-005
+1.192700e+004	   +1.219036e-005
+1.192800e+004	   +1.161120e-005
+1.192900e+004	   +1.127007e-005
+1.193000e+004	   +1.167016e-005
+1.193100e+004	   +1.184290e-005
+1.193200e+004	   +1.175834e-005
+1.193300e+004	   +1.100502e-005
+1.193400e+004	   +1.204435e-005
+1.193500e+004	   +1.302943e-005
+1.193600e+004	   +1.252592e-005
+1.193700e+004	   +1.283904e-005
+1.193800e+004	   +1.262829e-005
+1.193900e+004	   +1.134581e-005
+1.194000e+004	   +9.246060e-006
+1.194100e+004	   +9.384438e-006
+1.194200e+004	   +1.093890e-005
+1.194300e+004	   +1.130328e-005
+1.194400e+004	   +1.218870e-005
+1.194500e+004	   +1.224648e-005
+1.194600e+004	   +1.133531e-005
+1.194700e+004	   +1.144340e-005
+1.194800e+004	   +1.208524e-005
+1.194900e+004	   +1.141305e-005
+1.195000e+004	   +1.058938e-005
+1.195100e+004	   +1.062841e-005
+1.195200e+004	   +1.007994e-005
+1.195300e+004	   +9.586623e-006
+1.195400e+004	   +1.031172e-005
+1.195500e+004	   +1.046143e-005
+1.195600e+004	   +1.059062e-005
+1.195700e+004	   +1.072604e-005
+1.195800e+004	   +1.009396e-005
+1.195900e+004	   +1.075418e-005
+1.196000e+004	   +1.074057e-005
+1.196100e+004	   +9.675256e-006
+1.196200e+004	   +9.405709e-006
+1.196300e+004	   +1.152420e-005
+1.196400e+004	   +1.274758e-005
+1.196500e+004	   +1.302714e-005
+1.196600e+004	   +1.316451e-005
+1.196700e+004	   +1.279503e-005
+1.196800e+004	   +1.192287e-005
+1.196900e+004	   +1.082688e-005
+1.197000e+004	   +1.058283e-005
+1.197100e+004	   +1.026018e-005
+1.197200e+004	   +1.022006e-005
+1.197300e+004	   +1.210051e-005
+1.197400e+004	   +1.353762e-005
+1.197500e+004	   +1.434369e-005
+1.197600e+004	   +1.371377e-005
+1.197700e+004	   +1.196093e-005
+1.197800e+004	   +1.054433e-005
+1.197900e+004	   +1.150095e-005
+1.198000e+004	   +1.241261e-005
+1.198100e+004	   +1.158587e-005
+1.198200e+004	   +1.134019e-005
+1.198300e+004	   +1.264482e-005
+1.198400e+004	   +1.308422e-005
+1.198500e+004	   +1.219984e-005
+1.198600e+004	   +1.113031e-005
+1.198700e+004	   +1.061304e-005
+1.198800e+004	   +1.069610e-005
+1.198900e+004	   +1.102195e-005
+1.199000e+004	   +1.171876e-005
+1.199100e+004	   +1.072770e-005
+1.199200e+004	   +1.040470e-005
+1.199300e+004	   +1.117825e-005
+1.199400e+004	   +1.118515e-005
+1.199500e+004	   +1.130943e-005
+1.199600e+004	   +1.149551e-005
+1.199700e+004	   +1.113048e-005
+1.199800e+004	   +1.109897e-005
+1.199900e+004	   +1.170286e-005
+1.200000e+004	   +1.243383e-005
+1.200100e+004	   +1.351196e-005
+1.200200e+004	   +1.389088e-005
+1.200300e+004	   +1.330100e-005
+1.200400e+004	   +1.312158e-005
+1.200500e+004	   +1.642189e-005
+1.200600e+004	   +4.136263e-005
+1.200700e+004	   +6.548913e-005
+1.200800e+004	   +5.000717e-005
+1.200900e+004	   +1.778672e-005
+1.201000e+004	   +1.000407e-005
+1.201100e+004	   +1.027246e-005
+1.201200e+004	   +9.461121e-006
+1.201300e+004	   +1.224198e-005
+1.201400e+004	   +1.418654e-005
+1.201500e+004	   +1.249927e-005
+1.201600e+004	   +1.103163e-005
+1.201700e+004	   +1.086315e-005
+1.201800e+004	   +1.011028e-005
+1.201900e+004	   +1.093218e-005
+1.202000e+004	   +1.146304e-005
+1.202100e+004	   +1.125057e-005
+1.202200e+004	   +1.194012e-005
+1.202300e+004	   +1.214574e-005
+1.202400e+004	   +1.229350e-005
+1.202500e+004	   +1.216220e-005
+1.202600e+004	   +1.290171e-005
+1.202700e+004	   +1.426028e-005
+1.202800e+004	   +1.403332e-005
+1.202900e+004	   +1.248020e-005
+1.203000e+004	   +1.191006e-005
+1.203100e+004	   +1.201926e-005
+1.203200e+004	   +1.175630e-005
+1.203300e+004	   +1.100914e-005
+1.203400e+004	   +1.126715e-005
+1.203500e+004	   +1.171139e-005
+1.203600e+004	   +1.148653e-005
+1.203700e+004	   +1.142787e-005
+1.203800e+004	   +1.230310e-005
+1.203900e+004	   +1.315781e-005
+1.204000e+004	   +1.260884e-005
+1.204100e+004	   +1.182821e-005
+1.204200e+004	   +1.213309e-005
+1.204300e+004	   +1.316484e-005
+1.204400e+004	   +1.266559e-005
+1.204500e+004	   +1.245144e-005
+1.204600e+004	   +1.199252e-005
+1.204700e+004	   +9.982777e-006
+1.204800e+004	   +9.631821e-006
+1.204900e+004	   +1.093424e-005
+1.205000e+004	   +1.198492e-005
+1.205100e+004	   +1.313121e-005
+1.205200e+004	   +1.427872e-005
+1.205300e+004	   +1.315927e-005
+1.205400e+004	   +1.163260e-005
+1.205500e+004	   +1.208591e-005
+1.205600e+004	   +1.258595e-005
+1.205700e+004	   +1.164579e-005
+1.205800e+004	   +1.121471e-005
+1.205900e+004	   +1.029335e-005
+1.206000e+004	   +1.017065e-005
+1.206100e+004	   +1.053104e-005
+1.206200e+004	   +1.077249e-005
+1.206300e+004	   +1.179426e-005
+1.206400e+004	   +1.246496e-005
+1.206500e+004	   +1.238494e-005
+1.206600e+004	   +1.176308e-005
+1.206700e+004	   +1.307642e-005
+1.206800e+004	   +1.410961e-005
+1.206900e+004	   +1.344700e-005
+1.207000e+004	   +1.227925e-005
+1.207100e+004	   +1.082411e-005
+1.207200e+004	   +1.010961e-005
+1.207300e+004	   +1.097066e-005
+1.207400e+004	   +1.192678e-005
+1.207500e+004	   +1.310026e-005
+1.207600e+004	   +1.218327e-005
+1.207700e+004	   +1.154503e-005
+1.207800e+004	   +1.217768e-005
+1.207900e+004	   +1.219754e-005
+1.208000e+004	   +1.318204e-005
+1.208100e+004	   +1.278463e-005
+1.208200e+004	   +1.056782e-005
+1.208300e+004	   +1.135651e-005
+1.208400e+004	   +1.388507e-005
+1.208500e+004	   +1.407560e-005
+1.208600e+004	   +1.157820e-005
+1.208700e+004	   +1.050723e-005
+1.208800e+004	   +1.194007e-005
+1.208900e+004	   +1.160783e-005
+1.209000e+004	   +1.046665e-005
+1.209100e+004	   +1.164070e-005
+1.209200e+004	   +1.302265e-005
+1.209300e+004	   +1.387558e-005
+1.209400e+004	   +1.455408e-005
+1.209500e+004	   +1.355002e-005
+1.209600e+004	   +1.176478e-005
+1.209700e+004	   +1.282659e-005
+1.209800e+004	   +1.267000e-005
+1.209900e+004	   +1.349517e-005
+1.210000e+004	   +1.435795e-005
+1.210100e+004	   +1.342297e-005
+1.210200e+004	   +1.235771e-005
+1.210300e+004	   +1.029332e-005
+1.210400e+004	   +1.073398e-005
+1.210500e+004	   +1.267292e-005
+1.210600e+004	   +1.338435e-005
+1.210700e+004	   +1.248138e-005
+1.210800e+004	   +1.185500e-005
+1.210900e+004	   +1.285764e-005
+1.211000e+004	   +1.243612e-005
+1.211100e+004	   +1.068891e-005
+1.211200e+004	   +1.092399e-005
+1.211300e+004	   +1.097662e-005
+1.211400e+004	   +1.147855e-005
+1.211500e+004	   +1.166195e-005
+1.211600e+004	   +1.259116e-005
+1.211700e+004	   +1.333003e-005
+1.211800e+004	   +1.364395e-005
+1.211900e+004	   +1.303701e-005
+1.212000e+004	   +1.274629e-005
+1.212100e+004	   +1.325548e-005
+1.212200e+004	   +1.210378e-005
+1.212300e+004	   +1.167264e-005
+1.212400e+004	   +1.251487e-005
+1.212500e+004	   +1.177110e-005
+1.212600e+004	   +1.207781e-005
+1.212700e+004	   +1.242257e-005
+1.212800e+004	   +1.275212e-005
+1.212900e+004	   +1.297320e-005
+1.213000e+004	   +1.384695e-005
+1.213100e+004	   +1.456415e-005
+1.213200e+004	   +1.289168e-005
+1.213300e+004	   +9.995741e-006
+1.213400e+004	   +1.008141e-005
+1.213500e+004	   +1.176255e-005
+1.213600e+004	   +1.155449e-005
+1.213700e+004	   +1.118200e-005
+1.213800e+004	   +1.116737e-005
+1.213900e+004	   +1.154480e-005
+1.214000e+004	   +1.251592e-005
+1.214100e+004	   +1.301332e-005
+1.214200e+004	   +1.149441e-005
+1.214300e+004	   +9.604532e-006
+1.214400e+004	   +9.763466e-006
+1.214500e+004	   +9.966732e-006
+1.214600e+004	   +9.977561e-006
+1.214700e+004	   +1.032268e-005
+1.214800e+004	   +1.131283e-005
+1.214900e+004	   +1.285409e-005
+1.215000e+004	   +1.270357e-005
+1.215100e+004	   +1.097234e-005
+1.215200e+004	   +1.157704e-005
+1.215300e+004	   +1.211585e-005
+1.215400e+004	   +1.150837e-005
+1.215500e+004	   +1.146891e-005
+1.215600e+004	   +1.201951e-005
+1.215700e+004	   +1.208694e-005
+1.215800e+004	   +1.242324e-005
+1.215900e+004	   +1.272437e-005
+1.216000e+004	   +1.104013e-005
+1.216100e+004	   +1.108194e-005
+1.216200e+004	   +1.305869e-005
+1.216300e+004	   +1.249114e-005
+1.216400e+004	   +1.123070e-005
+1.216500e+004	   +1.117932e-005
+1.216600e+004	   +1.050306e-005
+1.216700e+004	   +1.087868e-005
+1.216800e+004	   +1.097620e-005
+1.216900e+004	   +1.122852e-005
+1.217000e+004	   +1.028175e-005
+1.217100e+004	   +9.895899e-006
+1.217200e+004	   +1.152154e-005
+1.217300e+004	   +1.221448e-005
+1.217400e+004	   +1.208093e-005
+1.217500e+004	   +1.177275e-005
+1.217600e+004	   +1.292879e-005
+1.217700e+004	   +1.325992e-005
+1.217800e+004	   +1.194223e-005
+1.217900e+004	   +1.340412e-005
+1.218000e+004	   +1.537472e-005
+1.218100e+004	   +1.512117e-005
+1.218200e+004	   +1.299779e-005
+1.218300e+004	   +1.128552e-005
+1.218400e+004	   +1.165566e-005
+1.218500e+004	   +1.091815e-005
+1.218600e+004	   +9.873575e-006
+1.218700e+004	   +9.998419e-006
+1.218800e+004	   +1.203765e-005
+1.218900e+004	   +1.331587e-005
+1.219000e+004	   +1.204104e-005
+1.219100e+004	   +1.030767e-005
+1.219200e+004	   +9.972326e-006
+1.219300e+004	   +1.034593e-005
+1.219400e+004	   +1.045226e-005
+1.219500e+004	   +1.081788e-005
+1.219600e+004	   +1.010353e-005
+1.219700e+004	   +8.699124e-006
+1.219800e+004	   +9.714769e-006
+1.219900e+004	   +1.203355e-005
+1.220000e+004	   +1.339767e-005
+1.220100e+004	   +1.339457e-005
+1.220200e+004	   +1.186119e-005
+1.220300e+004	   +1.095323e-005
+1.220400e+004	   +1.164414e-005
+1.220500e+004	   +1.231176e-005
+1.220600e+004	   +1.183478e-005
+1.220700e+004	   +1.196793e-005
+1.220800e+004	   +1.209206e-005
+1.220900e+004	   +1.259908e-005
+1.221000e+004	   +1.226355e-005
+1.221100e+004	   +1.075388e-005
+1.221200e+004	   +1.131769e-005
+1.221300e+004	   +1.092207e-005
+1.221400e+004	   +1.049969e-005
+1.221500e+004	   +1.178716e-005
+1.221600e+004	   +1.274790e-005
+1.221700e+004	   +1.364185e-005
+1.221800e+004	   +1.422845e-005
+1.221900e+004	   +1.408590e-005
+1.222000e+004	   +1.228427e-005
+1.222100e+004	   +1.079518e-005
+1.222200e+004	   +1.212679e-005
+1.222300e+004	   +1.266304e-005
+1.222400e+004	   +1.060946e-005
+1.222500e+004	   +1.097745e-005
+1.222600e+004	   +1.249344e-005
+1.222700e+004	   +1.315486e-005
+1.222800e+004	   +1.312970e-005
+1.222900e+004	   +1.175374e-005
+1.223000e+004	   +1.166662e-005
+1.223100e+004	   +1.222515e-005
+1.223200e+004	   +1.166385e-005
+1.223300e+004	   +1.128938e-005
+1.223400e+004	   +1.151003e-005
+1.223500e+004	   +1.164580e-005
+1.223600e+004	   +1.263647e-005
+1.223700e+004	   +1.306177e-005
+1.223800e+004	   +1.274415e-005
+1.223900e+004	   +1.347752e-005
+1.224000e+004	   +1.300839e-005
+1.224100e+004	   +1.290916e-005
+1.224200e+004	   +1.366224e-005
+1.224300e+004	   +1.453578e-005
+1.224400e+004	   +1.368966e-005
+1.224500e+004	   +1.264061e-005
+1.224600e+004	   +1.264887e-005
+1.224700e+004	   +1.340453e-005
+1.224800e+004	   +1.354805e-005
+1.224900e+004	   +1.370706e-005
+1.225000e+004	   +1.372729e-005
+1.225100e+004	   +1.424809e-005
+1.225200e+004	   +1.380739e-005
+1.225300e+004	   +1.241758e-005
+1.225400e+004	   +1.301200e-005
+1.225500e+004	   +1.218968e-005
+1.225600e+004	   +1.196068e-005
+1.225700e+004	   +1.179528e-005
+1.225800e+004	   +1.125874e-005
+1.225900e+004	   +1.079462e-005
+1.226000e+004	   +1.202197e-005
+1.226100e+004	   +1.403736e-005
+1.226200e+004	   +1.357095e-005
+1.226300e+004	   +1.191838e-005
+1.226400e+004	   +1.209314e-005
+1.226500e+004	   +1.248649e-005
+1.226600e+004	   +1.174570e-005
+1.226700e+004	   +1.167883e-005
+1.226800e+004	   +1.159504e-005
+1.226900e+004	   +1.213153e-005
+1.227000e+004	   +1.281381e-005
+1.227100e+004	   +1.221059e-005
+1.227200e+004	   +1.168966e-005
+1.227300e+004	   +9.949228e-006
+1.227400e+004	   +9.576659e-006
+1.227500e+004	   +1.099019e-005
+1.227600e+004	   +1.059427e-005
+1.227700e+004	   +1.051643e-005
+1.227800e+004	   +1.173806e-005
+1.227900e+004	   +1.140085e-005
+1.228000e+004	   +9.769749e-006
+1.228100e+004	   +1.025551e-005
+1.228200e+004	   +1.162237e-005
+1.228300e+004	   +1.120101e-005
+1.228400e+004	   +1.025844e-005
+1.228500e+004	   +9.716092e-006
+1.228600e+004	   +1.054037e-005
+1.228700e+004	   +1.271599e-005
+1.228800e+004	   +1.334002e-005
+1.228900e+004	   +1.330184e-005
+1.229000e+004	   +1.376819e-005
+1.229100e+004	   +1.470120e-005
+1.229200e+004	   +1.540691e-005
+1.229300e+004	   +1.358553e-005
+1.229400e+004	   +1.132922e-005
+1.229500e+004	   +1.143982e-005
+1.229600e+004	   +1.022302e-005
+1.229700e+004	   +1.010517e-005
+1.229800e+004	   +1.026346e-005
+1.229900e+004	   +1.117528e-005
+1.230000e+004	   +1.203975e-005
+1.230100e+004	   +1.237455e-005
+1.230200e+004	   +1.172312e-005
+1.230300e+004	   +1.097837e-005
+1.230400e+004	   +1.108062e-005
+1.230500e+004	   +1.053166e-005
+1.230600e+004	   +9.662846e-006
+1.230700e+004	   +9.010069e-006
+1.230800e+004	   +8.957092e-006
+1.230900e+004	   +1.010473e-005
+1.231000e+004	   +1.190522e-005
+1.231100e+004	   +1.249437e-005
+1.231200e+004	   +1.232998e-005
+1.231300e+004	   +1.278807e-005
+1.231400e+004	   +1.328856e-005
+1.231500e+004	   +1.247628e-005
+1.231600e+004	   +1.184015e-005
+1.231700e+004	   +1.143024e-005
+1.231800e+004	   +1.235460e-005
+1.231900e+004	   +1.319709e-005
+1.232000e+004	   +1.261281e-005
+1.232100e+004	   +1.180579e-005
+1.232200e+004	   +1.175694e-005
+1.232300e+004	   +1.309284e-005
+1.232400e+004	   +1.302219e-005
+1.232500e+004	   +1.198848e-005
+1.232600e+004	   +1.141452e-005
+1.232700e+004	   +1.115507e-005
+1.232800e+004	   +1.210845e-005
+1.232900e+004	   +1.289076e-005
+1.233000e+004	   +1.288226e-005
+1.233100e+004	   +1.257780e-005
+1.233200e+004	   +1.163969e-005
+1.233300e+004	   +1.015564e-005
+1.233400e+004	   +9.641809e-006
+1.233500e+004	   +1.112422e-005
+1.233600e+004	   +1.147625e-005
+1.233700e+004	   +1.139795e-005
+1.233800e+004	   +1.429737e-005
+1.233900e+004	   +1.469381e-005
+1.234000e+004	   +1.258534e-005
+1.234100e+004	   +1.116435e-005
+1.234200e+004	   +1.077239e-005
+1.234300e+004	   +1.109960e-005
+1.234400e+004	   +1.293868e-005
+1.234500e+004	   +1.371285e-005
+1.234600e+004	   +1.237611e-005
+1.234700e+004	   +1.118698e-005
+1.234800e+004	   +1.197639e-005
+1.234900e+004	   +1.223695e-005
+1.235000e+004	   +1.096105e-005
+1.235100e+004	   +9.407847e-006
+1.235200e+004	   +8.669394e-006
+1.235300e+004	   +9.222588e-006
+1.235400e+004	   +9.486273e-006
+1.235500e+004	   +1.056926e-005
+1.235600e+004	   +1.063902e-005
+1.235700e+004	   +1.191776e-005
+1.235800e+004	   +1.179089e-005
+1.235900e+004	   +1.014179e-005
+1.236000e+004	   +1.002566e-005
+1.236100e+004	   +1.110781e-005
+1.236200e+004	   +1.326736e-005
+1.236300e+004	   +1.462143e-005
+1.236400e+004	   +1.164173e-005
+1.236500e+004	   +9.632984e-006
+1.236600e+004	   +1.055582e-005
+1.236700e+004	   +1.054632e-005
+1.236800e+004	   +9.743846e-006
+1.236900e+004	   +1.031194e-005
+1.237000e+004	   +1.176646e-005
+1.237100e+004	   +1.170065e-005
+1.237200e+004	   +1.118315e-005
+1.237300e+004	   +1.173203e-005
+1.237400e+004	   +1.055390e-005
+1.237500e+004	   +1.024332e-005
+1.237600e+004	   +1.263543e-005
+1.237700e+004	   +1.269689e-005
+1.237800e+004	   +1.129620e-005
+1.237900e+004	   +1.101197e-005
+1.238000e+004	   +1.113785e-005
+1.238100e+004	   +1.159819e-005
+1.238200e+004	   +1.246320e-005
+1.238300e+004	   +1.265782e-005
+1.238400e+004	   +1.254079e-005
+1.238500e+004	   +1.270491e-005
+1.238600e+004	   +1.136803e-005
+1.238700e+004	   +1.097027e-005
+1.238800e+004	   +1.247295e-005
+1.238900e+004	   +1.194072e-005
+1.239000e+004	   +1.096471e-005
+1.239100e+004	   +1.122492e-005
+1.239200e+004	   +9.694418e-006
+1.239300e+004	   +9.537896e-006
+1.239400e+004	   +1.055416e-005
+1.239500e+004	   +1.035465e-005
+1.239600e+004	   +9.648650e-006
+1.239700e+004	   +9.770114e-006
+1.239800e+004	   +1.201275e-005
+1.239900e+004	   +1.264277e-005
+1.240000e+004	   +1.127604e-005
+1.240100e+004	   +1.094676e-005
+1.240200e+004	   +1.151548e-005
+1.240300e+004	   +1.268704e-005
+1.240400e+004	   +1.327564e-005
+1.240500e+004	   +1.329227e-005
+1.240600e+004	   +1.261398e-005
+1.240700e+004	   +1.074942e-005
+1.240800e+004	   +9.784617e-006
+1.240900e+004	   +1.038233e-005
+1.241000e+004	   +1.116562e-005
+1.241100e+004	   +1.082359e-005
+1.241200e+004	   +1.186387e-005
+1.241300e+004	   +1.187620e-005
+1.241400e+004	   +1.100555e-005
+1.241500e+004	   +1.227886e-005
+1.241600e+004	   +1.201463e-005
+1.241700e+004	   +1.212900e-005
+1.241800e+004	   +1.199025e-005
+1.241900e+004	   +1.138000e-005
+1.242000e+004	   +1.102377e-005
+1.242100e+004	   +1.143364e-005
+1.242200e+004	   +1.185192e-005
+1.242300e+004	   +1.092689e-005
+1.242400e+004	   +9.889741e-006
+1.242500e+004	   +9.875364e-006
+1.242600e+004	   +1.061904e-005
+1.242700e+004	   +1.146293e-005
+1.242800e+004	   +1.140283e-005
+1.242900e+004	   +1.059744e-005
+1.243000e+004	   +9.517404e-006
+1.243100e+004	   +9.804512e-006
+1.243200e+004	   +1.092864e-005
+1.243300e+004	   +1.184583e-005
+1.243400e+004	   +1.296434e-005
+1.243500e+004	   +1.245883e-005
+1.243600e+004	   +1.237846e-005
+1.243700e+004	   +1.286767e-005
+1.243800e+004	   +1.230156e-005
+1.243900e+004	   +1.209836e-005
+1.244000e+004	   +1.275639e-005
+1.244100e+004	   +1.332453e-005
+1.244200e+004	   +1.251971e-005
+1.244300e+004	   +1.151172e-005
+1.244400e+004	   +1.103319e-005
+1.244500e+004	   +1.119450e-005
+1.244600e+004	   +1.078479e-005
+1.244700e+004	   +1.123145e-005
+1.244800e+004	   +1.175686e-005
+1.244900e+004	   +1.133334e-005
+1.245000e+004	   +1.247262e-005
+1.245100e+004	   +1.374744e-005
+1.245200e+004	   +1.340466e-005
+1.245300e+004	   +1.091650e-005
+1.245400e+004	   +1.141513e-005
+1.245500e+004	   +1.349231e-005
+1.245600e+004	   +1.354977e-005
+1.245700e+004	   +1.260517e-005
+1.245800e+004	   +1.242001e-005
+1.245900e+004	   +1.185640e-005
+1.246000e+004	   +1.100212e-005
+1.246100e+004	   +1.096395e-005
+1.246200e+004	   +1.100416e-005
+1.246300e+004	   +1.048310e-005
+1.246400e+004	   +1.092662e-005
+1.246500e+004	   +1.156962e-005
+1.246600e+004	   +1.273230e-005
+1.246700e+004	   +1.438445e-005
+1.246800e+004	   +1.583298e-005
+1.246900e+004	   +1.510252e-005
+1.247000e+004	   +1.335482e-005
+1.247100e+004	   +1.240430e-005
+1.247200e+004	   +1.220959e-005
+1.247300e+004	   +1.248972e-005
+1.247400e+004	   +1.225545e-005
+1.247500e+004	   +1.329090e-005
+1.247600e+004	   +1.363821e-005
+1.247700e+004	   +1.254164e-005
+1.247800e+004	   +1.174957e-005
+1.247900e+004	   +1.193321e-005
+1.248000e+004	   +1.385122e-005
+1.248100e+004	   +1.327366e-005
+1.248200e+004	   +1.140085e-005
+1.248300e+004	   +1.099252e-005
+1.248400e+004	   +1.076887e-005
+1.248500e+004	   +1.241970e-005
+1.248600e+004	   +1.409444e-005
+1.248700e+004	   +1.351994e-005
+1.248800e+004	   +1.206124e-005
+1.248900e+004	   +1.236558e-005
+1.249000e+004	   +1.254305e-005
+1.249100e+004	   +1.036468e-005
+1.249200e+004	   +1.006829e-005
+1.249300e+004	   +1.218477e-005
+1.249400e+004	   +1.315648e-005
+1.249500e+004	   +1.229115e-005
+1.249600e+004	   +1.243408e-005
+1.249700e+004	   +1.220779e-005
+1.249800e+004	   +1.023140e-005
+1.249900e+004	   +9.869521e-006
+1.250000e+004	   +1.181886e-005
+1.250100e+004	   +1.353213e-005
+1.250200e+004	   +1.334180e-005
+1.250300e+004	   +1.263693e-005
+1.250400e+004	   +1.348858e-005
+1.250500e+004	   +1.420014e-005
+1.250600e+004	   +1.475561e-005
+1.250700e+004	   +1.483806e-005
+1.250800e+004	   +1.410124e-005
+1.250900e+004	   +1.313548e-005
+1.251000e+004	   +1.181469e-005
+1.251100e+004	   +1.179177e-005
+1.251200e+004	   +1.184224e-005
+1.251300e+004	   +1.153037e-005
+1.251400e+004	   +1.204153e-005
+1.251500e+004	   +1.298332e-005
+1.251600e+004	   +1.180930e-005
+1.251700e+004	   +1.125563e-005
+1.251800e+004	   +1.182722e-005
+1.251900e+004	   +1.071462e-005
+1.252000e+004	   +1.015837e-005
+1.252100e+004	   +1.101000e-005
+1.252200e+004	   +1.127524e-005
+1.252300e+004	   +1.032140e-005
+1.252400e+004	   +1.056635e-005
+1.252500e+004	   +1.093614e-005
+1.252600e+004	   +1.148370e-005
+1.252700e+004	   +1.211986e-005
+1.252800e+004	   +1.120957e-005
+1.252900e+004	   +1.033156e-005
+1.253000e+004	   +1.124875e-005
+1.253100e+004	   +1.283451e-005
+1.253200e+004	   +1.332125e-005
+1.253300e+004	   +1.322908e-005
+1.253400e+004	   +1.259594e-005
+1.253500e+004	   +1.335844e-005
+1.253600e+004	   +1.342206e-005
+1.253700e+004	   +1.278145e-005
+1.253800e+004	   +1.335451e-005
+1.253900e+004	   +1.221987e-005
+1.254000e+004	   +1.183673e-005
+1.254100e+004	   +1.223989e-005
+1.254200e+004	   +1.307705e-005
+1.254300e+004	   +1.432053e-005
+1.254400e+004	   +1.386289e-005
+1.254500e+004	   +1.237996e-005
+1.254600e+004	   +1.124332e-005
+1.254700e+004	   +1.111485e-005
+1.254800e+004	   +1.242989e-005
+1.254900e+004	   +1.241587e-005
+1.255000e+004	   +1.160068e-005
+1.255100e+004	   +1.102006e-005
+1.255200e+004	   +1.127419e-005
+1.255300e+004	   +1.114781e-005
+1.255400e+004	   +1.181715e-005
+1.255500e+004	   +1.223210e-005
+1.255600e+004	   +1.124403e-005
+1.255700e+004	   +1.069003e-005
+1.255800e+004	   +1.109026e-005
+1.255900e+004	   +1.099689e-005
+1.256000e+004	   +1.165246e-005
+1.256100e+004	   +1.153953e-005
+1.256200e+004	   +1.078160e-005
+1.256300e+004	   +9.969928e-006
+1.256400e+004	   +1.011583e-005
+1.256500e+004	   +1.122443e-005
+1.256600e+004	   +1.113209e-005
+1.256700e+004	   +1.151466e-005
+1.256800e+004	   +1.161361e-005
+1.256900e+004	   +1.049983e-005
+1.257000e+004	   +1.119058e-005
+1.257100e+004	   +1.113252e-005
+1.257200e+004	   +1.204155e-005
+1.257300e+004	   +1.226300e-005
+1.257400e+004	   +1.115957e-005
+1.257500e+004	   +1.185685e-005
+1.257600e+004	   +1.194127e-005
+1.257700e+004	   +1.139857e-005
+1.257800e+004	   +1.183184e-005
+1.257900e+004	   +1.198913e-005
+1.258000e+004	   +1.218675e-005
+1.258100e+004	   +1.189382e-005
+1.258200e+004	   +1.104095e-005
+1.258300e+004	   +1.061995e-005
+1.258400e+004	   +1.128779e-005
+1.258500e+004	   +1.162712e-005
+1.258600e+004	   +1.151595e-005
+1.258700e+004	   +1.162444e-005
+1.258800e+004	   +1.259690e-005
+1.258900e+004	   +1.292178e-005
+1.259000e+004	   +1.279979e-005
+1.259100e+004	   +1.320199e-005
+1.259200e+004	   +1.276020e-005
+1.259300e+004	   +1.184227e-005
+1.259400e+004	   +1.383602e-005
+1.259500e+004	   +1.334630e-005
+1.259600e+004	   +1.205619e-005
+1.259700e+004	   +1.111630e-005
+1.259800e+004	   +1.054961e-005
+1.259900e+004	   +1.129997e-005
+1.260000e+004	   +1.181126e-005
