+1.000000e+002	   -1.184893e-001
+1.003394e+002	   -1.346724e-001
+1.006799e+002	   -1.395224e-001
+1.010215e+002	   -1.466910e-001
+1.013643e+002	   -9.800489e-002
+1.017083e+002	   -1.269963e-001
+1.020535e+002	   -8.694634e-002
+1.023998e+002	   -9.041684e-002
+1.027473e+002	   -1.539871e-001
+1.030960e+002	   -1.297130e-001
+1.034459e+002	   -1.165705e-001
+1.037969e+002	   -1.175774e-001
+1.041491e+002	   -1.063236e-001
+1.045026e+002	   -1.086587e-001
+1.048572e+002	   -1.251220e-001
+1.052131e+002	   -1.048342e-001
+1.055701e+002	   -1.581392e-001
+1.059284e+002	   -1.277701e-001
+1.062878e+002	   -1.000252e-001
+1.066485e+002	   -6.662103e-002
+1.070105e+002	   -8.846820e-002
+1.073736e+002	   -7.476935e-002
+1.077380e+002	   -1.593546e-001
+1.081036e+002	   -9.667706e-002
+1.084705e+002	   -1.188873e-001
+1.088385e+002	   -7.628090e-002
+1.092079e+002	   -1.220869e-001
+1.095785e+002	   -1.282872e-001
+1.099504e+002	   -1.169672e-001
+1.103235e+002	   -8.118153e-002
+1.106979e+002	   -8.334557e-002
+1.110735e+002	   -1.380219e-001
+1.114505e+002	   -1.371626e-001
+1.118287e+002	   -1.090251e-001
+1.122082e+002	   -1.224073e-001
+1.125890e+002	   -1.273963e-001
+1.129710e+002	   -9.969684e-002
+1.133544e+002	   -1.589390e-001
+1.137391e+002	   -8.082812e-002
+1.141251e+002	   -1.002516e-001
+1.145124e+002	   -8.115900e-002
+1.149010e+002	   -1.234010e-001
+1.152909e+002	   -1.601727e-001
+1.156821e+002	   -1.651639e-001
+1.160747e+002	   -1.360066e-001
+1.164686e+002	   -9.545586e-002
+1.168639e+002	   -1.182161e-001
+1.172605e+002	   -1.340830e-001
+1.176584e+002	   -8.338897e-002
+1.180577e+002	   -1.572474e-001
+1.184583e+002	   -1.441640e-001
+1.188603e+002	   -1.933830e-001
+1.192637e+002	   -1.341899e-001
+1.196684e+002	   -1.052341e-001
+1.200745e+002	   -1.643878e-001
+1.204820e+002	   -1.079391e-001
+1.208908e+002	   -1.168130e-001
+1.213011e+002	   -1.054257e-001
+1.217127e+002	   -1.566389e-001
+1.221258e+002	   -1.703938e-001
+1.225402e+002	   -2.095753e-001
+1.229560e+002	   -1.037026e-001
+1.233733e+002	   -1.468419e-001
+1.237920e+002	   -1.141768e-001
+1.242121e+002	   -1.529385e-001
+1.246336e+002	   -1.228657e-001
+1.250565e+002	   -9.107712e-002
+1.254809e+002	   -1.275873e-001
+1.259068e+002	   -6.891362e-002
+1.263340e+002	   -8.997733e-002
+1.267628e+002	   -5.970002e-002
+1.271929e+002	   -1.195157e-001
+1.276246e+002	   -1.529221e-001
+1.280577e+002	   -1.212408e-001
+1.284922e+002	   -1.401164e-001
+1.289283e+002	   -1.324187e-001
+1.293658e+002	   -7.790877e-002
+1.298048e+002	   -1.552452e-001
+1.302453e+002	   -1.231560e-001
+1.306873e+002	   -1.151204e-001
+1.311308e+002	   -1.824652e-001
+1.315758e+002	   -7.878499e-002
+1.320223e+002	   -1.814370e-001
+1.324704e+002	   -1.826566e-001
+1.329199e+002	   -7.257243e-002
+1.333710e+002	   -1.452670e-001
+1.338236e+002	   -1.153713e-001
+1.342777e+002	   -1.346523e-001
+1.347334e+002	   -1.413997e-001
+1.351906e+002	   -1.359796e-001
+1.356494e+002	   -1.150102e-001
+1.361097e+002	   -7.064540e-002
+1.365716e+002	   -1.629612e-001
+1.370351e+002	   -1.571142e-001
+1.375001e+002	   -1.307447e-001
+1.379668e+002	   -1.611957e-001
+1.384350e+002	   -1.478155e-001
+1.389047e+002	   -1.586519e-001
+1.393761e+002	   -1.015267e-001
+1.398491e+002	   -2.016921e-001
+1.403237e+002	   -1.575802e-001
+1.407999e+002	   -1.841505e-001
+1.412777e+002	   -1.848646e-001
+1.417571e+002	   -1.354153e-001
+1.422382e+002	   -1.542784e-001
+1.427209e+002	   -1.131386e-001
+1.432052e+002	   -1.440873e-001
+1.436912e+002	   -1.218901e-001
+1.441788e+002	   -8.372208e-002
+1.446681e+002	   -1.740888e-001
+1.451590e+002	   -1.891655e-001
+1.456516e+002	   -1.534228e-001
+1.461459e+002	   -9.124108e-002
+1.466419e+002	   -1.516532e-001
+1.471395e+002	   -1.752798e-001
+1.476388e+002	   -1.455814e-001
+1.481399e+002	   -2.007188e-001
+1.486426e+002	   -1.554381e-001
+1.491470e+002	   -1.411375e-001
+1.496532e+002	   -1.984120e-001
+1.501610e+002	   -1.715469e-001
+1.506706e+002	   -1.254075e-001
+1.511819e+002	   -1.656502e-001
+1.516949e+002	   -1.761141e-001
+1.522097e+002	   -2.138911e-001
+1.527263e+002	   -1.405138e-001
+1.532446e+002	   -1.269219e-001
+1.537646e+002	   -2.022847e-001
+1.542864e+002	   -1.605384e-001
+1.548100e+002	   -1.195366e-001
+1.553353e+002	   -2.095701e-001
+1.558625e+002	   -1.458224e-001
+1.563914e+002	   -1.648519e-001
+1.569221e+002	   -1.136377e-001
+1.574547e+002	   -1.011508e-001
+1.579890e+002	   -2.276894e-001
+1.585251e+002	   -2.081269e-001
+1.590631e+002	   -2.061322e-001
+1.596029e+002	   -1.942518e-001
+1.601445e+002	   -1.309602e-001
+1.606880e+002	   -2.002002e-001
+1.612333e+002	   -2.173010e-001
+1.617804e+002	   -1.722354e-001
+1.623295e+002	   -1.699736e-001
+1.628803e+002	   -1.511727e-001
+1.634331e+002	   -1.820212e-001
+1.639877e+002	   -1.495446e-001
+1.645442e+002	   -1.855168e-001
+1.651026e+002	   -1.840382e-001
+1.656629e+002	   -2.102274e-001
+1.662251e+002	   -1.921023e-001
+1.667892e+002	   -1.562585e-001
+1.673552e+002	   -1.247442e-001
+1.679231e+002	   -1.750024e-001
+1.684930e+002	   -2.034072e-001
+1.690647e+002	   -1.630850e-001
+1.696385e+002	   -1.217246e-001
+1.702141e+002	   -1.549678e-001
+1.707918e+002	   -1.868030e-001
+1.713714e+002	   -1.430465e-001
+1.719529e+002	   -2.087451e-001
+1.725365e+002	   -1.932660e-001
+1.731220e+002	   -1.614982e-001
+1.737095e+002	   -2.066952e-001
+1.742990e+002	   -1.858683e-001
+1.748905e+002	   -1.687604e-001
+1.754840e+002	   -2.602075e-001
+1.760795e+002	   -1.960576e-001
+1.766770e+002	   -1.776235e-001
+1.772766e+002	   -1.780717e-001
+1.778782e+002	   -1.264416e-001
+1.784818e+002	   -1.179684e-001
+1.790875e+002	   -3.481650e-002
+1.796953e+002	   -3.448586e-001
+1.803051e+002	   -4.245718e-001
+1.809169e+002	   -1.361898e-001
+1.815309e+002	   -2.079867e-001
+1.821469e+002	   -2.116116e-001
+1.827650e+002	   -1.520314e-001
+1.833853e+002	   -1.907060e-001
+1.840076e+002	   -1.528742e-001
+1.846320e+002	   -1.822971e-001
+1.852586e+002	   -1.951080e-001
+1.858873e+002	   -1.839832e-001
+1.865181e+002	   -2.575662e-001
+1.871511e+002	   -1.797667e-001
+1.877862e+002	   -1.294723e-001
+1.884234e+002	   -2.269873e-001
+1.890629e+002	   -2.122260e-001
+1.897045e+002	   -1.712693e-001
+1.903482e+002	   -2.001351e-001
+1.909942e+002	   -2.551612e-001
+1.916423e+002	   -2.136370e-001
+1.922927e+002	   -2.260901e-001
+1.929453e+002	   -1.803251e-001
+1.936000e+002	   -2.473461e-001
+1.942570e+002	   -1.812284e-001
+1.949162e+002	   -1.925301e-001
+1.955777e+002	   -2.071317e-001
+1.962414e+002	   -2.440346e-001
+1.969074e+002	   -2.242199e-001
+1.975756e+002	   -3.198548e-001
+1.982461e+002	   -2.099248e-001
+1.989188e+002	   -2.841223e-001
+1.995939e+002	   -1.733917e-001
+2.002712e+002	   -2.238727e-001
+2.009508e+002	   -2.182357e-001
+2.016328e+002	   -1.710602e-001
+2.023170e+002	   -1.619283e-001
+2.030036e+002	   -2.900859e-001
+2.036925e+002	   -1.535478e-001
+2.043838e+002	   -2.056366e-001
+2.050773e+002	   -2.118255e-001
+2.057733e+002	   -1.992164e-001
+2.064716e+002	   -2.066571e-001
+2.071723e+002	   -2.574030e-001
+2.078753e+002	   -2.807606e-001
+2.085807e+002	   -3.362766e-001
+2.092886e+002	   -2.174935e-001
+2.099988e+002	   -1.854474e-001
+2.107115e+002	   -2.224300e-001
+2.114265e+002	   -1.722877e-001
+2.121440e+002	   -2.418341e-001
+2.128639e+002	   -1.797911e-001
+2.135863e+002	   -1.751324e-001
+2.143111e+002	   -1.801533e-001
+2.150384e+002	   -1.192127e-001
+2.157681e+002	   -2.142552e-001
+2.165004e+002	   -2.450894e-001
+2.172351e+002	   -2.576061e-001
+2.179723e+002	   -2.696722e-001
+2.187120e+002	   -1.360051e-001
+2.194542e+002	   -2.415344e-001
+2.201989e+002	   -2.499307e-001
+2.209462e+002	   -2.290897e-001
+2.216960e+002	   -2.822426e-001
+2.224483e+002	   -2.857082e-001
+2.232032e+002	   -2.315038e-001
+2.239607e+002	   -1.757480e-001
+2.247207e+002	   -2.987665e-001
+2.254833e+002	   -1.966276e-001
+2.262485e+002	   -2.460925e-001
+2.270163e+002	   -2.524216e-001
+2.277867e+002	   -2.989503e-001
+2.285597e+002	   -2.468046e-001
+2.293353e+002	   -2.310112e-001
+2.301136e+002	   -2.653006e-001
+2.308945e+002	   -1.777045e-001
+2.316780e+002	   -1.931085e-001
+2.324642e+002	   -2.836491e-001
+2.332531e+002	   -2.256053e-001
+2.340447e+002	   -1.834545e-001
+2.348389e+002	   -2.300404e-001
+2.356359e+002	   -2.581228e-001
+2.364355e+002	   -2.666806e-001
+2.372379e+002	   -2.933968e-001
+2.380430e+002	   -2.792112e-001
+2.388508e+002	   -2.560264e-001
+2.396613e+002	   -2.562957e-001
+2.404746e+002	   -3.496458e-001
+2.412907e+002	   -2.868752e-001
+2.421095e+002	   -2.414982e-001
+2.429311e+002	   -3.108053e-001
+2.437555e+002	   -2.951241e-001
+2.445827e+002	   -2.823758e-001
+2.454128e+002	   -3.049501e-001
+2.462456e+002	   -3.037837e-001
+2.470812e+002	   -1.935236e-001
+2.479197e+002	   -2.162879e-001
+2.487610e+002	   -2.394096e-001
+2.496052e+002	   -2.321805e-001
+2.504523e+002	   -2.551457e-001
+2.513022e+002	   -3.032297e-001
+2.521550e+002	   -2.982589e-001
+2.530107e+002	   -2.509942e-001
+2.538693e+002	   -1.881702e-001
+2.547308e+002	   -3.218707e-001
+2.555953e+002	   -2.690740e-001
+2.564626e+002	   -3.264239e-001
+2.573330e+002	   -3.266017e-001
+2.582063e+002	   -3.118920e-001
+2.590825e+002	   -3.580931e-001
+2.599617e+002	   -2.681312e-001
+2.608439e+002	   -3.600618e-001
+2.617291e+002	   -1.735507e-001
+2.626173e+002	   -2.804997e-001
+2.635085e+002	   -2.538520e-001
+2.644027e+002	   -2.515188e-001
+2.653000e+002	   -3.073231e-001
+2.662003e+002	   -3.175985e-001
+2.671037e+002	   -2.311813e-001
+2.680101e+002	   -2.808042e-001
+2.689196e+002	   -2.618202e-001
+2.698322e+002	   -2.329530e-001
+2.707479e+002	   -3.668438e-001
+2.716667e+002	   -2.784868e-001
+2.725886e+002	   -3.241245e-001
+2.735137e+002	   -3.347716e-001
+2.744418e+002	   -2.259991e-001
+2.753732e+002	   -2.493180e-001
+2.763077e+002	   -3.475847e-001
+2.772454e+002	   -3.128103e-001
+2.781862e+002	   -3.109472e-001
+2.791302e+002	   -3.166509e-001
+2.800775e+002	   -3.675236e-001
+2.810280e+002	   -3.309438e-001
+2.819816e+002	   -2.081080e-001
+2.829385e+002	   -2.985520e-001
+2.838987e+002	   -2.713028e-001
+2.848622e+002	   -4.380715e-001
+2.858289e+002	   -2.461625e-001
+2.867988e+002	   -2.142920e-001
+2.877721e+002	   -3.405887e-001
+2.887487e+002	   -2.681135e-001
+2.897285e+002	   -2.601509e-001
+2.907118e+002	   -3.693539e-001
+2.916983e+002	   -4.270621e-001
+2.926882e+002	   -3.016690e-001
+2.936815e+002	   -3.551881e-001
+2.946781e+002	   -1.777992e-001
+2.956781e+002	   -3.735515e-001
+2.966815e+002	   -3.377666e-001
+2.976883e+002	   -2.946920e-001
+2.986985e+002	   -2.855921e-001
+2.997122e+002	   -4.026816e-001
+3.007293e+002	   -3.746283e-001
+3.017498e+002	   -3.574181e-001
+3.027738e+002	   -3.356982e-001
+3.038013e+002	   -3.607345e-001
+3.048323e+002	   -2.359393e-001
+3.058667e+002	   -2.844345e-001
+3.069047e+002	   -2.887684e-001
+3.079462e+002	   -3.614517e-001
+3.089912e+002	   -2.860527e-001
+3.100398e+002	   -3.096996e-001
+3.110920e+002	   -2.922668e-001
+3.121477e+002	   -3.107527e-001
+3.132070e+002	   -3.601451e-001
+3.142699e+002	   -3.234518e-001
+3.153364e+002	   -3.503240e-001
+3.164065e+002	   -3.338442e-001
+3.174802e+002	   -3.261058e-001
+3.185576e+002	   -3.866385e-001
+3.196386e+002	   -3.546329e-001
+3.207234e+002	   -3.388222e-001
+3.218117e+002	   -3.244388e-001
+3.229038e+002	   -3.576776e-001
+3.239996e+002	   -2.827946e-001
+3.250992e+002	   -3.600159e-001
+3.262024e+002	   -3.711597e-001
+3.273094e+002	   -2.714223e-001
+3.284201e+002	   -2.974483e-001
+3.295346e+002	   -3.220975e-001
+3.306529e+002	   -3.624335e-001
+3.317750e+002	   -3.793537e-001
+3.329009e+002	   -3.915270e-001
+3.340306e+002	   -4.142402e-001
+3.351642e+002	   -2.971969e-001
+3.363016e+002	   -3.232612e-001
+3.374428e+002	   -3.482273e-001
+3.385880e+002	   -4.710507e-001
+3.397370e+002	   -3.199215e-001
+3.408899e+002	   -4.155717e-001
+3.420468e+002	   -4.246742e-001
+3.432075e+002	   -3.298761e-001
+3.443722e+002	   -3.461995e-001
+3.455409e+002	   -3.068111e-001
+3.467135e+002	   -3.853774e-001
+3.478901e+002	   -4.084401e-001
+3.490706e+002	   -3.591933e-001
+3.502552e+002	   -3.561524e-001
+3.514438e+002	   -4.230798e-001
+3.526365e+002	   -3.238910e-001
+3.538332e+002	   -3.386401e-001
+3.550339e+002	   -3.780071e-001
+3.562388e+002	   -3.856811e-001
+3.574477e+002	   -4.701797e-001
+3.586607e+002	   -4.539519e-001
+3.598779e+002	   -4.166193e-001
+3.610991e+002	   -3.941225e-001
+3.623245e+002	   -4.037830e-001
+3.635541e+002	   -3.380331e-001
+3.647878e+002	   -2.680695e-001
+3.660258e+002	   -3.571285e-001
+3.672679e+002	   -3.393693e-001
+3.685143e+002	   -4.641121e-001
+3.697648e+002	   -4.103485e-001
+3.710197e+002	   -3.958692e-001
+3.722787e+002	   -4.464397e-001
+3.735421e+002	   -3.431211e-001
+3.748097e+002	   -3.924047e-001
+3.760817e+002	   -4.055808e-001
+3.773579e+002	   -4.213386e-001
+3.786385e+002	   -3.718418e-001
+3.799234e+002	   -3.668355e-001
+3.812127e+002	   -4.342583e-001
+3.825064e+002	   -3.988290e-001
+3.838044e+002	   -4.293450e-001
+3.851069e+002	   -4.836732e-001
+3.864138e+002	   -4.612338e-001
+3.877251e+002	   -3.782031e-001
+3.890409e+002	   -4.319280e-001
+3.903611e+002	   -3.386909e-001
+3.916859e+002	   -4.274960e-001
+3.930150e+002	   -4.539455e-001
+3.943488e+002	   -3.724641e-001
+3.956870e+002	   -4.367907e-001
+3.970298e+002	   -3.463710e-001
+3.983771e+002	   -4.196016e-001
+3.997291e+002	   -3.996009e-001
+4.010856e+002	   -4.381755e-001
+4.024467e+002	   -4.234433e-001
+4.038124e+002	   -4.048447e-001
+4.051828e+002	   -4.608330e-001
+4.065578e+002	   -4.804791e-001
+4.079375e+002	   -4.107794e-001
+4.093218e+002	   -5.127713e-001
+4.107109e+002	   -3.929339e-001
+4.121046e+002	   -4.078906e-001
+4.135031e+002	   -4.514171e-001
+4.149064e+002	   -4.554054e-001
+4.163144e+002	   -3.928948e-001
+4.177272e+002	   -3.438379e-001
+4.191448e+002	   -4.431522e-001
+4.205672e+002	   -5.042436e-001
+4.219944e+002	   -4.193170e-001
+4.234265e+002	   -5.337891e-001
+4.248634e+002	   -4.207292e-001
+4.263052e+002	   -3.539159e-001
+4.277519e+002	   -4.962071e-001
+4.292035e+002	   -4.070298e-001
+4.306600e+002	   -3.865531e-001
+4.321215e+002	   -4.713385e-001
+4.335879e+002	   -4.779841e-001
+4.350593e+002	   -3.688332e-001
+4.365357e+002	   -4.441463e-001
+4.380171e+002	   -3.720553e-001
+4.395036e+002	   -5.672588e-001
+4.409951e+002	   -3.723651e-001
+4.424916e+002	   -4.764181e-001
+4.439932e+002	   -3.705530e-001
+4.454999e+002	   -4.625594e-001
+4.470118e+002	   -4.743282e-001
+4.485287e+002	   -4.670389e-001
+4.500508e+002	   -3.843794e-001
+4.515781e+002	   -4.803687e-001
+4.531106e+002	   -4.133266e-001
+4.546482e+002	   -4.695489e-001
+4.561911e+002	   -4.635743e-001
+4.577392e+002	   -4.803432e-001
+4.592926e+002	   -4.188873e-001
+4.608512e+002	   -4.561329e-001
+4.624152e+002	   -4.029314e-001
+4.639844e+002	   -5.132966e-001
+4.655589e+002	   -5.046685e-001
+4.671389e+002	   -3.689739e-001
+4.687241e+002	   -5.076278e-001
+4.703148e+002	   -4.711240e-001
+4.719108e+002	   -4.724071e-001
+4.735123e+002	   -4.486559e-001
+4.751191e+002	   -5.154456e-001
+4.767315e+002	   -4.847368e-001
+4.783493e+002	   -5.879000e-001
+4.799726e+002	   -4.237867e-001
+4.816014e+002	   -5.363748e-001
+4.832358e+002	   -5.318050e-001
+4.848757e+002	   -4.016852e-001
+4.865211e+002	   -5.569773e-001
+4.881721e+002	   -5.399016e-001
+4.898288e+002	   -5.595806e-001
+4.914911e+002	   -4.708585e-001
+4.931590e+002	   -5.528952e-001
+4.948326e+002	   -5.354453e-001
+4.965118e+002	   -5.635899e-001
+4.981967e+002	   -4.471562e-001
+4.998874e+002	   -5.207672e-001
+5.015838e+002	   -5.889108e-001
+5.032859e+002	   -5.068161e-001
+5.049939e+002	   -5.449583e-001
+5.067076e+002	   -6.812083e-001
+5.084272e+002	   -4.439728e-001
+5.101525e+002	   -6.280153e-001
+5.118838e+002	   -5.798504e-001
+5.136208e+002	   -4.332768e-001
+5.153639e+002	   -5.180096e-001
+5.171128e+002	   -5.392610e-001
+5.188676e+002	   -5.432481e-001
+5.206285e+002	   -5.489382e-001
+5.223953e+002	   -5.110831e-001
+5.241680e+002	   -5.674630e-001
+5.259468e+002	   -5.679705e-001
+5.277316e+002	   -5.063795e-001
+5.295225e+002	   -5.764681e-001
+5.313195e+002	   -7.214890e-001
+5.331226e+002	   -7.166383e-001
+5.349318e+002	   -6.464916e-001
+5.367471e+002	   -5.147570e-001
+5.385685e+002	   -5.670300e-001
+5.403962e+002	   -5.445958e-001
+5.422301e+002	   -6.208614e-001
+5.440702e+002	   -6.080212e-001
+5.459165e+002	   -7.136824e-001
+5.477691e+002	   -6.939722e-001
+5.496280e+002	   -5.444710e-001
+5.514932e+002	   -6.302201e-001
+5.533647e+002	   -5.557575e-001
+5.552426e+002	   -4.720526e-001
+5.571268e+002	   -6.091102e-001
+5.590175e+002	   -5.207551e-001
+5.609146e+002	   -5.245823e-001
+5.628181e+002	   -5.275682e-001
+5.647280e+002	   -4.593737e-001
+5.666445e+002	   -6.310041e-001
+5.685674e+002	   -5.313153e-001
+5.704969e+002	   -5.042655e-001
+5.724329e+002	   -7.004900e-001
+5.743755e+002	   -7.049080e-001
+5.763246e+002	   -6.133323e-001
+5.782805e+002	   -6.359547e-001
+5.802429e+002	   -6.271898e-001
+5.822120e+002	   -5.453432e-001
+5.841877e+002	   -6.885371e-001
+5.861702e+002	   -6.229877e-001
+5.881594e+002	   -6.812813e-001
+5.901554e+002	   -5.939110e-001
+5.921581e+002	   -5.240240e-001
+5.941676e+002	   -6.281399e-001
+5.961840e+002	   -5.905758e-001
+5.982072e+002	   -6.770670e-001
+6.002372e+002	   -6.355620e-001
+6.022742e+002	   -7.183732e-001
+6.043180e+002	   -5.938838e-001
+6.063688e+002	   -6.808588e-001
+6.084265e+002	   -5.422139e-001
+6.104913e+002	   -6.958184e-001
+6.125630e+002	   -6.855640e-001
+6.146418e+002	   -6.566952e-001
+6.167276e+002	   -7.055249e-001
+6.188205e+002	   -6.873038e-001
+6.209205e+002	   -6.361436e-001
+6.230276e+002	   -5.644389e-001
+6.251419e+002	   -6.656458e-001
+6.272634e+002	   -7.337015e-001
+6.293920e+002	   -7.701048e-001
+6.315280e+002	   -6.519731e-001
+6.336711e+002	   -7.609332e-001
+6.358215e+002	   -6.434196e-001
+6.379791e+002	   -6.726289e-001
+6.401442e+002	   -5.954704e-001
+6.423165e+002	   -6.906580e-001
+6.444963e+002	   -7.120830e-001
+6.466834e+002	   -5.699774e-001
+6.488780e+002	   -7.189879e-001
+6.510800e+002	   -5.879542e-001
+6.532895e+002	   -6.151766e-001
+6.555065e+002	   -6.726609e-001
+6.577310e+002	   -6.522905e-001
+6.599630e+002	   -7.406344e-001
+6.622026e+002	   -6.357604e-001
+6.644498e+002	   -8.286646e-001
+6.667047e+002	   -6.687832e-001
+6.689672e+002	   -6.734911e-001
+6.712374e+002	   -7.427906e-001
+6.735153e+002	   -6.566770e-001
+6.758009e+002	   -6.495355e-001
+6.780942e+002	   -7.325915e-001
+6.803954e+002	   -6.394656e-001
+6.827043e+002	   -7.489441e-001
+6.850212e+002	   -8.360619e-001
+6.873458e+002	   -6.685110e-001
+6.896784e+002	   -8.034098e-001
+6.920189e+002	   -5.542216e-001
+6.943672e+002	   -7.993624e-001
+6.967236e+002	   -8.246554e-001
+6.990880e+002	   -7.167516e-001
+7.014604e+002	   -7.525923e-001
+7.038409e+002	   -8.290347e-001
+7.062294e+002	   -6.276143e-001
+7.086260e+002	   -7.215908e-001
+7.110308e+002	   -8.437563e-001
+7.134437e+002	   -6.569518e-001
+7.158648e+002	   -7.938812e-001
+7.182941e+002	   -6.674725e-001
+7.207318e+002	   -6.898516e-001
+7.231776e+002	   -7.249253e-001
+7.256317e+002	   -8.404164e-001
+7.280942e+002	   -7.066618e-001
+7.305651e+002	   -7.338303e-001
+7.330443e+002	   -7.949798e-001
+7.355319e+002	   -8.393481e-001
+7.380280e+002	   -6.897695e-001
+7.405325e+002	   -7.495898e-001
+7.430455e+002	   -9.266591e-001
+7.455671e+002	   -7.034281e-001
+7.480972e+002	   -6.581481e-001
+7.506359e+002	   -7.547456e-001
+7.531833e+002	   -8.016756e-001
+7.557393e+002	   -7.652374e-001
+7.583039e+002	   -8.001771e-001
+7.608773e+002	   -7.555398e-001
+7.634594e+002	   -8.484402e-001
+7.660502e+002	   -7.679229e-001
+7.686498e+002	   -7.054645e-001
+7.712583e+002	   -7.874074e-001
+7.738756e+002	   -8.989418e-001
+7.765018e+002	   -8.624673e-001
+7.791369e+002	   -7.427526e-001
+7.817809e+002	   -7.396143e-001
+7.844340e+002	   -8.235978e-001
+7.870960e+002	   -7.851498e-001
+7.897670e+002	   -9.870856e-001
+7.924471e+002	   -9.088488e-001
+7.951364e+002	   -7.733665e-001
+7.978347e+002	   -8.571605e-001
+8.005422e+002	   -7.352750e-001
+8.032589e+002	   -7.926835e-001
+8.059848e+002	   -8.208420e-001
+8.087200e+002	   -9.480807e-001
+8.114644e+002	   -8.279176e-001
+8.142182e+002	   -8.091894e-001
+8.169813e+002	   -9.373538e-001
+8.197538e+002	   -8.312449e-001
+8.225356e+002	   -6.664126e-001
+8.253270e+002	   -9.646586e-001
+8.281277e+002	   -9.038899e-001
+8.309380e+002	   -8.487236e-001
+8.337579e+002	   -8.072386e-001
+8.365873e+002	   -9.824409e-001
+8.394263e+002	   -1.026117e+000
+8.422750e+002	   -8.762401e-001
+8.451333e+002	   -9.085532e-001
+8.480013e+002	   -8.585942e-001
+8.508790e+002	   -7.251197e-001
+8.537665e+002	   -9.334284e-001
+8.566639e+002	   -9.029108e-001
+8.595710e+002	   -8.269737e-001
+8.624880e+002	   -9.974486e-001
+8.654149e+002	   -9.899980e-001
+8.683517e+002	   -7.963539e-001
+8.712986e+002	   -9.148613e-001
+8.742554e+002	   -1.072016e+000
+8.772222e+002	   -9.067060e-001
+8.801991e+002	   -9.257708e-001
+8.831861e+002	   -8.266414e-001
+8.861833e+002	   -7.965037e-001
+8.891906e+002	   -8.982641e-001
+8.922081e+002	   -9.967504e-001
+8.952358e+002	   -8.454716e-001
+8.982739e+002	   -9.307672e-001
+9.013223e+002	   -9.713584e-001
+9.043809e+002	   -1.003785e+000
+9.074500e+002	   -8.058721e-001
+9.105295e+002	   -8.786254e-001
+9.136194e+002	   -9.164593e-001
+9.167198e+002	   -9.484253e-001
+9.198308e+002	   -9.702865e-001
+9.229523e+002	   -9.111759e-001
+9.260844e+002	   -8.349235e-001
+9.292271e+002	   -1.171582e+000
+9.323805e+002	   -9.167649e-001
+9.355446e+002	   -9.336239e-001
+9.387194e+002	   -9.201725e-001
+9.419050e+002	   -9.656415e-001
+9.451014e+002	   -9.953637e-001
+9.483087e+002	   -8.950821e-001
+9.515269e+002	   -1.039531e+000
+9.547559e+002	   -8.786511e-001
+9.579960e+002	   -1.059283e+000
+9.612469e+002	   -8.965100e-001
+9.645090e+002	   -1.006141e+000
+9.677821e+002	   -1.109459e+000
+9.710663e+002	   -1.065433e+000
+9.743618e+002	   -1.074263e+000
+9.776683e+002	   -1.090424e+000
+9.809861e+002	   -9.262781e-001
+9.843151e+002	   -9.225304e-001
+9.876555e+002	   -9.994493e-001
+9.910071e+002	   -9.123328e-001
+9.943702e+002	   -1.052923e+000
+9.977446e+002	   -1.105666e+000
+1.001130e+003	   -1.097692e+000
+1.004528e+003	   -8.063210e-001
+1.007937e+003	   -9.409856e-001
+1.011357e+003	   -1.005295e+000
+1.014789e+003	   -1.058707e+000
+1.018233e+003	   -1.024847e+000
+1.021689e+003	   -1.103203e+000
+1.025156e+003	   -1.043994e+000
+1.028635e+003	   -1.037035e+000
+1.032125e+003	   -1.114694e+000
+1.035628e+003	   -1.092366e+000
+1.039142e+003	   -1.138196e+000
+1.042669e+003	   -1.017447e+000
+1.046207e+003	   -1.020686e+000
+1.049758e+003	   -1.039552e+000
+1.053320e+003	   -1.033338e+000
+1.056895e+003	   -1.094437e+000
+1.060481e+003	   -1.061105e+000
+1.064080e+003	   -1.024033e+000
+1.067691e+003	   -1.086612e+000
+1.071314e+003	   -1.270452e+000
+1.074950e+003	   -1.106493e+000
+1.078598e+003	   -1.100831e+000
+1.082258e+003	   -9.640369e-001
+1.085931e+003	   -1.154901e+000
+1.089616e+003	   -1.128113e+000
+1.093314e+003	   -1.115669e+000
+1.097024e+003	   -1.212625e+000
+1.100747e+003	   -1.314986e+000
+1.104482e+003	   -1.104636e+000
+1.108230e+003	   -1.112132e+000
+1.111991e+003	   -1.270346e+000
+1.115765e+003	   -1.053994e+000
+1.119551e+003	   -1.104004e+000
+1.123350e+003	   -1.125755e+000
+1.127162e+003	   -1.264997e+000
+1.130988e+003	   -1.181781e+000
+1.134826e+003	   -1.252807e+000
+1.138677e+003	   -1.050798e+000
+1.142541e+003	   -1.195790e+000
+1.146418e+003	   -1.303558e+000
+1.150309e+003	   -1.217465e+000
+1.154212e+003	   -1.153473e+000
+1.158129e+003	   -1.251968e+000
+1.162059e+003	   -1.319520e+000
+1.166003e+003	   -1.088411e+000
+1.169960e+003	   -1.236221e+000
+1.173930e+003	   -1.095287e+000
+1.177914e+003	   -1.274760e+000
+1.181911e+003	   -1.222045e+000
+1.185922e+003	   -1.198012e+000
+1.189947e+003	   -1.223970e+000
+1.193985e+003	   -1.230292e+000
+1.198037e+003	   -1.258462e+000
+1.202102e+003	   -1.253480e+000
+1.206182e+003	   -1.272639e+000
+1.210275e+003	   -1.316127e+000
+1.214382e+003	   -1.160645e+000
+1.218503e+003	   -1.257897e+000
+1.222638e+003	   -1.347071e+000
+1.226787e+003	   -1.380325e+000
+1.230951e+003	   -1.324980e+000
+1.235128e+003	   -1.067165e+000
+1.239319e+003	   -1.293436e+000
+1.243525e+003	   -1.406090e+000
+1.247745e+003	   -1.378899e+000
+1.251979e+003	   -1.315512e+000
+1.256228e+003	   -1.356642e+000
+1.260491e+003	   -1.305359e+000
+1.264769e+003	   -1.238368e+000
+1.269061e+003	   -1.194685e+000
+1.273367e+003	   -1.415288e+000
+1.277689e+003	   -1.305241e+000
+1.282025e+003	   -1.223015e+000
+1.286375e+003	   -1.204788e+000
+1.290740e+003	   -1.404049e+000
+1.295121e+003	   -1.390136e+000
+1.299516e+003	   -1.275331e+000
+1.303926e+003	   -1.320826e+000
+1.308351e+003	   -1.520488e+000
+1.312791e+003	   -1.413096e+000
+1.317246e+003	   -1.287498e+000
+1.321716e+003	   -1.089608e+000
+1.326201e+003	   -1.306810e+000
+1.330702e+003	   -1.350317e+000
+1.335218e+003	   -1.375362e+000
+1.339749e+003	   -1.335852e+000
+1.344295e+003	   -1.296071e+000
+1.348857e+003	   -1.446071e+000
+1.353435e+003	   -1.425414e+000
+1.358028e+003	   -1.247784e+000
+1.362636e+003	   -1.405158e+000
+1.367260e+003	   -1.336392e+000
+1.371900e+003	   -1.444900e+000
+1.376556e+003	   -1.298801e+000
+1.381227e+003	   -1.451001e+000
+1.385915e+003	   -1.606605e+000
+1.390618e+003	   -1.402176e+000
+1.395337e+003	   -1.451680e+000
+1.400072e+003	   -1.620138e+000
+1.404823e+003	   -1.549831e+000
+1.409591e+003	   -1.495151e+000
+1.414374e+003	   -1.477596e+000
+1.419174e+003	   -1.552580e+000
+1.423990e+003	   -1.439915e+000
+1.428822e+003	   -1.578413e+000
+1.433671e+003	   -1.645877e+000
+1.438536e+003	   -1.520087e+000
+1.443418e+003	   -1.427318e+000
+1.448317e+003	   -1.482764e+000
+1.453231e+003	   -1.647333e+000
+1.458163e+003	   -1.404437e+000
+1.463111e+003	   -1.350280e+000
+1.468077e+003	   -1.506460e+000
+1.473059e+003	   -1.388562e+000
+1.478057e+003	   -1.316201e+000
+1.483073e+003	   -1.418654e+000
+1.488106e+003	   -1.607628e+000
+1.493156e+003	   -1.655074e+000
+1.498223e+003	   -1.526979e+000
+1.503308e+003	   -1.427076e+000
+1.508409e+003	   -1.697247e+000
+1.513528e+003	   -1.507093e+000
+1.518664e+003	   -1.477373e+000
+1.523818e+003	   -1.475848e+000
+1.528989e+003	   -1.608698e+000
+1.534178e+003	   -1.488139e+000
+1.539384e+003	   -1.478518e+000
+1.544608e+003	   -1.711415e+000
+1.549850e+003	   -1.668681e+000
+1.555109e+003	   -1.662754e+000
+1.560387e+003	   -1.774207e+000
+1.565682e+003	   -1.560335e+000
+1.570995e+003	   -1.559060e+000
+1.576327e+003	   -1.520702e+000
+1.581676e+003	   -1.724777e+000
+1.587044e+003	   -1.682397e+000
+1.592429e+003	   -1.537273e+000
+1.597833e+003	   -1.590062e+000
+1.603256e+003	   -1.495424e+000
+1.608696e+003	   -1.705769e+000
+1.614156e+003	   -1.557646e+000
+1.619633e+003	   -1.819313e+000
+1.625130e+003	   -1.674828e+000
+1.630645e+003	   -1.605438e+000
+1.636178e+003	   -1.760098e+000
+1.641731e+003	   -1.775447e+000
+1.647302e+003	   -1.699661e+000
+1.652892e+003	   -1.742180e+000
+1.658501e+003	   -1.761925e+000
+1.664130e+003	   -1.600607e+000
+1.669777e+003	   -1.804930e+000
+1.675443e+003	   -1.633352e+000
+1.681129e+003	   -1.949163e+000
+1.686834e+003	   -1.776729e+000
+1.692559e+003	   -1.936448e+000
+1.698302e+003	   -1.802796e+000
+1.704066e+003	   -1.765629e+000
+1.709849e+003	   -1.879699e+000
+1.715651e+003	   -1.804111e+000
+1.721473e+003	   -1.746984e+000
+1.727315e+003	   -1.818649e+000
+1.733177e+003	   -1.773406e+000
+1.739059e+003	   -1.956346e+000
+1.744960e+003	   -1.722421e+000
+1.750882e+003	   -2.163004e+000
+1.756823e+003	   -2.076954e+000
+1.762785e+003	   -1.772804e+000
+1.768768e+003	   -1.588366e+000
+1.774770e+003	   -1.829866e+000
+1.780793e+003	   -1.814366e+000
+1.786836e+003	   -2.036099e+000
+1.792900e+003	   -1.845506e+000
+1.798984e+003	   -1.867405e+000
+1.805089e+003	   -2.027529e+000
+1.811215e+003	   -1.938132e+000
+1.817361e+003	   -2.023062e+000
+1.823528e+003	   -1.762574e+000
+1.829717e+003	   -1.640630e+000
+1.835926e+003	   -2.033277e+000
+1.842156e+003	   -2.108807e+000
+1.848408e+003	   -2.166565e+000
+1.854680e+003	   -1.795281e+000
+1.860974e+003	   -1.996453e+000
+1.867290e+003	   -1.923760e+000
+1.873626e+003	   -1.965618e+000
+1.879985e+003	   -2.067148e+000
+1.886365e+003	   -2.047551e+000
+1.892766e+003	   -1.920474e+000
+1.899189e+003	   -2.151875e+000
+1.905634e+003	   -1.787330e+000
+1.912101e+003	   -2.001980e+000
+1.918590e+003	   -2.065289e+000
+1.925101e+003	   -2.050727e+000
+1.931634e+003	   -1.888315e+000
+1.938189e+003	   -2.003186e+000
+1.944766e+003	   -2.059919e+000
+1.951366e+003	   -2.110812e+000
+1.957988e+003	   -2.064858e+000
+1.964633e+003	   -1.820814e+000
+1.971300e+003	   -2.146703e+000
+1.977990e+003	   -2.160810e+000
+1.984702e+003	   -2.302883e+000
+1.991437e+003	   -2.043930e+000
+1.998195e+003	   -2.053108e+000
+2.004976e+003	   -2.091980e+000
+2.011780e+003	   -1.984821e+000
+2.018607e+003	   -1.969943e+000
+2.025458e+003	   -2.134668e+000
+2.032331e+003	   -1.943908e+000
+2.039228e+003	   -2.131461e+000
+2.046148e+003	   -2.372638e+000
+2.053092e+003	   -1.984065e+000
+2.060059e+003	   -2.089024e+000
+2.067050e+003	   -2.089106e+000
+2.074065e+003	   -2.108146e+000
+2.081103e+003	   -1.970889e+000
+2.088166e+003	   -2.068605e+000
+2.095252e+003	   -2.159484e+000
+2.102362e+003	   -2.388992e+000
+2.109497e+003	   -2.273883e+000
+2.116656e+003	   -2.192614e+000
+2.123838e+003	   -2.178025e+000
+2.131046e+003	   -2.038043e+000
+2.138278e+003	   -2.163644e+000
+2.145534e+003	   -2.356278e+000
+2.152815e+003	   -2.473893e+000
+2.160121e+003	   -2.391517e+000
+2.167451e+003	   -2.060176e+000
+2.174807e+003	   -2.391646e+000
+2.182187e+003	   -2.028155e+000
+2.189592e+003	   -2.238604e+000
+2.197023e+003	   -2.206769e+000
+2.204479e+003	   -2.369044e+000
+2.211960e+003	   -2.332262e+000
+2.219466e+003	   -2.184499e+000
+2.226998e+003	   -2.214891e+000
+2.234555e+003	   -2.387313e+000
+2.242138e+003	   -2.264057e+000
+2.249747e+003	   -2.276379e+000
+2.257382e+003	   -2.547150e+000
+2.265042e+003	   -2.277078e+000
+2.272729e+003	   -2.353101e+000
+2.280442e+003	   -2.269066e+000
+2.288181e+003	   -2.453948e+000
+2.295946e+003	   -2.334183e+000
+2.303737e+003	   -2.414889e+000
+2.311555e+003	   -2.388630e+000
+2.319399e+003	   -2.156125e+000
+2.327271e+003	   -2.281397e+000
+2.335168e+003	   -2.399061e+000
+2.343093e+003	   -2.466247e+000
+2.351044e+003	   -2.408898e+000
+2.359022e+003	   -2.358902e+000
+2.367028e+003	   -2.410589e+000
+2.375061e+003	   -2.383928e+000
+2.383121e+003	   -2.402613e+000
+2.391208e+003	   -2.533716e+000
+2.399323e+003	   -2.609003e+000
+2.407465e+003	   -2.396609e+000
+2.415635e+003	   -2.595894e+000
+2.423832e+003	   -2.612995e+000
+2.432058e+003	   -2.490134e+000
+2.440311e+003	   -2.620538e+000
+2.448593e+003	   -2.492314e+000
+2.456902e+003	   -2.587356e+000
+2.465240e+003	   -2.742416e+000
+2.473605e+003	   -2.444946e+000
+2.482000e+003	   -2.391025e+000
+2.490423e+003	   -2.615361e+000
+2.498874e+003	   -2.601923e+000
+2.507354e+003	   -2.364299e+000
+2.515863e+003	   -2.676064e+000
+2.524401e+003	   -2.564366e+000
+2.532967e+003	   -2.681129e+000
+2.541563e+003	   -2.888145e+000
+2.550188e+003	   -2.428717e+000
+2.558842e+003	   -2.570664e+000
+2.567526e+003	   -2.665896e+000
+2.576239e+003	   -2.808070e+000
+2.584982e+003	   -2.515527e+000
+2.593754e+003	   -2.808467e+000
+2.602556e+003	   -2.628926e+000
+2.611388e+003	   -2.499064e+000
+2.620250e+003	   -2.570768e+000
+2.629142e+003	   -2.627371e+000
+2.638064e+003	   -2.818894e+000
+2.647016e+003	   -2.774755e+000
+2.655999e+003	   -2.778263e+000
+2.665012e+003	   -2.540056e+000
+2.674056e+003	   -2.840722e+000
+2.683131e+003	   -2.751086e+000
+2.692236e+003	   -2.696919e+000
+2.701373e+003	   -2.999786e+000
+2.710540e+003	   -3.060414e+000
+2.719738e+003	   -2.689827e+000
+2.728968e+003	   -2.864052e+000
+2.738229e+003	   -2.831211e+000
+2.747521e+003	   -2.718069e+000
+2.756845e+003	   -2.859650e+000
+2.766200e+003	   -2.939030e+000
+2.775588e+003	   -2.865110e+000
+2.785007e+003	   -3.052880e+000
+2.794458e+003	   -3.010181e+000
+2.803941e+003	   -3.016046e+000
+2.813457e+003	   -2.762089e+000
+2.823004e+003	   -2.959143e+000
+2.832584e+003	   -2.836985e+000
+2.842197e+003	   -3.036694e+000
+2.851842e+003	   -3.150449e+000
+2.861520e+003	   -3.003338e+000
+2.871230e+003	   -3.098421e+000
+2.880974e+003	   -3.024919e+000
+2.890751e+003	   -2.956430e+000
+2.900561e+003	   -3.014979e+000
+2.910404e+003	   -3.062330e+000
+2.920281e+003	   -3.248779e+000
+2.930191e+003	   -3.101131e+000
+2.940135e+003	   -3.029280e+000
+2.950112e+003	   -2.968609e+000
+2.960124e+003	   -3.115609e+000
+2.970169e+003	   -3.047081e+000
+2.980249e+003	   -3.106548e+000
+2.990362e+003	   -2.929055e+000
+3.000510e+003	   -2.965485e+000
+3.010692e+003	   -3.006865e+000
+3.020909e+003	   -3.121338e+000
+3.031161e+003	   -2.944297e+000
+3.041448e+003	   -3.059698e+000
+3.051769e+003	   -3.215557e+000
+3.062125e+003	   -3.263439e+000
+3.072517e+003	   -3.162916e+000
+3.082944e+003	   -3.236318e+000
+3.093406e+003	   -3.154503e+000
+3.103903e+003	   -3.207779e+000
+3.114437e+003	   -3.247727e+000
+3.125006e+003	   -3.408962e+000
+3.135611e+003	   -3.202049e+000
+3.146251e+003	   -3.130882e+000
+3.156928e+003	   -3.199075e+000
+3.167642e+003	   -3.230820e+000
+3.178391e+003	   -3.414278e+000
+3.189177e+003	   -3.223577e+000
+3.200000e+003	   -3.313818e+000
+3.210859e+003	   -3.504790e+000
+3.221756e+003	   -3.162864e+000
+3.232689e+003	   -3.323427e+000
+3.243659e+003	   -3.128567e+000
+3.254667e+003	   -3.108173e+000
+3.265712e+003	   -3.429673e+000
+3.276794e+003	   -3.423882e+000
+3.287914e+003	   -3.463125e+000
+3.299072e+003	   -3.427093e+000
+3.310267e+003	   -3.193133e+000
+3.321501e+003	   -3.514534e+000
+3.332773e+003	   -3.542471e+000
+3.344083e+003	   -3.382765e+000
+3.355431e+003	   -3.185026e+000
+3.366818e+003	   -3.374422e+000
+3.378243e+003	   -3.482958e+000
+3.389708e+003	   -3.599839e+000
+3.401211e+003	   -3.637202e+000
+3.412753e+003	   -3.473668e+000
+3.424334e+003	   -3.449109e+000
+3.435955e+003	   -3.678232e+000
+3.447615e+003	   -3.484827e+000
+3.459315e+003	   -3.463231e+000
+3.471054e+003	   -3.524304e+000
+3.482833e+003	   -3.469955e+000
+3.494653e+003	   -3.741841e+000
+3.506512e+003	   -3.811614e+000
+3.518412e+003	   -3.653614e+000
+3.530352e+003	   -3.670083e+000
+3.542332e+003	   -3.506943e+000
+3.554353e+003	   -3.540977e+000
+3.566415e+003	   -3.527815e+000
+3.578518e+003	   -3.777868e+000
+3.590662e+003	   -3.789011e+000
+3.602847e+003	   -3.587660e+000
+3.615073e+003	   -3.750668e+000
+3.627342e+003	   -3.629458e+000
+3.639651e+003	   -3.915812e+000
+3.652002e+003	   -3.744137e+000
+3.664396e+003	   -3.839651e+000
+3.676831e+003	   -3.755742e+000
+3.689309e+003	   -3.652656e+000
+3.701829e+003	   -3.857190e+000
+3.714391e+003	   -3.844808e+000
+3.726996e+003	   -3.706050e+000
+3.739644e+003	   -3.788818e+000
+3.752334e+003	   -3.738862e+000
+3.765068e+003	   -3.830253e+000
+3.777845e+003	   -4.006831e+000
+3.790666e+003	   -3.952164e+000
+3.803530e+003	   -3.952802e+000
+3.816437e+003	   -3.990569e+000
+3.829388e+003	   -4.064353e+000
+3.842384e+003	   -3.960177e+000
+3.855423e+003	   -3.983441e+000
+3.868507e+003	   -3.933881e+000
+3.881635e+003	   -4.098514e+000
+3.894807e+003	   -4.009865e+000
+3.908024e+003	   -4.051246e+000
+3.921286e+003	   -4.097005e+000
+3.934594e+003	   -4.108974e+000
+3.947946e+003	   -4.095634e+000
+3.961344e+003	   -4.184388e+000
+3.974787e+003	   -4.253703e+000
+3.988275e+003	   -4.095555e+000
+4.001810e+003	   -4.248376e+000
+4.015390e+003	   -4.130810e+000
+4.029017e+003	   -4.223726e+000
+4.042689e+003	   -4.182391e+000
+4.056408e+003	   -4.218689e+000
+4.070174e+003	   -4.171082e+000
+4.083986e+003	   -4.368042e+000
+4.097846e+003	   -4.232337e+000
+4.111752e+003	   -4.256653e+000
+4.125706e+003	   -4.095560e+000
+4.139706e+003	   -4.250590e+000
+4.153754e+003	   -4.351789e+000
+4.167851e+003	   -4.317492e+000
+4.181995e+003	   -4.224344e+000
+4.196187e+003	   -4.410597e+000
+4.210426e+003	   -4.327128e+000
+4.224715e+003	   -4.431140e+000
+4.239052e+003	   -4.377742e+000
+4.253437e+003	   -4.388734e+000
+4.267871e+003	   -4.342416e+000
+4.282354e+003	   -4.341583e+000
+4.296887e+003	   -4.435826e+000
+4.311469e+003	   -4.431493e+000
+4.326100e+003	   -4.330120e+000
+4.340781e+003	   -4.371627e+000
+4.355512e+003	   -4.497446e+000
+4.370292e+003	   -4.411544e+000
+4.385123e+003	   -4.563362e+000
+4.400004e+003	   -4.685633e+000
+4.414936e+003	   -4.437226e+000
+4.429918e+003	   -4.616847e+000
+4.444952e+003	   -4.590435e+000
+4.460036e+003	   -4.747566e+000
+4.475171e+003	   -4.719872e+000
+4.490358e+003	   -4.732955e+000
+4.505596e+003	   -4.671431e+000
+4.520886e+003	   -4.622580e+000
+4.536228e+003	   -4.639711e+000
+4.551622e+003	   -4.805727e+000
+4.567068e+003	   -4.741540e+000
+4.582567e+003	   -4.865485e+000
+4.598118e+003	   -4.625051e+000
+4.613722e+003	   -4.813292e+000
+4.629379e+003	   -4.796014e+000
+4.645089e+003	   -4.773574e+000
+4.660853e+003	   -4.682644e+000
+4.676669e+003	   -4.591333e+000
+4.692540e+003	   -4.842388e+000
+4.708464e+003	   -4.850512e+000
+4.724443e+003	   -4.918782e+000
+4.740476e+003	   -4.892166e+000
+4.756563e+003	   -4.824587e+000
+4.772705e+003	   -4.772471e+000
+4.788901e+003	   -4.921525e+000
+4.805152e+003	   -5.158180e+000
+4.821459e+003	   -5.176079e+000
+4.837821e+003	   -5.247651e+000
+4.854238e+003	   -5.033865e+000
+4.870711e+003	   -5.165358e+000
+4.887241e+003	   -5.042855e+000
+4.903826e+003	   -5.231267e+000
+4.920467e+003	   -5.035020e+000
+4.937165e+003	   -5.301523e+000
+4.953919e+003	   -5.129375e+000
+4.970731e+003	   -5.140148e+000
+4.987600e+003	   -5.186670e+000
+5.004525e+003	   -5.186218e+000
+5.021508e+003	   -5.169096e+000
+5.038549e+003	   -5.263428e+000
+5.055648e+003	   -5.091999e+000
+5.072804e+003	   -5.189886e+000
+5.090020e+003	   -5.164146e+000
+5.107292e+003	   -5.427127e+000
+5.124625e+003	   -5.219728e+000
+5.142015e+003	   -5.536243e+000
+5.159465e+003	   -5.415118e+000
+5.176974e+003	   -5.399376e+000
+5.194542e+003	   -5.177716e+000
+5.212170e+003	   -5.324620e+000
+5.229858e+003	   -5.238194e+000
+5.247606e+003	   -5.360022e+000
+5.265414e+003	   -5.507431e+000
+5.283283e+003	   -5.563364e+000
+5.301212e+003	   -5.672866e+000
+5.319202e+003	   -5.484517e+000
+5.337253e+003	   -5.542511e+000
+5.355365e+003	   -5.525626e+000
+5.373539e+003	   -5.610002e+000
+5.391774e+003	   -5.736924e+000
+5.410071e+003	   -5.631783e+000
+5.428431e+003	   -5.621535e+000
+5.446853e+003	   -5.702107e+000
+5.465337e+003	   -5.578561e+000
+5.483884e+003	   -5.768774e+000
+5.502494e+003	   -5.730824e+000
+5.521167e+003	   -5.650012e+000
+5.539903e+003	   -5.864135e+000
+5.558703e+003	   -5.503926e+000
+5.577567e+003	   -5.893898e+000
+5.596495e+003	   -5.754019e+000
+5.615487e+003	   -5.865776e+000
+5.634543e+003	   -5.665568e+000
+5.653665e+003	   -5.959121e+000
+5.672851e+003	   -6.222007e+000
+5.692102e+003	   -5.809413e+000
+5.711418e+003	   -5.930952e+000
+5.730800e+003	   -5.786179e+000
+5.750248e+003	   -5.885603e+000
+5.769762e+003	   -5.853240e+000
+5.789342e+003	   -5.933025e+000
+5.808988e+003	   -5.927555e+000
+5.828702e+003	   -6.068078e+000
+5.848481e+003	   -6.112974e+000
+5.868329e+003	   -6.155262e+000
+5.888243e+003	   -6.027689e+000
+5.908226e+003	   -6.135401e+000
+5.928275e+003	   -6.209380e+000
+5.948394e+003	   -5.951395e+000
+5.968580e+003	   -6.353829e+000
+5.988834e+003	   -6.158501e+000
+6.009158e+003	   -6.065607e+000
+6.029550e+003	   -6.260863e+000
+6.050012e+003	   -6.497238e+000
+6.070543e+003	   -6.433739e+000
+6.091144e+003	   -6.264044e+000
+6.111814e+003	   -6.400826e+000
+6.132555e+003	   -6.480626e+000
+6.153367e+003	   -6.340081e+000
+6.174248e+003	   -6.428397e+000
+6.195201e+003	   -6.449625e+000
+6.216225e+003	   -6.461140e+000
+6.237320e+003	   -6.602030e+000
+6.258487e+003	   -6.475945e+000
+6.279725e+003	   -6.583842e+000
+6.301036e+003	   -6.429960e+000
+6.322419e+003	   -6.472328e+000
+6.343875e+003	   -6.494900e+000
+6.365403e+003	   -6.482001e+000
+6.387004e+003	   -6.565513e+000
+6.408679e+003	   -6.816375e+000
+6.430427e+003	   -6.466575e+000
+6.452249e+003	   -6.701685e+000
+6.474145e+003	   -6.629177e+000
+6.496116e+003	   -6.719544e+000
+6.518161e+003	   -6.856487e+000
+6.540280e+003	   -6.894633e+000
+6.562475e+003	   -6.930449e+000
+6.584745e+003	   -6.689087e+000
+6.607091e+003	   -6.706456e+000
+6.629513e+003	   -6.751779e+000
+6.652010e+003	   -6.862589e+000
+6.674584e+003	   -6.785330e+000
+6.697235e+003	   -6.846168e+000
+6.719962e+003	   -7.023718e+000
+6.742767e+003	   -6.930021e+000
+6.765649e+003	   -7.002692e+000
+6.788608e+003	   -6.873074e+000
+6.811646e+003	   -7.072276e+000
+6.834762e+003	   -7.193059e+000
+6.857956e+003	   -7.022539e+000
+6.881229e+003	   -7.192604e+000
+6.904581e+003	   -7.119875e+000
+6.928012e+003	   -7.279759e+000
+6.951522e+003	   -7.197851e+000
+6.975113e+003	   -7.237283e+000
+6.998783e+003	   -7.242369e+000
+7.022534e+003	   -7.168632e+000
+7.046366e+003	   -7.108250e+000
+7.070278e+003	   -7.381674e+000
+7.094271e+003	   -7.332778e+000
+7.118346e+003	   -7.470253e+000
+7.142503e+003	   -7.323948e+000
+7.166741e+003	   -7.235287e+000
+7.191062e+003	   -7.457204e+000
+7.215465e+003	   -7.510997e+000
+7.239952e+003	   -7.534388e+000
+7.264521e+003	   -7.486645e+000
+7.289173e+003	   -7.483701e+000
+7.313910e+003	   -7.666249e+000
+7.338729e+003	   -7.560448e+000
+7.363634e+003	   -7.529928e+000
+7.388623e+003	   -7.540688e+000
+7.413697e+003	   -7.784784e+000
+7.438855e+003	   -7.744027e+000
+7.464100e+003	   -7.670746e+000
+7.489430e+003	   -7.659410e+000
+7.514846e+003	   -7.786377e+000
+7.540348e+003	   -7.839269e+000
+7.565937e+003	   -7.645216e+000
+7.591612e+003	   -7.856937e+000
+7.617375e+003	   -7.850576e+000
+7.643225e+003	   -8.071194e+000
+7.669162e+003	   -8.053683e+000
+7.695188e+003	   -7.964512e+000
+7.721302e+003	   -7.929259e+000
+7.747505e+003	   -7.939982e+000
+7.773796e+003	   -7.813549e+000
+7.800177e+003	   -7.980475e+000
+7.826647e+003	   -7.919547e+000
+7.853208e+003	   -8.092464e+000
+7.879858e+003	   -7.866966e+000
+7.906599e+003	   -8.199924e+000
+7.933431e+003	   -8.226358e+000
+7.960353e+003	   -8.113940e+000
+7.987367e+003	   -8.153430e+000
+8.014473e+003	   -8.233083e+000
+8.041670e+003	   -8.233596e+000
+8.068960e+003	   -8.175484e+000
+8.096343e+003	   -8.194970e+000
+8.123818e+003	   -8.380054e+000
+8.151387e+003	   -8.203377e+000
+8.179049e+003	   -8.485108e+000
+8.206805e+003	   -8.353043e+000
+8.234655e+003	   -8.261784e+000
+8.262601e+003	   -8.354911e+000
+8.290640e+003	   -8.441455e+000
+8.318774e+003	   -8.605247e+000
+8.347005e+003	   -8.586205e+000
+8.375331e+003	   -8.658043e+000
+8.403753e+003	   -8.611199e+000
+8.432271e+003	   -8.681293e+000
+8.460888e+003	   -8.540852e+000
+8.489600e+003	   -8.611073e+000
+8.518410e+003	   -8.656475e+000
+8.547317e+003	   -8.787652e+000
+8.576323e+003	   -8.790219e+000
+8.605428e+003	   -8.650353e+000
+8.634631e+003	   -8.883194e+000
+8.663933e+003	   -8.717377e+000
+8.693334e+003	   -9.048940e+000
+8.722836e+003	   -9.073363e+000
+8.752438e+003	   -8.934354e+000
+8.782139e+003	   -9.226173e+000
+8.811941e+003	   -9.184209e+000
+8.841846e+003	   -9.112598e+000
+8.871852e+003	   -9.155772e+000
+8.901958e+003	   -9.078685e+000
+8.932168e+003	   -9.261224e+000
+8.962479e+003	   -9.238619e+000
+8.992895e+003	   -9.163979e+000
+9.023412e+003	   -9.424237e+000
+9.054033e+003	   -9.326658e+000
+9.084759e+003	   -9.104484e+000
+9.115589e+003	   -9.367931e+000
+9.146523e+003	   -9.409656e+000
+9.177563e+003	   -9.457087e+000
+9.208707e+003	   -9.402879e+000
+9.239957e+003	   -9.570141e+000
+9.271313e+003	   -9.712211e+000
+9.302776e+003	   -9.636843e+000
+9.334346e+003	   -9.406931e+000
+9.366022e+003	   -9.600006e+000
+9.397807e+003	   -9.559434e+000
+9.429699e+003	   -9.631853e+000
+9.461699e+003	   -9.563525e+000
+9.493808e+003	   -9.954069e+000
+9.526025e+003	   -9.688686e+000
+9.558353e+003	   -9.971953e+000
+9.590790e+003	   -9.764030e+000
+9.623337e+003	   -9.755650e+000
+9.655994e+003	   -9.948454e+000
+9.688763e+003	   -1.011967e+001
+9.721642e+003	   -9.914607e+000
+9.754633e+003	   -1.003404e+001
+9.787735e+003	   -9.983960e+000
+9.820951e+003	   -1.013803e+001
+9.854279e+003	   -1.003521e+001
+9.887720e+003	   -9.932740e+000
+9.921274e+003	   -1.004611e+001
+9.954943e+003	   -1.007504e+001
+9.988726e+003	   -1.016522e+001
+1.002262e+004	   -1.009354e+001
+1.005664e+004	   -1.020455e+001
+1.009076e+004	   -1.031303e+001
+1.012501e+004	   -1.038577e+001
+1.015937e+004	   -1.053233e+001
+1.019384e+004	   -1.048843e+001
+1.022844e+004	   -1.045213e+001
+1.026315e+004	   -1.040901e+001
+1.029798e+004	   -1.074212e+001
+1.033292e+004	   -1.040387e+001
+1.036799e+004	   -1.074539e+001
+1.040317e+004	   -1.065132e+001
+1.043848e+004	   -1.061353e+001
+1.047390e+004	   -1.049317e+001
+1.050944e+004	   -1.064304e+001
+1.054511e+004	   -1.061760e+001
+1.058089e+004	   -1.076955e+001
+1.061680e+004	   -1.099505e+001
+1.065283e+004	   -1.092821e+001
+1.068898e+004	   -1.115768e+001
+1.072525e+004	   -1.088950e+001
+1.076165e+004	   -1.120012e+001
+1.079817e+004	   -1.101180e+001
+1.083482e+004	   -1.101058e+001
+1.087158e+004	   -1.116788e+001
+1.090848e+004	   -1.115959e+001
+1.094550e+004	   -1.123207e+001
+1.098264e+004	   -1.126629e+001
+1.101991e+004	   -1.105232e+001
+1.105731e+004	   -1.125256e+001
+1.109483e+004	   -1.119706e+001
+1.113248e+004	   -1.148396e+001
+1.117026e+004	   -1.138097e+001
+1.120817e+004	   -1.145701e+001
+1.124620e+004	   -1.148640e+001
+1.128437e+004	   -1.120085e+001
+1.132266e+004	   -1.141714e+001
+1.136109e+004	   -1.138633e+001
+1.139964e+004	   -1.175873e+001
+1.143833e+004	   -1.158466e+001
+1.147714e+004	   -1.190824e+001
+1.151609e+004	   -1.191353e+001
+1.155517e+004	   -1.179156e+001
+1.159438e+004	   -1.188203e+001
+1.163373e+004	   -1.175871e+001
+1.167321e+004	   -1.195980e+001
+1.171283e+004	   -1.188708e+001
+1.175257e+004	   -1.195490e+001
+1.179246e+004	   -1.199140e+001
+1.183247e+004	   -1.204507e+001
+1.187263e+004	   -1.196550e+001
+1.191292e+004	   -1.219824e+001
+1.195335e+004	   -1.213999e+001
+1.199391e+004	   -1.198999e+001
+1.203461e+004	   -1.230309e+001
+1.207545e+004	   -1.226598e+001
+1.211643e+004	   -1.233813e+001
+1.215755e+004	   -1.222188e+001
+1.219881e+004	   -1.201612e+001
+1.224021e+004	   -1.228998e+001
+1.228174e+004	   -1.238700e+001
+1.232342e+004	   -1.256244e+001
+1.236524e+004	   -1.257581e+001
+1.240720e+004	   -1.277469e+001
+1.244931e+004	   -1.277124e+001
+1.249156e+004	   -1.266334e+001
+1.253395e+004	   -1.283304e+001
+1.257648e+004	   -1.283375e+001
+1.261916e+004	   -1.274417e+001
+1.266198e+004	   -1.277258e+001
+1.270495e+004	   -1.301485e+001
+1.274807e+004	   -1.301382e+001
+1.279133e+004	   -1.299349e+001
+1.283474e+004	   -1.300527e+001
+1.287829e+004	   -1.305737e+001
+1.292200e+004	   -1.308510e+001
+1.296585e+004	   -1.306208e+001
+1.300985e+004	   -1.321873e+001
+1.305400e+004	   -1.341459e+001
+1.309830e+004	   -1.323921e+001
+1.314275e+004	   -1.321941e+001
+1.318735e+004	   -1.342783e+001
+1.323210e+004	   -1.343957e+001
+1.327700e+004	   -1.350979e+001
+1.332206e+004	   -1.331531e+001
+1.336727e+004	   -1.359583e+001
+1.341263e+004	   -1.361950e+001
+1.345815e+004	   -1.355258e+001
+1.350382e+004	   -1.359717e+001
+1.354965e+004	   -1.372204e+001
+1.359563e+004	   -1.359663e+001
+1.364177e+004	   -1.387403e+001
+1.368806e+004	   -1.384888e+001
+1.373451e+004	   -1.391050e+001
+1.378112e+004	   -1.386572e+001
+1.382789e+004	   -1.407267e+001
+1.387481e+004	   -1.400094e+001
+1.392190e+004	   -1.386900e+001
+1.396914e+004	   -1.416716e+001
+1.401655e+004	   -1.417292e+001
+1.406411e+004	   -1.417260e+001
+1.411184e+004	   -1.416152e+001
+1.415973e+004	   -1.451970e+001
+1.420778e+004	   -1.424649e+001
+1.425600e+004	   -1.445156e+001
+1.430438e+004	   -1.441600e+001
+1.435292e+004	   -1.448837e+001
+1.440163e+004	   -1.440374e+001
+1.445050e+004	   -1.446477e+001
+1.449954e+004	   -1.489781e+001
+1.454874e+004	   -1.464195e+001
+1.459812e+004	   -1.450940e+001
+1.464766e+004	   -1.488876e+001
+1.469736e+004	   -1.475965e+001
+1.474724e+004	   -1.475616e+001
+1.479729e+004	   -1.496554e+001
+1.484750e+004	   -1.511910e+001
+1.489789e+004	   -1.508936e+001
+1.494844e+004	   -1.499282e+001
+1.499917e+004	   -1.504404e+001
+1.505007e+004	   -1.521951e+001
+1.510115e+004	   -1.507088e+001
+1.515239e+004	   -1.543549e+001
+1.520381e+004	   -1.532298e+001
+1.525541e+004	   -1.520473e+001
+1.530718e+004	   -1.545199e+001
+1.535912e+004	   -1.544473e+001
+1.541125e+004	   -1.543103e+001
+1.546354e+004	   -1.538364e+001
+1.551602e+004	   -1.571431e+001
+1.556868e+004	   -1.529498e+001
+1.562151e+004	   -1.583100e+001
+1.567452e+004	   -1.582349e+001
+1.572771e+004	   -1.592252e+001
+1.578109e+004	   -1.596436e+001
+1.583464e+004	   -1.597113e+001
+1.588838e+004	   -1.625040e+001
+1.594229e+004	   -1.589208e+001
+1.599640e+004	   -1.591508e+001
+1.605068e+004	   -1.601322e+001
+1.610515e+004	   -1.610549e+001
+1.615980e+004	   -1.599913e+001
+1.621464e+004	   -1.626933e+001
+1.626967e+004	   -1.626061e+001
+1.632488e+004	   -1.635238e+001
+1.638028e+004	   -1.616167e+001
+1.643587e+004	   -1.644259e+001
+1.649164e+004	   -1.639705e+001
+1.654761e+004	   -1.661490e+001
+1.660376e+004	   -1.650140e+001
+1.666011e+004	   -1.688491e+001
+1.671665e+004	   -1.655251e+001
+1.677338e+004	   -1.658178e+001
+1.683030e+004	   -1.690118e+001
+1.688741e+004	   -1.684784e+001
+1.694472e+004	   -1.695329e+001
+1.700222e+004	   -1.685917e+001
+1.705992e+004	   -1.727468e+001
+1.711782e+004	   -1.721076e+001
+1.717591e+004	   -1.722832e+001
+1.723419e+004	   -1.707747e+001
+1.729268e+004	   -1.709862e+001
+1.735136e+004	   -1.716909e+001
+1.741025e+004	   -1.750004e+001
+1.746933e+004	   -1.726084e+001
+1.752861e+004	   -1.763334e+001
+1.758810e+004	   -1.756180e+001
+1.764778e+004	   -1.754822e+001
+1.770767e+004	   -1.758548e+001
+1.776776e+004	   -1.769909e+001
+1.782806e+004	   -1.771696e+001
+1.788856e+004	   -1.791353e+001
+1.794927e+004	   -1.790381e+001
+1.801018e+004	   -1.778585e+001
+1.807130e+004	   -1.806387e+001
+1.813262e+004	   -1.789056e+001
+1.819416e+004	   -1.813505e+001
+1.825590e+004	   -1.826102e+001
+1.831785e+004	   -1.842628e+001
+1.838002e+004	   -1.817673e+001
+1.844239e+004	   -1.837376e+001
+1.850497e+004	   -1.848402e+001
+1.856777e+004	   -1.843180e+001
+1.863078e+004	   -1.864161e+001
+1.869401e+004	   -1.875604e+001
+1.875745e+004	   -1.874788e+001
+1.882110e+004	   -1.858348e+001
+1.888497e+004	   -1.851476e+001
+1.894906e+004	   -1.869747e+001
+1.901336e+004	   -1.884806e+001
+1.907789e+004	   -1.893556e+001
+1.914263e+004	   -1.928195e+001
+1.920759e+004	   -1.890542e+001
+1.927277e+004	   -1.909814e+001
+1.933818e+004	   -1.914439e+001
+1.940380e+004	   -1.906836e+001
+1.946965e+004	   -1.890920e+001
+1.953572e+004	   -1.961144e+001
+1.960202e+004	   -1.879306e+001
+1.966854e+004	   -1.933631e+001
+1.973528e+004	   -1.970194e+001
+1.980226e+004	   -1.960255e+001
+1.986946e+004	   -1.987360e+001
+1.993688e+004	   -1.972601e+001
+2.000454e+004	   -1.985755e+001
+2.007243e+004	   -1.992190e+001
+2.014054e+004	   -1.986769e+001
+2.020889e+004	   -1.996450e+001
+2.027747e+004	   -1.993025e+001
+2.034629e+004	   -1.987361e+001
+2.041533e+004	   -2.009962e+001
+2.048461e+004	   -2.002765e+001
+2.055413e+004	   -2.014895e+001
+2.062388e+004	   -2.033994e+001
+2.069387e+004	   -2.043170e+001
+2.076410e+004	   -2.044743e+001
+2.083456e+004	   -2.053710e+001
+2.090526e+004	   -2.053830e+001
+2.097621e+004	   -2.058583e+001
+2.104739e+004	   -2.075134e+001
+2.111882e+004	   -2.087527e+001
+2.119048e+004	   -2.083393e+001
+2.126239e+004	   -2.091859e+001
+2.133455e+004	   -2.094863e+001
+2.140695e+004	   -2.092214e+001
+2.147960e+004	   -2.116309e+001
+2.155249e+004	   -2.089945e+001
+2.162563e+004	   -2.114152e+001
+2.169902e+004	   -2.127084e+001
+2.177265e+004	   -2.128015e+001
+2.184654e+004	   -2.124292e+001
+2.192068e+004	   -2.154676e+001
+2.199507e+004	   -2.149125e+001
+2.206971e+004	   -2.172176e+001
+2.214460e+004	   -2.169767e+001
+2.221975e+004	   -2.180983e+001
+2.229516e+004	   -2.184143e+001
+2.237082e+004	   -2.212513e+001
+2.244673e+004	   -2.190804e+001
+2.252291e+004	   -2.208264e+001
+2.259934e+004	   -2.181020e+001
+2.267603e+004	   -2.210193e+001
+2.275298e+004	   -2.215838e+001
+2.283020e+004	   -2.218183e+001
+2.290767e+004	   -2.225826e+001
+2.298541e+004	   -2.231165e+001
+2.306342e+004	   -2.258075e+001
+2.314168e+004	   -2.255895e+001
+2.322021e+004	   -2.270280e+001
+2.329901e+004	   -2.262109e+001
+2.337808e+004	   -2.271469e+001
+2.345742e+004	   -2.284326e+001
+2.353702e+004	   -2.310786e+001
+2.361689e+004	   -2.283750e+001
+2.369704e+004	   -2.313440e+001
+2.377746e+004	   -2.314214e+001
+2.385815e+004	   -2.320688e+001
+2.393911e+004	   -2.341320e+001
+2.402035e+004	   -2.356170e+001
+2.410187e+004	   -2.326750e+001
+2.418366e+004	   -2.339231e+001
+2.426572e+004	   -2.349767e+001
+2.434807e+004	   -2.349894e+001
+2.443070e+004	   -2.369216e+001
+2.451361e+004	   -2.368771e+001
+2.459679e+004	   -2.389165e+001
+2.468027e+004	   -2.396380e+001
+2.476402e+004	   -2.384799e+001
+2.484806e+004	   -2.395352e+001
+2.493238e+004	   -2.393372e+001
+2.501699e+004	   -2.422568e+001
+2.510189e+004	   -2.451895e+001
+2.518707e+004	   -2.433917e+001
+2.527254e+004	   -2.430084e+001
+2.535831e+004	   -2.430450e+001
+2.544437e+004	   -2.480108e+001
+2.553071e+004	   -2.456856e+001
+2.561735e+004	   -2.462286e+001
+2.570429e+004	   -2.473697e+001
+2.579151e+004	   -2.474025e+001
+2.587904e+004	   -2.482864e+001
+2.596686e+004	   -2.499406e+001
+2.605498e+004	   -2.504794e+001
+2.614340e+004	   -2.522719e+001
+2.623212e+004	   -2.513738e+001
+2.632114e+004	   -2.545205e+001
+2.641046e+004	   -2.523723e+001
+2.650009e+004	   -2.550903e+001
+2.659002e+004	   -2.559797e+001
+2.668025e+004	   -2.554070e+001
+2.677079e+004	   -2.563667e+001
+2.686164e+004	   -2.566921e+001
+2.695280e+004	   -2.547768e+001
+2.704427e+004	   -2.598967e+001
+2.713604e+004	   -2.576409e+001
+2.722813e+004	   -2.603828e+001
+2.732053e+004	   -2.634159e+001
+2.741324e+004	   -2.606149e+001
+2.750627e+004	   -2.658943e+001
+2.759962e+004	   -2.628312e+001
+2.769328e+004	   -2.662512e+001
+2.778726e+004	   -2.641046e+001
+2.788155e+004	   -2.649782e+001
+2.797617e+004	   -2.654386e+001
+2.807111e+004	   -2.646499e+001
+2.816637e+004	   -2.669034e+001
+2.826196e+004	   -2.669139e+001
+2.835787e+004	   -2.692181e+001
+2.845410e+004	   -2.718837e+001
+2.855066e+004	   -2.704481e+001
+2.864755e+004	   -2.700974e+001
+2.874477e+004	   -2.750500e+001
+2.884231e+004	   -2.705459e+001
+2.894019e+004	   -2.735384e+001
+2.903840e+004	   -2.762855e+001
+2.913694e+004	   -2.739630e+001
+2.923582e+004	   -2.749305e+001
+2.933504e+004	   -2.769081e+001
+2.943459e+004	   -2.778872e+001
+2.953447e+004	   -2.780568e+001
+2.963470e+004	   -2.802554e+001
+2.973527e+004	   -2.798928e+001
+2.983618e+004	   -2.823240e+001
+2.993743e+004	   -2.815937e+001
+3.003902e+004	   -2.827086e+001
+3.014096e+004	   -2.830614e+001
+3.024325e+004	   -2.832876e+001
+3.034588e+004	   -2.855789e+001
+3.044886e+004	   -2.845261e+001
+3.055219e+004	   -2.852657e+001
+3.065587e+004	   -2.874294e+001
+3.075990e+004	   -2.887182e+001
+3.086429e+004	   -2.879260e+001
+3.096903e+004	   -2.898326e+001
+3.107412e+004	   -2.887597e+001
+3.117958e+004	   -2.931693e+001
+3.128538e+004	   -2.896058e+001
+3.139155e+004	   -2.921794e+001
+3.149808e+004	   -2.958221e+001
+3.160497e+004	   -2.958275e+001
+3.171223e+004	   -2.968599e+001
+3.181985e+004	   -2.974540e+001
+3.192783e+004	   -2.985874e+001
+3.203618e+004	   -2.974443e+001
+3.214489e+004	   -2.986420e+001
+3.225398e+004	   -2.998636e+001
+3.236344e+004	   -2.998772e+001
+3.247326e+004	   -3.005113e+001
+3.258346e+004	   -3.032096e+001
+3.269404e+004	   -3.052491e+001
+3.280498e+004	   -3.032828e+001
+3.291631e+004	   -3.033434e+001
+3.302802e+004	   -3.074312e+001
+3.314010e+004	   -3.083016e+001
+3.325256e+004	   -3.107340e+001
+3.336541e+004	   -3.077809e+001
+3.347863e+004	   -3.093622e+001
+3.359224e+004	   -3.102910e+001
+3.370624e+004	   -3.105079e+001
+3.382063e+004	   -3.105507e+001
+3.393540e+004	   -3.143915e+001
+3.405056e+004	   -3.119337e+001
+3.416611e+004	   -3.137821e+001
+3.428206e+004	   -3.144748e+001
+3.439839e+004	   -3.141907e+001
+3.451513e+004	   -3.152316e+001
+3.463226e+004	   -3.201604e+001
+3.474979e+004	   -3.176551e+001
+3.486771e+004	   -3.174205e+001
+3.498604e+004	   -3.240165e+001
+3.510476e+004	   -3.209016e+001
+3.522389e+004	   -3.206740e+001
+3.534343e+004	   -3.229849e+001
+3.546337e+004	   -3.240725e+001
+3.558371e+004	   -3.261335e+001
+3.570447e+004	   -3.247439e+001
+3.582564e+004	   -3.266805e+001
+3.594721e+004	   -3.283697e+001
+3.606920e+004	   -3.260307e+001
+3.619161e+004	   -3.288586e+001
+3.631442e+004	   -3.305915e+001
+3.643766e+004	   -3.313702e+001
+3.656131e+004	   -3.331390e+001
+3.668538e+004	   -3.302042e+001
+3.680988e+004	   -3.328647e+001
+3.693479e+004	   -3.356638e+001
+3.706014e+004	   -3.351674e+001
+3.718590e+004	   -3.357687e+001
+3.731209e+004	   -3.374922e+001
+3.743871e+004	   -3.371156e+001
+3.756577e+004	   -3.389085e+001
+3.769325e+004	   -3.398412e+001
+3.782116e+004	   -3.421193e+001
+3.794951e+004	   -3.402557e+001
+3.807829e+004	   -3.422805e+001
+3.820752e+004	   -3.431951e+001
+3.833718e+004	   -3.431932e+001
+3.846727e+004	   -3.467171e+001
+3.859782e+004	   -3.454899e+001
+3.872880e+004	   -3.487682e+001
+3.886023e+004	   -3.471899e+001
+3.899210e+004	   -3.476183e+001
+3.912443e+004	   -3.510986e+001
+3.925720e+004	   -3.484175e+001
+3.939042e+004	   -3.525629e+001
+3.952409e+004	   -3.504662e+001
+3.965822e+004	   -3.550046e+001
+3.979280e+004	   -3.540562e+001
+3.992784e+004	   -3.538507e+001
+4.006334e+004	   -3.543887e+001
+4.019930e+004	   -3.575768e+001
+4.033571e+004	   -3.584512e+001
+4.047259e+004	   -3.554521e+001
+4.060994e+004	   -3.601613e+001
+4.074775e+004	   -3.608904e+001
+4.088604e+004	   -3.627134e+001
+4.102479e+004	   -3.621319e+001
+4.116400e+004	   -3.633390e+001
+4.130370e+004	   -3.640641e+001
+4.144386e+004	   -3.659786e+001
+4.158450e+004	   -3.672569e+001
+4.172563e+004	   -3.650252e+001
+4.186722e+004	   -3.671044e+001
+4.200930e+004	   -3.655005e+001
+4.215186e+004	   -3.712648e+001
+4.229491e+004	   -3.721959e+001
+4.243844e+004	   -3.720161e+001
+4.258246e+004	   -3.698465e+001
+4.272696e+004	   -3.728801e+001
+4.287196e+004	   -3.742058e+001
+4.301745e+004	   -3.741497e+001
+4.316343e+004	   -3.757139e+001
+4.330991e+004	   -3.788345e+001
+4.345688e+004	   -3.791177e+001
+4.360436e+004	   -3.807829e+001
+4.375233e+004	   -3.810652e+001
+4.390080e+004	   -3.811879e+001
+4.404979e+004	   -3.823114e+001
+4.419927e+004	   -3.812484e+001
+4.434927e+004	   -3.838782e+001
+4.449977e+004	   -3.845103e+001
+4.465078e+004	   -3.869746e+001
+4.480230e+004	   -3.844303e+001
+4.495434e+004	   -3.865256e+001
+4.510690e+004	   -3.877606e+001
+4.525997e+004	   -3.892894e+001
+4.541357e+004	   -3.900189e+001
+4.556768e+004	   -3.907104e+001
+4.572232e+004	   -3.913594e+001
+4.587748e+004	   -3.951620e+001
+4.603316e+004	   -3.941689e+001
+4.618938e+004	   -3.951863e+001
+4.634613e+004	   -3.961206e+001
+4.650341e+004	   -3.984213e+001
+4.666122e+004	   -3.980827e+001
+4.681957e+004	   -3.990018e+001
+4.697845e+004	   -3.992936e+001
+4.713788e+004	   -4.018002e+001
+4.729784e+004	   -3.989837e+001
+4.745835e+004	   -4.000140e+001
+4.761940e+004	   -4.029732e+001
+4.778100e+004	   -4.069424e+001
+4.794315e+004	   -4.070758e+001
+4.810585e+004	   -4.039378e+001
+4.826910e+004	   -4.053371e+001
+4.843290e+004	   -4.093127e+001
+4.859726e+004	   -4.095671e+001
+4.876218e+004	   -4.092379e+001
+4.892766e+004	   -4.115067e+001
+4.909370e+004	   -4.112889e+001
+4.926030e+004	   -4.140013e+001
+4.942746e+004	   -4.140530e+001
+4.959520e+004	   -4.140882e+001
+4.976350e+004	   -4.160441e+001
+4.993238e+004	   -4.149678e+001
+5.010183e+004	   -4.168407e+001
+5.027185e+004	   -4.178809e+001
+5.044245e+004	   -4.206013e+001
+5.061363e+004	   -4.216262e+001
+5.078539e+004	   -4.219314e+001
+5.095773e+004	   -4.227569e+001
+5.113066e+004	   -4.243067e+001
+5.130418e+004	   -4.233174e+001
+5.147829e+004	   -4.243205e+001
+5.165298e+004	   -4.254749e+001
+5.182827e+004	   -4.250227e+001
+5.200415e+004	   -4.312797e+001
+5.218063e+004	   -4.315425e+001
+5.235771e+004	   -4.300645e+001
+5.253538e+004	   -4.300040e+001
+5.271367e+004	   -4.330989e+001
+5.289255e+004	   -4.312467e+001
+5.307205e+004	   -4.326411e+001
+5.325215e+004	   -4.336679e+001
+5.343287e+004	   -4.363479e+001
+5.361419e+004	   -4.360953e+001
+5.379614e+004	   -4.397837e+001
+5.397870e+004	   -4.394610e+001
+5.416188e+004	   -4.396829e+001
+5.434568e+004	   -4.377864e+001
+5.453011e+004	   -4.403888e+001
+5.471516e+004	   -4.408967e+001
+5.490084e+004	   -4.458953e+001
+5.508714e+004	   -4.449504e+001
+5.527409e+004	   -4.446375e+001
+5.546166e+004	   -4.461770e+001
+5.564988e+004	   -4.462505e+001
+5.583873e+004	   -4.487344e+001
+5.602822e+004	   -4.468047e+001
+5.621835e+004	   -4.514849e+001
+5.640913e+004	   -4.482070e+001
+5.660056e+004	   -4.512004e+001
+5.679264e+004	   -4.557463e+001
+5.698537e+004	   -4.512876e+001
+5.717875e+004	   -4.548271e+001
+5.737279e+004	   -4.549714e+001
+5.756749e+004	   -4.566625e+001
+5.776285e+004	   -4.569441e+001
+5.795887e+004	   -4.577943e+001
+5.815555e+004	   -4.586044e+001
+5.835291e+004	   -4.604632e+001
+5.855093e+004	   -4.611814e+001
+5.874963e+004	   -4.633142e+001
+5.894900e+004	   -4.639425e+001
+5.914905e+004	   -4.645663e+001
+5.934977e+004	   -4.662893e+001
+5.955118e+004	   -4.674762e+001
+5.975327e+004	   -4.689056e+001
+5.995605e+004	   -4.676705e+001
+6.015951e+004	   -4.719399e+001
+6.036367e+004	   -4.690551e+001
+6.056852e+004	   -4.712425e+001
+6.077406e+004	   -4.734918e+001
+6.098030e+004	   -4.714270e+001
+6.118724e+004	   -4.724290e+001
+6.139488e+004	   -4.745398e+001
+6.160323e+004	   -4.764354e+001
+6.181229e+004	   -4.780480e+001
+6.202205e+004	   -4.758335e+001
+6.223252e+004	   -4.795319e+001
+6.244371e+004	   -4.795398e+001
+6.265562e+004	   -4.798176e+001
+6.286825e+004	   -4.815158e+001
+6.308159e+004	   -4.820313e+001
+6.329566e+004	   -4.863747e+001
+6.351046e+004	   -4.883113e+001
+6.372599e+004	   -4.869365e+001
+6.394225e+004	   -4.862925e+001
+6.415924e+004	   -4.886654e+001
+6.437696e+004	   -4.864257e+001
+6.459543e+004	   -4.882966e+001
+6.481464e+004	   -4.911298e+001
+6.503459e+004	   -4.911082e+001
+6.525529e+004	   -4.920878e+001
+6.547674e+004	   -4.934137e+001
+6.569894e+004	   -4.930758e+001
+6.592189e+004	   -4.960165e+001
+6.614560e+004	   -4.946204e+001
+6.637007e+004	   -4.935094e+001
+6.659530e+004	   -4.996220e+001
+6.682130e+004	   -4.982656e+001
+6.704806e+004	   -4.981310e+001
+6.727559e+004	   -5.001867e+001
+6.750390e+004	   -5.009059e+001
+6.773298e+004	   -5.058695e+001
+6.796283e+004	   -5.021851e+001
+6.819347e+004	   -5.075082e+001
+6.842488e+004	   -5.059654e+001
+6.865709e+004	   -5.041141e+001
+6.889009e+004	   -5.083285e+001
+6.912387e+004	   -5.103841e+001
+6.935844e+004	   -5.094508e+001
+6.959381e+004	   -5.069721e+001
+6.982998e+004	   -5.098044e+001
+7.006695e+004	   -5.098968e+001
+7.030473e+004	   -5.099060e+001
+7.054331e+004	   -5.179815e+001
+7.078271e+004	   -5.127686e+001
+7.102291e+004	   -5.153996e+001
+7.126394e+004	   -5.152401e+001
+7.150577e+004	   -5.171074e+001
+7.174843e+004	   -5.221241e+001
+7.199191e+004	   -5.199577e+001
+7.223623e+004	   -5.208660e+001
+7.248136e+004	   -5.211173e+001
+7.272734e+004	   -5.178876e+001
+7.297414e+004	   -5.229717e+001
+7.322178e+004	   -5.262963e+001
+7.347027e+004	   -5.247974e+001
+7.371959e+004	   -5.258843e+001
+7.396976e+004	   -5.283514e+001
+7.422078e+004	   -5.308167e+001
+7.447266e+004	   -5.272926e+001
+7.472538e+004	   -5.301070e+001
+7.497897e+004	   -5.288140e+001
+7.523341e+004	   -5.308410e+001
+7.548872e+004	   -5.342291e+001
+7.574490e+004	   -5.309485e+001
+7.600195e+004	   -5.359958e+001
+7.625986e+004	   -5.357197e+001
+7.651865e+004	   -5.358216e+001
+7.677832e+004	   -5.342398e+001
+7.703888e+004	   -5.384981e+001
+7.730031e+004	   -5.356890e+001
+7.756263e+004	   -5.403795e+001
+7.782584e+004	   -5.385371e+001
+7.808995e+004	   -5.395002e+001
+7.835496e+004	   -5.409801e+001
+7.862086e+004	   -5.405357e+001
+7.888766e+004	   -5.441364e+001
+7.915538e+004	   -5.453579e+001
+7.942399e+004	   -5.451178e+001
+7.969352e+004	   -5.465588e+001
+7.996397e+004	   -5.466269e+001
+8.023533e+004	   -5.450459e+001
+8.050762e+004	   -5.479192e+001
+8.078082e+004	   -5.504759e+001
+8.105495e+004	   -5.539201e+001
+8.133002e+004	   -5.525520e+001
+8.160602e+004	   -5.546187e+001
+8.188295e+004	   -5.530627e+001
+8.216083e+004	   -5.557403e+001
+8.243965e+004	   -5.569929e+001
+8.271941e+004	   -5.538698e+001
+8.300013e+004	   -5.585833e+001
+8.328179e+004	   -5.570201e+001
+8.356441e+004	   -5.598072e+001
+8.384799e+004	   -5.604265e+001
+8.413254e+004	   -5.605574e+001
+8.441805e+004	   -5.630951e+001
+8.470452e+004	   -5.594483e+001
+8.499198e+004	   -5.615142e+001
+8.528040e+004	   -5.618206e+001
+8.556980e+004	   -5.617435e+001
+8.586019e+004	   -5.647160e+001
+8.615156e+004	   -5.674913e+001
+8.644392e+004	   -5.694991e+001
+8.673727e+004	   -5.650468e+001
+8.703163e+004	   -5.756843e+001
+8.732697e+004	   -5.715333e+001
+8.762332e+004	   -5.715632e+001
+8.792067e+004	   -5.730226e+001
+8.821904e+004	   -5.732549e+001
+8.851841e+004	   -5.752291e+001
+8.881880e+004	   -5.753387e+001
+8.912022e+004	   -5.752623e+001
+8.942266e+004	   -5.777902e+001
+8.972612e+004	   -5.784270e+001
+9.003061e+004	   -5.754680e+001
+9.033613e+004	   -5.782080e+001
+9.064270e+004	   -5.802404e+001
+9.095030e+004	   -5.789060e+001
+9.125894e+004	   -5.825730e+001
+9.156863e+004	   -5.824598e+001
+9.187938e+004	   -5.846941e+001
+9.219117e+004	   -5.828305e+001
+9.250403e+004	   -5.815763e+001
+9.281795e+004	   -5.853716e+001
+9.313293e+004	   -5.901308e+001
+9.344898e+004	   -5.880882e+001
+9.376611e+004	   -5.882397e+001
+9.408431e+004	   -5.891800e+001
+9.440359e+004	   -5.875925e+001
+9.472395e+004	   -5.921014e+001
+9.504541e+004	   -5.918366e+001
+9.536795e+004	   -5.915005e+001
+9.569159e+004	   -5.942906e+001
+9.601632e+004	   -5.952029e+001
+9.634216e+004	   -5.955670e+001
+9.666910e+004	   -5.945140e+001
+9.699716e+004	   -5.954541e+001
+9.732632e+004	   -5.995111e+001
+9.765660e+004	   -6.001353e+001
+9.798801e+004	   -6.013195e+001
+9.832054e+004	   -5.978941e+001
+9.865420e+004	   -5.998226e+001
+9.898898e+004	   -6.000248e+001
+9.932491e+004	   -6.027890e+001
+9.966197e+004	   -6.042978e+001
+1.000002e+005	   -6.046507e+001
+1.003395e+005	   -6.042874e+001
+1.006800e+005	   -6.056013e+001
+1.010217e+005	   -6.085762e+001
+1.013645e+005	   -6.105925e+001
+1.017085e+005	   -6.101433e+001
+1.020537e+005	   -6.094976e+001
+1.024000e+005	   -6.088036e+001
