+1.000000e+003	   +2.139978e+001
+1.001664e+003	   +2.138560e+001
+1.003330e+003	   +2.137237e+001
+1.005000e+003	   +2.135806e+001
+1.006672e+003	   +2.134181e+001
+1.008346e+003	   +2.133149e+001
+1.010024e+003	   +2.131528e+001
+1.011705e+003	   +2.130347e+001
+1.013388e+003	   +2.128879e+001
+1.015074e+003	   +2.127996e+001
+1.016763e+003	   +2.126832e+001
+1.018454e+003	   +2.125120e+001
+1.020149e+003	   +2.123415e+001
+1.021846e+003	   +2.122639e+001
+1.023546e+003	   +2.120386e+001
+1.025249e+003	   +2.119816e+001
+1.026955e+003	   +2.118147e+001
+1.028663e+003	   +2.116614e+001
+1.030375e+003	   +2.114692e+001
+1.032089e+003	   +2.114725e+001
+1.033806e+003	   +2.111771e+001
+1.035526e+003	   +2.111858e+001
+1.037249e+003	   +2.110545e+001
+1.038975e+003	   +2.108725e+001
+1.040703e+003	   +2.107654e+001
+1.042435e+003	   +2.105140e+001
+1.044169e+003	   +2.105124e+001
+1.045906e+003	   +2.104251e+001
+1.047646e+003	   +2.102776e+001
+1.049390e+003	   +2.099752e+001
+1.051135e+003	   +2.098742e+001
+1.052884e+003	   +2.097340e+001
+1.054636e+003	   +2.095741e+001
+1.056391e+003	   +2.094235e+001
+1.058148e+003	   +2.094454e+001
+1.059909e+003	   +2.091200e+001
+1.061672e+003	   +2.091439e+001
+1.063438e+003	   +2.088390e+001
+1.065208e+003	   +2.087303e+001
+1.066980e+003	   +2.085213e+001
+1.068755e+003	   +2.085361e+001
+1.070533e+003	   +2.083198e+001
+1.072314e+003	   +2.081447e+001
+1.074099e+003	   +2.081640e+001
+1.075885e+003	   +2.078567e+001
+1.077676e+003	   +2.076430e+001
+1.079469e+003	   +2.077462e+001
+1.081264e+003	   +2.075645e+001
+1.083063e+003	   +2.072449e+001
+1.084865e+003	   +2.071060e+001
+1.086670e+003	   +2.071430e+001
+1.088478e+003	   +2.068029e+001
+1.090289e+003	   +2.068564e+001
+1.092103e+003	   +2.067531e+001
+1.093920e+003	   +2.066264e+001
+1.095740e+003	   +2.064540e+001
+1.097563e+003	   +2.061737e+001
+1.099389e+003	   +2.062927e+001
+1.101218e+003	   +2.059035e+001
+1.103050e+003	   +2.059167e+001
+1.104886e+003	   +2.058681e+001
+1.106724e+003	   +2.056171e+001
+1.108565e+003	   +2.055069e+001
+1.110410e+003	   +2.051060e+001
+1.112257e+003	   +2.050703e+001
+1.114108e+003	   +2.048392e+001
+1.115961e+003	   +2.049060e+001
+1.117818e+003	   +2.046766e+001
+1.119678e+003	   +2.046140e+001
+1.121540e+003	   +2.043906e+001
+1.123406e+003	   +2.041758e+001
+1.125276e+003	   +2.040915e+001
+1.127148e+003	   +2.041227e+001
+1.129023e+003	   +2.038824e+001
+1.130901e+003	   +2.037868e+001
+1.132783e+003	   +2.037093e+001
+1.134667e+003	   +2.034264e+001
+1.136555e+003	   +2.032874e+001
+1.138446e+003	   +2.031723e+001
+1.140340e+003	   +2.030155e+001
+1.142238e+003	   +2.028012e+001
+1.144138e+003	   +2.027544e+001
+1.146042e+003	   +2.027488e+001
+1.147948e+003	   +2.024603e+001
+1.149858e+003	   +2.023869e+001
+1.151771e+003	   +2.022653e+001
+1.153688e+003	   +2.021772e+001
+1.155607e+003	   +2.018931e+001
+1.157530e+003	   +2.018365e+001
+1.159455e+003	   +2.016791e+001
+1.161384e+003	   +2.015857e+001
+1.163317e+003	   +2.014570e+001
+1.165252e+003	   +2.012720e+001
+1.167191e+003	   +2.010962e+001
+1.169133e+003	   +2.008916e+001
+1.171078e+003	   +2.008423e+001
+1.173026e+003	   +2.006841e+001
+1.174978e+003	   +2.004995e+001
+1.176933e+003	   +2.003473e+001
+1.178891e+003	   +2.002286e+001
+1.180852e+003	   +2.001320e+001
+1.182817e+003	   +2.000109e+001
+1.184785e+003	   +1.998192e+001
+1.186756e+003	   +1.997035e+001
+1.188730e+003	   +1.995863e+001
+1.190708e+003	   +1.994474e+001
+1.192689e+003	   +1.992894e+001
+1.194674e+003	   +1.991590e+001
+1.196661e+003	   +1.990055e+001
+1.198652e+003	   +1.988780e+001
+1.200646e+003	   +1.987430e+001
+1.202644e+003	   +1.986052e+001
+1.204645e+003	   +1.984629e+001
+1.206649e+003	   +1.983156e+001
+1.208657e+003	   +1.981798e+001
+1.210668e+003	   +1.980356e+001
+1.212682e+003	   +1.978950e+001
+1.214699e+003	   +1.977592e+001
+1.216720e+003	   +1.976287e+001
+1.218745e+003	   +1.974360e+001
+1.220772e+003	   +1.973339e+001
+1.222803e+003	   +1.972406e+001
+1.224838e+003	   +1.970049e+001
+1.226876e+003	   +1.969693e+001
+1.228917e+003	   +1.967816e+001
+1.230961e+003	   +1.966932e+001
+1.233010e+003	   +1.965869e+001
+1.235061e+003	   +1.963574e+001
+1.237116e+003	   +1.962236e+001
+1.239174e+003	   +1.961238e+001
+1.241236e+003	   +1.958955e+001
+1.243301e+003	   +1.957814e+001
+1.245369e+003	   +1.956269e+001
+1.247441e+003	   +1.955816e+001
+1.249517e+003	   +1.952528e+001
+1.251596e+003	   +1.952335e+001
+1.253678e+003	   +1.950989e+001
+1.255764e+003	   +1.950832e+001
+1.257853e+003	   +1.947385e+001
+1.259946e+003	   +1.947542e+001
+1.262042e+003	   +1.945519e+001
+1.264142e+003	   +1.944520e+001
+1.266245e+003	   +1.941532e+001
+1.268352e+003	   +1.941052e+001
+1.270462e+003	   +1.939955e+001
+1.272576e+003	   +1.936970e+001
+1.274693e+003	   +1.935337e+001
+1.276814e+003	   +1.935393e+001
+1.278938e+003	   +1.933360e+001
+1.281066e+003	   +1.932443e+001
+1.283197e+003	   +1.930014e+001
+1.285332e+003	   +1.928785e+001
+1.287470e+003	   +1.926996e+001
+1.289612e+003	   +1.927240e+001
+1.291758e+003	   +1.925967e+001
+1.293907e+003	   +1.922564e+001
+1.296060e+003	   +1.920755e+001
+1.298216e+003	   +1.920124e+001
+1.300376e+003	   +1.920018e+001
+1.302540e+003	   +1.919287e+001
+1.304707e+003	   +1.915326e+001
+1.306877e+003	   +1.914003e+001
+1.309052e+003	   +1.913256e+001
+1.311230e+003	   +1.912907e+001
+1.313411e+003	   +1.911371e+001
+1.315596e+003	   +1.908296e+001
+1.317785e+003	   +1.908524e+001
+1.319978e+003	   +1.906976e+001
+1.322174e+003	   +1.906569e+001
+1.324374e+003	   +1.902727e+001
+1.326577e+003	   +1.904064e+001
+1.328784e+003	   +1.903404e+001
+1.330995e+003	   +1.900636e+001
+1.333209e+003	   +1.899330e+001
+1.335427e+003	   +1.897290e+001
+1.337649e+003	   +1.897964e+001
+1.339875e+003	   +1.894627e+001
+1.342104e+003	   +1.893203e+001
+1.344337e+003	   +1.890450e+001
+1.346573e+003	   +1.892685e+001
+1.348814e+003	   +1.889574e+001
+1.351058e+003	   +1.886292e+001
+1.353306e+003	   +1.885455e+001
+1.355557e+003	   +1.885344e+001
+1.357813e+003	   +1.882836e+001
+1.360072e+003	   +1.883052e+001
+1.362334e+003	   +1.880737e+001
+1.364601e+003	   +1.879914e+001
+1.366871e+003	   +1.876041e+001
+1.369146e+003	   +1.877938e+001
+1.371423e+003	   +1.874619e+001
+1.373705e+003	   +1.872143e+001
+1.375991e+003	   +1.870386e+001
+1.378280e+003	   +1.870658e+001
+1.380573e+003	   +1.870705e+001
+1.382870e+003	   +1.869295e+001
+1.385171e+003	   +1.866508e+001
+1.387475e+003	   +1.863883e+001
+1.389784e+003	   +1.865559e+001
+1.392096e+003	   +1.861910e+001
+1.394412e+003	   +1.862019e+001
+1.396732e+003	   +1.860955e+001
+1.399056e+003	   +1.858542e+001
+1.401384e+003	   +1.857758e+001
+1.403715e+003	   +1.853617e+001
+1.406050e+003	   +1.853052e+001
+1.408390e+003	   +1.853016e+001
+1.410733e+003	   +1.852313e+001
+1.413080e+003	   +1.848564e+001
+1.415431e+003	   +1.848240e+001
+1.417786e+003	   +1.845929e+001
+1.420145e+003	   +1.845926e+001
+1.422508e+003	   +1.843933e+001
+1.424874e+003	   +1.843210e+001
+1.427245e+003	   +1.841901e+001
+1.429620e+003	   +1.838625e+001
+1.431998e+003	   +1.838765e+001
+1.434380e+003	   +1.836045e+001
+1.436767e+003	   +1.835469e+001
+1.439157e+003	   +1.834199e+001
+1.441552e+003	   +1.833484e+001
+1.443950e+003	   +1.830514e+001
+1.446353e+003	   +1.831007e+001
+1.448759e+003	   +1.828948e+001
+1.451169e+003	   +1.827453e+001
+1.453584e+003	   +1.826068e+001
+1.456002e+003	   +1.824532e+001
+1.458424e+003	   +1.822297e+001
+1.460851e+003	   +1.821124e+001
+1.463281e+003	   +1.819623e+001
+1.465716e+003	   +1.818425e+001
+1.468154e+003	   +1.817837e+001
+1.470597e+003	   +1.816090e+001
+1.473044e+003	   +1.814799e+001
+1.475495e+003	   +1.813566e+001
+1.477949e+003	   +1.812153e+001
+1.480408e+003	   +1.810140e+001
+1.482871e+003	   +1.809209e+001
+1.485339e+003	   +1.807773e+001
+1.487810e+003	   +1.806280e+001
+1.490285e+003	   +1.804673e+001
+1.492765e+003	   +1.803560e+001
+1.495248e+003	   +1.801807e+001
+1.497736e+003	   +1.800502e+001
+1.500228e+003	   +1.799085e+001
+1.502724e+003	   +1.797620e+001
+1.505224e+003	   +1.796188e+001
+1.507728e+003	   +1.794857e+001
+1.510237e+003	   +1.793163e+001
+1.512749e+003	   +1.792029e+001
+1.515266e+003	   +1.790251e+001
+1.517787e+003	   +1.788787e+001
+1.520312e+003	   +1.787856e+001
+1.522842e+003	   +1.785900e+001
+1.525375e+003	   +1.784835e+001
+1.527913e+003	   +1.783229e+001
+1.530455e+003	   +1.781483e+001
+1.533002e+003	   +1.780468e+001
+1.535552e+003	   +1.779164e+001
+1.538107e+003	   +1.777380e+001
+1.540666e+003	   +1.776120e+001
+1.543229e+003	   +1.774821e+001
+1.545797e+003	   +1.773696e+001
+1.548369e+003	   +1.772669e+001
+1.550945e+003	   +1.769761e+001
+1.553525e+003	   +1.769512e+001
+1.556110e+003	   +1.768773e+001
+1.558699e+003	   +1.766726e+001
+1.561292e+003	   +1.765749e+001
+1.563890e+003	   +1.763395e+001
+1.566491e+003	   +1.762396e+001
+1.569098e+003	   +1.761779e+001
+1.571708e+003	   +1.758772e+001
+1.574323e+003	   +1.757752e+001
+1.576943e+003	   +1.758198e+001
+1.579566e+003	   +1.755572e+001
+1.582194e+003	   +1.752592e+001
+1.584826e+003	   +1.751835e+001
+1.587463e+003	   +1.750932e+001
+1.590104e+003	   +1.748597e+001
+1.592750e+003	   +1.748157e+001
+1.595400e+003	   +1.747372e+001
+1.598054e+003	   +1.746224e+001
+1.600713e+003	   +1.742268e+001
+1.603376e+003	   +1.744056e+001
+1.606044e+003	   +1.739696e+001
+1.608716e+003	   +1.738528e+001
+1.611392e+003	   +1.737795e+001
+1.614073e+003	   +1.736913e+001
+1.616759e+003	   +1.735490e+001
+1.619448e+003	   +1.733551e+001
+1.622143e+003	   +1.733105e+001
+1.624842e+003	   +1.730988e+001
+1.627545e+003	   +1.727861e+001
+1.630253e+003	   +1.730978e+001
+1.632965e+003	   +1.725911e+001
+1.635682e+003	   +1.723865e+001
+1.638403e+003	   +1.722910e+001
+1.641129e+003	   +1.723597e+001
+1.643860e+003	   +1.721424e+001
+1.646595e+003	   +1.719728e+001
+1.649334e+003	   +1.718197e+001
+1.652078e+003	   +1.715625e+001
+1.654827e+003	   +1.715686e+001
+1.657580e+003	   +1.714935e+001
+1.660338e+003	   +1.715493e+001
+1.663100e+003	   +1.712625e+001
+1.665867e+003	   +1.712304e+001
+1.668639e+003	   +1.709368e+001
+1.671415e+003	   +1.707255e+001
+1.674196e+003	   +1.705562e+001
+1.676981e+003	   +1.704878e+001
+1.679771e+003	   +1.704226e+001
+1.682566e+003	   +1.700946e+001
+1.685365e+003	   +1.702163e+001
+1.688169e+003	   +1.697477e+001
+1.690978e+003	   +1.695394e+001
+1.693792e+003	   +1.696845e+001
+1.696609e+003	   +1.696206e+001
+1.699432e+003	   +1.693488e+001
+1.702260e+003	   +1.690705e+001
+1.705092e+003	   +1.689977e+001
+1.707929e+003	   +1.687063e+001
+1.710770e+003	   +1.687994e+001
+1.713616e+003	   +1.687582e+001
+1.716468e+003	   +1.683600e+001
+1.719323e+003	   +1.684629e+001
+1.722184e+003	   +1.683491e+001
+1.725049e+003	   +1.679690e+001
+1.727919e+003	   +1.681726e+001
+1.730794e+003	   +1.677935e+001
+1.733674e+003	   +1.678836e+001
+1.736558e+003	   +1.675418e+001
+1.739447e+003	   +1.676270e+001
+1.742341e+003	   +1.671015e+001
+1.745240e+003	   +1.668859e+001
+1.748144e+003	   +1.667309e+001
+1.751052e+003	   +1.669354e+001
+1.753965e+003	   +1.665486e+001
+1.756884e+003	   +1.665118e+001
+1.759807e+003	   +1.666921e+001
+1.762734e+003	   +1.662927e+001
+1.765667e+003	   +1.658346e+001
+1.768605e+003	   +1.660437e+001
+1.771547e+003	   +1.659432e+001
+1.774495e+003	   +1.654700e+001
+1.777447e+003	   +1.656591e+001
+1.780404e+003	   +1.654962e+001
+1.783366e+003	   +1.652438e+001
+1.786333e+003	   +1.648631e+001
+1.789305e+003	   +1.649212e+001
+1.792282e+003	   +1.649581e+001
+1.795264e+003	   +1.648609e+001
+1.798251e+003	   +1.647038e+001
+1.801243e+003	   +1.641837e+001
+1.804240e+003	   +1.643179e+001
+1.807242e+003	   +1.643240e+001
+1.810248e+003	   +1.639832e+001
+1.813260e+003	   +1.640427e+001
+1.816277e+003	   +1.637034e+001
+1.819299e+003	   +1.636618e+001
+1.822326e+003	   +1.634146e+001
+1.825358e+003	   +1.634134e+001
+1.828395e+003	   +1.629102e+001
+1.831436e+003	   +1.631223e+001
+1.834484e+003	   +1.630512e+001
+1.837536e+003	   +1.629021e+001
+1.840593e+003	   +1.627476e+001
+1.843655e+003	   +1.621796e+001
+1.846722e+003	   +1.624624e+001
+1.849795e+003	   +1.622844e+001
+1.852873e+003	   +1.621366e+001
+1.855955e+003	   +1.620107e+001
+1.859043e+003	   +1.615088e+001
+1.862136e+003	   +1.617039e+001
+1.865234e+003	   +1.616015e+001
+1.868338e+003	   +1.614549e+001
+1.871446e+003	   +1.611716e+001
+1.874560e+003	   +1.609202e+001
+1.877678e+003	   +1.608257e+001
+1.880802e+003	   +1.607620e+001
+1.883932e+003	   +1.605931e+001
+1.887066e+003	   +1.603648e+001
+1.890205e+003	   +1.603504e+001
+1.893350e+003	   +1.601151e+001
+1.896500e+003	   +1.599656e+001
+1.899656e+003	   +1.598474e+001
+1.902816e+003	   +1.597266e+001
+1.905982e+003	   +1.595856e+001
+1.909153e+003	   +1.594399e+001
+1.912329e+003	   +1.592860e+001
+1.915511e+003	   +1.591741e+001
+1.918698e+003	   +1.590095e+001
+1.921890e+003	   +1.589002e+001
+1.925088e+003	   +1.586804e+001
+1.928291e+003	   +1.585343e+001
+1.931499e+003	   +1.585039e+001
+1.934712e+003	   +1.582624e+001
+1.937931e+003	   +1.582436e+001
+1.941155e+003	   +1.580609e+001
+1.944385e+003	   +1.579434e+001
+1.947620e+003	   +1.577402e+001
+1.950860e+003	   +1.575818e+001
+1.954106e+003	   +1.573970e+001
+1.957357e+003	   +1.572644e+001
+1.960614e+003	   +1.571017e+001
+1.963876e+003	   +1.570919e+001
+1.967143e+003	   +1.568083e+001
+1.970416e+003	   +1.567311e+001
+1.973694e+003	   +1.565405e+001
+1.976978e+003	   +1.564571e+001
+1.980267e+003	   +1.563430e+001
+1.983562e+003	   +1.561841e+001
+1.986862e+003	   +1.560416e+001
+1.990167e+003	   +1.558934e+001
+1.993479e+003	   +1.557615e+001
+1.996795e+003	   +1.556095e+001
+2.000117e+003	   +1.554699e+001
+2.003445e+003	   +1.553308e+001
+2.006778e+003	   +1.551939e+001
+2.010117e+003	   +1.550487e+001
+2.013462e+003	   +1.549146e+001
+2.016811e+003	   +1.547668e+001
+2.020167e+003	   +1.545996e+001
+2.023528e+003	   +1.544842e+001
+2.026895e+003	   +1.543737e+001
+2.030267e+003	   +1.541936e+001
+2.033645e+003	   +1.540222e+001
+2.037028e+003	   +1.539283e+001
+2.040417e+003	   +1.537928e+001
+2.043812e+003	   +1.536474e+001
+2.047212e+003	   +1.534718e+001
+2.050618e+003	   +1.533596e+001
+2.054030e+003	   +1.532684e+001
+2.057448e+003	   +1.530536e+001
+2.060871e+003	   +1.529842e+001
+2.064299e+003	   +1.528469e+001
+2.067734e+003	   +1.526225e+001
+2.071174e+003	   +1.525988e+001
+2.074620e+003	   +1.524335e+001
+2.078072e+003	   +1.523282e+001
+2.081529e+003	   +1.520656e+001
+2.084992e+003	   +1.519552e+001
+2.088461e+003	   +1.518212e+001
+2.091936e+003	   +1.515740e+001
+2.095416e+003	   +1.515843e+001
+2.098902e+003	   +1.515400e+001
+2.102394e+003	   +1.513019e+001
+2.105892e+003	   +1.509944e+001
+2.109396e+003	   +1.509836e+001
+2.112905e+003	   +1.508514e+001
+2.116421e+003	   +1.506526e+001
+2.119942e+003	   +1.507338e+001
+2.123469e+003	   +1.504835e+001
+2.127002e+003	   +1.504498e+001
+2.130541e+003	   +1.500898e+001
+2.134085e+003	   +1.500170e+001
+2.137636e+003	   +1.498431e+001
+2.141192e+003	   +1.497006e+001
+2.144755e+003	   +1.495232e+001
+2.148323e+003	   +1.494198e+001
+2.151897e+003	   +1.492683e+001
+2.155478e+003	   +1.492326e+001
+2.159064e+003	   +1.491098e+001
+2.162656e+003	   +1.489198e+001
+2.166254e+003	   +1.485350e+001
+2.169858e+003	   +1.486992e+001
+2.173468e+003	   +1.486426e+001
+2.177084e+003	   +1.485180e+001
+2.180706e+003	   +1.482099e+001
+2.184334e+003	   +1.478552e+001
+2.187969e+003	   +1.477743e+001
+2.191609e+003	   +1.478403e+001
+2.195255e+003	   +1.475570e+001
+2.198907e+003	   +1.471676e+001
+2.202566e+003	   +1.475382e+001
+2.206230e+003	   +1.472388e+001
+2.209901e+003	   +1.469974e+001
+2.213578e+003	   +1.470620e+001
+2.217261e+003	   +1.466907e+001
+2.220950e+003	   +1.467083e+001
+2.224645e+003	   +1.463573e+001
+2.228346e+003	   +1.462586e+001
+2.232053e+003	   +1.462502e+001
+2.235767e+003	   +1.459792e+001
+2.239487e+003	   +1.459307e+001
+2.243213e+003	   +1.457432e+001
+2.246945e+003	   +1.455897e+001
+2.250683e+003	   +1.455097e+001
+2.254428e+003	   +1.452300e+001
+2.258178e+003	   +1.452130e+001
+2.261936e+003	   +1.450974e+001
+2.265699e+003	   +1.447055e+001
+2.269468e+003	   +1.448958e+001
+2.273244e+003	   +1.443547e+001
+2.277026e+003	   +1.442839e+001
+2.280815e+003	   +1.440370e+001
+2.284609e+003	   +1.442738e+001
+2.288410e+003	   +1.438741e+001
+2.292218e+003	   +1.442255e+001
+2.296031e+003	   +1.440978e+001
+2.299851e+003	   +1.434917e+001
+2.303678e+003	   +1.434979e+001
+2.307510e+003	   +1.430722e+001
+2.311350e+003	   +1.431287e+001
+2.315195e+003	   +1.428075e+001
+2.319047e+003	   +1.429127e+001
+2.322905e+003	   +1.427213e+001
+2.326770e+003	   +1.428661e+001
+2.330641e+003	   +1.428677e+001
+2.334519e+003	   +1.422941e+001
+2.338403e+003	   +1.426030e+001
+2.342293e+003	   +1.420586e+001
+2.346190e+003	   +1.419992e+001
+2.350094e+003	   +1.418114e+001
+2.354004e+003	   +1.414253e+001
+2.357920e+003	   +1.417324e+001
+2.361843e+003	   +1.415811e+001
+2.365773e+003	   +1.413725e+001
+2.369709e+003	   +1.411249e+001
+2.373651e+003	   +1.406638e+001
+2.377601e+003	   +1.409546e+001
+2.381556e+003	   +1.406212e+001
+2.385519e+003	   +1.406004e+001
+2.389488e+003	   +1.405370e+001
+2.393463e+003	   +1.404120e+001
+2.397445e+003	   +1.401419e+001
+2.401434e+003	   +1.403847e+001
+2.405429e+003	   +1.399660e+001
+2.409431e+003	   +1.397381e+001
+2.413440e+003	   +1.396282e+001
+2.417455e+003	   +1.392705e+001
+2.421477e+003	   +1.392921e+001
+2.425506e+003	   +1.392158e+001
+2.429542e+003	   +1.392105e+001
+2.433583e+003	   +1.388471e+001
+2.437633e+003	   +1.391117e+001
+2.441688e+003	   +1.388169e+001
+2.445750e+003	   +1.383033e+001
+2.449820e+003	   +1.386331e+001
+2.453896e+003	   +1.381905e+001
+2.457978e+003	   +1.383536e+001
+2.462068e+003	   +1.379024e+001
+2.466164e+003	   +1.381284e+001
+2.470267e+003	   +1.374269e+001
+2.474377e+003	   +1.376155e+001
+2.478493e+003	   +1.374822e+001
+2.482617e+003	   +1.370192e+001
+2.486748e+003	   +1.374380e+001
+2.490885e+003	   +1.369221e+001
+2.495029e+003	   +1.371279e+001
+2.499180e+003	   +1.366715e+001
+2.503338e+003	   +1.368131e+001
+2.507503e+003	   +1.361325e+001
+2.511675e+003	   +1.363943e+001
+2.515854e+003	   +1.364289e+001
+2.520040e+003	   +1.359235e+001
+2.524232e+003	   +1.357790e+001
+2.528432e+003	   +1.357377e+001
+2.532638e+003	   +1.351883e+001
+2.536852e+003	   +1.351523e+001
+2.541073e+003	   +1.349642e+001
+2.545301e+003	   +1.352228e+001
+2.549535e+003	   +1.348471e+001
+2.553777e+003	   +1.346115e+001
+2.558026e+003	   +1.346953e+001
+2.562282e+003	   +1.346706e+001
+2.566545e+003	   +1.341714e+001
+2.570815e+003	   +1.344494e+001
+2.575092e+003	   +1.337594e+001
+2.579376e+003	   +1.335985e+001
+2.583668e+003	   +1.336564e+001
+2.587966e+003	   +1.339453e+001
+2.592272e+003	   +1.334058e+001
+2.596585e+003	   +1.332952e+001
+2.600905e+003	   +1.332583e+001
+2.605232e+003	   +1.330912e+001
+2.609567e+003	   +1.328979e+001
+2.613908e+003	   +1.325818e+001
+2.618257e+003	   +1.325392e+001
+2.622613e+003	   +1.321915e+001
+2.626977e+003	   +1.325177e+001
+2.631347e+003	   +1.320440e+001
+2.635725e+003	   +1.322031e+001
+2.640110e+003	   +1.319979e+001
+2.644503e+003	   +1.318431e+001
+2.648903e+003	   +1.315997e+001
+2.653310e+003	   +1.316962e+001
+2.657724e+003	   +1.316605e+001
+2.662146e+003	   +1.314241e+001
+2.666575e+003	   +1.308198e+001
+2.671012e+003	   +1.312309e+001
+2.675456e+003	   +1.311003e+001
+2.679907e+003	   +1.308907e+001
+2.684365e+003	   +1.305764e+001
+2.688832e+003	   +1.304024e+001
+2.693305e+003	   +1.303463e+001
+2.697786e+003	   +1.302384e+001
+2.702275e+003	   +1.302015e+001
+2.706771e+003	   +1.295855e+001
+2.711274e+003	   +1.299222e+001
+2.715785e+003	   +1.298586e+001
+2.720303e+003	   +1.296846e+001
+2.724829e+003	   +1.291421e+001
+2.729363e+003	   +1.292705e+001
+2.733903e+003	   +1.290053e+001
+2.738452e+003	   +1.288839e+001
+2.743008e+003	   +1.286104e+001
+2.747572e+003	   +1.287393e+001
+2.752143e+003	   +1.283170e+001
+2.756722e+003	   +1.281284e+001
+2.761308e+003	   +1.281866e+001
+2.765902e+003	   +1.281450e+001
+2.770504e+003	   +1.279396e+001
+2.775114e+003	   +1.276783e+001
+2.779731e+003	   +1.276287e+001
+2.784355e+003	   +1.274442e+001
+2.788988e+003	   +1.273345e+001
+2.793628e+003	   +1.273058e+001
+2.798276e+003	   +1.271856e+001
+2.802932e+003	   +1.267966e+001
+2.807595e+003	   +1.268946e+001
+2.812266e+003	   +1.264749e+001
+2.816945e+003	   +1.263686e+001
+2.821632e+003	   +1.264425e+001
+2.826326e+003	   +1.261707e+001
+2.831029e+003	   +1.260595e+001
+2.835739e+003	   +1.258642e+001
+2.840457e+003	   +1.257895e+001
+2.845182e+003	   +1.255410e+001
+2.849916e+003	   +1.256222e+001
+2.854657e+003	   +1.253825e+001
+2.859407e+003	   +1.251298e+001
+2.864164e+003	   +1.250069e+001
+2.868929e+003	   +1.249390e+001
+2.873703e+003	   +1.248561e+001
+2.878484e+003	   +1.247539e+001
+2.883273e+003	   +1.244837e+001
+2.888070e+003	   +1.245225e+001
+2.892875e+003	   +1.241975e+001
+2.897688e+003	   +1.241503e+001
+2.902509e+003	   +1.239917e+001
+2.907338e+003	   +1.238149e+001
+2.912175e+003	   +1.237486e+001
+2.917020e+003	   +1.235286e+001
+2.921873e+003	   +1.234358e+001
+2.926735e+003	   +1.232838e+001
+2.931604e+003	   +1.230870e+001
+2.936481e+003	   +1.229768e+001
+2.941367e+003	   +1.228226e+001
+2.946261e+003	   +1.227234e+001
+2.951163e+003	   +1.225421e+001
+2.956073e+003	   +1.224556e+001
+2.960991e+003	   +1.223074e+001
+2.965917e+003	   +1.221872e+001
+2.970852e+003	   +1.220133e+001
+2.975794e+003	   +1.218826e+001
+2.980745e+003	   +1.217574e+001
+2.985704e+003	   +1.216087e+001
+2.990672e+003	   +1.214672e+001
+2.995648e+003	   +1.213338e+001
+3.000632e+003	   +1.212005e+001
+3.005624e+003	   +1.210657e+001
+3.010625e+003	   +1.209159e+001
+3.015634e+003	   +1.207916e+001
+3.020651e+003	   +1.206372e+001
+3.025676e+003	   +1.205163e+001
+3.030710e+003	   +1.203922e+001
+3.035753e+003	   +1.202186e+001
+3.040803e+003	   +1.200869e+001
+3.045863e+003	   +1.199693e+001
+3.050930e+003	   +1.198383e+001
+3.056006e+003	   +1.196404e+001
+3.061090e+003	   +1.195926e+001
+3.066183e+003	   +1.193553e+001
+3.071285e+003	   +1.192659e+001
+3.076395e+003	   +1.190694e+001
+3.081513e+003	   +1.189465e+001
+3.086640e+003	   +1.188466e+001
+3.091775e+003	   +1.186658e+001
+3.096919e+003	   +1.185192e+001
+3.102072e+003	   +1.183378e+001
+3.107232e+003	   +1.182334e+001
+3.112402e+003	   +1.180320e+001
+3.117580e+003	   +1.179248e+001
+3.122767e+003	   +1.177966e+001
+3.127963e+003	   +1.177811e+001
+3.133167e+003	   +1.176097e+001
+3.138380e+003	   +1.173862e+001
+3.143601e+003	   +1.172750e+001
+3.148831e+003	   +1.170980e+001
+3.154070e+003	   +1.168885e+001
+3.159318e+003	   +1.167421e+001
+3.164574e+003	   +1.167295e+001
+3.169839e+003	   +1.167154e+001
+3.175113e+003	   +1.164080e+001
+3.180396e+003	   +1.162831e+001
+3.185687e+003	   +1.159512e+001
+3.190987e+003	   +1.161322e+001
+3.196296e+003	   +1.158058e+001
+3.201614e+003	   +1.157206e+001
+3.206940e+003	   +1.156766e+001
+3.212276e+003	   +1.153409e+001
+3.217621e+003	   +1.152675e+001
+3.222974e+003	   +1.152158e+001
+3.228336e+003	   +1.149148e+001
+3.233707e+003	   +1.149135e+001
+3.239087e+003	   +1.148328e+001
+3.244476e+003	   +1.146458e+001
+3.249874e+003	   +1.146156e+001
+3.255281e+003	   +1.145166e+001
+3.260697e+003	   +1.141591e+001
+3.266122e+003	   +1.139633e+001
+3.271556e+003	   +1.140024e+001
+3.276999e+003	   +1.137727e+001
+3.282451e+003	   +1.136904e+001
+3.287912e+003	   +1.132308e+001
+3.293383e+003	   +1.131368e+001
+3.298862e+003	   +1.131653e+001
+3.304351e+003	   +1.131116e+001
+3.309848e+003	   +1.129610e+001
+3.315355e+003	   +1.129923e+001
+3.320871e+003	   +1.126199e+001
+3.326396e+003	   +1.123965e+001
+3.331930e+003	   +1.123679e+001
+3.337474e+003	   +1.122983e+001
+3.343026e+003	   +1.121279e+001
+3.348588e+003	   +1.122471e+001
+3.354159e+003	   +1.116606e+001
+3.359740e+003	   +1.114021e+001
+3.365330e+003	   +1.113558e+001
+3.370929e+003	   +1.114890e+001
+3.376537e+003	   +1.113509e+001
+3.382155e+003	   +1.110002e+001
+3.387782e+003	   +1.107979e+001
+3.393418e+003	   +1.112047e+001
+3.399064e+003	   +1.105253e+001
+3.404719e+003	   +1.107623e+001
+3.410384e+003	   +1.104635e+001
+3.416058e+003	   +1.104766e+001
+3.421741e+003	   +1.100572e+001
+3.427434e+003	   +1.104670e+001
+3.433137e+003	   +1.103655e+001
+3.438849e+003	   +1.098976e+001
+3.444570e+003	   +1.096660e+001
+3.450301e+003	   +1.095932e+001
+3.456041e+003	   +1.094554e+001
+3.461791e+003	   +1.096621e+001
+3.467551e+003	   +1.087591e+001
+3.473320e+003	   +1.092122e+001
+3.479099e+003	   +1.089208e+001
+3.484887e+003	   +1.086567e+001
+3.490685e+003	   +1.087896e+001
+3.496492e+003	   +1.086404e+001
+3.502310e+003	   +1.083213e+001
+3.508137e+003	   +1.084969e+001
+3.513973e+003	   +1.078978e+001
+3.519820e+003	   +1.078179e+001
+3.525676e+003	   +1.074129e+001
+3.531542e+003	   +1.074408e+001
+3.537417e+003	   +1.077603e+001
+3.543303e+003	   +1.075055e+001
+3.549198e+003	   +1.072258e+001
+3.555103e+003	   +1.070456e+001
+3.561018e+003	   +1.071445e+001
+3.566942e+003	   +1.065122e+001
+3.572877e+003	   +1.062052e+001
+3.578821e+003	   +1.066699e+001
+3.584775e+003	   +1.062613e+001
+3.590740e+003	   +1.063011e+001
+3.596714e+003	   +1.058737e+001
+3.602698e+003	   +1.059153e+001
+3.608691e+003	   +1.058428e+001
+3.614696e+003	   +1.061687e+001
+3.620709e+003	   +1.059398e+001
+3.626733e+003	   +1.053699e+001
+3.632767e+003	   +1.052015e+001
+3.638811e+003	   +1.054067e+001
+3.644865e+003	   +1.052646e+001
+3.650929e+003	   +1.043094e+001
+3.657004e+003	   +1.051364e+001
+3.663088e+003	   +1.040750e+001
+3.669183e+003	   +1.043233e+001
+3.675287e+003	   +1.044965e+001
+3.681402e+003	   +1.046311e+001
+3.687527e+003	   +1.037435e+001
+3.693662e+003	   +1.039476e+001
+3.699807e+003	   +1.038317e+001
+3.705963e+003	   +1.039892e+001
+3.712128e+003	   +1.035269e+001
+3.718305e+003	   +1.029138e+001
+3.724491e+003	   +1.026830e+001
+3.730688e+003	   +1.030346e+001
+3.736895e+003	   +1.025067e+001
+3.743112e+003	   +1.027185e+001
+3.749339e+003	   +1.027042e+001
+3.755577e+003	   +1.025968e+001
+3.761825e+003	   +1.026147e+001
+3.768084e+003	   +1.023157e+001
+3.774354e+003	   +1.021980e+001
+3.780633e+003	   +1.016817e+001
+3.786923e+003	   +1.016359e+001
+3.793223e+003	   +1.017024e+001
+3.799534e+003	   +1.011845e+001
+3.805856e+003	   +1.013915e+001
+3.812188e+003	   +1.012017e+001
+3.818530e+003	   +1.012881e+001
+3.824884e+003	   +1.015571e+001
+3.831247e+003	   +1.009005e+001
+3.837621e+003	   +1.010947e+001
+3.844006e+003	   +1.000007e+001
+3.850402e+003	   +1.001965e+001
+3.856808e+003	   +1.006198e+001
+3.863224e+003	   +9.975245e+000
+3.869652e+003	   +1.003723e+001
+3.876090e+003	   +9.981732e+000
+3.882539e+003	   +9.926110e+000
+3.888998e+003	   +9.954233e+000
+3.895469e+003	   +9.949986e+000
+3.901950e+003	   +9.919837e+000
+3.908442e+003	   +9.945353e+000
+3.914944e+003	   +9.908789e+000
+3.921458e+003	   +9.878638e+000
+3.927982e+003	   +9.905493e+000
+3.934517e+003	   +9.856146e+000
+3.941063e+003	   +9.858022e+000
+3.947620e+003	   +9.880968e+000
+3.954188e+003	   +9.830530e+000
+3.960767e+003	   +9.780219e+000
+3.967356e+003	   +9.835708e+000
+3.973957e+003	   +9.730165e+000
+3.980569e+003	   +9.780087e+000
+3.987192e+003	   +9.788043e+000
+3.993825e+003	   +9.689610e+000
+4.000470e+003	   +9.721914e+000
+4.007126e+003	   +9.721288e+000
+4.013792e+003	   +9.765518e+000
+4.020470e+003	   +9.665627e+000
+4.027159e+003	   +9.666368e+000
+4.033860e+003	   +9.662544e+000
+4.040571e+003	   +9.674896e+000
+4.047293e+003	   +9.661004e+000
+4.054027e+003	   +9.657291e+000
+4.060772e+003	   +9.643334e+000
+4.067528e+003	   +9.588762e+000
+4.074295e+003	   +9.541947e+000
+4.081074e+003	   +9.584538e+000
+4.087864e+003	   +9.547046e+000
+4.094665e+003	   +9.558196e+000
+4.101478e+003	   +9.552836e+000
+4.108301e+003	   +9.506025e+000
+4.115137e+003	   +9.456561e+000
+4.121983e+003	   +9.525927e+000
+4.128841e+003	   +9.441620e+000
+4.135710e+003	   +9.485815e+000
+4.142591e+003	   +9.415094e+000
+4.149483e+003	   +9.448361e+000
+4.156387e+003	   +9.428062e+000
+4.163302e+003	   +9.425116e+000
+4.170229e+003	   +9.329247e+000
+4.177167e+003	   +9.367893e+000
+4.184117e+003	   +9.299149e+000
+4.191078e+003	   +9.302233e+000
+4.198051e+003	   +9.341198e+000
+4.205036e+003	   +9.323107e+000
+4.212032e+003	   +9.312675e+000
+4.219040e+003	   +9.264202e+000
+4.226059e+003	   +9.238423e+000
+4.233090e+003	   +9.245395e+000
+4.240133e+003	   +9.228173e+000
+4.247188e+003	   +9.248684e+000
+4.254253e+003	   +9.241867e+000
+4.261332e+003	   +9.190480e+000
+4.268421e+003	   +9.165332e+000
+4.275523e+003	   +9.234918e+000
+4.282636e+003	   +9.156168e+000
+4.289762e+003	   +9.143328e+000
+4.296898e+003	   +9.114849e+000
+4.304047e+003	   +9.183482e+000
+4.311208e+003	   +9.086824e+000
+4.318381e+003	   +9.101603e+000
+4.325566e+003	   +9.065426e+000
+4.332763e+003	   +9.135954e+000
+4.339971e+003	   +9.012753e+000
+4.347192e+003	   +9.056366e+000
+4.354424e+003	   +9.026714e+000
+4.361669e+003	   +9.082447e+000
+4.368926e+003	   +8.945725e+000
+4.376194e+003	   +8.990684e+000
+4.383476e+003	   +8.983626e+000
+4.390769e+003	   +9.008253e+000
+4.398074e+003	   +8.913348e+000
+4.405391e+003	   +8.885476e+000
+4.412720e+003	   +8.912736e+000
+4.420062e+003	   +8.890609e+000
+4.427416e+003	   +8.958913e+000
+4.434782e+003	   +8.900795e+000
+4.442160e+003	   +8.900273e+000
+4.449551e+003	   +8.859169e+000
+4.456954e+003	   +8.813347e+000
+4.464369e+003	   +8.833829e+000
+4.471796e+003	   +8.777600e+000
+4.479236e+003	   +8.808463e+000
+4.486689e+003	   +8.818603e+000
+4.494153e+003	   +8.816317e+000
+4.501631e+003	   +8.823764e+000
+4.509120e+003	   +8.713175e+000
+4.516622e+003	   +8.736880e+000
+4.524137e+003	   +8.717867e+000
+4.531664e+003	   +8.774553e+000
+4.539203e+003	   +8.641753e+000
+4.546755e+003	   +8.682293e+000
+4.554320e+003	   +8.677891e+000
+4.561897e+003	   +8.701931e+000
+4.569487e+003	   +8.614079e+000
+4.577090e+003	   +8.590456e+000
+4.584705e+003	   +8.617968e+000
+4.592333e+003	   +8.556674e+000
+4.599973e+003	   +8.616665e+000
+4.607626e+003	   +8.617393e+000
+4.615292e+003	   +8.556939e+000
+4.622971e+003	   +8.545818e+000
+4.630662e+003	   +8.588606e+000
+4.638367e+003	   +8.583870e+000
+4.646083e+003	   +8.500813e+000
+4.653813e+003	   +8.492990e+000
+4.661556e+003	   +8.511237e+000
+4.669312e+003	   +8.485463e+000
+4.677081e+003	   +8.407644e+000
+4.684862e+003	   +8.446121e+000
+4.692656e+003	   +8.415246e+000
+4.700464e+003	   +8.443209e+000
+4.708284e+003	   +8.390656e+000
+4.716118e+003	   +8.425562e+000
+4.723964e+003	   +8.371859e+000
+4.731823e+003	   +8.377407e+000
+4.739696e+003	   +8.313143e+000
+4.747582e+003	   +8.342490e+000
+4.755480e+003	   +8.312257e+000
+4.763392e+003	   +8.314004e+000
+4.771317e+003	   +8.336023e+000
+4.779256e+003	   +8.320751e+000
+4.787207e+003	   +8.299896e+000
+4.795172e+003	   +8.258901e+000
+4.803150e+003	   +8.269586e+000
+4.811141e+003	   +8.276966e+000
+4.819146e+003	   +8.195087e+000
+4.827164e+003	   +8.227631e+000
+4.835194e+003	   +8.180601e+000
+4.843239e+003	   +8.129059e+000
+4.851297e+003	   +8.219602e+000
+4.859368e+003	   +8.157900e+000
+4.867453e+003	   +8.135159e+000
+4.875551e+003	   +8.114246e+000
+4.883663e+003	   +8.095425e+000
+4.891788e+003	   +8.112803e+000
+4.899927e+003	   +8.065036e+000
+4.908079e+003	   +8.061449e+000
+4.916245e+003	   +8.089261e+000
+4.924424e+003	   +8.065310e+000
+4.932617e+003	   +7.998312e+000
+4.940824e+003	   +8.018363e+000
+4.949044e+003	   +7.983357e+000
+4.957278e+003	   +7.995194e+000
+4.965526e+003	   +7.969751e+000
+4.973787e+003	   +7.990592e+000
+4.982063e+003	   +7.945670e+000
+4.990351e+003	   +7.984463e+000
+4.998654e+003	   +7.905757e+000
+5.006970e+003	   +7.889091e+000
+5.015301e+003	   +7.900759e+000
+5.023645e+003	   +7.905375e+000
+5.032003e+003	   +7.876571e+000
+5.040375e+003	   +7.894963e+000
+5.048761e+003	   +7.841057e+000
+5.057161e+003	   +7.821628e+000
+5.065575e+003	   +7.782941e+000
+5.074002e+003	   +7.825047e+000
+5.082444e+003	   +7.765477e+000
+5.090900e+003	   +7.778365e+000
+5.099370e+003	   +7.789748e+000
+5.107854e+003	   +7.715492e+000
+5.116353e+003	   +7.723260e+000
+5.124865e+003	   +7.694686e+000
+5.133391e+003	   +7.717540e+000
+5.141932e+003	   +7.713533e+000
+5.150487e+003	   +7.686526e+000
+5.159056e+003	   +7.701691e+000
+5.167639e+003	   +7.657701e+000
+5.176237e+003	   +7.632082e+000
+5.184849e+003	   +7.605136e+000
+5.193475e+003	   +7.598669e+000
+5.202116e+003	   +7.625041e+000
+5.210771e+003	   +7.589831e+000
+5.219440e+003	   +7.554647e+000
+5.228124e+003	   +7.557222e+000
+5.236822e+003	   +7.554067e+000
+5.245535e+003	   +7.534836e+000
+5.254262e+003	   +7.524920e+000
+5.263004e+003	   +7.544145e+000
+5.271760e+003	   +7.505610e+000
+5.280531e+003	   +7.493507e+000
+5.289316e+003	   +7.449164e+000
+5.298117e+003	   +7.494597e+000
+5.306931e+003	   +7.444946e+000
+5.315761e+003	   +7.440856e+000
+5.324605e+003	   +7.397569e+000
+5.333463e+003	   +7.428611e+000
+5.342337e+003	   +7.419526e+000
+5.351226e+003	   +7.383003e+000
+5.360128e+003	   +7.399035e+000
+5.369046e+003	   +7.367641e+000
+5.377979e+003	   +7.348546e+000
+5.386927e+003	   +7.326447e+000
+5.395889e+003	   +7.346258e+000
+5.404867e+003	   +7.331606e+000
+5.413859e+003	   +7.317329e+000
+5.422866e+003	   +7.282378e+000
+5.431889e+003	   +7.245284e+000
+5.440926e+003	   +7.225469e+000
+5.449978e+003	   +7.246391e+000
+5.459045e+003	   +7.226649e+000
+5.468128e+003	   +7.194865e+000
+5.477226e+003	   +7.185498e+000
+5.486338e+003	   +7.208898e+000
+5.495466e+003	   +7.176515e+000
+5.504609e+003	   +7.183789e+000
+5.513768e+003	   +7.140325e+000
+5.522941e+003	   +7.144018e+000
+5.532130e+003	   +7.127594e+000
+5.541334e+003	   +7.119249e+000
+5.550553e+003	   +7.075282e+000
+5.559788e+003	   +7.084375e+000
+5.569038e+003	   +7.077391e+000
+5.578304e+003	   +7.077878e+000
+5.587584e+003	   +7.019884e+000
+5.596881e+003	   +7.026946e+000
+5.606192e+003	   +7.023260e+000
+5.615520e+003	   +6.998895e+000
+5.624863e+003	   +7.018095e+000
+5.634221e+003	   +6.992413e+000
+5.643595e+003	   +6.965525e+000
+5.652984e+003	   +6.946016e+000
+5.662390e+003	   +6.949183e+000
+5.671810e+003	   +6.923143e+000
+5.681247e+003	   +6.913596e+000
+5.690699e+003	   +6.916943e+000
+5.700167e+003	   +6.903489e+000
+5.709650e+003	   +6.871064e+000
+5.719150e+003	   +6.863258e+000
+5.728665e+003	   +6.842059e+000
+5.738196e+003	   +6.841150e+000
+5.747743e+003	   +6.823737e+000
+5.757306e+003	   +6.812312e+000
+5.766884e+003	   +6.801475e+000
+5.776479e+003	   +6.789801e+000
+5.786090e+003	   +6.780199e+000
+5.795716e+003	   +6.761940e+000
+5.805359e+003	   +6.751666e+000
+5.815018e+003	   +6.729872e+000
+5.824692e+003	   +6.719955e+000
+5.834383e+003	   +6.715020e+000
+5.844090e+003	   +6.692665e+000
+5.853813e+003	   +6.677715e+000
+5.863552e+003	   +6.668435e+000
+5.873308e+003	   +6.658142e+000
+5.883080e+003	   +6.643997e+000
+5.892868e+003	   +6.630653e+000
+5.902672e+003	   +6.620023e+000
+5.912492e+003	   +6.610105e+000
+5.922329e+003	   +6.595896e+000
+5.932183e+003	   +6.582254e+000
+5.942052e+003	   +6.569824e+000
+5.951938e+003	   +6.556106e+000
+5.961841e+003	   +6.543612e+000
+5.971760e+003	   +6.531728e+000
+5.981695e+003	   +6.517486e+000
+5.991647e+003	   +6.507445e+000
+6.001616e+003	   +6.493173e+000
+6.011601e+003	   +6.479246e+000
+6.021603e+003	   +6.467058e+000
+6.031621e+003	   +6.448192e+000
+6.041656e+003	   +6.445482e+000
+6.051708e+003	   +6.429967e+000
+6.061776e+003	   +6.415876e+000
+6.071862e+003	   +6.403008e+000
+6.081964e+003	   +6.390189e+000
+6.092083e+003	   +6.377659e+000
+6.102218e+003	   +6.366502e+000
+6.112371e+003	   +6.353582e+000
+6.122541e+003	   +6.343905e+000
+6.132727e+003	   +6.324162e+000
+6.142930e+003	   +6.312007e+000
+6.153150e+003	   +6.305854e+000
+6.163388e+003	   +6.287377e+000
+6.173642e+003	   +6.274319e+000
+6.183913e+003	   +6.259625e+000
+6.194202e+003	   +6.257633e+000
+6.204507e+003	   +6.235560e+000
+6.214830e+003	   +6.222974e+000
+6.225170e+003	   +6.221967e+000
+6.235527e+003	   +6.204956e+000
+6.245901e+003	   +6.185160e+000
+6.256293e+003	   +6.184403e+000
+6.266702e+003	   +6.158472e+000
+6.277128e+003	   +6.144298e+000
+6.287572e+003	   +6.132514e+000
+6.298033e+003	   +6.132565e+000
+6.308511e+003	   +6.111074e+000
+6.319007e+003	   +6.100334e+000
+6.329520e+003	   +6.095917e+000
+6.340051e+003	   +6.090674e+000
+6.350599e+003	   +6.061365e+000
+6.361165e+003	   +6.068639e+000
+6.371748e+003	   +6.039524e+000
+6.382349e+003	   +6.039359e+000
+6.392968e+003	   +6.001282e+000
+6.403604e+003	   +5.991410e+000
+6.414258e+003	   +5.986448e+000
+6.424930e+003	   +5.984995e+000
+6.435619e+003	   +5.972291e+000
+6.446326e+003	   +5.934897e+000
+6.457051e+003	   +5.938435e+000
+6.467794e+003	   +5.928561e+000
+6.478555e+003	   +5.923324e+000
+6.489333e+003	   +5.910071e+000
+6.500130e+003	   +5.886270e+000
+6.510945e+003	   +5.873270e+000
+6.521777e+003	   +5.849073e+000
+6.532628e+003	   +5.836039e+000
+6.543497e+003	   +5.836925e+000
+6.554383e+003	   +5.839220e+000
+6.565288e+003	   +5.819392e+000
+6.576211e+003	   +5.788392e+000
+6.587152e+003	   +5.792783e+000
+6.598112e+003	   +5.792049e+000
+6.609089e+003	   +5.755819e+000
+6.620085e+003	   +5.759435e+000
+6.631099e+003	   +5.738746e+000
+6.642132e+003	   +5.725435e+000
+6.653183e+003	   +5.728144e+000
+6.664252e+003	   +5.701363e+000
+6.675339e+003	   +5.691616e+000
+6.686445e+003	   +5.686349e+000
+6.697570e+003	   +5.657808e+000
+6.708713e+003	   +5.661636e+000
+6.719875e+003	   +5.636235e+000
+6.731055e+003	   +5.610560e+000
+6.742253e+003	   +5.626274e+000
+6.753471e+003	   +5.614933e+000
+6.764707e+003	   +5.595486e+000
+6.775962e+003	   +5.562563e+000
+6.787235e+003	   +5.556922e+000
+6.798527e+003	   +5.563795e+000
+6.809838e+003	   +5.545914e+000
+6.821168e+003	   +5.536016e+000
+6.832517e+003	   +5.501837e+000
+6.843885e+003	   +5.496160e+000
+6.855271e+003	   +5.497190e+000
+6.866677e+003	   +5.468112e+000
+6.878101e+003	   +5.464252e+000
+6.889544e+003	   +5.440770e+000
+6.901007e+003	   +5.436444e+000
+6.912488e+003	   +5.419388e+000
+6.923989e+003	   +5.414073e+000
+6.935509e+003	   +5.402670e+000
+6.947048e+003	   +5.399100e+000
+6.958606e+003	   +5.391481e+000
+6.970183e+003	   +5.383054e+000
+6.981780e+003	   +5.373209e+000
+6.993396e+003	   +5.348098e+000
+7.005031e+003	   +5.337651e+000
+7.016686e+003	   +5.336071e+000
+7.028359e+003	   +5.295576e+000
+7.040053e+003	   +5.303809e+000
+7.051766e+003	   +5.295076e+000
+7.063498e+003	   +5.277351e+000
+7.075250e+003	   +5.262251e+000
+7.087021e+003	   +5.248267e+000
+7.098813e+003	   +5.222549e+000
+7.110623e+003	   +5.214280e+000
+7.122454e+003	   +5.227540e+000
+7.134303e+003	   +5.201164e+000
+7.146173e+003	   +5.173949e+000
+7.158063e+003	   +5.186216e+000
+7.169972e+003	   +5.173537e+000
+7.181901e+003	   +5.157953e+000
+7.193850e+003	   +5.130661e+000
+7.205818e+003	   +5.123904e+000
+7.217807e+003	   +5.126936e+000
+7.229815e+003	   +5.098196e+000
+7.241844e+003	   +5.086636e+000
+7.253893e+003	   +5.079714e+000
+7.265961e+003	   +5.074481e+000
+7.278050e+003	   +5.062071e+000
+7.290159e+003	   +5.048368e+000
+7.302288e+003	   +5.040359e+000
+7.314437e+003	   +5.014600e+000
+7.326606e+003	   +5.005803e+000
+7.338796e+003	   +5.012610e+000
+7.351006e+003	   +4.971365e+000
+7.363236e+003	   +4.963074e+000
+7.375487e+003	   +4.955302e+000
+7.387758e+003	   +4.952448e+000
+7.400049e+003	   +4.930655e+000
+7.412361e+003	   +4.934792e+000
+7.424693e+003	   +4.911042e+000
+7.437046e+003	   +4.888572e+000
+7.449419e+003	   +4.890343e+000
+7.461813e+003	   +4.870011e+000
+7.474228e+003	   +4.868587e+000
+7.486663e+003	   +4.866425e+000
+7.499119e+003	   +4.836401e+000
+7.511596e+003	   +4.843433e+000
+7.524093e+003	   +4.815503e+000
+7.536611e+003	   +4.816155e+000
+7.549150e+003	   +4.792306e+000
+7.561710e+003	   +4.793750e+000
+7.574291e+003	   +4.775963e+000
+7.586893e+003	   +4.774663e+000
+7.599515e+003	   +4.737397e+000
+7.612159e+003	   +4.746586e+000
+7.624824e+003	   +4.723059e+000
+7.637509e+003	   +4.703711e+000
+7.650216e+003	   +4.694293e+000
+7.662944e+003	   +4.677645e+000
+7.675693e+003	   +4.675401e+000
+7.688464e+003	   +4.678609e+000
+7.701255e+003	   +4.640133e+000
+7.714068e+003	   +4.629233e+000
+7.726903e+003	   +4.622736e+000
+7.739758e+003	   +4.627413e+000
+7.752635e+003	   +4.596312e+000
+7.765534e+003	   +4.605896e+000
+7.778454e+003	   +4.578431e+000
+7.791395e+003	   +4.568656e+000
+7.804358e+003	   +4.542441e+000
+7.817342e+003	   +4.541684e+000
+7.830349e+003	   +4.536281e+000
+7.843376e+003	   +4.522511e+000
+7.856426e+003	   +4.519355e+000
+7.869497e+003	   +4.511383e+000
+7.882589e+003	   +4.485605e+000
+7.895704e+003	   +4.469741e+000
+7.908841e+003	   +4.459940e+000
+7.921999e+003	   +4.448444e+000
+7.935179e+003	   +4.448871e+000
+7.948381e+003	   +4.415318e+000
+7.961605e+003	   +4.426976e+000
+7.974852e+003	   +4.408165e+000
+7.988120e+003	   +4.389011e+000
+8.001410e+003	   +4.378964e+000
+8.014722e+003	   +4.359289e+000
+8.028057e+003	   +4.348066e+000
+8.041413e+003	   +4.350483e+000
+8.054792e+003	   +4.325201e+000
+8.068193e+003	   +4.316248e+000
+8.081617e+003	   +4.324077e+000
+8.095063e+003	   +4.294433e+000
+8.108531e+003	   +4.290072e+000
+8.122021e+003	   +4.264008e+000
+8.135534e+003	   +4.255481e+000
+8.149070e+003	   +4.248398e+000
+8.162627e+003	   +4.229340e+000
+8.176208e+003	   +4.244372e+000
+8.189811e+003	   +4.216255e+000
+8.203438e+003	   +4.203402e+000
+8.217086e+003	   +4.205074e+000
+8.230757e+003	   +4.182082e+000
+8.244450e+003	   +4.176774e+000
+8.258167e+003	   +4.163609e+000
+8.271906e+003	   +4.138083e+000
+8.285669e+003	   +4.129128e+000
+8.299454e+003	   +4.114802e+000
+8.313263e+003	   +4.115464e+000
+8.327094e+003	   +4.117042e+000
+8.340948e+003	   +4.082736e+000
+8.354825e+003	   +4.064500e+000
+8.368726e+003	   +4.069140e+000
+8.382648e+003	   +4.063332e+000
+8.396596e+003	   +4.038585e+000
+8.410565e+003	   +4.042293e+000
+8.424559e+003	   +4.023656e+000
+8.438574e+003	   +3.999278e+000
+8.452614e+003	   +3.987285e+000
+8.466678e+003	   +4.002666e+000
+8.480764e+003	   +3.971839e+000
+8.494874e+003	   +3.963952e+000
+8.509007e+003	   +3.936728e+000
+8.523164e+003	   +3.951442e+000
+8.537344e+003	   +3.936291e+000
+8.551548e+003	   +3.933815e+000
+8.565775e+003	   +3.900805e+000
+8.580027e+003	   +3.895112e+000
+8.594302e+003	   +3.882123e+000
+8.608601e+003	   +3.862391e+000
+8.622923e+003	   +3.871058e+000
+8.637270e+003	   +3.847224e+000
+8.651640e+003	   +3.837225e+000
+8.666034e+003	   +3.841667e+000
+8.680452e+003	   +3.820144e+000
+8.694895e+003	   +3.817615e+000
+8.709360e+003	   +3.794220e+000
+8.723851e+003	   +3.795575e+000
+8.738364e+003	   +3.783533e+000
+8.752903e+003	   +3.761565e+000
+8.767466e+003	   +3.751834e+000
+8.782053e+003	   +3.749190e+000
+8.796664e+003	   +3.727600e+000
+8.811299e+003	   +3.729302e+000
+8.825959e+003	   +3.712182e+000
+8.840643e+003	   +3.697343e+000
+8.855352e+003	   +3.691771e+000
+8.870085e+003	   +3.686262e+000
+8.884842e+003	   +3.669308e+000
+8.899624e+003	   +3.665311e+000
+8.914431e+003	   +3.627331e+000
+8.929263e+003	   +3.622486e+000
+8.944118e+003	   +3.623441e+000
+8.958999e+003	   +3.621729e+000
+8.973904e+003	   +3.584578e+000
+8.988835e+003	   +3.594438e+000
+9.003790e+003	   +3.578595e+000
+9.018771e+003	   +3.547330e+000
+9.033775e+003	   +3.550933e+000
+9.048805e+003	   +3.528141e+000
+9.063860e+003	   +3.531801e+000
+9.078940e+003	   +3.510693e+000
+9.094045e+003	   +3.500500e+000
+9.109175e+003	   +3.499914e+000
+9.124331e+003	   +3.481583e+000
+9.139511e+003	   +3.479800e+000
+9.154717e+003	   +3.470452e+000
+9.169948e+003	   +3.439229e+000
+9.185204e+003	   +3.446442e+000
+9.200486e+003	   +3.417399e+000
+9.215794e+003	   +3.421259e+000
+9.231126e+003	   +3.394156e+000
+9.246484e+003	   +3.402670e+000
+9.261868e+003	   +3.383293e+000
+9.277278e+003	   +3.390574e+000
+9.292713e+003	   +3.355293e+000
+9.308174e+003	   +3.351103e+000
+9.323660e+003	   +3.349091e+000
+9.339172e+003	   +3.320589e+000
+9.354710e+003	   +3.324032e+000
+9.370274e+003	   +3.312643e+000
+9.385864e+003	   +3.313809e+000
+9.401479e+003	   +3.286358e+000
+9.417121e+003	   +3.287242e+000
+9.432789e+003	   +3.269902e+000
+9.448482e+003	   +3.263902e+000
+9.464203e+003	   +3.247260e+000
+9.479949e+003	   +3.243802e+000
+9.495721e+003	   +3.225539e+000
+9.511520e+003	   +3.227375e+000
+9.527345e+003	   +3.199344e+000
+9.543195e+003	   +3.202929e+000
+9.559073e+003	   +3.182209e+000
+9.574977e+003	   +3.187918e+000
+9.590907e+003	   +3.146019e+000
+9.606864e+003	   +3.143734e+000
+9.622848e+003	   +3.135090e+000
+9.638857e+003	   +3.128890e+000
+9.654894e+003	   +3.110600e+000
+9.670957e+003	   +3.097856e+000
+9.687047e+003	   +3.091824e+000
+9.703164e+003	   +3.070797e+000
+9.719308e+003	   +3.084265e+000
+9.735479e+003	   +3.063791e+000
+9.751676e+003	   +3.053354e+000
+9.767899e+003	   +3.028812e+000
+9.784151e+003	   +3.048321e+000
+9.800430e+003	   +3.030114e+000
+9.816734e+003	   +3.017466e+000
+9.833067e+003	   +2.986660e+000
+9.849427e+003	   +3.004174e+000
+9.865814e+003	   +2.976142e+000
+9.882229e+003	   +2.966455e+000
+9.898670e+003	   +2.953745e+000
+9.915139e+003	   +2.933516e+000
+9.931635e+003	   +2.928880e+000
+9.948159e+003	   +2.926691e+000
+9.964710e+003	   +2.928064e+000
+9.981289e+003	   +2.914634e+000
+9.997895e+003	   +2.895222e+000
+1.001453e+004	   +2.876969e+000
+1.003119e+004	   +2.885629e+000
+1.004788e+004	   +2.855157e+000
+1.006460e+004	   +2.862771e+000
+1.008134e+004	   +2.834310e+000
+1.009812e+004	   +2.844896e+000
+1.011492e+004	   +2.826662e+000
+1.013174e+004	   +2.801110e+000
+1.014860e+004	   +2.803714e+000
+1.016549e+004	   +2.775243e+000
+1.018240e+004	   +2.766410e+000
+1.019934e+004	   +2.778239e+000
+1.021631e+004	   +2.752945e+000
+1.023331e+004	   +2.740982e+000
+1.025033e+004	   +2.722370e+000
+1.026739e+004	   +2.728947e+000
+1.028447e+004	   +2.719461e+000
+1.030158e+004	   +2.698129e+000
+1.031872e+004	   +2.709546e+000
+1.033589e+004	   +2.691522e+000
+1.035308e+004	   +2.675878e+000
+1.037031e+004	   +2.652570e+000
+1.038756e+004	   +2.664790e+000
+1.040484e+004	   +2.653049e+000
+1.042215e+004	   +2.634587e+000
+1.043949e+004	   +2.620232e+000
+1.045686e+004	   +2.620839e+000
+1.047426e+004	   +2.613101e+000
+1.049169e+004	   +2.589850e+000
+1.050914e+004	   +2.568190e+000
+1.052663e+004	   +2.559631e+000
+1.054414e+004	   +2.554905e+000
+1.056168e+004	   +2.547664e+000
+1.057925e+004	   +2.525094e+000
+1.059686e+004	   +2.519883e+000
+1.061449e+004	   +2.526497e+000
+1.063215e+004	   +2.507391e+000
+1.064983e+004	   +2.486364e+000
+1.066755e+004	   +2.479868e+000
+1.068530e+004	   +2.466696e+000
+1.070308e+004	   +2.468824e+000
+1.072089e+004	   +2.465780e+000
+1.073872e+004	   +2.434961e+000
+1.075659e+004	   +2.426723e+000
+1.077449e+004	   +2.426193e+000
+1.079241e+004	   +2.415330e+000
+1.081037e+004	   +2.395423e+000
+1.082835e+004	   +2.395914e+000
+1.084637e+004	   +2.392307e+000
+1.086442e+004	   +2.367285e+000
+1.088249e+004	   +2.366771e+000
+1.090060e+004	   +2.364644e+000
+1.091873e+004	   +2.353056e+000
+1.093690e+004	   +2.350876e+000
+1.095509e+004	   +2.339798e+000
+1.097332e+004	   +2.328643e+000
+1.099158e+004	   +2.310573e+000
+1.100987e+004	   +2.288580e+000
+1.102818e+004	   +2.301272e+000
+1.104653e+004	   +2.287611e+000
+1.106491e+004	   +2.267711e+000
+1.108332e+004	   +2.243922e+000
+1.110176e+004	   +2.243677e+000
+1.112023e+004	   +2.229279e+000
+1.113873e+004	   +2.231833e+000
+1.115726e+004	   +2.210107e+000
+1.117583e+004	   +2.203944e+000
+1.119442e+004	   +2.191900e+000
+1.121304e+004	   +2.192599e+000
+1.123170e+004	   +2.198406e+000
+1.125039e+004	   +2.155293e+000
+1.126910e+004	   +2.145083e+000
+1.128785e+004	   +2.145908e+000
+1.130663e+004	   +2.140908e+000
+1.132544e+004	   +2.113786e+000
+1.134429e+004	   +2.126959e+000
+1.136316e+004	   +2.115963e+000
+1.138207e+004	   +2.105190e+000
+1.140100e+004	   +2.104911e+000
+1.141997e+004	   +2.069205e+000
+1.143897e+004	   +2.070836e+000
+1.145800e+004	   +2.045957e+000
+1.147707e+004	   +2.066539e+000
+1.149616e+004	   +2.052530e+000
+1.151529e+004	   +2.036332e+000
+1.153445e+004	   +2.012244e+000
+1.155364e+004	   +2.000668e+000
+1.157286e+004	   +2.016895e+000
+1.159211e+004	   +1.992250e+000
+1.161140e+004	   +1.970359e+000
+1.163072e+004	   +1.969967e+000
+1.165007e+004	   +1.955856e+000
+1.166945e+004	   +1.953925e+000
+1.168887e+004	   +1.953604e+000
+1.170831e+004	   +1.917591e+000
+1.172779e+004	   +1.935753e+000
+1.174731e+004	   +1.911641e+000
+1.176685e+004	   +1.924316e+000
+1.178643e+004	   +1.905708e+000
+1.180604e+004	   +1.904131e+000
+1.182568e+004	   +1.880715e+000
+1.184535e+004	   +1.887189e+000
+1.186506e+004	   +1.843978e+000
+1.188480e+004	   +1.856460e+000
+1.190458e+004	   +1.840550e+000
+1.192438e+004	   +1.819029e+000
+1.194422e+004	   +1.814065e+000
+1.196409e+004	   +1.792825e+000
+1.198400e+004	   +1.808378e+000
+1.200394e+004	   +1.797698e+000
+1.202391e+004	   +1.783838e+000
+1.204391e+004	   +1.784229e+000
+1.206395e+004	   +1.762181e+000
+1.208402e+004	   +1.760113e+000
+1.210413e+004	   +1.757614e+000
+1.212427e+004	   +1.719287e+000
+1.214444e+004	   +1.724222e+000
+1.216464e+004	   +1.700650e+000
+1.218488e+004	   +1.719848e+000
+1.220515e+004	   +1.685060e+000
+1.222546e+004	   +1.689358e+000
+1.224580e+004	   +1.671824e+000
+1.226617e+004	   +1.653925e+000
+1.228658e+004	   +1.660048e+000
+1.230702e+004	   +1.646559e+000
+1.232750e+004	   +1.642109e+000
+1.234801e+004	   +1.646720e+000
+1.236855e+004	   +1.616108e+000
+1.238913e+004	   +1.612110e+000
+1.240974e+004	   +1.587929e+000
+1.243039e+004	   +1.597247e+000
+1.245107e+004	   +1.586407e+000
+1.247179e+004	   +1.572799e+000
+1.249254e+004	   +1.581063e+000
+1.251332e+004	   +1.569347e+000
+1.253414e+004	   +1.536428e+000
+1.255499e+004	   +1.533311e+000
+1.257588e+004	   +1.538383e+000
+1.259680e+004	   +1.503845e+000
+1.261776e+004	   +1.493299e+000
+1.263876e+004	   +1.500831e+000
+1.265978e+004	   +1.487778e+000
+1.268085e+004	   +1.475162e+000
+1.270194e+004	   +1.482912e+000
+1.272308e+004	   +1.465676e+000
+1.274424e+004	   +1.464213e+000
+1.276545e+004	   +1.451095e+000
+1.278669e+004	   +1.431656e+000
+1.280796e+004	   +1.431261e+000
+1.282927e+004	   +1.409839e+000
+1.285061e+004	   +1.421668e+000
+1.287199e+004	   +1.405465e+000
+1.289341e+004	   +1.385862e+000
+1.291486e+004	   +1.385052e+000
+1.293635e+004	   +1.380511e+000
+1.295787e+004	   +1.352082e+000
+1.297943e+004	   +1.348465e+000
+1.300102e+004	   +1.336815e+000
+1.302265e+004	   +1.315843e+000
+1.304432e+004	   +1.335883e+000
+1.306602e+004	   +1.310703e+000
+1.308776e+004	   +1.300333e+000
+1.310954e+004	   +1.297532e+000
+1.313135e+004	   +1.301783e+000
+1.315320e+004	   +1.279092e+000
+1.317508e+004	   +1.285765e+000
+1.319700e+004	   +1.267639e+000
+1.321896e+004	   +1.266409e+000
+1.324095e+004	   +1.237980e+000
+1.326298e+004	   +1.220316e+000
+1.328504e+004	   +1.212884e+000
+1.330715e+004	   +1.224803e+000
+1.332929e+004	   +1.203058e+000
+1.335146e+004	   +1.205431e+000
+1.337368e+004	   +1.183902e+000
+1.339593e+004	   +1.183152e+000
+1.341821e+004	   +1.169210e+000
+1.344054e+004	   +1.153385e+000
+1.346290e+004	   +1.148963e+000
+1.348530e+004	   +1.126439e+000
+1.350774e+004	   +1.140671e+000
+1.353021e+004	   +1.113789e+000
+1.355272e+004	   +1.131250e+000
+1.357527e+004	   +1.117518e+000
+1.359785e+004	   +1.092334e+000
+1.362048e+004	   +1.089830e+000
+1.364314e+004	   +1.092743e+000
+1.366584e+004	   +1.073378e+000
+1.368857e+004	   +1.061799e+000
+1.371135e+004	   +1.046428e+000
+1.373416e+004	   +1.031740e+000
+1.375701e+004	   +1.048938e+000
+1.377990e+004	   +1.026474e+000
+1.380282e+004	   +1.014618e+000
+1.382579e+004	   +1.018870e+000
+1.384879e+004	   +9.970464e-001
+1.387183e+004	   +9.854090e-001
+1.389491e+004	   +9.690422e-001
+1.391803e+004	   +9.719290e-001
+1.394119e+004	   +9.573480e-001
+1.396438e+004	   +9.522187e-001
+1.398761e+004	   +9.320239e-001
+1.401088e+004	   +9.521287e-001
+1.403420e+004	   +9.117112e-001
+1.405754e+004	   +9.209643e-001
+1.408093e+004	   +9.183453e-001
+1.410436e+004	   +8.903943e-001
+1.412783e+004	   +8.966517e-001
+1.415133e+004	   +8.900214e-001
+1.417488e+004	   +8.864213e-001
+1.419846e+004	   +8.555447e-001
+1.422208e+004	   +8.682740e-001
+1.424574e+004	   +8.549486e-001
+1.426945e+004	   +8.533754e-001
+1.429319e+004	   +8.204600e-001
+1.431697e+004	   +8.228759e-001
+1.434079e+004	   +8.134469e-001
+1.436465e+004	   +8.211401e-001
+1.438854e+004	   +7.856237e-001
+1.441248e+004	   +7.760565e-001
+1.443646e+004	   +7.793770e-001
+1.446048e+004	   +7.668989e-001
+1.448454e+004	   +7.704111e-001
+1.450864e+004	   +7.459105e-001
+1.453278e+004	   +7.408917e-001
+1.455696e+004	   +7.229592e-001
+1.458117e+004	   +7.406005e-001
+1.460543e+004	   +7.312926e-001
+1.462973e+004	   +7.134792e-001
+1.465407e+004	   +6.896652e-001
+1.467845e+004	   +7.040718e-001
+1.470288e+004	   +6.902142e-001
+1.472734e+004	   +6.757013e-001
+1.475184e+004	   +6.535222e-001
+1.477638e+004	   +6.683049e-001
+1.480097e+004	   +6.353033e-001
+1.482559e+004	   +6.415635e-001
+1.485026e+004	   +6.443701e-001
+1.487497e+004	   +6.119086e-001
+1.489971e+004	   +6.266783e-001
+1.492450e+004	   +6.110781e-001
+1.494933e+004	   +5.900207e-001
+1.497421e+004	   +5.815930e-001
+1.499912e+004	   +5.887326e-001
+1.502407e+004	   +5.818090e-001
+1.504907e+004	   +5.734643e-001
+1.507411e+004	   +5.502956e-001
+1.509919e+004	   +5.454290e-001
+1.512431e+004	   +5.404443e-001
+1.514947e+004	   +5.170827e-001
+1.517468e+004	   +5.070410e-001
+1.519992e+004	   +5.040861e-001
+1.522521e+004	   +5.016735e-001
+1.525054e+004	   +5.032429e-001
+1.527592e+004	   +5.019816e-001
+1.530133e+004	   +4.938509e-001
+1.532679e+004	   +4.710323e-001
+1.535229e+004	   +4.619585e-001
+1.537783e+004	   +4.686928e-001
+1.540342e+004	   +4.529918e-001
+1.542904e+004	   +4.326301e-001
+1.545471e+004	   +4.231626e-001
+1.548043e+004	   +4.355296e-001
+1.550618e+004	   +4.150985e-001
+1.553198e+004	   +4.106959e-001
+1.555782e+004	   +4.112434e-001
+1.558371e+004	   +3.843960e-001
+1.560963e+004	   +3.780830e-001
+1.563560e+004	   +3.774275e-001
+1.566162e+004	   +3.534126e-001
+1.568767e+004	   +3.459142e-001
+1.571377e+004	   +3.499148e-001
+1.573992e+004	   +3.364580e-001
+1.576611e+004	   +3.347972e-001
+1.579234e+004	   +3.336956e-001
+1.581861e+004	   +3.142129e-001
+1.584493e+004	   +3.085228e-001
+1.587129e+004	   +2.818060e-001
+1.589770e+004	   +3.065456e-001
+1.592415e+004	   +2.689357e-001
+1.595064e+004	   +2.766982e-001
+1.597718e+004	   +2.564447e-001
+1.600376e+004	   +2.574397e-001
+1.603039e+004	   +2.596649e-001
+1.605706e+004	   +2.400883e-001
+1.608377e+004	   +2.239245e-001
+1.611053e+004	   +2.314947e-001
+1.613733e+004	   +2.292304e-001
+1.616418e+004	   +2.046918e-001
+1.619108e+004	   +1.931586e-001
+1.621801e+004	   +2.008743e-001
+1.624500e+004	   +1.809305e-001
+1.627202e+004	   +1.757175e-001
+1.629910e+004	   +1.703688e-001
+1.632621e+004	   +1.675269e-001
+1.635338e+004	   +1.644377e-001
+1.638058e+004	   +1.453172e-001
+1.640784e+004	   +1.284597e-001
+1.643514e+004	   +1.421979e-001
+1.646248e+004	   +1.188881e-001
+1.648987e+004	   +1.046670e-001
+1.651730e+004	   +9.910162e-002
+1.654479e+004	   +8.010224e-002
+1.657231e+004	   +8.551259e-002
+1.659988e+004	   +8.083799e-002
+1.662750e+004	   +5.913796e-002
+1.665517e+004	   +7.201117e-002
+1.668288e+004	   +6.768378e-002
+1.671063e+004	   +4.504476e-002
+1.673843e+004	   +2.668865e-002
+1.676628e+004	   +4.439053e-002
+1.679418e+004	   +9.733820e-003
+1.682212e+004	   +9.538149e-003
+1.685011e+004	   +1.944922e-002
+1.687814e+004	   +7.851605e-003
+1.690622e+004	   -3.635276e-003
+1.693435e+004	   -1.783005e-002
+1.696252e+004	   -4.214395e-002
+1.699074e+004	   -3.492415e-002
+1.701901e+004	   -2.960889e-002
+1.704733e+004	   -5.307538e-002
+1.707569e+004	   -6.709939e-002
+1.710410e+004	   -8.171760e-002
+1.713256e+004	   -7.192887e-002
+1.716106e+004	   -9.057003e-002
+1.718961e+004	   -9.302429e-002
+1.721821e+004	   -9.080285e-002
+1.724686e+004	   -1.062444e-001
+1.727555e+004	   -1.123059e-001
+1.730430e+004	   -1.377096e-001
+1.733309e+004	   -1.251168e-001
+1.736192e+004	   -1.371852e-001
+1.739081e+004	   -1.474070e-001
+1.741974e+004	   -1.480888e-001
+1.744873e+004	   -1.543004e-001
+1.747776e+004	   -1.630519e-001
+1.750683e+004	   -1.838425e-001
+1.753596e+004	   -1.803262e-001
+1.756514e+004	   -1.933836e-001
+1.759436e+004	   -2.155837e-001
+1.762363e+004	   -2.196596e-001
+1.765296e+004	   -2.241181e-001
+1.768232e+004	   -2.215325e-001
+1.771174e+004	   -2.502099e-001
+1.774121e+004	   -2.431448e-001
+1.777073e+004	   -2.428338e-001
+1.780029e+004	   -2.540087e-001
+1.782991e+004	   -2.593472e-001
+1.785957e+004	   -2.816572e-001
+1.788929e+004	   -2.839528e-001
+1.791905e+004	   -2.892823e-001
+1.794886e+004	   -3.216531e-001
+1.797873e+004	   -3.108475e-001
+1.800864e+004	   -3.141978e-001
+1.803860e+004	   -3.383551e-001
+1.806861e+004	   -3.215893e-001
+1.809867e+004	   -3.438112e-001
+1.812879e+004	   -3.427713e-001
+1.815895e+004	   -3.715124e-001
+1.818916e+004	   -3.773296e-001
+1.821942e+004	   -3.694803e-001
+1.824973e+004	   -3.871337e-001
+1.828010e+004	   -3.952240e-001
+1.831051e+004	   -3.998820e-001
+1.834097e+004	   -4.068138e-001
+1.837149e+004	   -4.299412e-001
+1.840205e+004	   -4.243942e-001
+1.843267e+004	   -4.172861e-001
+1.846334e+004	   -4.416904e-001
+1.849406e+004	   -4.361479e-001
+1.852482e+004	   -4.581768e-001
+1.855565e+004	   -4.778941e-001
+1.858652e+004	   -4.728404e-001
+1.861744e+004	   -4.749197e-001
+1.864842e+004	   -5.003459e-001
+1.867944e+004	   -4.895264e-001
+1.871052e+004	   -5.032474e-001
+1.874165e+004	   -5.146548e-001
+1.877283e+004	   -5.225662e-001
+1.880406e+004	   -5.143148e-001
+1.883535e+004	   -5.402344e-001
+1.886669e+004	   -5.371059e-001
+1.889808e+004	   -5.613509e-001
+1.892952e+004	   -5.638576e-001
+1.896101e+004	   -5.778573e-001
+1.899256e+004	   -5.751139e-001
+1.902416e+004	   -5.742527e-001
+1.905581e+004	   -5.921890e-001
+1.908751e+004	   -6.107606e-001
+1.911927e+004	   -6.122930e-001
+1.915108e+004	   -6.069540e-001
+1.918294e+004	   -5.932373e-001
+1.921486e+004	   -6.716005e-001
+1.924682e+004	   -6.053175e-001
+1.927885e+004	   -7.136880e-001
+1.931092e+004	   -6.939487e-001
+1.934305e+004	   -6.847844e-001
+1.937523e+004	   -6.328626e-001
+1.940747e+004	   -6.955761e-001
+1.943976e+004	   -6.372208e-001
+1.947210e+004	   -6.582509e-001
+1.950450e+004	   -7.023945e-001
+1.953695e+004	   -7.466322e-001
+1.956945e+004	   -7.477190e-001
+1.960201e+004	   -7.983136e-001
+1.963462e+004	   -7.051496e-001
+1.966729e+004	   -7.399757e-001
+1.970001e+004	   -7.231620e-001
+1.973279e+004	   -7.529104e-001
+1.976562e+004	   -7.854803e-001
+1.979850e+004	   -7.827967e-001
+1.983144e+004	   -7.681770e-001
+1.986444e+004	   -7.794665e-001
+1.989749e+004	   -8.020638e-001
+1.993059e+004	   -8.164265e-001
+1.996375e+004	   -7.981228e-001
+1.999696e+004	   -8.299024e-001
+2.003023e+004	   -8.109813e-001
+2.006356e+004	   -8.487255e-001
+2.009694e+004	   -8.442196e-001
+2.013038e+004	   -8.532808e-001
+2.016387e+004	   -8.810769e-001
+2.019742e+004	   -8.707144e-001
+2.023102e+004	   -8.750756e-001
+2.026468e+004	   -8.956093e-001
+2.029839e+004	   -8.817337e-001
+2.033217e+004	   -8.880402e-001
+2.036599e+004	   -9.077885e-001
+2.039988e+004	   -9.043757e-001
+2.043382e+004	   -9.090766e-001
+2.046781e+004	   -9.444586e-001
+2.050187e+004	   -9.387711e-001
+2.053598e+004	   -9.520840e-001
+2.057014e+004	   -9.576995e-001
+2.060437e+004	   -9.522029e-001
+2.063865e+004	   -9.640478e-001
+2.067298e+004	   -9.723859e-001
+2.070738e+004	   -9.808249e-001
+2.074183e+004	   -9.935860e-001
+2.077634e+004	   -9.992858e-001
+2.081091e+004	   -1.016418e+000
+2.084553e+004	   -1.030597e+000
+2.088021e+004	   -1.029520e+000
+2.091495e+004	   -1.034714e+000
+2.094975e+004	   -1.035693e+000
+2.098461e+004	   -1.066607e+000
+2.101952e+004	   -1.053487e+000
+2.105449e+004	   -1.062616e+000
+2.108952e+004	   -1.075971e+000
+2.112461e+004	   -1.079375e+000
+2.115975e+004	   -1.084028e+000
+2.119496e+004	   -1.095960e+000
+2.123022e+004	   -1.104576e+000
+2.126554e+004	   -1.110972e+000
+2.130092e+004	   -1.126693e+000
+2.133636e+004	   -1.127476e+000
+2.137186e+004	   -1.134430e+000
+2.140742e+004	   -1.155005e+000
+2.144303e+004	   -1.173335e+000
+2.147871e+004	   -1.173732e+000
+2.151444e+004	   -1.170939e+000
+2.155024e+004	   -1.184714e+000
+2.158609e+004	   -1.202906e+000
+2.162201e+004	   -1.188280e+000
+2.165798e+004	   -1.208500e+000
+2.169401e+004	   -1.211691e+000
+2.173011e+004	   -1.238758e+000
+2.176626e+004	   -1.238252e+000
+2.180247e+004	   -1.239122e+000
+2.183875e+004	   -1.243615e+000
+2.187508e+004	   -1.267216e+000
+2.191148e+004	   -1.253850e+000
+2.194793e+004	   -1.273471e+000
+2.198445e+004	   -1.286634e+000
+2.202102e+004	   -1.301215e+000
+2.205766e+004	   -1.309976e+000
+2.209436e+004	   -1.312079e+000
+2.213112e+004	   -1.331336e+000
+2.216794e+004	   -1.309642e+000
+2.220482e+004	   -1.343555e+000
+2.224176e+004	   -1.343864e+000
+2.227877e+004	   -1.357107e+000
+2.231584e+004	   -1.353026e+000
+2.235296e+004	   -1.362265e+000
+2.239015e+004	   -1.374187e+000
+2.242740e+004	   -1.398636e+000
+2.246472e+004	   -1.388051e+000
+2.250209e+004	   -1.400450e+000
+2.253953e+004	   -1.414112e+000
+2.257703e+004	   -1.413230e+000
+2.261459e+004	   -1.432414e+000
+2.265222e+004	   -1.428583e+000
+2.268991e+004	   -1.448255e+000
+2.272766e+004	   -1.438820e+000
+2.276547e+004	   -1.458444e+000
+2.280335e+004	   -1.469533e+000
+2.284129e+004	   -1.484354e+000
+2.287929e+004	   -1.472203e+000
+2.291735e+004	   -1.487807e+000
+2.295548e+004	   -1.494413e+000
+2.299367e+004	   -1.502252e+000
+2.303193e+004	   -1.528144e+000
+2.307025e+004	   -1.523946e+000
+2.310863e+004	   -1.528375e+000
+2.314708e+004	   -1.556572e+000
+2.318559e+004	   -1.542171e+000
+2.322416e+004	   -1.567367e+000
+2.326280e+004	   -1.566235e+000
+2.330151e+004	   -1.584398e+000
+2.334027e+004	   -1.599501e+000
+2.337911e+004	   -1.592265e+000
+2.341800e+004	   -1.608917e+000
+2.345696e+004	   -1.620504e+000
+2.349599e+004	   -1.631776e+000
+2.353508e+004	   -1.637666e+000
+2.357424e+004	   -1.638644e+000
+2.361346e+004	   -1.646345e+000
+2.365275e+004	   -1.658124e+000
+2.369210e+004	   -1.657889e+000
+2.373152e+004	   -1.675933e+000
+2.377100e+004	   -1.695841e+000
+2.381055e+004	   -1.681977e+000
+2.385016e+004	   -1.697708e+000
+2.388985e+004	   -1.710565e+000
+2.392959e+004	   -1.725097e+000
+2.396940e+004	   -1.715825e+000
+2.400928e+004	   -1.732792e+000
+2.404923e+004	   -1.748571e+000
+2.408924e+004	   -1.749900e+000
+2.412932e+004	   -1.751996e+000
+2.416946e+004	   -1.772830e+000
+2.420968e+004	   -1.782675e+000
+2.424996e+004	   -1.800049e+000
+2.429030e+004	   -1.792899e+000
+2.433071e+004	   -1.810225e+000
+2.437119e+004	   -1.819192e+000
+2.441174e+004	   -1.835898e+000
+2.445236e+004	   -1.843271e+000
+2.449304e+004	   -1.849226e+000
+2.453379e+004	   -1.860778e+000
+2.457461e+004	   -1.853508e+000
+2.461549e+004	   -1.876182e+000
+2.465645e+004	   -1.872002e+000
+2.469747e+004	   -1.903096e+000
+2.473856e+004	   -1.902261e+000
+2.477972e+004	   -1.923498e+000
+2.482095e+004	   -1.909433e+000
+2.486224e+004	   -1.933189e+000
+2.490361e+004	   -1.935726e+000
+2.494504e+004	   -1.963793e+000
+2.498654e+004	   -1.959640e+000
+2.502811e+004	   -1.973027e+000
+2.506975e+004	   -1.976544e+000
+2.511146e+004	   -1.998431e+000
+2.515324e+004	   -1.999589e+000
+2.519509e+004	   -1.996445e+000
+2.523701e+004	   -2.014733e+000
+2.527900e+004	   -2.018611e+000
+2.532105e+004	   -2.040341e+000
+2.536318e+004	   -2.037499e+000
+2.540538e+004	   -2.058089e+000
+2.544765e+004	   -2.050678e+000
+2.548999e+004	   -2.077544e+000
+2.553239e+004	   -2.072515e+000
+2.557488e+004	   -2.103343e+000
+2.561742e+004	   -2.110024e+000
+2.566004e+004	   -2.116335e+000
+2.570274e+004	   -2.120626e+000
+2.574550e+004	   -2.136828e+000
+2.578833e+004	   -2.134254e+000
+2.583124e+004	   -2.144879e+000
+2.587422e+004	   -2.160835e+000
+2.591726e+004	   -2.175251e+000
+2.596038e+004	   -2.184975e+000
+2.600358e+004	   -2.185511e+000
+2.604684e+004	   -2.206406e+000
+2.609017e+004	   -2.194655e+000
+2.613358e+004	   -2.221139e+000
+2.617706e+004	   -2.222448e+000
+2.622061e+004	   -2.253390e+000
+2.626424e+004	   -2.243284e+000
+2.630794e+004	   -2.272736e+000
+2.635171e+004	   -2.264658e+000
+2.639555e+004	   -2.288584e+000
+2.643946e+004	   -2.287076e+000
+2.648345e+004	   -2.312896e+000
+2.652751e+004	   -2.307678e+000
+2.657165e+004	   -2.316074e+000
+2.661586e+004	   -2.330380e+000
+2.666014e+004	   -2.335252e+000
+2.670449e+004	   -2.355292e+000
+2.674892e+004	   -2.352242e+000
+2.679343e+004	   -2.379606e+000
+2.683800e+004	   -2.387373e+000
+2.688266e+004	   -2.403604e+000
+2.692738e+004	   -2.410006e+000
+2.697218e+004	   -2.438391e+000
+2.701706e+004	   -2.430897e+000
+2.706201e+004	   -2.448071e+000
+2.710703e+004	   -2.445843e+000
+2.715213e+004	   -2.468218e+000
+2.719730e+004	   -2.462976e+000
+2.724255e+004	   -2.477167e+000
+2.728788e+004	   -2.494967e+000
+2.733328e+004	   -2.497431e+000
+2.737876e+004	   -2.510597e+000
+2.742431e+004	   -2.519480e+000
+2.746993e+004	   -2.553251e+000
+2.751564e+004	   -2.548102e+000
+2.756142e+004	   -2.575395e+000
+2.760727e+004	   -2.554440e+000
+2.765320e+004	   -2.585736e+000
+2.769921e+004	   -2.590127e+000
+2.774529e+004	   -2.608176e+000
+2.779146e+004	   -2.610372e+000
+2.783769e+004	   -2.634085e+000
+2.788401e+004	   -2.638886e+000
+2.793040e+004	   -2.641456e+000
+2.797687e+004	   -2.661639e+000
+2.802342e+004	   -2.655332e+000
+2.807004e+004	   -2.686560e+000
+2.811674e+004	   -2.678186e+000
+2.816352e+004	   -2.715046e+000
+2.821038e+004	   -2.702763e+000
+2.825731e+004	   -2.722912e+000
+2.830433e+004	   -2.713705e+000
+2.835142e+004	   -2.767977e+000
+2.839859e+004	   -2.739166e+000
+2.844583e+004	   -2.789299e+000
+2.849316e+004	   -2.773071e+000
+2.854057e+004	   -2.809870e+000
+2.858805e+004	   -2.806291e+000
+2.863561e+004	   -2.825813e+000
+2.868326e+004	   -2.826987e+000
+2.873098e+004	   -2.830560e+000
+2.877878e+004	   -2.855168e+000
+2.882666e+004	   -2.838842e+000
+2.887462e+004	   -2.880775e+000
+2.892266e+004	   -2.876259e+000
+2.897078e+004	   -2.909720e+000
+2.901898e+004	   -2.905495e+000
+2.906726e+004	   -2.944963e+000
+2.911562e+004	   -2.917147e+000
+2.916406e+004	   -2.960374e+000
+2.921258e+004	   -2.941808e+000
+2.926119e+004	   -2.979123e+000
+2.930987e+004	   -2.988648e+000
+2.935863e+004	   -3.015875e+000
+2.940748e+004	   -3.012147e+000
+2.945640e+004	   -3.010129e+000
+2.950541e+004	   -3.027748e+000
+2.955450e+004	   -3.036571e+000
+2.960367e+004	   -3.061406e+000
+2.965293e+004	   -3.063470e+000
+2.970226e+004	   -3.098344e+000
+2.975168e+004	   -3.081069e+000
+2.980118e+004	   -3.131822e+000
+2.985076e+004	   -3.113380e+000
+2.990042e+004	   -3.147449e+000
+2.995017e+004	   -3.135782e+000
+3.000000e+004	   -3.177002e+000
