+3.400000e+003	   +2.758972e-005
+3.401000e+003	   +2.661612e-005
+3.402000e+003	   +2.648968e-005
+3.403000e+003	   +3.091115e-005
+3.404000e+003	   +3.170837e-005
+3.405000e+003	   +3.186959e-005
+3.406000e+003	   +3.240820e-005
+3.407000e+003	   +3.007778e-005
+3.408000e+003	   +3.088577e-005
+3.409000e+003	   +3.470297e-005
+3.410000e+003	   +3.552365e-005
+3.411000e+003	   +3.624328e-005
+3.412000e+003	   +3.630549e-005
+3.413000e+003	   +3.512938e-005
+3.414000e+003	   +3.477765e-005
+3.415000e+003	   +3.449476e-005
+3.416000e+003	   +3.323922e-005
+3.417000e+003	   +3.157206e-005
+3.418000e+003	   +2.870668e-005
+3.419000e+003	   +2.791729e-005
+3.420000e+003	   +2.859539e-005
+3.421000e+003	   +2.981359e-005
+3.422000e+003	   +2.906226e-005
+3.423000e+003	   +2.688173e-005
+3.424000e+003	   +2.670915e-005
+3.425000e+003	   +2.829948e-005
+3.426000e+003	   +2.731897e-005
+3.427000e+003	   +2.540486e-005
+3.428000e+003	   +3.205816e-005
+3.429000e+003	   +3.718733e-005
+3.430000e+003	   +3.496810e-005
+3.431000e+003	   +3.246593e-005
+3.432000e+003	   +3.304312e-005
+3.433000e+003	   +3.409937e-005
+3.434000e+003	   +3.453167e-005
+3.435000e+003	   +3.118828e-005
+3.436000e+003	   +3.432071e-005
+3.437000e+003	   +3.932389e-005
+3.438000e+003	   +3.827959e-005
+3.439000e+003	   +3.962620e-005
+3.440000e+003	   +4.318881e-005
+3.441000e+003	   +4.132582e-005
+3.442000e+003	   +3.537703e-005
+3.443000e+003	   +3.287594e-005
+3.444000e+003	   +3.258124e-005
+3.445000e+003	   +2.952511e-005
+3.446000e+003	   +2.934635e-005
+3.447000e+003	   +3.013559e-005
+3.448000e+003	   +2.779077e-005
+3.449000e+003	   +2.708619e-005
+3.450000e+003	   +2.721894e-005
+3.451000e+003	   +2.681811e-005
+3.452000e+003	   +3.002143e-005
+3.453000e+003	   +3.481005e-005
+3.454000e+003	   +3.535210e-005
+3.455000e+003	   +3.310606e-005
+3.456000e+003	   +3.353861e-005
+3.457000e+003	   +3.549211e-005
+3.458000e+003	   +3.548151e-005
+3.459000e+003	   +3.275916e-005
+3.460000e+003	   +3.258761e-005
+3.461000e+003	   +3.488010e-005
+3.462000e+003	   +3.299125e-005
+3.463000e+003	   +3.190481e-005
+3.464000e+003	   +3.353037e-005
+3.465000e+003	   +3.579155e-005
+3.466000e+003	   +4.013659e-005
+3.467000e+003	   +4.177426e-005
+3.468000e+003	   +4.353737e-005
+3.469000e+003	   +4.829093e-005
+3.470000e+003	   +4.698517e-005
+3.471000e+003	   +4.137480e-005
+3.472000e+003	   +4.156828e-005
+3.473000e+003	   +3.928052e-005
+3.474000e+003	   +3.548720e-005
+3.475000e+003	   +3.823074e-005
+3.476000e+003	   +4.200758e-005
+3.477000e+003	   +4.275972e-005
+3.478000e+003	   +4.037717e-005
+3.479000e+003	   +3.846015e-005
+3.480000e+003	   +3.870879e-005
+3.481000e+003	   +3.778091e-005
+3.482000e+003	   +3.340422e-005
+3.483000e+003	   +3.376155e-005
+3.484000e+003	   +3.844322e-005
+3.485000e+003	   +4.226801e-005
+3.486000e+003	   +4.181257e-005
+3.487000e+003	   +4.176536e-005
+3.488000e+003	   +4.334091e-005
+3.489000e+003	   +4.080949e-005
+3.490000e+003	   +3.877182e-005
+3.491000e+003	   +3.765096e-005
+3.492000e+003	   +3.811381e-005
+3.493000e+003	   +3.517037e-005
+3.494000e+003	   +3.257291e-005
+3.495000e+003	   +3.443183e-005
+3.496000e+003	   +3.529133e-005
+3.497000e+003	   +3.383469e-005
+3.498000e+003	   +3.776279e-005
+3.499000e+003	   +4.810539e-005
+3.500000e+003	   +5.369080e-005
+3.501000e+003	   +5.067296e-005
+3.502000e+003	   +5.151222e-005
+3.503000e+003	   +5.573532e-005
+3.504000e+003	   +5.376719e-005
+3.505000e+003	   +5.051886e-005
+3.506000e+003	   +4.864908e-005
+3.507000e+003	   +4.353469e-005
+3.508000e+003	   +4.154729e-005
+3.509000e+003	   +4.241711e-005
+3.510000e+003	   +3.607946e-005
+3.511000e+003	   +3.162139e-005
+3.512000e+003	   +3.312133e-005
+3.513000e+003	   +3.396373e-005
+3.514000e+003	   +3.900838e-005
+3.515000e+003	   +4.312626e-005
+3.516000e+003	   +4.174299e-005
+3.517000e+003	   +4.236354e-005
+3.518000e+003	   +4.300101e-005
+3.519000e+003	   +4.088282e-005
+3.520000e+003	   +4.072588e-005
+3.521000e+003	   +3.788696e-005
+3.522000e+003	   +3.431483e-005
+3.523000e+003	   +3.684694e-005
+3.524000e+003	   +4.330504e-005
+3.525000e+003	   +4.372520e-005
+3.526000e+003	   +4.035168e-005
+3.527000e+003	   +4.136013e-005
+3.528000e+003	   +4.440622e-005
+3.529000e+003	   +4.578203e-005
+3.530000e+003	   +4.448772e-005
+3.531000e+003	   +4.423857e-005
+3.532000e+003	   +4.226941e-005
+3.533000e+003	   +3.844955e-005
+3.534000e+003	   +3.652784e-005
+3.535000e+003	   +3.333673e-005
+3.536000e+003	   +3.637428e-005
+3.537000e+003	   +3.865722e-005
+3.538000e+003	   +4.199818e-005
+3.539000e+003	   +5.269997e-005
+3.540000e+003	   +5.637743e-005
+3.541000e+003	   +5.214998e-005
+3.542000e+003	   +4.842595e-005
+3.543000e+003	   +4.382936e-005
+3.544000e+003	   +4.412796e-005
+3.545000e+003	   +4.564977e-005
+3.546000e+003	   +4.197937e-005
+3.547000e+003	   +3.961641e-005
+3.548000e+003	   +3.925806e-005
+3.549000e+003	   +3.999854e-005
+3.550000e+003	   +3.883944e-005
+3.551000e+003	   +3.605645e-005
+3.552000e+003	   +3.712956e-005
+3.553000e+003	   +3.783168e-005
+3.554000e+003	   +3.698296e-005
+3.555000e+003	   +3.714265e-005
+3.556000e+003	   +3.653285e-005
+3.557000e+003	   +4.277822e-005
+3.558000e+003	   +4.857148e-005
+3.559000e+003	   +4.621521e-005
+3.560000e+003	   +3.944783e-005
+3.561000e+003	   +3.379344e-005
+3.562000e+003	   +3.328293e-005
+3.563000e+003	   +3.602487e-005
+3.564000e+003	   +3.646573e-005
+3.565000e+003	   +3.721057e-005
+3.566000e+003	   +3.579022e-005
+3.567000e+003	   +3.292239e-005
+3.568000e+003	   +3.267090e-005
+3.569000e+003	   +3.578542e-005
+3.570000e+003	   +3.647458e-005
+3.571000e+003	   +3.583674e-005
+3.572000e+003	   +4.000855e-005
+3.573000e+003	   +4.395953e-005
+3.574000e+003	   +4.594640e-005
+3.575000e+003	   +4.679109e-005
+3.576000e+003	   +4.503994e-005
+3.577000e+003	   +4.268565e-005
+3.578000e+003	   +4.196084e-005
+3.579000e+003	   +4.074681e-005
+3.580000e+003	   +3.562047e-005
+3.581000e+003	   +3.506538e-005
+3.582000e+003	   +3.958697e-005
+3.583000e+003	   +3.988855e-005
+3.584000e+003	   +3.699531e-005
+3.585000e+003	   +3.543822e-005
+3.586000e+003	   +3.657435e-005
+3.587000e+003	   +3.518219e-005
+3.588000e+003	   +3.650551e-005
+3.589000e+003	   +3.744319e-005
+3.590000e+003	   +3.938179e-005
+3.591000e+003	   +4.313005e-005
+3.592000e+003	   +4.461974e-005
+3.593000e+003	   +4.556900e-005
+3.594000e+003	   +4.381964e-005
+3.595000e+003	   +4.379525e-005
+3.596000e+003	   +4.244898e-005
+3.597000e+003	   +4.253253e-005
+3.598000e+003	   +4.678903e-005
+3.599000e+003	   +4.700875e-005
+3.600000e+003	   +4.267764e-005
+3.601000e+003	   +4.282474e-005
+3.602000e+003	   +3.734334e-005
+3.603000e+003	   +3.625032e-005
+3.604000e+003	   +4.063128e-005
+3.605000e+003	   +4.045025e-005
+3.606000e+003	   +3.798872e-005
+3.607000e+003	   +4.246860e-005
+3.608000e+003	   +4.408491e-005
+3.609000e+003	   +3.722377e-005
+3.610000e+003	   +3.299288e-005
+3.611000e+003	   +3.347615e-005
+3.612000e+003	   +3.302698e-005
+3.613000e+003	   +3.833322e-005
+3.614000e+003	   +4.204104e-005
+3.615000e+003	   +4.038821e-005
+3.616000e+003	   +3.661642e-005
+3.617000e+003	   +3.556220e-005
+3.618000e+003	   +3.882712e-005
+3.619000e+003	   +4.112105e-005
+3.620000e+003	   +3.786837e-005
+3.621000e+003	   +3.590389e-005
+3.622000e+003	   +3.685916e-005
+3.623000e+003	   +4.021250e-005
+3.624000e+003	   +4.667733e-005
+3.625000e+003	   +5.205913e-005
+3.626000e+003	   +4.737753e-005
+3.627000e+003	   +3.598025e-005
+3.628000e+003	   +2.919963e-005
+3.629000e+003	   +3.229986e-005
+3.630000e+003	   +3.362711e-005
+3.631000e+003	   +3.621062e-005
+3.632000e+003	   +4.114074e-005
+3.633000e+003	   +4.296892e-005
+3.634000e+003	   +4.507244e-005
+3.635000e+003	   +4.969246e-005
+3.636000e+003	   +5.313841e-005
+3.637000e+003	   +5.094766e-005
+3.638000e+003	   +4.832063e-005
+3.639000e+003	   +5.193422e-005
+3.640000e+003	   +5.256457e-005
+3.641000e+003	   +4.521877e-005
+3.642000e+003	   +4.293077e-005
+3.643000e+003	   +4.544793e-005
+3.644000e+003	   +3.713306e-005
+3.645000e+003	   +3.195666e-005
+3.646000e+003	   +3.273061e-005
+3.647000e+003	   +3.389496e-005
+3.648000e+003	   +3.341188e-005
+3.649000e+003	   +3.136217e-005
+3.650000e+003	   +3.125742e-005
+3.651000e+003	   +3.407624e-005
+3.652000e+003	   +3.427786e-005
+3.653000e+003	   +3.293801e-005
+3.654000e+003	   +3.356101e-005
+3.655000e+003	   +3.841377e-005
+3.656000e+003	   +4.310846e-005
+3.657000e+003	   +4.043115e-005
+3.658000e+003	   +3.422190e-005
+3.659000e+003	   +2.884155e-005
+3.660000e+003	   +2.819719e-005
+3.661000e+003	   +2.723936e-005
+3.662000e+003	   +2.555214e-005
+3.663000e+003	   +2.916243e-005
+3.664000e+003	   +3.194207e-005
+3.665000e+003	   +3.219360e-005
+3.666000e+003	   +3.132985e-005
+3.667000e+003	   +3.148188e-005
+3.668000e+003	   +3.211985e-005
+3.669000e+003	   +3.005441e-005
+3.670000e+003	   +2.909568e-005
+3.671000e+003	   +2.895085e-005
+3.672000e+003	   +2.590821e-005
+3.673000e+003	   +2.527884e-005
+3.674000e+003	   +2.707298e-005
+3.675000e+003	   +2.790031e-005
+3.676000e+003	   +3.014443e-005
+3.677000e+003	   +3.022795e-005
+3.678000e+003	   +2.633748e-005
+3.679000e+003	   +2.342095e-005
+3.680000e+003	   +2.079851e-005
+3.681000e+003	   +2.085122e-005
+3.682000e+003	   +2.074127e-005
+3.683000e+003	   +2.174080e-005
+3.684000e+003	   +2.414569e-005
+3.685000e+003	   +2.635761e-005
+3.686000e+003	   +2.791138e-005
+3.687000e+003	   +2.922166e-005
+3.688000e+003	   +2.813413e-005
+3.689000e+003	   +3.041905e-005
+3.690000e+003	   +3.238789e-005
+3.691000e+003	   +3.113757e-005
+3.692000e+003	   +3.121767e-005
+3.693000e+003	   +2.959011e-005
+3.694000e+003	   +2.763544e-005
+3.695000e+003	   +2.671287e-005
+3.696000e+003	   +2.994479e-005
+3.697000e+003	   +3.483911e-005
+3.698000e+003	   +4.003452e-005
+3.699000e+003	   +4.050967e-005
+3.700000e+003	   +4.189267e-005
+3.701000e+003	   +4.033972e-005
+3.702000e+003	   +3.745873e-005
+3.703000e+003	   +3.281413e-005
+3.704000e+003	   +3.359485e-005
+3.705000e+003	   +3.477552e-005
+3.706000e+003	   +3.445660e-005
+3.707000e+003	   +3.298118e-005
+3.708000e+003	   +3.271459e-005
+3.709000e+003	   +3.418394e-005
+3.710000e+003	   +3.387904e-005
+3.711000e+003	   +3.073477e-005
+3.712000e+003	   +2.767294e-005
+3.713000e+003	   +2.966298e-005
+3.714000e+003	   +2.991748e-005
+3.715000e+003	   +2.773231e-005
+3.716000e+003	   +2.427736e-005
+3.717000e+003	   +2.135731e-005
+3.718000e+003	   +2.180027e-005
+3.719000e+003	   +2.282285e-005
+3.720000e+003	   +2.712362e-005
+3.721000e+003	   +2.826709e-005
+3.722000e+003	   +2.710630e-005
+3.723000e+003	   +3.044512e-005
+3.724000e+003	   +3.080105e-005
+3.725000e+003	   +2.765511e-005
+3.726000e+003	   +2.922715e-005
+3.727000e+003	   +2.985038e-005
+3.728000e+003	   +2.722776e-005
+3.729000e+003	   +3.157299e-005
+3.730000e+003	   +3.561593e-005
+3.731000e+003	   +3.595797e-005
+3.732000e+003	   +3.746231e-005
+3.733000e+003	   +3.676370e-005
+3.734000e+003	   +3.225758e-005
+3.735000e+003	   +2.912378e-005
+3.736000e+003	   +2.872046e-005
+3.737000e+003	   +2.620865e-005
+3.738000e+003	   +2.588074e-005
+3.739000e+003	   +2.811048e-005
+3.740000e+003	   +3.097740e-005
+3.741000e+003	   +3.478808e-005
+3.742000e+003	   +3.278946e-005
+3.743000e+003	   +3.012302e-005
+3.744000e+003	   +3.125330e-005
+3.745000e+003	   +3.285281e-005
+3.746000e+003	   +3.216671e-005
+3.747000e+003	   +2.892108e-005
+3.748000e+003	   +3.006302e-005
+3.749000e+003	   +2.757721e-005
+3.750000e+003	   +2.707584e-005
+3.751000e+003	   +2.934281e-005
+3.752000e+003	   +2.924140e-005
+3.753000e+003	   +2.959846e-005
+3.754000e+003	   +2.938866e-005
+3.755000e+003	   +3.007131e-005
+3.756000e+003	   +3.397873e-005
+3.757000e+003	   +3.752204e-005
+3.758000e+003	   +4.237303e-005
+3.759000e+003	   +4.651367e-005
+3.760000e+003	   +4.954749e-005
+3.761000e+003	   +4.562592e-005
+3.762000e+003	   +4.268518e-005
+3.763000e+003	   +4.337200e-005
+3.764000e+003	   +4.244604e-005
+3.765000e+003	   +3.929286e-005
+3.766000e+003	   +3.829342e-005
+3.767000e+003	   +3.971109e-005
+3.768000e+003	   +4.063877e-005
+3.769000e+003	   +4.398782e-005
+3.770000e+003	   +4.983200e-005
+3.771000e+003	   +5.218801e-005
+3.772000e+003	   +4.636000e-005
+3.773000e+003	   +4.367165e-005
+3.774000e+003	   +4.709549e-005
+3.775000e+003	   +4.374676e-005
+3.776000e+003	   +4.067899e-005
+3.777000e+003	   +4.323834e-005
+3.778000e+003	   +4.259506e-005
+3.779000e+003	   +3.740818e-005
+3.780000e+003	   +3.278661e-005
+3.781000e+003	   +2.899504e-005
+3.782000e+003	   +2.816124e-005
+3.783000e+003	   +2.962015e-005
+3.784000e+003	   +3.504771e-005
+3.785000e+003	   +3.961776e-005
+3.786000e+003	   +3.786081e-005
+3.787000e+003	   +3.548120e-005
+3.788000e+003	   +3.754228e-005
+3.789000e+003	   +3.973115e-005
+3.790000e+003	   +3.877140e-005
+3.791000e+003	   +3.636413e-005
+3.792000e+003	   +3.505833e-005
+3.793000e+003	   +3.195133e-005
+3.794000e+003	   +3.324845e-005
+3.795000e+003	   +3.573313e-005
+3.796000e+003	   +3.448434e-005
+3.797000e+003	   +3.956303e-004
+3.798000e+003	   +4.712578e-003
+3.799000e+003	   +1.626564e-002
+3.800000e+003	   +2.389672e-002
+3.801000e+003	   +1.626175e-002
+3.802000e+003	   +4.704841e-003
+3.803000e+003	   +3.867160e-004
+3.804000e+003	   +3.256200e-005
+3.805000e+003	   +3.627628e-005
+3.806000e+003	   +3.761262e-005
+3.807000e+003	   +3.737123e-005
+3.808000e+003	   +3.510906e-005
+3.809000e+003	   +3.488068e-005
+3.810000e+003	   +3.730290e-005
+3.811000e+003	   +3.686835e-005
+3.812000e+003	   +3.453827e-005
+3.813000e+003	   +3.299063e-005
+3.814000e+003	   +3.429600e-005
+3.815000e+003	   +3.226845e-005
+3.816000e+003	   +2.930748e-005
+3.817000e+003	   +2.815920e-005
+3.818000e+003	   +3.006715e-005
+3.819000e+003	   +3.088184e-005
+3.820000e+003	   +3.365015e-005
+3.821000e+003	   +4.161522e-005
+3.822000e+003	   +4.399720e-005
+3.823000e+003	   +3.788705e-005
+3.824000e+003	   +3.710128e-005
+3.825000e+003	   +4.037127e-005
+3.826000e+003	   +4.186715e-005
+3.827000e+003	   +4.544299e-005
+3.828000e+003	   +4.363092e-005
+3.829000e+003	   +3.989389e-005
+3.830000e+003	   +3.544635e-005
+3.831000e+003	   +3.412929e-005
+3.832000e+003	   +3.598720e-005
+3.833000e+003	   +3.568760e-005
+3.834000e+003	   +3.701697e-005
+3.835000e+003	   +3.512649e-005
+3.836000e+003	   +2.899338e-005
+3.837000e+003	   +2.975287e-005
+3.838000e+003	   +3.421619e-005
+3.839000e+003	   +3.702230e-005
+3.840000e+003	   +3.859654e-005
+3.841000e+003	   +3.970747e-005
+3.842000e+003	   +3.995552e-005
+3.843000e+003	   +3.637328e-005
+3.844000e+003	   +3.856345e-005
+3.845000e+003	   +4.152736e-005
+3.846000e+003	   +3.807533e-005
+3.847000e+003	   +3.038784e-005
+3.848000e+003	   +3.081945e-005
+3.849000e+003	   +3.431314e-005
+3.850000e+003	   +3.363793e-005
+3.851000e+003	   +3.549683e-005
+3.852000e+003	   +3.479775e-005
+3.853000e+003	   +3.378239e-005
+3.854000e+003	   +3.498419e-005
+3.855000e+003	   +4.106889e-005
+3.856000e+003	   +4.743666e-005
+3.857000e+003	   +4.498449e-005
+3.858000e+003	   +3.960575e-005
+3.859000e+003	   +3.953155e-005
+3.860000e+003	   +4.262912e-005
+3.861000e+003	   +3.996451e-005
+3.862000e+003	   +3.283203e-005
+3.863000e+003	   +3.465773e-005
+3.864000e+003	   +3.780797e-005
+3.865000e+003	   +3.912496e-005
+3.866000e+003	   +3.944791e-005
+3.867000e+003	   +3.537058e-005
+3.868000e+003	   +2.933449e-005
+3.869000e+003	   +2.838618e-005
+3.870000e+003	   +3.237623e-005
+3.871000e+003	   +3.153215e-005
+3.872000e+003	   +3.073416e-005
+3.873000e+003	   +3.818674e-005
+3.874000e+003	   +4.052319e-005
+3.875000e+003	   +3.639213e-005
+3.876000e+003	   +3.500771e-005
+3.877000e+003	   +3.629943e-005
+3.878000e+003	   +3.672481e-005
+3.879000e+003	   +3.456095e-005
+3.880000e+003	   +3.364631e-005
+3.881000e+003	   +3.751924e-005
+3.882000e+003	   +3.748844e-005
+3.883000e+003	   +3.374713e-005
+3.884000e+003	   +3.115662e-005
+3.885000e+003	   +3.542059e-005
+3.886000e+003	   +3.745807e-005
+3.887000e+003	   +3.301694e-005
+3.888000e+003	   +2.952945e-005
+3.889000e+003	   +2.703633e-005
+3.890000e+003	   +2.723347e-005
+3.891000e+003	   +2.724232e-005
+3.892000e+003	   +2.751478e-005
+3.893000e+003	   +2.798769e-005
+3.894000e+003	   +3.071587e-005
+3.895000e+003	   +3.384301e-005
+3.896000e+003	   +3.477468e-005
+3.897000e+003	   +3.373272e-005
+3.898000e+003	   +3.066284e-005
+3.899000e+003	   +2.846195e-005
+3.900000e+003	   +2.840002e-005
+3.901000e+003	   +2.541722e-005
+3.902000e+003	   +2.380321e-005
+3.903000e+003	   +2.345008e-005
+3.904000e+003	   +2.373385e-005
+3.905000e+003	   +2.511746e-005
+3.906000e+003	   +2.874762e-005
+3.907000e+003	   +2.972299e-005
+3.908000e+003	   +3.005972e-005
+3.909000e+003	   +2.985670e-005
+3.910000e+003	   +2.551472e-005
+3.911000e+003	   +2.347448e-005
+3.912000e+003	   +2.807174e-005
+3.913000e+003	   +3.340279e-005
+3.914000e+003	   +3.051442e-005
+3.915000e+003	   +2.343976e-005
+3.916000e+003	   +2.561939e-005
+3.917000e+003	   +2.903008e-005
+3.918000e+003	   +2.691046e-005
+3.919000e+003	   +2.818215e-005
+3.920000e+003	   +2.799873e-005
+3.921000e+003	   +2.887222e-005
+3.922000e+003	   +3.306628e-005
+3.923000e+003	   +3.309621e-005
+3.924000e+003	   +3.210233e-005
+3.925000e+003	   +3.119910e-005
+3.926000e+003	   +2.703185e-005
+3.927000e+003	   +2.493570e-005
+3.928000e+003	   +2.699605e-005
+3.929000e+003	   +3.061466e-005
+3.930000e+003	   +3.328227e-005
+3.931000e+003	   +3.644512e-005
+3.932000e+003	   +3.832379e-005
+3.933000e+003	   +3.924323e-005
+3.934000e+003	   +3.828199e-005
+3.935000e+003	   +3.909349e-005
+3.936000e+003	   +3.799715e-005
+3.937000e+003	   +3.859450e-005
+3.938000e+003	   +3.715080e-005
+3.939000e+003	   +3.388157e-005
+3.940000e+003	   +3.141873e-005
+3.941000e+003	   +3.152938e-005
+3.942000e+003	   +3.486103e-005
+3.943000e+003	   +3.295899e-005
+3.944000e+003	   +3.145300e-005
+3.945000e+003	   +2.873017e-005
+3.946000e+003	   +2.982168e-005
+3.947000e+003	   +2.769163e-005
+3.948000e+003	   +2.488512e-005
+3.949000e+003	   +2.627656e-005
+3.950000e+003	   +2.575542e-005
+3.951000e+003	   +2.410683e-005
+3.952000e+003	   +2.522422e-005
+3.953000e+003	   +2.716973e-005
+3.954000e+003	   +3.123248e-005
+3.955000e+003	   +3.391994e-005
+3.956000e+003	   +3.392370e-005
+3.957000e+003	   +3.110651e-005
+3.958000e+003	   +2.811499e-005
+3.959000e+003	   +2.667126e-005
+3.960000e+003	   +2.645956e-005
+3.961000e+003	   +2.770592e-005
+3.962000e+003	   +3.135194e-005
+3.963000e+003	   +3.434812e-005
+3.964000e+003	   +3.448881e-005
+3.965000e+003	   +3.168975e-005
+3.966000e+003	   +2.968973e-005
+3.967000e+003	   +3.375662e-005
+3.968000e+003	   +3.756157e-005
+3.969000e+003	   +3.664876e-005
+3.970000e+003	   +3.530233e-005
+3.971000e+003	   +3.303990e-005
+3.972000e+003	   +2.906934e-005
+3.973000e+003	   +2.721027e-005
+3.974000e+003	   +2.669092e-005
+3.975000e+003	   +2.344975e-005
+3.976000e+003	   +2.672672e-005
+3.977000e+003	   +3.633895e-005
+3.978000e+003	   +3.907122e-005
+3.979000e+003	   +3.508016e-005
+3.980000e+003	   +3.216103e-005
+3.981000e+003	   +3.425276e-005
+3.982000e+003	   +3.562266e-005
+3.983000e+003	   +3.857285e-005
+3.984000e+003	   +3.464305e-005
+3.985000e+003	   +2.973305e-005
+3.986000e+003	   +3.095143e-005
+3.987000e+003	   +3.180520e-005
+3.988000e+003	   +3.177696e-005
+3.989000e+003	   +3.194937e-005
+3.990000e+003	   +3.488389e-005
+3.991000e+003	   +3.493360e-005
+3.992000e+003	   +3.324707e-005
+3.993000e+003	   +3.472264e-005
+3.994000e+003	   +3.073196e-005
+3.995000e+003	   +2.600325e-005
+3.996000e+003	   +2.816761e-005
+3.997000e+003	   +3.221581e-005
+3.998000e+003	   +3.595501e-005
+3.999000e+003	   +3.866550e-005
+4.000000e+003	   +4.084755e-005
+4.001000e+003	   +4.613688e-005
+4.002000e+003	   +4.728004e-005
+4.003000e+003	   +3.742165e-005
+4.004000e+003	   +3.313908e-005
+4.005000e+003	   +3.492287e-005
+4.006000e+003	   +2.987215e-005
+4.007000e+003	   +3.231869e-005
+4.008000e+003	   +4.506843e-005
+4.009000e+003	   +5.172112e-005
+4.010000e+003	   +4.863573e-005
+4.011000e+003	   +4.629240e-005
+4.012000e+003	   +4.482066e-005
+4.013000e+003	   +4.192083e-005
+4.014000e+003	   +3.835380e-005
+4.015000e+003	   +3.719353e-005
+4.016000e+003	   +4.038807e-005
+4.017000e+003	   +4.179151e-005
+4.018000e+003	   +4.055449e-005
+4.019000e+003	   +3.590187e-005
+4.020000e+003	   +3.063655e-005
+4.021000e+003	   +2.988954e-005
+4.022000e+003	   +3.105986e-005
+4.023000e+003	   +3.259018e-005
+4.024000e+003	   +3.656395e-005
+4.025000e+003	   +3.916717e-005
+4.026000e+003	   +3.767379e-005
+4.027000e+003	   +3.343339e-005
+4.028000e+003	   +3.269674e-005
+4.029000e+003	   +3.754603e-005
+4.030000e+003	   +3.688617e-005
+4.031000e+003	   +3.600953e-005
+4.032000e+003	   +3.933516e-005
+4.033000e+003	   +3.743308e-005
+4.034000e+003	   +3.696734e-005
+4.035000e+003	   +3.718802e-005
+4.036000e+003	   +3.527843e-005
+4.037000e+003	   +3.178775e-005
+4.038000e+003	   +3.260010e-005
+4.039000e+003	   +3.275829e-005
+4.040000e+003	   +3.039632e-005
+4.041000e+003	   +2.869112e-005
+4.042000e+003	   +2.695796e-005
+4.043000e+003	   +2.475704e-005
+4.044000e+003	   +2.255882e-005
+4.045000e+003	   +2.241699e-005
+4.046000e+003	   +2.881300e-005
+4.047000e+003	   +3.249881e-005
+4.048000e+003	   +3.158516e-005
+4.049000e+003	   +3.245015e-005
+4.050000e+003	   +3.282508e-005
+4.051000e+003	   +3.123515e-005
+4.052000e+003	   +3.222869e-005
+4.053000e+003	   +3.370292e-005
+4.054000e+003	   +3.552724e-005
+4.055000e+003	   +3.512063e-005
+4.056000e+003	   +3.537524e-005
+4.057000e+003	   +3.548455e-005
+4.058000e+003	   +3.379763e-005
+4.059000e+003	   +3.144323e-005
+4.060000e+003	   +2.805400e-005
+4.061000e+003	   +2.475628e-005
+4.062000e+003	   +2.312716e-005
+4.063000e+003	   +2.556519e-005
+4.064000e+003	   +2.801290e-005
+4.065000e+003	   +3.063238e-005
+4.066000e+003	   +3.227880e-005
+4.067000e+003	   +3.257755e-005
+4.068000e+003	   +3.228620e-005
+4.069000e+003	   +3.322707e-005
+4.070000e+003	   +3.221344e-005
+4.071000e+003	   +2.904541e-005
+4.072000e+003	   +2.681199e-005
+4.073000e+003	   +2.701274e-005
+4.074000e+003	   +2.493438e-005
+4.075000e+003	   +2.375684e-005
+4.076000e+003	   +2.875580e-005
+4.077000e+003	   +3.532160e-005
+4.078000e+003	   +4.400367e-005
+4.079000e+003	   +4.733655e-005
+4.080000e+003	   +4.300049e-005
+4.081000e+003	   +3.878055e-005
+4.082000e+003	   +3.565392e-005
+4.083000e+003	   +3.637064e-005
+4.084000e+003	   +3.894201e-005
+4.085000e+003	   +3.559822e-005
+4.086000e+003	   +3.299998e-005
+4.087000e+003	   +3.347420e-005
+4.088000e+003	   +3.221160e-005
+4.089000e+003	   +3.082841e-005
+4.090000e+003	   +3.332579e-005
+4.091000e+003	   +3.876646e-005
+4.092000e+003	   +4.025769e-005
+4.093000e+003	   +4.087797e-005
+4.094000e+003	   +3.512317e-005
+4.095000e+003	   +3.061816e-005
+4.096000e+003	   +3.168819e-005
+4.097000e+003	   +2.936866e-005
+4.098000e+003	   +2.408757e-005
+4.099000e+003	   +2.242849e-005
+4.100000e+003	   +2.499452e-005
+4.101000e+003	   +2.716914e-005
+4.102000e+003	   +2.973174e-005
+4.103000e+003	   +2.912538e-005
+4.104000e+003	   +2.665217e-005
+4.105000e+003	   +2.896955e-005
+4.106000e+003	   +2.948458e-005
+4.107000e+003	   +2.817927e-005
+4.108000e+003	   +3.020615e-005
+4.109000e+003	   +3.017367e-005
+4.110000e+003	   +2.849988e-005
+4.111000e+003	   +2.906934e-005
+4.112000e+003	   +2.879365e-005
+4.113000e+003	   +2.701265e-005
+4.114000e+003	   +2.860289e-005
+4.115000e+003	   +2.966972e-005
+4.116000e+003	   +2.965125e-005
+4.117000e+003	   +2.807646e-005
+4.118000e+003	   +2.604342e-005
+4.119000e+003	   +2.523212e-005
+4.120000e+003	   +2.411165e-005
+4.121000e+003	   +2.445650e-005
+4.122000e+003	   +2.926459e-005
+4.123000e+003	   +3.384751e-005
+4.124000e+003	   +3.630370e-005
+4.125000e+003	   +3.908242e-005
+4.126000e+003	   +3.962541e-005
+4.127000e+003	   +3.514759e-005
+4.128000e+003	   +2.963182e-005
+4.129000e+003	   +2.988895e-005
+4.130000e+003	   +2.935505e-005
+4.131000e+003	   +2.544128e-005
+4.132000e+003	   +2.597968e-005
+4.133000e+003	   +2.678445e-005
+4.134000e+003	   +2.541233e-005
+4.135000e+003	   +2.530408e-005
+4.136000e+003	   +2.541373e-005
+4.137000e+003	   +2.775707e-005
+4.138000e+003	   +2.971879e-005
+4.139000e+003	   +2.690446e-005
+4.140000e+003	   +2.284784e-005
+4.141000e+003	   +2.203231e-005
+4.142000e+003	   +2.432929e-005
+4.143000e+003	   +2.841274e-005
+4.144000e+003	   +3.141645e-005
+4.145000e+003	   +2.983475e-005
+4.146000e+003	   +2.666388e-005
+4.147000e+003	   +2.867616e-005
+4.148000e+003	   +2.906009e-005
+4.149000e+003	   +2.662486e-005
+4.150000e+003	   +2.751056e-005
+4.151000e+003	   +2.750461e-005
+4.152000e+003	   +2.659371e-005
+4.153000e+003	   +2.493567e-005
+4.154000e+003	   +2.310275e-005
+4.155000e+003	   +2.310531e-005
+4.156000e+003	   +2.241906e-005
+4.157000e+003	   +2.520296e-005
+4.158000e+003	   +2.850185e-005
+4.159000e+003	   +2.809218e-005
+4.160000e+003	   +2.736881e-005
+4.161000e+003	   +2.840036e-005
+4.162000e+003	   +2.937978e-005
+4.163000e+003	   +2.841561e-005
+4.164000e+003	   +2.563571e-005
+4.165000e+003	   +2.506220e-005
+4.166000e+003	   +2.796383e-005
+4.167000e+003	   +3.284577e-005
+4.168000e+003	   +3.292036e-005
+4.169000e+003	   +2.947383e-005
+4.170000e+003	   +2.820338e-005
+4.171000e+003	   +2.797872e-005
+4.172000e+003	   +2.577251e-005
+4.173000e+003	   +2.289674e-005
+4.174000e+003	   +2.593664e-005
+4.175000e+003	   +2.923463e-005
+4.176000e+003	   +3.046585e-005
+4.177000e+003	   +2.973458e-005
+4.178000e+003	   +2.833523e-005
+4.179000e+003	   +2.684457e-005
+4.180000e+003	   +2.664869e-005
+4.181000e+003	   +2.662038e-005
+4.182000e+003	   +2.802709e-005
+4.183000e+003	   +2.650381e-005
+4.184000e+003	   +2.369521e-005
+4.185000e+003	   +2.560519e-005
+4.186000e+003	   +2.878278e-005
+4.187000e+003	   +3.003079e-005
+4.188000e+003	   +3.249147e-005
+4.189000e+003	   +3.267614e-005
+4.190000e+003	   +2.939495e-005
+4.191000e+003	   +2.983452e-005
+4.192000e+003	   +3.296304e-005
+4.193000e+003	   +3.162285e-005
+4.194000e+003	   +3.259713e-005
+4.195000e+003	   +3.669240e-005
+4.196000e+003	   +3.819428e-005
+4.197000e+003	   +3.641567e-005
+4.198000e+003	   +3.128437e-005
+4.199000e+003	   +2.966835e-005
+4.200000e+003	   +3.083681e-005
