+1.000000e+003	   +2.147198e+001
+1.001664e+003	   +2.145816e+001
+1.003330e+003	   +2.144382e+001
+1.005000e+003	   +2.143065e+001
+1.006672e+003	   +2.141675e+001
+1.008346e+003	   +2.140548e+001
+1.010024e+003	   +2.138955e+001
+1.011705e+003	   +2.137558e+001
+1.013388e+003	   +2.136407e+001
+1.015074e+003	   +2.134567e+001
+1.016763e+003	   +2.133527e+001
+1.018454e+003	   +2.132067e+001
+1.020149e+003	   +2.131405e+001
+1.021846e+003	   +2.129475e+001
+1.023546e+003	   +2.128285e+001
+1.025249e+003	   +2.126856e+001
+1.026955e+003	   +2.125353e+001
+1.028663e+003	   +2.124306e+001
+1.030375e+003	   +2.122640e+001
+1.032089e+003	   +2.120622e+001
+1.033806e+003	   +2.120530e+001
+1.035526e+003	   +2.119111e+001
+1.037249e+003	   +2.117309e+001
+1.038975e+003	   +2.115884e+001
+1.040703e+003	   +2.114300e+001
+1.042435e+003	   +2.113359e+001
+1.044169e+003	   +2.112331e+001
+1.045906e+003	   +2.110049e+001
+1.047646e+003	   +2.109096e+001
+1.049390e+003	   +2.108446e+001
+1.051135e+003	   +2.105793e+001
+1.052884e+003	   +2.104480e+001
+1.054636e+003	   +2.102572e+001
+1.056391e+003	   +2.100800e+001
+1.058148e+003	   +2.099275e+001
+1.059909e+003	   +2.100471e+001
+1.061672e+003	   +2.096608e+001
+1.063438e+003	   +2.095807e+001
+1.065208e+003	   +2.094837e+001
+1.066980e+003	   +2.092418e+001
+1.068755e+003	   +2.090642e+001
+1.070533e+003	   +2.090563e+001
+1.072314e+003	   +2.090761e+001
+1.074099e+003	   +2.087926e+001
+1.075885e+003	   +2.086427e+001
+1.077676e+003	   +2.084290e+001
+1.079469e+003	   +2.082637e+001
+1.081264e+003	   +2.082279e+001
+1.083063e+003	   +2.079942e+001
+1.084865e+003	   +2.079538e+001
+1.086670e+003	   +2.077884e+001
+1.088478e+003	   +2.077704e+001
+1.090289e+003	   +2.073624e+001
+1.092103e+003	   +2.073862e+001
+1.093920e+003	   +2.071233e+001
+1.095740e+003	   +2.069555e+001
+1.097563e+003	   +2.069736e+001
+1.099389e+003	   +2.068066e+001
+1.101218e+003	   +2.065937e+001
+1.103050e+003	   +2.065604e+001
+1.104886e+003	   +2.063283e+001
+1.106724e+003	   +2.063589e+001
+1.108565e+003	   +2.061373e+001
+1.110410e+003	   +2.059522e+001
+1.112257e+003	   +2.060054e+001
+1.114108e+003	   +2.057562e+001
+1.115961e+003	   +2.054705e+001
+1.117818e+003	   +2.054603e+001
+1.119678e+003	   +2.053275e+001
+1.121540e+003	   +2.053057e+001
+1.123406e+003	   +2.051206e+001
+1.125276e+003	   +2.048013e+001
+1.127148e+003	   +2.047514e+001
+1.129023e+003	   +2.047014e+001
+1.130901e+003	   +2.045167e+001
+1.132783e+003	   +2.043874e+001
+1.134667e+003	   +2.042882e+001
+1.136555e+003	   +2.040442e+001
+1.138446e+003	   +2.038312e+001
+1.140340e+003	   +2.037367e+001
+1.142238e+003	   +2.036132e+001
+1.144138e+003	   +2.034186e+001
+1.146042e+003	   +2.033548e+001
+1.147948e+003	   +2.032571e+001
+1.149858e+003	   +2.030014e+001
+1.151771e+003	   +2.028203e+001
+1.153688e+003	   +2.027813e+001
+1.155607e+003	   +2.026711e+001
+1.157530e+003	   +2.025654e+001
+1.159455e+003	   +2.024062e+001
+1.161384e+003	   +2.022143e+001
+1.163317e+003	   +2.021401e+001
+1.165252e+003	   +2.018956e+001
+1.167191e+003	   +2.017697e+001
+1.169133e+003	   +2.016992e+001
+1.171078e+003	   +2.014845e+001
+1.173026e+003	   +2.014831e+001
+1.174978e+003	   +2.012710e+001
+1.176933e+003	   +2.011429e+001
+1.178891e+003	   +2.009982e+001
+1.180852e+003	   +2.008222e+001
+1.182817e+003	   +2.007247e+001
+1.184785e+003	   +2.005897e+001
+1.186756e+003	   +2.004669e+001
+1.188730e+003	   +2.003115e+001
+1.190708e+003	   +2.001601e+001
+1.192689e+003	   +2.000196e+001
+1.194674e+003	   +1.999045e+001
+1.196661e+003	   +1.997427e+001
+1.198652e+003	   +1.996009e+001
+1.200646e+003	   +1.994639e+001
+1.202644e+003	   +1.993205e+001
+1.204645e+003	   +1.991944e+001
+1.206649e+003	   +1.990376e+001
+1.208657e+003	   +1.988977e+001
+1.210668e+003	   +1.987503e+001
+1.212682e+003	   +1.986177e+001
+1.214699e+003	   +1.985156e+001
+1.216720e+003	   +1.983575e+001
+1.218745e+003	   +1.982177e+001
+1.220772e+003	   +1.980482e+001
+1.222803e+003	   +1.979477e+001
+1.224838e+003	   +1.977884e+001
+1.226876e+003	   +1.976829e+001
+1.228917e+003	   +1.975183e+001
+1.230961e+003	   +1.973288e+001
+1.233010e+003	   +1.972317e+001
+1.235061e+003	   +1.970317e+001
+1.237116e+003	   +1.970304e+001
+1.239174e+003	   +1.967590e+001
+1.241236e+003	   +1.966974e+001
+1.243301e+003	   +1.966057e+001
+1.245369e+003	   +1.964657e+001
+1.247441e+003	   +1.961956e+001
+1.249517e+003	   +1.960787e+001
+1.251596e+003	   +1.958652e+001
+1.253678e+003	   +1.957056e+001
+1.255764e+003	   +1.956627e+001
+1.257853e+003	   +1.954731e+001
+1.259946e+003	   +1.954962e+001
+1.262042e+003	   +1.953560e+001
+1.264142e+003	   +1.951162e+001
+1.266245e+003	   +1.948834e+001
+1.268352e+003	   +1.949852e+001
+1.270462e+003	   +1.945862e+001
+1.272576e+003	   +1.945658e+001
+1.274693e+003	   +1.944200e+001
+1.276814e+003	   +1.944317e+001
+1.278938e+003	   +1.941124e+001
+1.281066e+003	   +1.940990e+001
+1.283197e+003	   +1.937161e+001
+1.285332e+003	   +1.936129e+001
+1.287470e+003	   +1.935778e+001
+1.289612e+003	   +1.932856e+001
+1.291758e+003	   +1.934752e+001
+1.293907e+003	   +1.931620e+001
+1.296060e+003	   +1.929692e+001
+1.298216e+003	   +1.928656e+001
+1.300376e+003	   +1.925832e+001
+1.302540e+003	   +1.927806e+001
+1.304707e+003	   +1.924579e+001
+1.306877e+003	   +1.922647e+001
+1.309052e+003	   +1.921735e+001
+1.311230e+003	   +1.918361e+001
+1.313411e+003	   +1.921022e+001
+1.315596e+003	   +1.916181e+001
+1.317785e+003	   +1.915549e+001
+1.319978e+003	   +1.915590e+001
+1.322174e+003	   +1.912696e+001
+1.324374e+003	   +1.911686e+001
+1.326577e+003	   +1.909175e+001
+1.328784e+003	   +1.908934e+001
+1.330995e+003	   +1.907881e+001
+1.333209e+003	   +1.908256e+001
+1.335427e+003	   +1.902452e+001
+1.337649e+003	   +1.904062e+001
+1.339875e+003	   +1.901776e+001
+1.342104e+003	   +1.899120e+001
+1.344337e+003	   +1.899301e+001
+1.346573e+003	   +1.898152e+001
+1.348814e+003	   +1.897771e+001
+1.351058e+003	   +1.894825e+001
+1.353306e+003	   +1.895223e+001
+1.355557e+003	   +1.890521e+001
+1.357813e+003	   +1.890845e+001
+1.360072e+003	   +1.887803e+001
+1.362334e+003	   +1.886037e+001
+1.364601e+003	   +1.886143e+001
+1.366871e+003	   +1.883660e+001
+1.369146e+003	   +1.883907e+001
+1.371423e+003	   +1.882535e+001
+1.373705e+003	   +1.879327e+001
+1.375991e+003	   +1.879523e+001
+1.378280e+003	   +1.878203e+001
+1.380573e+003	   +1.876215e+001
+1.382870e+003	   +1.876860e+001
+1.385171e+003	   +1.874296e+001
+1.387475e+003	   +1.872562e+001
+1.389784e+003	   +1.871505e+001
+1.392096e+003	   +1.869736e+001
+1.394412e+003	   +1.868620e+001
+1.396732e+003	   +1.868235e+001
+1.399056e+003	   +1.864907e+001
+1.401384e+003	   +1.863794e+001
+1.403715e+003	   +1.861651e+001
+1.406050e+003	   +1.861563e+001
+1.408390e+003	   +1.860909e+001
+1.410733e+003	   +1.858850e+001
+1.413080e+003	   +1.857255e+001
+1.415431e+003	   +1.854351e+001
+1.417786e+003	   +1.852954e+001
+1.420145e+003	   +1.852884e+001
+1.422508e+003	   +1.851550e+001
+1.424874e+003	   +1.850603e+001
+1.427245e+003	   +1.849830e+001
+1.429620e+003	   +1.847038e+001
+1.431998e+003	   +1.844852e+001
+1.434380e+003	   +1.843921e+001
+1.436767e+003	   +1.842842e+001
+1.439157e+003	   +1.840940e+001
+1.441552e+003	   +1.840404e+001
+1.443950e+003	   +1.838282e+001
+1.446353e+003	   +1.837836e+001
+1.448759e+003	   +1.835427e+001
+1.451169e+003	   +1.834160e+001
+1.453584e+003	   +1.832902e+001
+1.456002e+003	   +1.831588e+001
+1.458424e+003	   +1.829420e+001
+1.460851e+003	   +1.828919e+001
+1.463281e+003	   +1.827489e+001
+1.465716e+003	   +1.825593e+001
+1.468154e+003	   +1.824692e+001
+1.470597e+003	   +1.823258e+001
+1.473044e+003	   +1.821754e+001
+1.475495e+003	   +1.820222e+001
+1.477949e+003	   +1.819360e+001
+1.480408e+003	   +1.817450e+001
+1.482871e+003	   +1.816356e+001
+1.485339e+003	   +1.814806e+001
+1.487810e+003	   +1.813435e+001
+1.490285e+003	   +1.811850e+001
+1.492765e+003	   +1.810729e+001
+1.495248e+003	   +1.809124e+001
+1.497736e+003	   +1.807855e+001
+1.500228e+003	   +1.806494e+001
+1.502724e+003	   +1.805007e+001
+1.505224e+003	   +1.803604e+001
+1.507728e+003	   +1.802103e+001
+1.510237e+003	   +1.800682e+001
+1.512749e+003	   +1.799336e+001
+1.515266e+003	   +1.797892e+001
+1.517787e+003	   +1.796402e+001
+1.520312e+003	   +1.795274e+001
+1.522842e+003	   +1.793194e+001
+1.525375e+003	   +1.792103e+001
+1.527913e+003	   +1.790403e+001
+1.530455e+003	   +1.788694e+001
+1.533002e+003	   +1.787978e+001
+1.535552e+003	   +1.785739e+001
+1.538107e+003	   +1.785044e+001
+1.540666e+003	   +1.783143e+001
+1.543229e+003	   +1.781421e+001
+1.545797e+003	   +1.780658e+001
+1.548369e+003	   +1.779331e+001
+1.550945e+003	   +1.777430e+001
+1.553525e+003	   +1.776406e+001
+1.556110e+003	   +1.775096e+001
+1.558699e+003	   +1.773865e+001
+1.561292e+003	   +1.773219e+001
+1.563890e+003	   +1.769976e+001
+1.566491e+003	   +1.769907e+001
+1.569098e+003	   +1.769386e+001
+1.571708e+003	   +1.766652e+001
+1.574323e+003	   +1.765595e+001
+1.576943e+003	   +1.764821e+001
+1.579566e+003	   +1.762423e+001
+1.582194e+003	   +1.760517e+001
+1.584826e+003	   +1.758755e+001
+1.587463e+003	   +1.757542e+001
+1.590104e+003	   +1.756594e+001
+1.592750e+003	   +1.755570e+001
+1.595400e+003	   +1.754136e+001
+1.598054e+003	   +1.753980e+001
+1.600713e+003	   +1.750200e+001
+1.603376e+003	   +1.750346e+001
+1.606044e+003	   +1.746503e+001
+1.608716e+003	   +1.746227e+001
+1.611392e+003	   +1.744489e+001
+1.614073e+003	   +1.743374e+001
+1.616759e+003	   +1.743277e+001
+1.619448e+003	   +1.741262e+001
+1.622143e+003	   +1.740344e+001
+1.624842e+003	   +1.739182e+001
+1.627545e+003	   +1.735596e+001
+1.630253e+003	   +1.737180e+001
+1.632965e+003	   +1.732274e+001
+1.635682e+003	   +1.731016e+001
+1.638403e+003	   +1.729195e+001
+1.641129e+003	   +1.730040e+001
+1.643860e+003	   +1.729174e+001
+1.646595e+003	   +1.728166e+001
+1.649334e+003	   +1.725959e+001
+1.652078e+003	   +1.724348e+001
+1.654827e+003	   +1.722547e+001
+1.657580e+003	   +1.722953e+001
+1.660338e+003	   +1.720882e+001
+1.663100e+003	   +1.718195e+001
+1.665867e+003	   +1.718310e+001
+1.668639e+003	   +1.718258e+001
+1.671415e+003	   +1.712852e+001
+1.674196e+003	   +1.712225e+001
+1.676981e+003	   +1.711784e+001
+1.679771e+003	   +1.709752e+001
+1.682566e+003	   +1.709057e+001
+1.685365e+003	   +1.707723e+001
+1.688169e+003	   +1.704945e+001
+1.690978e+003	   +1.703074e+001
+1.693792e+003	   +1.702267e+001
+1.696609e+003	   +1.704685e+001
+1.699432e+003	   +1.699007e+001
+1.702260e+003	   +1.696485e+001
+1.705092e+003	   +1.695311e+001
+1.707929e+003	   +1.694657e+001
+1.710770e+003	   +1.694709e+001
+1.713616e+003	   +1.693153e+001
+1.716468e+003	   +1.692817e+001
+1.719323e+003	   +1.690492e+001
+1.722184e+003	   +1.689368e+001
+1.725049e+003	   +1.685232e+001
+1.727919e+003	   +1.687755e+001
+1.730794e+003	   +1.686510e+001
+1.733674e+003	   +1.685388e+001
+1.736558e+003	   +1.680696e+001
+1.739447e+003	   +1.682374e+001
+1.742341e+003	   +1.679924e+001
+1.745240e+003	   +1.675095e+001
+1.748144e+003	   +1.676612e+001
+1.751052e+003	   +1.677915e+001
+1.753965e+003	   +1.673944e+001
+1.756884e+003	   +1.672725e+001
+1.759807e+003	   +1.672665e+001
+1.762734e+003	   +1.668657e+001
+1.765667e+003	   +1.665855e+001
+1.768605e+003	   +1.666707e+001
+1.771547e+003	   +1.665835e+001
+1.774495e+003	   +1.663786e+001
+1.777447e+003	   +1.665351e+001
+1.780404e+003	   +1.661835e+001
+1.783366e+003	   +1.661985e+001
+1.786333e+003	   +1.656386e+001
+1.789305e+003	   +1.657301e+001
+1.792282e+003	   +1.655664e+001
+1.795264e+003	   +1.653251e+001
+1.798251e+003	   +1.654211e+001
+1.801243e+003	   +1.651251e+001
+1.804240e+003	   +1.650370e+001
+1.807242e+003	   +1.648732e+001
+1.810248e+003	   +1.645053e+001
+1.813260e+003	   +1.647299e+001
+1.816277e+003	   +1.644732e+001
+1.819299e+003	   +1.644734e+001
+1.822326e+003	   +1.640974e+001
+1.825358e+003	   +1.642347e+001
+1.828395e+003	   +1.638543e+001
+1.831436e+003	   +1.637175e+001
+1.834484e+003	   +1.635813e+001
+1.837536e+003	   +1.634533e+001
+1.840593e+003	   +1.633539e+001
+1.843655e+003	   +1.630432e+001
+1.846722e+003	   +1.631087e+001
+1.849795e+003	   +1.629127e+001
+1.852873e+003	   +1.627753e+001
+1.855955e+003	   +1.626981e+001
+1.859043e+003	   +1.622956e+001
+1.862136e+003	   +1.624280e+001
+1.865234e+003	   +1.622787e+001
+1.868338e+003	   +1.621576e+001
+1.871446e+003	   +1.619641e+001
+1.874560e+003	   +1.615550e+001
+1.877678e+003	   +1.615824e+001
+1.880802e+003	   +1.615922e+001
+1.883932e+003	   +1.613896e+001
+1.887066e+003	   +1.609901e+001
+1.890205e+003	   +1.611591e+001
+1.893350e+003	   +1.607521e+001
+1.896500e+003	   +1.605799e+001
+1.899656e+003	   +1.604780e+001
+1.902816e+003	   +1.605742e+001
+1.905982e+003	   +1.601670e+001
+1.909153e+003	   +1.601994e+001
+1.912329e+003	   +1.600749e+001
+1.915511e+003	   +1.598414e+001
+1.918698e+003	   +1.596974e+001
+1.921890e+003	   +1.595884e+001
+1.925088e+003	   +1.595307e+001
+1.928291e+003	   +1.593848e+001
+1.931499e+003	   +1.591474e+001
+1.934712e+003	   +1.590142e+001
+1.937931e+003	   +1.588445e+001
+1.941155e+003	   +1.587349e+001
+1.944385e+003	   +1.585891e+001
+1.947620e+003	   +1.584556e+001
+1.950860e+003	   +1.583042e+001
+1.954106e+003	   +1.581640e+001
+1.957357e+003	   +1.580264e+001
+1.960614e+003	   +1.578861e+001
+1.963876e+003	   +1.577487e+001
+1.967143e+003	   +1.575953e+001
+1.970416e+003	   +1.574032e+001
+1.973694e+003	   +1.573210e+001
+1.976978e+003	   +1.572113e+001
+1.980267e+003	   +1.570321e+001
+1.983562e+003	   +1.569293e+001
+1.986862e+003	   +1.567649e+001
+1.990167e+003	   +1.566357e+001
+1.993479e+003	   +1.564703e+001
+1.996795e+003	   +1.563369e+001
+2.000117e+003	   +1.561913e+001
+2.003445e+003	   +1.560595e+001
+2.006778e+003	   +1.559089e+001
+2.010117e+003	   +1.557475e+001
+2.013462e+003	   +1.556258e+001
+2.016811e+003	   +1.554869e+001
+2.020167e+003	   +1.553352e+001
+2.023528e+003	   +1.552328e+001
+2.026895e+003	   +1.550682e+001
+2.030267e+003	   +1.549307e+001
+2.033645e+003	   +1.547494e+001
+2.037028e+003	   +1.546301e+001
+2.040417e+003	   +1.544705e+001
+2.043812e+003	   +1.543427e+001
+2.047212e+003	   +1.542233e+001
+2.050618e+003	   +1.541037e+001
+2.054030e+003	   +1.539245e+001
+2.057448e+003	   +1.537992e+001
+2.060871e+003	   +1.535978e+001
+2.064299e+003	   +1.534583e+001
+2.067734e+003	   +1.533937e+001
+2.071174e+003	   +1.531791e+001
+2.074620e+003	   +1.530867e+001
+2.078072e+003	   +1.528786e+001
+2.081529e+003	   +1.528461e+001
+2.084992e+003	   +1.525942e+001
+2.088461e+003	   +1.525138e+001
+2.091936e+003	   +1.525100e+001
+2.095416e+003	   +1.522235e+001
+2.098902e+003	   +1.520187e+001
+2.102394e+003	   +1.519357e+001
+2.105892e+003	   +1.519762e+001
+2.109396e+003	   +1.516732e+001
+2.112905e+003	   +1.514521e+001
+2.116421e+003	   +1.514676e+001
+2.119942e+003	   +1.511442e+001
+2.123469e+003	   +1.511407e+001
+2.127002e+003	   +1.508891e+001
+2.130541e+003	   +1.508790e+001
+2.134085e+003	   +1.507301e+001
+2.137636e+003	   +1.506201e+001
+2.141192e+003	   +1.504817e+001
+2.144755e+003	   +1.503683e+001
+2.148323e+003	   +1.501142e+001
+2.151897e+003	   +1.500752e+001
+2.155478e+003	   +1.497808e+001
+2.159064e+003	   +1.495887e+001
+2.162656e+003	   +1.496181e+001
+2.166254e+003	   +1.495554e+001
+2.169858e+003	   +1.493128e+001
+2.173468e+003	   +1.489469e+001
+2.177084e+003	   +1.488139e+001
+2.180706e+003	   +1.489752e+001
+2.184334e+003	   +1.487131e+001
+2.187969e+003	   +1.488215e+001
+2.191609e+003	   +1.485085e+001
+2.195255e+003	   +1.484904e+001
+2.198907e+003	   +1.482787e+001
+2.202566e+003	   +1.479128e+001
+2.206230e+003	   +1.476922e+001
+2.209901e+003	   +1.476226e+001
+2.213578e+003	   +1.474172e+001
+2.217261e+003	   +1.475450e+001
+2.220950e+003	   +1.472014e+001
+2.224645e+003	   +1.471521e+001
+2.228346e+003	   +1.470208e+001
+2.232053e+003	   +1.468814e+001
+2.235767e+003	   +1.467277e+001
+2.239487e+003	   +1.466313e+001
+2.243213e+003	   +1.465523e+001
+2.246945e+003	   +1.463908e+001
+2.250683e+003	   +1.459836e+001
+2.254428e+003	   +1.462517e+001
+2.258178e+003	   +1.460086e+001
+2.261936e+003	   +1.458827e+001
+2.265699e+003	   +1.458859e+001
+2.269468e+003	   +1.451636e+001
+2.273244e+003	   +1.455644e+001
+2.277026e+003	   +1.455557e+001
+2.280815e+003	   +1.453459e+001
+2.284609e+003	   +1.446049e+001
+2.288410e+003	   +1.451025e+001
+2.292218e+003	   +1.445954e+001
+2.296031e+003	   +1.444287e+001
+2.299851e+003	   +1.446315e+001
+2.303678e+003	   +1.440040e+001
+2.307510e+003	   +1.443251e+001
+2.311350e+003	   +1.441386e+001
+2.315195e+003	   +1.439787e+001
+2.319047e+003	   +1.435428e+001
+2.322905e+003	   +1.436081e+001
+2.326770e+003	   +1.433628e+001
+2.330641e+003	   +1.429832e+001
+2.334519e+003	   +1.430975e+001
+2.338403e+003	   +1.426715e+001
+2.342293e+003	   +1.429513e+001
+2.346190e+003	   +1.424719e+001
+2.350094e+003	   +1.422596e+001
+2.354004e+003	   +1.424981e+001
+2.357920e+003	   +1.418644e+001
+2.361843e+003	   +1.421723e+001
+2.365773e+003	   +1.416426e+001
+2.369709e+003	   +1.416133e+001
+2.373651e+003	   +1.417137e+001
+2.377601e+003	   +1.414694e+001
+2.381556e+003	   +1.415386e+001
+2.385519e+003	   +1.414373e+001
+2.389488e+003	   +1.411880e+001
+2.393463e+003	   +1.411369e+001
+2.397445e+003	   +1.407195e+001
+2.401434e+003	   +1.405792e+001
+2.405429e+003	   +1.404301e+001
+2.409431e+003	   +1.402845e+001
+2.413440e+003	   +1.405391e+001
+2.417455e+003	   +1.401149e+001
+2.421477e+003	   +1.403357e+001
+2.425506e+003	   +1.400316e+001
+2.429542e+003	   +1.398558e+001
+2.433583e+003	   +1.393624e+001
+2.437633e+003	   +1.393120e+001
+2.441688e+003	   +1.389999e+001
+2.445750e+003	   +1.391693e+001
+2.449820e+003	   +1.390383e+001
+2.453896e+003	   +1.387649e+001
+2.457978e+003	   +1.387951e+001
+2.462068e+003	   +1.388174e+001
+2.466164e+003	   +1.383911e+001
+2.470267e+003	   +1.383522e+001
+2.474377e+003	   +1.381339e+001
+2.478493e+003	   +1.376462e+001
+2.482617e+003	   +1.378778e+001
+2.486748e+003	   +1.376234e+001
+2.490885e+003	   +1.374504e+001
+2.495029e+003	   +1.374879e+001
+2.499180e+003	   +1.376233e+001
+2.503338e+003	   +1.371908e+001
+2.507503e+003	   +1.369169e+001
+2.511675e+003	   +1.369944e+001
+2.515854e+003	   +1.365894e+001
+2.520040e+003	   +1.368595e+001
+2.524232e+003	   +1.367143e+001
+2.528432e+003	   +1.361325e+001
+2.532638e+003	   +1.362769e+001
+2.536852e+003	   +1.360013e+001
+2.541073e+003	   +1.359125e+001
+2.545301e+003	   +1.359844e+001
+2.549535e+003	   +1.356083e+001
+2.553777e+003	   +1.353694e+001
+2.558026e+003	   +1.352277e+001
+2.562282e+003	   +1.352180e+001
+2.566545e+003	   +1.354526e+001
+2.570815e+003	   +1.346167e+001
+2.575092e+003	   +1.348094e+001
+2.579376e+003	   +1.347263e+001
+2.583668e+003	   +1.344834e+001
+2.587966e+003	   +1.343995e+001
+2.592272e+003	   +1.342877e+001
+2.596585e+003	   +1.338966e+001
+2.600905e+003	   +1.337648e+001
+2.605232e+003	   +1.340848e+001
+2.609567e+003	   +1.334838e+001
+2.613908e+003	   +1.338574e+001
+2.618257e+003	   +1.336562e+001
+2.622613e+003	   +1.334022e+001
+2.626977e+003	   +1.330472e+001
+2.631347e+003	   +1.329260e+001
+2.635725e+003	   +1.327739e+001
+2.640110e+003	   +1.325471e+001
+2.644503e+003	   +1.323002e+001
+2.648903e+003	   +1.327053e+001
+2.653310e+003	   +1.322575e+001
+2.657724e+003	   +1.319488e+001
+2.662146e+003	   +1.320461e+001
+2.666575e+003	   +1.319433e+001
+2.671012e+003	   +1.317125e+001
+2.675456e+003	   +1.316217e+001
+2.679907e+003	   +1.315164e+001
+2.684365e+003	   +1.311587e+001
+2.688832e+003	   +1.313104e+001
+2.693305e+003	   +1.307756e+001
+2.697786e+003	   +1.305593e+001
+2.702275e+003	   +1.306121e+001
+2.706771e+003	   +1.307419e+001
+2.711274e+003	   +1.304115e+001
+2.715785e+003	   +1.302237e+001
+2.720303e+003	   +1.301722e+001
+2.724829e+003	   +1.299027e+001
+2.729363e+003	   +1.300089e+001
+2.733903e+003	   +1.298599e+001
+2.738452e+003	   +1.297238e+001
+2.743008e+003	   +1.296497e+001
+2.747572e+003	   +1.290792e+001
+2.752143e+003	   +1.290919e+001
+2.756722e+003	   +1.290225e+001
+2.761308e+003	   +1.288244e+001
+2.765902e+003	   +1.287216e+001
+2.770504e+003	   +1.286972e+001
+2.775114e+003	   +1.285303e+001
+2.779731e+003	   +1.284820e+001
+2.784355e+003	   +1.281448e+001
+2.788988e+003	   +1.281713e+001
+2.793628e+003	   +1.277941e+001
+2.798276e+003	   +1.277182e+001
+2.802932e+003	   +1.277201e+001
+2.807595e+003	   +1.274185e+001
+2.812266e+003	   +1.273331e+001
+2.816945e+003	   +1.272124e+001
+2.821632e+003	   +1.271729e+001
+2.826326e+003	   +1.268019e+001
+2.831029e+003	   +1.268071e+001
+2.835739e+003	   +1.267062e+001
+2.840457e+003	   +1.263912e+001
+2.845182e+003	   +1.263132e+001
+2.849916e+003	   +1.261977e+001
+2.854657e+003	   +1.259183e+001
+2.859407e+003	   +1.258472e+001
+2.864164e+003	   +1.258433e+001
+2.868929e+003	   +1.255523e+001
+2.873703e+003	   +1.255078e+001
+2.878484e+003	   +1.253008e+001
+2.883273e+003	   +1.252307e+001
+2.888070e+003	   +1.250823e+001
+2.892875e+003	   +1.250266e+001
+2.897688e+003	   +1.248781e+001
+2.902509e+003	   +1.246217e+001
+2.907338e+003	   +1.244501e+001
+2.912175e+003	   +1.244076e+001
+2.917020e+003	   +1.242497e+001
+2.921873e+003	   +1.241402e+001
+2.926735e+003	   +1.239826e+001
+2.931604e+003	   +1.238468e+001
+2.936481e+003	   +1.237144e+001
+2.941367e+003	   +1.235854e+001
+2.946261e+003	   +1.234442e+001
+2.951163e+003	   +1.232451e+001
+2.956073e+003	   +1.231026e+001
+2.960991e+003	   +1.229992e+001
+2.965917e+003	   +1.228827e+001
+2.970852e+003	   +1.227517e+001
+2.975794e+003	   +1.225818e+001
+2.980745e+003	   +1.224334e+001
+2.985704e+003	   +1.222979e+001
+2.990672e+003	   +1.221712e+001
+2.995648e+003	   +1.220280e+001
+3.000632e+003	   +1.219008e+001
+3.005624e+003	   +1.217583e+001
+3.010625e+003	   +1.216384e+001
+3.015634e+003	   +1.214822e+001
+3.020651e+003	   +1.213421e+001
+3.025676e+003	   +1.212214e+001
+3.030710e+003	   +1.210847e+001
+3.035753e+003	   +1.209480e+001
+3.040803e+003	   +1.207734e+001
+3.045863e+003	   +1.206740e+001
+3.050930e+003	   +1.204647e+001
+3.056006e+003	   +1.203774e+001
+3.061090e+003	   +1.202345e+001
+3.066183e+003	   +1.200653e+001
+3.071285e+003	   +1.199530e+001
+3.076395e+003	   +1.198371e+001
+3.081513e+003	   +1.197234e+001
+3.086640e+003	   +1.194662e+001
+3.091775e+003	   +1.193688e+001
+3.096919e+003	   +1.192721e+001
+3.102072e+003	   +1.191037e+001
+3.107232e+003	   +1.189674e+001
+3.112402e+003	   +1.188506e+001
+3.117580e+003	   +1.186576e+001
+3.122767e+003	   +1.185535e+001
+3.127963e+003	   +1.183416e+001
+3.133167e+003	   +1.181584e+001
+3.138380e+003	   +1.181481e+001
+3.143601e+003	   +1.179070e+001
+3.148831e+003	   +1.178885e+001
+3.154070e+003	   +1.177598e+001
+3.159318e+003	   +1.175987e+001
+3.164574e+003	   +1.173964e+001
+3.169839e+003	   +1.171149e+001
+3.175113e+003	   +1.171153e+001
+3.180396e+003	   +1.170194e+001
+3.185687e+003	   +1.170211e+001
+3.190987e+003	   +1.166314e+001
+3.196296e+003	   +1.166909e+001
+3.201614e+003	   +1.164688e+001
+3.206940e+003	   +1.162375e+001
+3.212276e+003	   +1.162739e+001
+3.217621e+003	   +1.160851e+001
+3.222974e+003	   +1.158499e+001
+3.228336e+003	   +1.158866e+001
+3.233707e+003	   +1.155796e+001
+3.239087e+003	   +1.154072e+001
+3.244476e+003	   +1.153287e+001
+3.249874e+003	   +1.150628e+001
+3.255281e+003	   +1.149195e+001
+3.260697e+003	   +1.149525e+001
+3.266122e+003	   +1.148774e+001
+3.271556e+003	   +1.145548e+001
+3.276999e+003	   +1.145103e+001
+3.282451e+003	   +1.143594e+001
+3.287912e+003	   +1.145227e+001
+3.293383e+003	   +1.142884e+001
+3.298862e+003	   +1.140365e+001
+3.304351e+003	   +1.138511e+001
+3.309848e+003	   +1.136589e+001
+3.315355e+003	   +1.133357e+001
+3.320871e+003	   +1.134282e+001
+3.326396e+003	   +1.134671e+001
+3.331930e+003	   +1.131183e+001
+3.337474e+003	   +1.130121e+001
+3.343026e+003	   +1.128974e+001
+3.348588e+003	   +1.124181e+001
+3.354159e+003	   +1.128306e+001
+3.359740e+003	   +1.127255e+001
+3.365330e+003	   +1.125068e+001
+3.370929e+003	   +1.121497e+001
+3.376537e+003	   +1.120039e+001
+3.382155e+003	   +1.121506e+001
+3.387782e+003	   +1.120356e+001
+3.393418e+003	   +1.115119e+001
+3.399064e+003	   +1.115576e+001
+3.404719e+003	   +1.112209e+001
+3.410384e+003	   +1.112867e+001
+3.416058e+003	   +1.110639e+001
+3.421741e+003	   +1.108449e+001
+3.427434e+003	   +1.104213e+001
+3.433137e+003	   +1.103867e+001
+3.438849e+003	   +1.103323e+001
+3.444570e+003	   +1.102988e+001
+3.450301e+003	   +1.102391e+001
+3.456041e+003	   +1.102533e+001
+3.461791e+003	   +1.096144e+001
+3.467551e+003	   +1.099888e+001
+3.473320e+003	   +1.094554e+001
+3.479099e+003	   +1.095239e+001
+3.484887e+003	   +1.095214e+001
+3.490685e+003	   +1.089209e+001
+3.496492e+003	   +1.091091e+001
+3.502310e+003	   +1.091234e+001
+3.508137e+003	   +1.086294e+001
+3.513973e+003	   +1.087297e+001
+3.519820e+003	   +1.087360e+001
+3.525676e+003	   +1.087516e+001
+3.531542e+003	   +1.086187e+001
+3.537417e+003	   +1.077575e+001
+3.543303e+003	   +1.079855e+001
+3.549198e+003	   +1.079086e+001
+3.555103e+003	   +1.078609e+001
+3.561018e+003	   +1.073528e+001
+3.566942e+003	   +1.078474e+001
+3.572877e+003	   +1.077791e+001
+3.578821e+003	   +1.071240e+001
+3.584775e+003	   +1.070519e+001
+3.590740e+003	   +1.069662e+001
+3.596714e+003	   +1.071203e+001
+3.602698e+003	   +1.066238e+001
+3.608691e+003	   +1.065145e+001
+3.614696e+003	   +1.059161e+001
+3.620709e+003	   +1.060063e+001
+3.626733e+003	   +1.060897e+001
+3.632767e+003	   +1.060968e+001
+3.638811e+003	   +1.054967e+001
+3.644865e+003	   +1.054210e+001
+3.650929e+003	   +1.059998e+001
+3.657004e+003	   +1.051175e+001
+3.663088e+003	   +1.057306e+001
+3.669183e+003	   +1.053277e+001
+3.675287e+003	   +1.048715e+001
+3.681402e+003	   +1.044446e+001
+3.687527e+003	   +1.050543e+001
+3.693662e+003	   +1.045454e+001
+3.699807e+003	   +1.043692e+001
+3.705963e+003	   +1.038066e+001
+3.712128e+003	   +1.041642e+001
+3.718305e+003	   +1.043987e+001
+3.724491e+003	   +1.044374e+001
+3.730688e+003	   +1.037726e+001
+3.736895e+003	   +1.038603e+001
+3.743112e+003	   +1.035619e+001
+3.749339e+003	   +1.031617e+001
+3.755577e+003	   +1.031075e+001
+3.761825e+003	   +1.028429e+001
+3.768084e+003	   +1.027317e+001
+3.774354e+003	   +1.027259e+001
+3.780633e+003	   +1.028323e+001
+3.786923e+003	   +1.027428e+001
+3.793223e+003	   +1.023677e+001
+3.799534e+003	   +1.024724e+001
+3.805856e+003	   +1.020420e+001
+3.812188e+003	   +1.018172e+001
+3.818530e+003	   +1.017144e+001
+3.824884e+003	   +1.010878e+001
+3.831247e+003	   +1.013999e+001
+3.837621e+003	   +1.010923e+001
+3.844006e+003	   +1.017241e+001
+3.850402e+003	   +1.015313e+001
+3.856808e+003	   +1.008397e+001
+3.863224e+003	   +1.013503e+001
+3.869652e+003	   +1.001459e+001
+3.876090e+003	   +1.005620e+001
+3.882539e+003	   +1.009058e+001
+3.888998e+003	   +9.992519e+000
+3.895469e+003	   +1.003075e+001
+3.901950e+003	   +9.988941e+000
+3.908442e+003	   +9.933187e+000
+3.914944e+003	   +9.978394e+000
+3.921458e+003	   +9.984802e+000
+3.927982e+003	   +9.951630e+000
+3.934517e+003	   +9.971408e+000
+3.941063e+003	   +9.924808e+000
+3.947620e+003	   +9.845788e+000
+3.954188e+003	   +9.864377e+000
+3.960767e+003	   +9.877240e+000
+3.967356e+003	   +9.825792e+000
+3.973957e+003	   +9.909560e+000
+3.980569e+003	   +9.850566e+000
+3.987192e+003	   +9.800475e+000
+3.993825e+003	   +9.859989e+000
+4.000470e+003	   +9.807390e+000
+4.007126e+003	   +9.773938e+000
+4.013792e+003	   +9.701034e+000
+4.020470e+003	   +9.795443e+000
+4.027159e+003	   +9.741776e+000
+4.033860e+003	   +9.727600e+000
+4.040571e+003	   +9.656938e+000
+4.047293e+003	   +9.695089e+000
+4.054027e+003	   +9.657912e+000
+4.060772e+003	   +9.622020e+000
+4.067528e+003	   +9.657556e+000
+4.074295e+003	   +9.664654e+000
+4.081074e+003	   +9.611530e+000
+4.087864e+003	   +9.626698e+000
+4.094665e+003	   +9.591377e+000
+4.101478e+003	   +9.554906e+000
+4.108301e+003	   +9.573797e+000
+4.115137e+003	   +9.587240e+000
+4.121983e+003	   +9.500745e+000
+4.128841e+003	   +9.580609e+000
+4.135710e+003	   +9.515050e+000
+4.142591e+003	   +9.535378e+000
+4.149483e+003	   +9.459407e+000
+4.156387e+003	   +9.486802e+000
+4.163302e+003	   +9.452127e+000
+4.170229e+003	   +9.518843e+000
+4.177167e+003	   +9.425652e+000
+4.184117e+003	   +9.467262e+000
+4.191078e+003	   +9.455721e+000
+4.198051e+003	   +9.366211e+000
+4.205036e+003	   +9.387297e+000
+4.212032e+003	   +9.358827e+000
+4.219040e+003	   +9.406291e+000
+4.226059e+003	   +9.356627e+000
+4.233090e+003	   +9.331572e+000
+4.240133e+003	   +9.340098e+000
+4.247188e+003	   +9.305572e+000
+4.254253e+003	   +9.289716e+000
+4.261332e+003	   +9.318660e+000
+4.268421e+003	   +9.305744e+000
+4.275523e+003	   +9.229839e+000
+4.282636e+003	   +9.230928e+000
+4.289762e+003	   +9.264528e+000
+4.296898e+003	   +9.268507e+000
+4.304047e+003	   +9.168706e+000
+4.311208e+003	   +9.190023e+000
+4.318381e+003	   +9.198800e+000
+4.325566e+003	   +9.204872e+000
+4.332763e+003	   +9.104509e+000
+4.339971e+003	   +9.152251e+000
+4.347192e+003	   +9.125371e+000
+4.354424e+003	   +9.134179e+000
+4.361669e+003	   +9.024110e+000
+4.368926e+003	   +9.129398e+000
+4.376194e+003	   +9.067839e+000
+4.383476e+003	   +9.035466e+000
+4.390769e+003	   +8.988789e+000
+4.398074e+003	   +9.054357e+000
+4.405391e+003	   +9.039046e+000
+4.412720e+003	   +8.986988e+000
+4.420062e+003	   +9.015340e+000
+4.427416e+003	   +8.906474e+000
+4.434782e+003	   +8.949993e+000
+4.442160e+003	   +8.934365e+000
+4.449551e+003	   +8.933581e+000
+4.456954e+003	   +8.951959e+000
+4.464369e+003	   +8.902516e+000
+4.471796e+003	   +8.907755e+000
+4.479236e+003	   +8.876969e+000
+4.486689e+003	   +8.813391e+000
+4.494153e+003	   +8.798856e+000
+4.501631e+003	   +8.785078e+000
+4.509120e+003	   +8.829145e+000
+4.516622e+003	   +8.812493e+000
+4.524137e+003	   +8.806421e+000
+4.531664e+003	   +8.723815e+000
+4.539203e+003	   +8.790673e+000
+4.546755e+003	   +8.752988e+000
+4.554320e+003	   +8.726350e+000
+4.561897e+003	   +8.670502e+000
+4.569487e+003	   +8.737115e+000
+4.577090e+003	   +8.706156e+000
+4.584705e+003	   +8.656153e+000
+4.592333e+003	   +8.729269e+000
+4.599973e+003	   +8.616955e+000
+4.607626e+003	   +8.616125e+000
+4.615292e+003	   +8.629585e+000
+4.622971e+003	   +8.595462e+000
+4.630662e+003	   +8.556006e+000
+4.638367e+003	   +8.554875e+000
+4.646083e+003	   +8.573965e+000
+4.653813e+003	   +8.551824e+000
+4.661556e+003	   +8.495376e+000
+4.669312e+003	   +8.492361e+000
+4.677081e+003	   +8.555372e+000
+4.684862e+003	   +8.516562e+000
+4.692656e+003	   +8.540372e+000
+4.700464e+003	   +8.489699e+000
+4.708284e+003	   +8.450519e+000
+4.716118e+003	   +8.450731e+000
+4.723964e+003	   +8.471169e+000
+4.731823e+003	   +8.446498e+000
+4.739696e+003	   +8.421740e+000
+4.747582e+003	   +8.376734e+000
+4.755480e+003	   +8.394458e+000
+4.763392e+003	   +8.337912e+000
+4.771317e+003	   +8.364073e+000
+4.779256e+003	   +8.365168e+000
+4.787207e+003	   +8.334504e+000
+4.795172e+003	   +8.299562e+000
+4.803150e+003	   +8.321183e+000
+4.811141e+003	   +8.289075e+000
+4.819146e+003	   +8.260571e+000
+4.827164e+003	   +8.271795e+000
+4.835194e+003	   +8.241387e+000
+4.843239e+003	   +8.285882e+000
+4.851297e+003	   +8.205799e+000
+4.859368e+003	   +8.223062e+000
+4.867453e+003	   +8.192011e+000
+4.875551e+003	   +8.237017e+000
+4.883663e+003	   +8.142991e+000
+4.891788e+003	   +8.135938e+000
+4.899927e+003	   +8.150945e+000
+4.908079e+003	   +8.122831e+000
+4.916245e+003	   +8.076532e+000
+4.924424e+003	   +8.072983e+000
+4.932617e+003	   +8.102480e+000
+4.940824e+003	   +8.108348e+000
+4.949044e+003	   +8.101381e+000
+4.957278e+003	   +8.105943e+000
+4.965526e+003	   +8.019769e+000
+4.973787e+003	   +8.037544e+000
+4.982063e+003	   +8.054460e+000
+4.990351e+003	   +7.999002e+000
+4.998654e+003	   +8.026653e+000
+5.006970e+003	   +7.985316e+000
+5.015301e+003	   +7.952013e+000
+5.023645e+003	   +7.979846e+000
+5.032003e+003	   +7.988255e+000
+5.040375e+003	   +7.950863e+000
+5.048761e+003	   +7.922714e+000
+5.057161e+003	   +7.899860e+000
+5.065575e+003	   +7.887842e+000
+5.074002e+003	   +7.905559e+000
+5.082444e+003	   +7.856219e+000
+5.090900e+003	   +7.865418e+000
+5.099370e+003	   +7.821626e+000
+5.107854e+003	   +7.836642e+000
+5.116353e+003	   +7.787492e+000
+5.124865e+003	   +7.771662e+000
+5.133391e+003	   +7.817916e+000
+5.141932e+003	   +7.755813e+000
+5.150487e+003	   +7.778569e+000
+5.159056e+003	   +7.777155e+000
+5.167639e+003	   +7.695830e+000
+5.176237e+003	   +7.721639e+000
+5.184849e+003	   +7.690563e+000
+5.193475e+003	   +7.717514e+000
+5.202116e+003	   +7.659966e+000
+5.210771e+003	   +7.674681e+000
+5.219440e+003	   +7.641476e+000
+5.228124e+003	   +7.671604e+000
+5.236822e+003	   +7.592791e+000
+5.245535e+003	   +7.605157e+000
+5.254262e+003	   +7.611273e+000
+5.263004e+003	   +7.560680e+000
+5.271760e+003	   +7.603157e+000
+5.280531e+003	   +7.571848e+000
+5.289316e+003	   +7.544075e+000
+5.298117e+003	   +7.548857e+000
+5.306931e+003	   +7.548955e+000
+5.315761e+003	   +7.519038e+000
+5.324605e+003	   +7.496438e+000
+5.333463e+003	   +7.458384e+000
+5.342337e+003	   +7.455935e+000
+5.351226e+003	   +7.439308e+000
+5.360128e+003	   +7.436225e+000
+5.369046e+003	   +7.456206e+000
+5.377979e+003	   +7.444134e+000
+5.386927e+003	   +7.400317e+000
+5.395889e+003	   +7.383496e+000
+5.404867e+003	   +7.392007e+000
+5.413859e+003	   +7.358739e+000
+5.422866e+003	   +7.338253e+000
+5.431889e+003	   +7.333391e+000
+5.440926e+003	   +7.324734e+000
+5.449978e+003	   +7.339304e+000
+5.459045e+003	   +7.279706e+000
+5.468128e+003	   +7.284546e+000
+5.477226e+003	   +7.293249e+000
+5.486338e+003	   +7.255062e+000
+5.495466e+003	   +7.257143e+000
+5.504609e+003	   +7.228525e+000
+5.513768e+003	   +7.195178e+000
+5.522941e+003	   +7.229462e+000
+5.532130e+003	   +7.203890e+000
+5.541334e+003	   +7.176306e+000
+5.550553e+003	   +7.176802e+000
+5.559788e+003	   +7.126754e+000
+5.569038e+003	   +7.124509e+000
+5.578304e+003	   +7.125760e+000
+5.587584e+003	   +7.111750e+000
+5.596881e+003	   +7.074364e+000
+5.606192e+003	   +7.080843e+000
+5.615520e+003	   +7.071015e+000
+5.624863e+003	   +7.061951e+000
+5.634221e+003	   +7.044043e+000
+5.643595e+003	   +7.026391e+000
+5.652984e+003	   +7.023450e+000
+5.662390e+003	   +6.991697e+000
+5.671810e+003	   +6.983884e+000
+5.681247e+003	   +6.992286e+000
+5.690699e+003	   +6.966987e+000
+5.700167e+003	   +6.947511e+000
+5.709650e+003	   +6.944562e+000
+5.719150e+003	   +6.925376e+000
+5.728665e+003	   +6.916985e+000
+5.738196e+003	   +6.916958e+000
+5.747743e+003	   +6.881910e+000
+5.757306e+003	   +6.873687e+000
+5.766884e+003	   +6.870463e+000
+5.776479e+003	   +6.844145e+000
+5.786090e+003	   +6.840989e+000
+5.795716e+003	   +6.823059e+000
+5.805359e+003	   +6.816495e+000
+5.815018e+003	   +6.797308e+000
+5.824692e+003	   +6.786442e+000
+5.834383e+003	   +6.780951e+000
+5.844090e+003	   +6.767737e+000
+5.853813e+003	   +6.754831e+000
+5.863552e+003	   +6.742921e+000
+5.873308e+003	   +6.722245e+000
+5.883080e+003	   +6.710159e+000
+5.892868e+003	   +6.699504e+000
+5.902672e+003	   +6.689873e+000
+5.912492e+003	   +6.673220e+000
+5.922329e+003	   +6.659103e+000
+5.932183e+003	   +6.647081e+000
+5.942052e+003	   +6.635073e+000
+5.951938e+003	   +6.623580e+000
+5.961841e+003	   +6.605172e+000
+5.971760e+003	   +6.597176e+000
+5.981695e+003	   +6.584117e+000
+5.991647e+003	   +6.569605e+000
+6.001616e+003	   +6.558752e+000
+6.011601e+003	   +6.545623e+000
+6.021603e+003	   +6.532270e+000
+6.031621e+003	   +6.522226e+000
+6.041656e+003	   +6.504198e+000
+6.051708e+003	   +6.493894e+000
+6.061776e+003	   +6.480372e+000
+6.071862e+003	   +6.468145e+000
+6.081964e+003	   +6.455132e+000
+6.092083e+003	   +6.444019e+000
+6.102218e+003	   +6.429930e+000
+6.112371e+003	   +6.414138e+000
+6.122541e+003	   +6.409454e+000
+6.132727e+003	   +6.393112e+000
+6.142930e+003	   +6.382875e+000
+6.153150e+003	   +6.370493e+000
+6.163388e+003	   +6.348259e+000
+6.173642e+003	   +6.346755e+000
+6.183913e+003	   +6.340445e+000
+6.194202e+003	   +6.312639e+000
+6.204507e+003	   +6.305785e+000
+6.214830e+003	   +6.297831e+000
+6.225170e+003	   +6.272779e+000
+6.235527e+003	   +6.274902e+000
+6.245901e+003	   +6.257194e+000
+6.256293e+003	   +6.241770e+000
+6.266702e+003	   +6.240141e+000
+6.277128e+003	   +6.231989e+000
+6.287572e+003	   +6.189975e+000
+6.298033e+003	   +6.189634e+000
+6.308511e+003	   +6.171681e+000
+6.319007e+003	   +6.183138e+000
+6.329520e+003	   +6.158513e+000
+6.340051e+003	   +6.141886e+000
+6.350599e+003	   +6.125885e+000
+6.361165e+003	   +6.103314e+000
+6.371748e+003	   +6.092135e+000
+6.382349e+003	   +6.096075e+000
+6.392968e+003	   +6.099007e+000
+6.403604e+003	   +6.087525e+000
+6.414258e+003	   +6.043803e+000
+6.424930e+003	   +6.041896e+000
+6.435619e+003	   +6.016282e+000
+6.446326e+003	   +6.038905e+000
+6.457051e+003	   +5.997389e+000
+6.467794e+003	   +5.986637e+000
+6.478555e+003	   +5.959042e+000
+6.489333e+003	   +5.967768e+000
+6.500130e+003	   +5.952586e+000
+6.510945e+003	   +5.941964e+000
+6.521777e+003	   +5.944617e+000
+6.532628e+003	   +5.931951e+000
+6.543497e+003	   +5.900736e+000
+6.554383e+003	   +5.889931e+000
+6.565288e+003	   +5.862030e+000
+6.576211e+003	   +5.892323e+000
+6.587152e+003	   +5.851334e+000
+6.598112e+003	   +5.838802e+000
+6.609089e+003	   +5.833250e+000
+6.620085e+003	   +5.793976e+000
+6.631099e+003	   +5.803413e+000
+6.642132e+003	   +5.790472e+000
+6.653183e+003	   +5.755692e+000
+6.664252e+003	   +5.755708e+000
+6.675339e+003	   +5.757951e+000
+6.686445e+003	   +5.739885e+000
+6.697570e+003	   +5.723977e+000
+6.708713e+003	   +5.714086e+000
+6.719875e+003	   +5.707443e+000
+6.731055e+003	   +5.688649e+000
+6.742253e+003	   +5.660260e+000
+6.753471e+003	   +5.639136e+000
+6.764707e+003	   +5.662635e+000
+6.775962e+003	   +5.643163e+000
+6.787235e+003	   +5.648249e+000
+6.798527e+003	   +5.599681e+000
+6.809838e+003	   +5.615232e+000
+6.821168e+003	   +5.593552e+000
+6.832517e+003	   +5.599139e+000
+6.843885e+003	   +5.582989e+000
+6.855271e+003	   +5.567982e+000
+6.866677e+003	   +5.546062e+000
+6.878101e+003	   +5.539543e+000
+6.889544e+003	   +5.541179e+000
+6.901007e+003	   +5.496572e+000
+6.912488e+003	   +5.492780e+000
+6.923989e+003	   +5.480536e+000
+6.935509e+003	   +5.489811e+000
+6.947048e+003	   +5.464879e+000
+6.958606e+003	   +5.443622e+000
+6.970183e+003	   +5.413900e+000
+6.981780e+003	   +5.400720e+000
+6.993396e+003	   +5.416732e+000
+7.005031e+003	   +5.400645e+000
+7.016686e+003	   +5.365329e+000
+7.028359e+003	   +5.398426e+000
+7.040053e+003	   +5.363342e+000
+7.051766e+003	   +5.346852e+000
+7.063498e+003	   +5.339269e+000
+7.075250e+003	   +5.327952e+000
+7.087021e+003	   +5.302969e+000
+7.098813e+003	   +5.301763e+000
+7.110623e+003	   +5.305699e+000
+7.122454e+003	   +5.256250e+000
+7.134303e+003	   +5.263700e+000
+7.146173e+003	   +5.250800e+000
+7.158063e+003	   +5.221330e+000
+7.169972e+003	   +5.202546e+000
+7.181901e+003	   +5.221395e+000
+7.193850e+003	   +5.201036e+000
+7.205818e+003	   +5.203090e+000
+7.217807e+003	   +5.157827e+000
+7.229815e+003	   +5.157654e+000
+7.241844e+003	   +5.156848e+000
+7.253893e+003	   +5.136156e+000
+7.265961e+003	   +5.115764e+000
+7.278050e+003	   +5.129266e+000
+7.290159e+003	   +5.111051e+000
+7.302288e+003	   +5.099214e+000
+7.314437e+003	   +5.078576e+000
+7.326606e+003	   +5.061819e+000
+7.338796e+003	   +5.057118e+000
+7.351006e+003	   +5.062291e+000
+7.363236e+003	   +5.053353e+000
+7.375487e+003	   +5.019178e+000
+7.387758e+003	   +5.013633e+000
+7.400049e+003	   +4.996425e+000
+7.412361e+003	   +4.979475e+000
+7.424693e+003	   +4.975556e+000
+7.437046e+003	   +4.968650e+000
+7.449419e+003	   +4.949311e+000
+7.461813e+003	   +4.945767e+000
+7.474228e+003	   +4.927672e+000
+7.486663e+003	   +4.915062e+000
+7.499119e+003	   +4.912247e+000
+7.511596e+003	   +4.874841e+000
+7.524093e+003	   +4.874538e+000
+7.536611e+003	   +4.866124e+000
+7.549150e+003	   +4.865937e+000
+7.561710e+003	   +4.832323e+000
+7.574291e+003	   +4.840252e+000
+7.586893e+003	   +4.817495e+000
+7.599515e+003	   +4.818569e+000
+7.612159e+003	   +4.785470e+000
+7.624824e+003	   +4.789412e+000
+7.637509e+003	   +4.775595e+000
+7.650216e+003	   +4.770931e+000
+7.662944e+003	   +4.753505e+000
+7.675693e+003	   +4.744580e+000
+7.688464e+003	   +4.723323e+000
+7.701255e+003	   +4.720103e+000
+7.714068e+003	   +4.713035e+000
+7.726903e+003	   +4.681393e+000
+7.739758e+003	   +4.675284e+000
+7.752635e+003	   +4.672449e+000
+7.765534e+003	   +4.639373e+000
+7.778454e+003	   +4.631493e+000
+7.791395e+003	   +4.631567e+000
+7.804358e+003	   +4.628944e+000
+7.817342e+003	   +4.608071e+000
+7.830349e+003	   +4.599772e+000
+7.843376e+003	   +4.581591e+000
+7.856426e+003	   +4.575468e+000
+7.869497e+003	   +4.548317e+000
+7.882589e+003	   +4.550487e+000
+7.895704e+003	   +4.538906e+000
+7.908841e+003	   +4.536574e+000
+7.921999e+003	   +4.500868e+000
+7.935179e+003	   +4.497647e+000
+7.948381e+003	   +4.491740e+000
+7.961605e+003	   +4.479554e+000
+7.974852e+003	   +4.476135e+000
+7.988120e+003	   +4.449025e+000
+8.001410e+003	   +4.444426e+000
+8.014722e+003	   +4.431744e+000
+8.028057e+003	   +4.428468e+000
+8.041413e+003	   +4.417424e+000
+8.054792e+003	   +4.396436e+000
+8.068193e+003	   +4.393074e+000
+8.081617e+003	   +4.369079e+000
+8.095063e+003	   +4.354736e+000
+8.108531e+003	   +4.350227e+000
+8.122021e+003	   +4.348299e+000
+8.135534e+003	   +4.333562e+000
+8.149070e+003	   +4.313962e+000
+8.162627e+003	   +4.303080e+000
+8.176208e+003	   +4.282466e+000
+8.189811e+003	   +4.272454e+000
+8.203438e+003	   +4.257070e+000
+8.217086e+003	   +4.255192e+000
+8.230757e+003	   +4.248621e+000
+8.244450e+003	   +4.225607e+000
+8.258167e+003	   +4.217385e+000
+8.271906e+003	   +4.210899e+000
+8.285669e+003	   +4.206136e+000
+8.299454e+003	   +4.184123e+000
+8.313263e+003	   +4.183829e+000
+8.327094e+003	   +4.169111e+000
+8.340948e+003	   +4.158123e+000
+8.354825e+003	   +4.152833e+000
+8.368726e+003	   +4.117900e+000
+8.382648e+003	   +4.115216e+000
+8.396596e+003	   +4.113970e+000
+8.410565e+003	   +4.098145e+000
+8.424559e+003	   +4.093272e+000
+8.438574e+003	   +4.064359e+000
+8.452614e+003	   +4.068048e+000
+8.466678e+003	   +4.036555e+000
+8.480764e+003	   +4.029867e+000
+8.494874e+003	   +4.032967e+000
+8.509007e+003	   +4.024290e+000
+8.523164e+003	   +4.000920e+000
+8.537344e+003	   +4.001596e+000
+8.551548e+003	   +3.987259e+000
+8.565775e+003	   +3.972490e+000
+8.580027e+003	   +3.962942e+000
+8.594302e+003	   +3.938008e+000
+8.608601e+003	   +3.927146e+000
+8.622923e+003	   +3.916092e+000
+8.637270e+003	   +3.920206e+000
+8.651640e+003	   +3.888876e+000
+8.666034e+003	   +3.897932e+000
+8.680452e+003	   +3.879945e+000
+8.694895e+003	   +3.862238e+000
+8.709360e+003	   +3.842047e+000
+8.723851e+003	   +3.854525e+000
+8.738364e+003	   +3.826513e+000
+8.752903e+003	   +3.825981e+000
+8.767466e+003	   +3.798543e+000
+8.782053e+003	   +3.809185e+000
+8.796664e+003	   +3.791092e+000
+8.811299e+003	   +3.761067e+000
+8.825959e+003	   +3.766950e+000
+8.840643e+003	   +3.743811e+000
+8.855352e+003	   +3.737491e+000
+8.870085e+003	   +3.716074e+000
+8.884842e+003	   +3.735107e+000
+8.899624e+003	   +3.718105e+000
+8.914431e+003	   +3.703960e+000
+8.929263e+003	   +3.699730e+000
+8.944118e+003	   +3.671138e+000
+8.958999e+003	   +3.670566e+000
+8.973904e+003	   +3.659740e+000
+8.988835e+003	   +3.637946e+000
+9.003790e+003	   +3.646869e+000
+9.018771e+003	   +3.619989e+000
+9.033775e+003	   +3.604444e+000
+9.048805e+003	   +3.608984e+000
+9.063860e+003	   +3.589916e+000
+9.078940e+003	   +3.581603e+000
+9.094045e+003	   +3.558475e+000
+9.109175e+003	   +3.568947e+000
+9.124331e+003	   +3.555403e+000
+9.139511e+003	   +3.515691e+000
+9.154717e+003	   +3.517625e+000
+9.169948e+003	   +3.502441e+000
+9.185204e+003	   +3.497466e+000
+9.200486e+003	   +3.476054e+000
+9.215794e+003	   +3.479597e+000
+9.231126e+003	   +3.455308e+000
+9.246484e+003	   +3.458930e+000
+9.261868e+003	   +3.429512e+000
+9.277278e+003	   +3.435373e+000
+9.292713e+003	   +3.436649e+000
+9.308174e+003	   +3.413129e+000
+9.323660e+003	   +3.413894e+000
+9.339172e+003	   +3.383711e+000
+9.354710e+003	   +3.359677e+000
+9.370274e+003	   +3.378110e+000
+9.385864e+003	   +3.340968e+000
+9.401479e+003	   +3.345327e+000
+9.417121e+003	   +3.327131e+000
+9.432789e+003	   +3.314643e+000
+9.448482e+003	   +3.298203e+000
+9.464203e+003	   +3.299257e+000
+9.479949e+003	   +3.284746e+000
+9.495721e+003	   +3.277956e+000
+9.511520e+003	   +3.255604e+000
+9.527345e+003	   +3.258396e+000
+9.543195e+003	   +3.229758e+000
+9.559073e+003	   +3.250094e+000
+9.574977e+003	   +3.223615e+000
+9.590907e+003	   +3.212501e+000
+9.606864e+003	   +3.190810e+000
+9.622848e+003	   +3.213317e+000
+9.638857e+003	   +3.194132e+000
+9.654894e+003	   +3.170622e+000
+9.670957e+003	   +3.151617e+000
+9.687047e+003	   +3.169006e+000
+9.703164e+003	   +3.156072e+000
+9.719308e+003	   +3.132019e+000
+9.735479e+003	   +3.129842e+000
+9.751676e+003	   +3.113377e+000
+9.767899e+003	   +3.110526e+000
+9.784151e+003	   +3.086043e+000
+9.800430e+003	   +3.087929e+000
+9.816734e+003	   +3.069289e+000
+9.833067e+003	   +3.067244e+000
+9.849427e+003	   +3.047790e+000
+9.865814e+003	   +3.041973e+000
+9.882229e+003	   +3.042112e+000
+9.898670e+003	   +3.024971e+000
+9.915139e+003	   +3.002771e+000
+9.931635e+003	   +2.969962e+000
+9.948159e+003	   +2.987209e+000
+9.964710e+003	   +2.958072e+000
+9.981289e+003	   +2.965426e+000
+9.997895e+003	   +2.967252e+000
+1.001453e+004	   +2.954859e+000
+1.003119e+004	   +2.934850e+000
+1.004788e+004	   +2.921095e+000
+1.006460e+004	   +2.918170e+000
+1.008134e+004	   +2.903213e+000
+1.009812e+004	   +2.888395e+000
+1.011492e+004	   +2.872336e+000
+1.013174e+004	   +2.877534e+000
+1.014860e+004	   +2.869343e+000
+1.016549e+004	   +2.832850e+000
+1.018240e+004	   +2.824446e+000
+1.019934e+004	   +2.823519e+000
+1.021631e+004	   +2.828784e+000
+1.023331e+004	   +2.791387e+000
+1.025033e+004	   +2.794490e+000
+1.026739e+004	   +2.800997e+000
+1.028447e+004	   +2.773603e+000
+1.030158e+004	   +2.771841e+000
+1.031872e+004	   +2.745167e+000
+1.033589e+004	   +2.727036e+000
+1.035308e+004	   +2.753203e+000
+1.037031e+004	   +2.725032e+000
+1.038756e+004	   +2.705612e+000
+1.040484e+004	   +2.709363e+000
+1.042215e+004	   +2.664835e+000
+1.043949e+004	   +2.664004e+000
+1.045686e+004	   +2.664335e+000
+1.047426e+004	   +2.661038e+000
+1.049169e+004	   +2.623992e+000
+1.050914e+004	   +2.640347e+000
+1.052663e+004	   +2.624261e+000
+1.054414e+004	   +2.599847e+000
+1.056168e+004	   +2.585730e+000
+1.057925e+004	   +2.601331e+000
+1.059686e+004	   +2.585735e+000
+1.061449e+004	   +2.590081e+000
+1.063215e+004	   +2.581029e+000
+1.064983e+004	   +2.558155e+000
+1.066755e+004	   +2.538504e+000
+1.068530e+004	   +2.525513e+000
+1.070308e+004	   +2.502526e+000
+1.072089e+004	   +2.503894e+000
+1.073872e+004	   +2.499190e+000
+1.075659e+004	   +2.479117e+000
+1.077449e+004	   +2.500190e+000
+1.079241e+004	   +2.483139e+000
+1.081037e+004	   +2.454744e+000
+1.082835e+004	   +2.434373e+000
+1.084637e+004	   +2.433181e+000
+1.086442e+004	   +2.427266e+000
+1.088249e+004	   +2.417379e+000
+1.090060e+004	   +2.392090e+000
+1.091873e+004	   +2.385485e+000
+1.093690e+004	   +2.389161e+000
+1.095509e+004	   +2.383612e+000
+1.097332e+004	   +2.363037e+000
+1.099158e+004	   +2.381965e+000
+1.100987e+004	   +2.356039e+000
+1.102818e+004	   +2.344369e+000
+1.104653e+004	   +2.344407e+000
+1.106491e+004	   +2.307420e+000
+1.108332e+004	   +2.315137e+000
+1.110176e+004	   +2.306334e+000
+1.112023e+004	   +2.274669e+000
+1.113873e+004	   +2.271879e+000
+1.115726e+004	   +2.276129e+000
+1.117583e+004	   +2.260785e+000
+1.119442e+004	   +2.260839e+000
+1.121304e+004	   +2.228394e+000
+1.123170e+004	   +2.233847e+000
+1.125039e+004	   +2.221149e+000
+1.126910e+004	   +2.225671e+000
+1.128785e+004	   +2.191430e+000
+1.130663e+004	   +2.197795e+000
+1.132544e+004	   +2.179571e+000
+1.134429e+004	   +2.159418e+000
+1.136316e+004	   +2.146736e+000
+1.138207e+004	   +2.161529e+000
+1.140100e+004	   +2.136758e+000
+1.141997e+004	   +2.133896e+000
+1.143897e+004	   +2.106748e+000
+1.145800e+004	   +2.109468e+000
+1.147707e+004	   +2.102438e+000
+1.149616e+004	   +2.079215e+000
+1.151529e+004	   +2.088080e+000
+1.153445e+004	   +2.063818e+000
+1.155364e+004	   +2.067995e+000
+1.157286e+004	   +2.040299e+000
+1.159211e+004	   +2.030723e+000
+1.161140e+004	   +2.033547e+000
+1.163072e+004	   +2.027838e+000
+1.165007e+004	   +2.023317e+000
+1.166945e+004	   +1.993993e+000
+1.168887e+004	   +1.986096e+000
+1.170831e+004	   +1.992867e+000
+1.172779e+004	   +1.986189e+000
+1.174731e+004	   +1.984464e+000
+1.176685e+004	   +1.947843e+000
+1.178643e+004	   +1.952272e+000
+1.180604e+004	   +1.951575e+000
+1.182568e+004	   +1.916417e+000
+1.184535e+004	   +1.913290e+000
+1.186506e+004	   +1.901001e+000
+1.188480e+004	   +1.900486e+000
+1.190458e+004	   +1.877431e+000
+1.192438e+004	   +1.887832e+000
+1.194422e+004	   +1.869584e+000
+1.196409e+004	   +1.856833e+000
+1.198400e+004	   +1.845696e+000
+1.200394e+004	   +1.841212e+000
+1.202391e+004	   +1.831404e+000
+1.204391e+004	   +1.836068e+000
+1.206395e+004	   +1.819891e+000
+1.208402e+004	   +1.803612e+000
+1.210413e+004	   +1.795175e+000
+1.212427e+004	   +1.776452e+000
+1.214444e+004	   +1.789108e+000
+1.216464e+004	   +1.770906e+000
+1.218488e+004	   +1.759377e+000
+1.220515e+004	   +1.750964e+000
+1.222546e+004	   +1.740215e+000
+1.224580e+004	   +1.719603e+000
+1.226617e+004	   +1.717020e+000
+1.228658e+004	   +1.714847e+000
+1.230702e+004	   +1.690846e+000
+1.232750e+004	   +1.680879e+000
+1.234801e+004	   +1.689089e+000
+1.236855e+004	   +1.672792e+000
+1.238913e+004	   +1.666271e+000
+1.240974e+004	   +1.653921e+000
+1.243039e+004	   +1.638754e+000
+1.245107e+004	   +1.621648e+000
+1.247179e+004	   +1.633865e+000
+1.249254e+004	   +1.610907e+000
+1.251332e+004	   +1.603202e+000
+1.253414e+004	   +1.593845e+000
+1.255499e+004	   +1.576617e+000
+1.257588e+004	   +1.580353e+000
+1.259680e+004	   +1.566595e+000
+1.261776e+004	   +1.561177e+000
+1.263876e+004	   +1.558367e+000
+1.265978e+004	   +1.531795e+000
+1.268085e+004	   +1.528967e+000
+1.270194e+004	   +1.528708e+000
+1.272308e+004	   +1.507945e+000
+1.274424e+004	   +1.499794e+000
+1.276545e+004	   +1.492326e+000
+1.278669e+004	   +1.493917e+000
+1.280796e+004	   +1.485281e+000
+1.282927e+004	   +1.462236e+000
+1.285061e+004	   +1.457634e+000
+1.287199e+004	   +1.442238e+000
+1.289341e+004	   +1.426559e+000
+1.291486e+004	   +1.431034e+000
+1.293635e+004	   +1.419321e+000
+1.295787e+004	   +1.411252e+000
+1.297943e+004	   +1.392392e+000
+1.300102e+004	   +1.382531e+000
+1.302265e+004	   +1.381007e+000
+1.304432e+004	   +1.363003e+000
+1.306602e+004	   +1.355493e+000
+1.308776e+004	   +1.347667e+000
+1.310954e+004	   +1.343190e+000
+1.313135e+004	   +1.323926e+000
+1.315320e+004	   +1.316228e+000
+1.317508e+004	   +1.324687e+000
+1.319700e+004	   +1.305359e+000
+1.321896e+004	   +1.292035e+000
+1.324095e+004	   +1.291068e+000
+1.326298e+004	   +1.272488e+000
+1.328504e+004	   +1.266731e+000
+1.330715e+004	   +1.253987e+000
+1.332929e+004	   +1.258932e+000
+1.335146e+004	   +1.252899e+000
+1.337368e+004	   +1.235122e+000
+1.339593e+004	   +1.221212e+000
+1.341821e+004	   +1.219254e+000
+1.344054e+004	   +1.200172e+000
+1.346290e+004	   +1.196345e+000
+1.348530e+004	   +1.195581e+000
+1.350774e+004	   +1.188681e+000
+1.353021e+004	   +1.158348e+000
+1.355272e+004	   +1.165222e+000
+1.357527e+004	   +1.144043e+000
+1.359785e+004	   +1.146703e+000
+1.362048e+004	   +1.132439e+000
+1.364314e+004	   +1.128902e+000
+1.366584e+004	   +1.111539e+000
+1.368857e+004	   +1.113923e+000
+1.371135e+004	   +1.104646e+000
+1.373416e+004	   +1.093234e+000
+1.375701e+004	   +1.076863e+000
+1.377990e+004	   +1.078979e+000
+1.380282e+004	   +1.072061e+000
+1.382579e+004	   +1.061325e+000
+1.384879e+004	   +1.051543e+000
+1.387183e+004	   +1.027866e+000
+1.389491e+004	   +1.019330e+000
+1.391803e+004	   +1.020495e+000
+1.394119e+004	   +1.011946e+000
+1.396438e+004	   +9.898576e-001
+1.398761e+004	   +9.914743e-001
+1.401088e+004	   +9.862847e-001
+1.403420e+004	   +9.721600e-001
+1.405754e+004	   +9.707131e-001
+1.408093e+004	   +9.534028e-001
+1.410436e+004	   +9.410496e-001
+1.412783e+004	   +9.460475e-001
+1.415133e+004	   +9.327345e-001
+1.417488e+004	   +9.278211e-001
+1.419846e+004	   +9.075463e-001
+1.422208e+004	   +9.070344e-001
+1.424574e+004	   +8.925188e-001
+1.426945e+004	   +8.918758e-001
+1.429319e+004	   +8.698665e-001
+1.431697e+004	   +8.651558e-001
+1.434079e+004	   +8.557916e-001
+1.436465e+004	   +8.576528e-001
+1.438854e+004	   +8.355446e-001
+1.441248e+004	   +8.358307e-001
+1.443646e+004	   +8.315197e-001
+1.446048e+004	   +8.197337e-001
+1.448454e+004	   +8.131583e-001
+1.450864e+004	   +8.012771e-001
+1.453278e+004	   +8.001140e-001
+1.455696e+004	   +7.747051e-001
+1.458117e+004	   +7.784947e-001
+1.460543e+004	   +7.701156e-001
+1.462973e+004	   +7.659470e-001
+1.465407e+004	   +7.403522e-001
+1.467845e+004	   +7.358779e-001
+1.470288e+004	   +7.351798e-001
+1.472734e+004	   +7.272910e-001
+1.475184e+004	   +7.135897e-001
+1.477638e+004	   +6.999578e-001
+1.480097e+004	   +6.960664e-001
+1.482559e+004	   +6.810237e-001
+1.485026e+004	   +6.865333e-001
+1.487497e+004	   +6.613716e-001
+1.489971e+004	   +6.540613e-001
+1.492450e+004	   +6.580527e-001
+1.494933e+004	   +6.436691e-001
+1.497421e+004	   +6.273868e-001
+1.499912e+004	   +6.223680e-001
+1.502407e+004	   +6.265553e-001
+1.504907e+004	   +6.146598e-001
+1.507411e+004	   +5.973849e-001
+1.509919e+004	   +5.987558e-001
+1.512431e+004	   +5.738848e-001
+1.514947e+004	   +5.652792e-001
+1.517468e+004	   +5.734658e-001
+1.519992e+004	   +5.615485e-001
+1.522521e+004	   +5.410422e-001
+1.525054e+004	   +5.481058e-001
+1.527592e+004	   +5.298483e-001
+1.530133e+004	   +5.190087e-001
+1.532679e+004	   +5.067733e-001
+1.535229e+004	   +5.171456e-001
+1.537783e+004	   +5.015173e-001
+1.540342e+004	   +4.916146e-001
+1.542904e+004	   +4.878542e-001
+1.545471e+004	   +4.671958e-001
+1.548043e+004	   +4.658658e-001
+1.550618e+004	   +4.615013e-001
+1.553198e+004	   +4.448835e-001
+1.555782e+004	   +4.460379e-001
+1.558371e+004	   +4.367836e-001
+1.560963e+004	   +4.305525e-001
+1.563560e+004	   +4.020533e-001
+1.566162e+004	   +4.006685e-001
+1.568767e+004	   +3.944197e-001
+1.571377e+004	   +3.973691e-001
+1.573992e+004	   +3.748213e-001
+1.576611e+004	   +3.751494e-001
+1.579234e+004	   +3.565258e-001
+1.581861e+004	   +3.589630e-001
+1.584493e+004	   +3.531265e-001
+1.587129e+004	   +3.488129e-001
+1.589770e+004	   +3.212367e-001
+1.592415e+004	   +3.164837e-001
+1.595064e+004	   +3.103730e-001
+1.597718e+004	   +3.015965e-001
+1.600376e+004	   +2.977433e-001
+1.603039e+004	   +2.841684e-001
+1.605706e+004	   +2.743781e-001
+1.608377e+004	   +2.744590e-001
+1.611053e+004	   +2.681573e-001
+1.613733e+004	   +2.567223e-001
+1.616418e+004	   +2.476627e-001
+1.619108e+004	   +2.306000e-001
+1.621801e+004	   +2.398186e-001
+1.624500e+004	   +2.299436e-001
+1.627202e+004	   +2.147218e-001
+1.629910e+004	   +2.027227e-001
+1.632621e+004	   +1.895360e-001
+1.635338e+004	   +1.886702e-001
+1.638058e+004	   +1.720458e-001
+1.640784e+004	   +1.848056e-001
+1.643514e+004	   +1.614332e-001
+1.646248e+004	   +1.563284e-001
+1.648987e+004	   +1.588150e-001
+1.651730e+004	   +1.489155e-001
+1.654479e+004	   +1.403979e-001
+1.657231e+004	   +1.297504e-001
+1.659988e+004	   +1.087388e-001
+1.662750e+004	   +1.217723e-001
+1.665517e+004	   +1.023684e-001
+1.668288e+004	   +1.030554e-001
+1.671063e+004	   +9.522060e-002
+1.673843e+004	   +7.232496e-002
+1.676628e+004	   +5.896406e-002
+1.679418e+004	   +5.861914e-002
+1.682212e+004	   +6.678596e-002
+1.685011e+004	   +3.759991e-002
+1.687814e+004	   +2.705194e-002
+1.690622e+004	   +2.794860e-002
+1.693435e+004	   +1.756550e-002
+1.696252e+004	   +2.147681e-002
+1.699074e+004	   +1.096932e-002
+1.701901e+004	   +2.758114e-003
+1.704733e+004	   -1.934135e-002
+1.707569e+004	   -1.427496e-002
+1.710410e+004	   -1.892199e-002
+1.713256e+004	   -3.812185e-002
+1.716106e+004	   -3.245512e-002
+1.718961e+004	   -4.349277e-002
+1.721821e+004	   -6.513888e-002
+1.724686e+004	   -6.885628e-002
+1.727555e+004	   -9.178830e-002
+1.730430e+004	   -7.827201e-002
+1.733309e+004	   -1.090519e-001
+1.736192e+004	   -9.918726e-002
+1.739081e+004	   -1.236132e-001
+1.741974e+004	   -1.273141e-001
+1.744873e+004	   -1.246843e-001
+1.747776e+004	   -1.274009e-001
+1.750683e+004	   -1.325983e-001
+1.753596e+004	   -1.538773e-001
+1.756514e+004	   -1.667643e-001
+1.759436e+004	   -1.708254e-001
+1.762363e+004	   -1.713561e-001
+1.765296e+004	   -1.912181e-001
+1.768232e+004	   -1.799927e-001
+1.771174e+004	   -2.028382e-001
+1.774121e+004	   -2.001199e-001
+1.777073e+004	   -2.042014e-001
+1.780029e+004	   -2.174994e-001
+1.782991e+004	   -2.379141e-001
+1.785957e+004	   -2.504759e-001
+1.788929e+004	   -2.431830e-001
+1.791905e+004	   -2.486281e-001
+1.794886e+004	   -2.618464e-001
+1.797873e+004	   -2.797590e-001
+1.800864e+004	   -2.762378e-001
+1.803860e+004	   -3.010348e-001
+1.806861e+004	   -2.984923e-001
+1.809867e+004	   -2.922664e-001
+1.812879e+004	   -3.172727e-001
+1.815895e+004	   -3.331172e-001
+1.818916e+004	   -3.205151e-001
+1.821942e+004	   -3.360802e-001
+1.824973e+004	   -3.534949e-001
+1.828010e+004	   -3.549140e-001
+1.831051e+004	   -3.573040e-001
+1.834097e+004	   -3.596391e-001
+1.837149e+004	   -3.830485e-001
+1.840205e+004	   -3.953799e-001
+1.843267e+004	   -3.889846e-001
+1.846334e+004	   -4.153433e-001
+1.849406e+004	   -4.071310e-001
+1.852482e+004	   -4.037545e-001
+1.855565e+004	   -4.233228e-001
+1.858652e+004	   -4.344191e-001
+1.861744e+004	   -4.455841e-001
+1.864842e+004	   -4.436491e-001
+1.867944e+004	   -4.637230e-001
+1.871052e+004	   -4.608668e-001
+1.874165e+004	   -4.916819e-001
+1.877283e+004	   -4.670461e-001
+1.880406e+004	   -5.001657e-001
+1.883535e+004	   -5.001798e-001
+1.886669e+004	   -5.231516e-001
+1.889808e+004	   -5.149337e-001
+1.892952e+004	   -5.174138e-001
+1.896101e+004	   -5.166970e-001
+1.899256e+004	   -5.240597e-001
+1.902416e+004	   -5.657625e-001
+1.905581e+004	   -5.585185e-001
+1.908751e+004	   -5.844762e-001
+1.911927e+004	   -5.796661e-001
+1.915108e+004	   -5.412078e-001
+1.918294e+004	   -5.823197e-001
+1.921486e+004	   -5.926894e-001
+1.924682e+004	   -6.373019e-001
+1.927885e+004	   -5.822968e-001
+1.931092e+004	   -6.419699e-001
+1.934305e+004	   -6.035850e-001
+1.937523e+004	   -7.003744e-001
+1.940747e+004	   -6.269367e-001
+1.943976e+004	   -5.788108e-001
+1.947210e+004	   -5.323206e-001
+1.950450e+004	   -8.061795e-001
+1.953695e+004	   -5.484428e-001
+1.956945e+004	   -7.147806e-001
+1.960201e+004	   -8.254610e-001
+1.963462e+004	   -6.060438e-001
+1.966729e+004	   -6.849350e-001
+1.970001e+004	   -7.386905e-001
+1.973279e+004	   -7.452944e-001
+1.976562e+004	   -7.285168e-001
+1.979850e+004	   -7.212093e-001
+1.983144e+004	   -7.608982e-001
+1.986444e+004	   -7.516015e-001
+1.989749e+004	   -7.626476e-001
+1.993059e+004	   -7.775503e-001
+1.996375e+004	   -7.679163e-001
+1.999696e+004	   -7.948472e-001
+2.003023e+004	   -7.809828e-001
+2.006356e+004	   -7.894278e-001
+2.009694e+004	   -8.029600e-001
+2.013038e+004	   -7.977003e-001
+2.016387e+004	   -8.351441e-001
+2.019742e+004	   -8.531848e-001
+2.023102e+004	   -8.354133e-001
+2.026468e+004	   -8.322679e-001
+2.029839e+004	   -8.514265e-001
+2.033217e+004	   -8.545899e-001
+2.036599e+004	   -8.639132e-001
+2.039988e+004	   -8.688927e-001
+2.043382e+004	   -9.122841e-001
+2.046781e+004	   -8.867308e-001
+2.050187e+004	   -8.968028e-001
+2.053598e+004	   -9.085895e-001
+2.057014e+004	   -9.152387e-001
+2.060437e+004	   -9.452358e-001
+2.063865e+004	   -9.394411e-001
+2.067298e+004	   -9.444594e-001
+2.070738e+004	   -9.431060e-001
+2.074183e+004	   -9.494853e-001
+2.077634e+004	   -9.687467e-001
+2.081091e+004	   -9.959608e-001
+2.084553e+004	   -9.836936e-001
+2.088021e+004	   -9.804023e-001
+2.091495e+004	   -1.003438e+000
+2.094975e+004	   -1.013542e+000
+2.098461e+004	   -1.007992e+000
+2.101952e+004	   -1.029646e+000
+2.105449e+004	   -1.032048e+000
+2.108952e+004	   -1.048819e+000
+2.112461e+004	   -1.039341e+000
+2.115975e+004	   -1.053409e+000
+2.119496e+004	   -1.063143e+000
+2.123022e+004	   -1.058268e+000
+2.126554e+004	   -1.071281e+000
+2.130092e+004	   -1.101446e+000
+2.133636e+004	   -1.096209e+000
+2.137186e+004	   -1.093008e+000
+2.140742e+004	   -1.120135e+000
+2.144303e+004	   -1.136658e+000
+2.147871e+004	   -1.133902e+000
+2.151444e+004	   -1.124654e+000
+2.155024e+004	   -1.137152e+000
+2.158609e+004	   -1.167087e+000
+2.162201e+004	   -1.165022e+000
+2.165798e+004	   -1.161622e+000
+2.169401e+004	   -1.198501e+000
+2.173011e+004	   -1.200966e+000
+2.176626e+004	   -1.201777e+000
+2.180247e+004	   -1.198605e+000
+2.183875e+004	   -1.207801e+000
+2.187508e+004	   -1.229497e+000
+2.191148e+004	   -1.226113e+000
+2.194793e+004	   -1.227871e+000
+2.198445e+004	   -1.249285e+000
+2.202102e+004	   -1.265196e+000
+2.205766e+004	   -1.266466e+000
+2.209436e+004	   -1.279315e+000
+2.213112e+004	   -1.300880e+000
+2.216794e+004	   -1.282293e+000
+2.220482e+004	   -1.294284e+000
+2.224176e+004	   -1.306949e+000
+2.227877e+004	   -1.314423e+000
+2.231584e+004	   -1.318489e+000
+2.235296e+004	   -1.333053e+000
+2.239015e+004	   -1.325800e+000
+2.242740e+004	   -1.365309e+000
+2.246472e+004	   -1.356232e+000
+2.250209e+004	   -1.367396e+000
+2.253953e+004	   -1.381384e+000
+2.257703e+004	   -1.367713e+000
+2.261459e+004	   -1.398042e+000
+2.265222e+004	   -1.398941e+000
+2.268991e+004	   -1.405130e+000
+2.272766e+004	   -1.399951e+000
+2.276547e+004	   -1.417175e+000
+2.280335e+004	   -1.436373e+000
+2.284129e+004	   -1.456287e+000
+2.287929e+004	   -1.443177e+000
+2.291735e+004	   -1.449954e+000
+2.295548e+004	   -1.471982e+000
+2.299367e+004	   -1.467834e+000
+2.303193e+004	   -1.501747e+000
+2.307025e+004	   -1.485853e+000
+2.310863e+004	   -1.492957e+000
+2.314708e+004	   -1.524824e+000
+2.318559e+004	   -1.506721e+000
+2.322416e+004	   -1.528454e+000
+2.326280e+004	   -1.532545e+000
+2.330151e+004	   -1.556981e+000
+2.334027e+004	   -1.563800e+000
+2.337911e+004	   -1.570986e+000
+2.341800e+004	   -1.570456e+000
+2.345696e+004	   -1.600596e+000
+2.349599e+004	   -1.592880e+000
+2.353508e+004	   -1.608178e+000
+2.357424e+004	   -1.610277e+000
+2.361346e+004	   -1.609956e+000
+2.365275e+004	   -1.610551e+000
+2.369210e+004	   -1.627068e+000
+2.373152e+004	   -1.641292e+000
+2.377100e+004	   -1.661058e+000
+2.381055e+004	   -1.659678e+000
+2.385016e+004	   -1.668666e+000
+2.388985e+004	   -1.682060e+000
+2.392959e+004	   -1.699195e+000
+2.396940e+004	   -1.694724e+000
+2.400928e+004	   -1.695824e+000
+2.404923e+004	   -1.727242e+000
+2.408924e+004	   -1.724280e+000
+2.412932e+004	   -1.720722e+000
+2.416946e+004	   -1.732341e+000
+2.420968e+004	   -1.754009e+000
+2.424996e+004	   -1.762343e+000
+2.429030e+004	   -1.750298e+000
+2.433071e+004	   -1.773550e+000
+2.437119e+004	   -1.780450e+000
+2.441174e+004	   -1.805594e+000
+2.445236e+004	   -1.792642e+000
+2.449304e+004	   -1.816506e+000
+2.453379e+004	   -1.821150e+000
+2.457461e+004	   -1.837544e+000
+2.461549e+004	   -1.849985e+000
+2.465645e+004	   -1.851272e+000
+2.469747e+004	   -1.855870e+000
+2.473856e+004	   -1.881831e+000
+2.477972e+004	   -1.878551e+000
+2.482095e+004	   -1.887572e+000
+2.486224e+004	   -1.889324e+000
+2.490361e+004	   -1.901484e+000
+2.494504e+004	   -1.932979e+000
+2.498654e+004	   -1.916705e+000
+2.502811e+004	   -1.933218e+000
+2.506975e+004	   -1.949276e+000
+2.511146e+004	   -1.958156e+000
+2.515324e+004	   -1.964696e+000
+2.519509e+004	   -1.981569e+000
+2.523701e+004	   -1.981601e+000
+2.527900e+004	   -1.983021e+000
+2.532105e+004	   -1.990923e+000
+2.536318e+004	   -2.017337e+000
+2.540538e+004	   -2.029880e+000
+2.544765e+004	   -2.046314e+000
+2.548999e+004	   -2.049003e+000
+2.553239e+004	   -2.059119e+000
+2.557488e+004	   -2.071289e+000
+2.561742e+004	   -2.077952e+000
+2.566004e+004	   -2.083240e+000
+2.570274e+004	   -2.084820e+000
+2.574550e+004	   -2.093106e+000
+2.578833e+004	   -2.109102e+000
+2.583124e+004	   -2.130090e+000
+2.587422e+004	   -2.126597e+000
+2.591726e+004	   -2.127014e+000
+2.596038e+004	   -2.128550e+000
+2.600358e+004	   -2.164168e+000
+2.604684e+004	   -2.171594e+000
+2.609017e+004	   -2.200913e+000
+2.613358e+004	   -2.195418e+000
+2.617706e+004	   -2.209523e+000
+2.622061e+004	   -2.207643e+000
+2.626424e+004	   -2.234297e+000
+2.630794e+004	   -2.230619e+000
+2.635171e+004	   -2.240143e+000
+2.639555e+004	   -2.256408e+000
+2.643946e+004	   -2.261210e+000
+2.648345e+004	   -2.275919e+000
+2.652751e+004	   -2.275478e+000
+2.657165e+004	   -2.298811e+000
+2.661586e+004	   -2.306232e+000
+2.666014e+004	   -2.318182e+000
+2.670449e+004	   -2.320076e+000
+2.674892e+004	   -2.343120e+000
+2.679343e+004	   -2.350930e+000
+2.683800e+004	   -2.362308e+000
+2.688266e+004	   -2.365088e+000
+2.692738e+004	   -2.374369e+000
+2.697218e+004	   -2.386168e+000
+2.701706e+004	   -2.409483e+000
+2.706201e+004	   -2.404009e+000
+2.710703e+004	   -2.407928e+000
+2.715213e+004	   -2.435946e+000
+2.719730e+004	   -2.423757e+000
+2.724255e+004	   -2.450874e+000
+2.728788e+004	   -2.449305e+000
+2.733328e+004	   -2.471506e+000
+2.737876e+004	   -2.475277e+000
+2.742431e+004	   -2.494010e+000
+2.746993e+004	   -2.496752e+000
+2.751564e+004	   -2.518355e+000
+2.756142e+004	   -2.511559e+000
+2.760727e+004	   -2.549418e+000
+2.765320e+004	   -2.546909e+000
+2.769921e+004	   -2.556036e+000
+2.774529e+004	   -2.561495e+000
+2.779146e+004	   -2.564008e+000
+2.783769e+004	   -2.597342e+000
+2.788401e+004	   -2.578649e+000
+2.793040e+004	   -2.630981e+000
+2.797687e+004	   -2.617022e+000
+2.802342e+004	   -2.648809e+000
+2.807004e+004	   -2.627611e+000
+2.811674e+004	   -2.679154e+000
+2.816352e+004	   -2.667536e+000
+2.821038e+004	   -2.692598e+000
+2.825731e+004	   -2.676356e+000
+2.830433e+004	   -2.712306e+000
+2.835142e+004	   -2.714984e+000
+2.839859e+004	   -2.722523e+000
+2.844583e+004	   -2.733746e+000
+2.849316e+004	   -2.734000e+000
+2.854057e+004	   -2.769318e+000
+2.858805e+004	   -2.756451e+000
+2.863561e+004	   -2.795170e+000
+2.868326e+004	   -2.792755e+000
+2.873098e+004	   -2.808667e+000
+2.877878e+004	   -2.808631e+000
+2.882666e+004	   -2.829479e+000
+2.887462e+004	   -2.825469e+000
+2.892266e+004	   -2.876745e+000
+2.897078e+004	   -2.856927e+000
+2.901898e+004	   -2.906210e+000
+2.906726e+004	   -2.891525e+000
+2.911562e+004	   -2.912188e+000
+2.916406e+004	   -2.908756e+000
+2.921258e+004	   -2.928901e+000
+2.926119e+004	   -2.939946e+000
+2.930987e+004	   -2.941214e+000
+2.935863e+004	   -2.976572e+000
+2.940748e+004	   -2.972124e+000
+2.945640e+004	   -2.993981e+000
+2.950541e+004	   -2.990558e+000
+2.955450e+004	   -3.022442e+000
+2.960367e+004	   -3.001330e+000
+2.965293e+004	   -3.050596e+000
+2.970226e+004	   -3.031194e+000
+2.975168e+004	   -3.081613e+000
+2.980118e+004	   -3.063794e+000
+2.985076e+004	   -3.111838e+000
+2.990042e+004	   -3.098799e+000
+2.995017e+004	   -3.121521e+000
+3.000000e+004	   -3.102986e+000
