+1.770000e+004	   +1.962801e-005
+1.770100e+004	   +2.077827e-005
+1.770200e+004	   +2.136075e-005
+1.770300e+004	   +2.009013e-005
+1.770400e+004	   +1.972241e-005
+1.770500e+004	   +2.009633e-005
+1.770600e+004	   +1.877039e-005
+1.770700e+004	   +1.767849e-005
+1.770800e+004	   +1.847480e-005
+1.770900e+004	   +1.927924e-005
+1.771000e+004	   +1.884533e-005
+1.771100e+004	   +1.911727e-005
+1.771200e+004	   +1.896208e-005
+1.771300e+004	   +1.911368e-005
+1.771400e+004	   +1.816051e-005
+1.771500e+004	   +1.826443e-005
+1.771600e+004	   +2.009642e-005
+1.771700e+004	   +2.028351e-005
+1.771800e+004	   +1.829365e-005
+1.771900e+004	   +1.764165e-005
+1.772000e+004	   +1.763365e-005
+1.772100e+004	   +1.687122e-005
+1.772200e+004	   +1.832035e-005
+1.772300e+004	   +1.946362e-005
+1.772400e+004	   +2.005652e-005
+1.772500e+004	   +2.033971e-005
+1.772600e+004	   +1.904213e-005
+1.772700e+004	   +1.832820e-005
+1.772800e+004	   +1.783414e-005
+1.772900e+004	   +1.850118e-005
+1.773000e+004	   +1.988141e-005
+1.773100e+004	   +1.960382e-005
+1.773200e+004	   +2.132668e-005
+1.773300e+004	   +2.251220e-005
+1.773400e+004	   +1.985926e-005
+1.773500e+004	   +1.778367e-005
+1.773600e+004	   +1.827326e-005
+1.773700e+004	   +1.995789e-005
+1.773800e+004	   +2.088331e-005
+1.773900e+004	   +1.983592e-005
+1.774000e+004	   +1.910047e-005
+1.774100e+004	   +2.007734e-005
+1.774200e+004	   +2.193150e-005
+1.774300e+004	   +2.198854e-005
+1.774400e+004	   +2.083849e-005
+1.774500e+004	   +2.009390e-005
+1.774600e+004	   +2.016016e-005
+1.774700e+004	   +2.011702e-005
+1.774800e+004	   +1.773567e-005
+1.774900e+004	   +1.877156e-005
+1.775000e+004	   +2.091080e-005
+1.775100e+004	   +2.056865e-005
+1.775200e+004	   +1.929591e-005
+1.775300e+004	   +1.866947e-005
+1.775400e+004	   +1.824145e-005
+1.775500e+004	   +2.024613e-005
+1.775600e+004	   +2.151077e-005
+1.775700e+004	   +2.058613e-005
+1.775800e+004	   +1.978555e-005
+1.775900e+004	   +1.981329e-005
+1.776000e+004	   +2.174397e-005
+1.776100e+004	   +2.248093e-005
+1.776200e+004	   +2.041014e-005
+1.776300e+004	   +1.925530e-005
+1.776400e+004	   +1.887809e-005
+1.776500e+004	   +1.956415e-005
+1.776600e+004	   +2.155685e-005
+1.776700e+004	   +2.337687e-005
+1.776800e+004	   +2.320334e-005
+1.776900e+004	   +1.973719e-005
+1.777000e+004	   +1.846344e-005
+1.777100e+004	   +1.960044e-005
+1.777200e+004	   +2.000684e-005
+1.777300e+004	   +1.911769e-005
+1.777400e+004	   +1.917628e-005
+1.777500e+004	   +1.826961e-005
+1.777600e+004	   +2.019223e-005
+1.777700e+004	   +2.203601e-005
+1.777800e+004	   +2.181342e-005
+1.777900e+004	   +2.038145e-005
+1.778000e+004	   +1.889458e-005
+1.778100e+004	   +1.772700e-005
+1.778200e+004	   +1.687245e-005
+1.778300e+004	   +1.936408e-005
+1.778400e+004	   +2.085096e-005
+1.778500e+004	   +1.719198e-005
+1.778600e+004	   +1.614078e-005
+1.778700e+004	   +1.865474e-005
+1.778800e+004	   +2.064780e-005
+1.778900e+004	   +1.958732e-005
+1.779000e+004	   +1.884574e-005
+1.779100e+004	   +1.898479e-005
+1.779200e+004	   +1.871333e-005
+1.779300e+004	   +1.916584e-005
+1.779400e+004	   +1.859245e-005
+1.779500e+004	   +1.714124e-005
+1.779600e+004	   +1.706354e-005
+1.779700e+004	   +1.914452e-005
+1.779800e+004	   +2.117002e-005
+1.779900e+004	   +1.988355e-005
+1.780000e+004	   +1.993107e-005
+1.780100e+004	   +2.091154e-005
+1.780200e+004	   +1.967948e-005
+1.780300e+004	   +1.996854e-005
+1.780400e+004	   +2.037329e-005
+1.780500e+004	   +2.022154e-005
+1.780600e+004	   +2.012718e-005
+1.780700e+004	   +1.937590e-005
+1.780800e+004	   +2.003482e-005
+1.780900e+004	   +2.080180e-005
+1.781000e+004	   +1.929394e-005
+1.781100e+004	   +1.794825e-005
+1.781200e+004	   +1.730059e-005
+1.781300e+004	   +1.786571e-005
+1.781400e+004	   +1.828079e-005
+1.781500e+004	   +1.802266e-005
+1.781600e+004	   +1.847273e-005
+1.781700e+004	   +2.024242e-005
+1.781800e+004	   +1.927757e-005
+1.781900e+004	   +1.806980e-005
+1.782000e+004	   +1.864552e-005
+1.782100e+004	   +1.876855e-005
+1.782200e+004	   +1.870706e-005
+1.782300e+004	   +1.945939e-005
+1.782400e+004	   +2.044863e-005
+1.782500e+004	   +1.984104e-005
+1.782600e+004	   +1.886392e-005
+1.782700e+004	   +1.895327e-005
+1.782800e+004	   +2.008826e-005
+1.782900e+004	   +2.136352e-005
+1.783000e+004	   +2.196680e-005
+1.783100e+004	   +1.943204e-005
+1.783200e+004	   +1.802747e-005
+1.783300e+004	   +1.842292e-005
+1.783400e+004	   +1.941027e-005
+1.783500e+004	   +2.156208e-005
+1.783600e+004	   +2.166455e-005
+1.783700e+004	   +1.892113e-005
+1.783800e+004	   +1.759167e-005
+1.783900e+004	   +1.926081e-005
+1.784000e+004	   +2.059258e-005
+1.784100e+004	   +2.007805e-005
+1.784200e+004	   +1.997095e-005
+1.784300e+004	   +1.963764e-005
+1.784400e+004	   +1.831904e-005
+1.784500e+004	   +1.708487e-005
+1.784600e+004	   +1.789137e-005
+1.784700e+004	   +1.920422e-005
+1.784800e+004	   +1.990537e-005
+1.784900e+004	   +2.085600e-005
+1.785000e+004	   +1.983738e-005
+1.785100e+004	   +2.031077e-005
+1.785200e+004	   +2.069635e-005
+1.785300e+004	   +1.979107e-005
+1.785400e+004	   +1.925980e-005
+1.785500e+004	   +1.933066e-005
+1.785600e+004	   +1.911478e-005
+1.785700e+004	   +1.909887e-005
+1.785800e+004	   +2.028198e-005
+1.785900e+004	   +2.028369e-005
+1.786000e+004	   +1.988455e-005
+1.786100e+004	   +1.893233e-005
+1.786200e+004	   +2.055910e-005
+1.786300e+004	   +2.045222e-005
+1.786400e+004	   +1.792694e-005
+1.786500e+004	   +1.937073e-005
+1.786600e+004	   +2.116330e-005
+1.786700e+004	   +1.985778e-005
+1.786800e+004	   +1.997427e-005
+1.786900e+004	   +2.122432e-005
+1.787000e+004	   +2.056770e-005
+1.787100e+004	   +2.050443e-005
+1.787200e+004	   +2.074551e-005
+1.787300e+004	   +2.008760e-005
+1.787400e+004	   +1.915166e-005
+1.787500e+004	   +1.737169e-005
+1.787600e+004	   +1.678002e-005
+1.787700e+004	   +1.581354e-005
+1.787800e+004	   +1.684111e-005
+1.787900e+004	   +1.866336e-005
+1.788000e+004	   +1.935832e-005
+1.788100e+004	   +1.816360e-005
+1.788200e+004	   +1.700173e-005
+1.788300e+004	   +1.810260e-005
+1.788400e+004	   +1.951069e-005
+1.788500e+004	   +1.979400e-005
+1.788600e+004	   +1.934319e-005
+1.788700e+004	   +1.845410e-005
+1.788800e+004	   +1.977595e-005
+1.788900e+004	   +2.257571e-005
+1.789000e+004	   +2.185146e-005
+1.789100e+004	   +1.864483e-005
+1.789200e+004	   +1.898270e-005
+1.789300e+004	   +2.104728e-005
+1.789400e+004	   +2.132921e-005
+1.789500e+004	   +1.958614e-005
+1.789600e+004	   +1.900687e-005
+1.789700e+004	   +2.027557e-005
+1.789800e+004	   +1.911706e-005
+1.789900e+004	   +1.860099e-005
+1.790000e+004	   +1.971934e-005
+1.790100e+004	   +2.049880e-005
+1.790200e+004	   +2.071080e-005
+1.790300e+004	   +2.178192e-005
+1.790400e+004	   +2.075726e-005
+1.790500e+004	   +1.962491e-005
+1.790600e+004	   +1.896318e-005
+1.790700e+004	   +1.867140e-005
+1.790800e+004	   +1.820679e-005
+1.790900e+004	   +1.786003e-005
+1.791000e+004	   +1.750341e-005
+1.791100e+004	   +1.864497e-005
+1.791200e+004	   +1.976772e-005
+1.791300e+004	   +2.103845e-005
+1.791400e+004	   +2.300138e-005
+1.791500e+004	   +2.209794e-005
+1.791600e+004	   +2.024447e-005
+1.791700e+004	   +1.773187e-005
+1.791800e+004	   +1.774168e-005
+1.791900e+004	   +2.103600e-005
+1.792000e+004	   +2.224270e-005
+1.792100e+004	   +2.125137e-005
+1.792200e+004	   +2.058112e-005
+1.792300e+004	   +2.065156e-005
+1.792400e+004	   +2.029670e-005
+1.792500e+004	   +1.931806e-005
+1.792600e+004	   +1.848770e-005
+1.792700e+004	   +1.831492e-005
+1.792800e+004	   +2.075567e-005
+1.792900e+004	   +2.080518e-005
+1.793000e+004	   +1.883176e-005
+1.793100e+004	   +1.783085e-005
+1.793200e+004	   +1.785244e-005
+1.793300e+004	   +1.913441e-005
+1.793400e+004	   +1.957541e-005
+1.793500e+004	   +1.967759e-005
+1.793600e+004	   +2.006981e-005
+1.793700e+004	   +1.911782e-005
+1.793800e+004	   +1.660922e-005
+1.793900e+004	   +1.679392e-005
+1.794000e+004	   +2.045698e-005
+1.794100e+004	   +2.247441e-005
+1.794200e+004	   +2.082941e-005
+1.794300e+004	   +1.942739e-005
+1.794400e+004	   +1.875125e-005
+1.794500e+004	   +1.897136e-005
+1.794600e+004	   +2.091197e-005
+1.794700e+004	   +1.979239e-005
+1.794800e+004	   +1.755591e-005
+1.794900e+004	   +1.841362e-005
+1.795000e+004	   +2.064036e-005
+1.795100e+004	   +2.189584e-005
+1.795200e+004	   +2.082978e-005
+1.795300e+004	   +1.880593e-005
+1.795400e+004	   +1.807573e-005
+1.795500e+004	   +1.794855e-005
+1.795600e+004	   +1.870996e-005
+1.795700e+004	   +2.092325e-005
+1.795800e+004	   +2.030838e-005
+1.795900e+004	   +1.938110e-005
+1.796000e+004	   +2.114050e-005
+1.796100e+004	   +2.277504e-005
+1.796200e+004	   +2.122539e-005
+1.796300e+004	   +2.059332e-005
+1.796400e+004	   +2.155387e-005
+1.796500e+004	   +2.099380e-005
+1.796600e+004	   +2.122108e-005
+1.796700e+004	   +1.998980e-005
+1.796800e+004	   +1.705271e-005
+1.796900e+004	   +1.560861e-005
+1.797000e+004	   +1.757861e-005
+1.797100e+004	   +2.039276e-005
+1.797200e+004	   +2.044474e-005
+1.797300e+004	   +2.101188e-005
+1.797400e+004	   +2.065732e-005
+1.797500e+004	   +1.871047e-005
+1.797600e+004	   +1.763851e-005
+1.797700e+004	   +1.912275e-005
+1.797800e+004	   +2.255337e-005
+1.797900e+004	   +2.172965e-005
+1.798000e+004	   +1.788469e-005
+1.798100e+004	   +1.747886e-005
+1.798200e+004	   +1.845037e-005
+1.798300e+004	   +1.735416e-005
+1.798400e+004	   +1.807599e-005
+1.798500e+004	   +1.744466e-005
+1.798600e+004	   +1.738563e-005
+1.798700e+004	   +1.976557e-005
+1.798800e+004	   +2.023811e-005
+1.798900e+004	   +2.014956e-005
+1.799000e+004	   +1.896595e-005
+1.799100e+004	   +1.733937e-005
+1.799200e+004	   +1.831629e-005
+1.799300e+004	   +2.022843e-005
+1.799400e+004	   +2.059816e-005
+1.799500e+004	   +1.958289e-005
+1.799600e+004	   +1.930487e-005
+1.799700e+004	   +1.991228e-005
+1.799800e+004	   +2.047213e-005
+1.799900e+004	   +1.892686e-005
+1.800000e+004	   +1.808681e-005
+1.800100e+004	   +1.782600e-005
+1.800200e+004	   +1.859194e-005
+1.800300e+004	   +1.888846e-005
+1.800400e+004	   +1.845622e-005
+1.800500e+004	   +1.854910e-005
+1.800600e+004	   +1.921129e-005
+1.800700e+004	   +1.777959e-005
+1.800800e+004	   +1.696859e-005
+1.800900e+004	   +1.853363e-005
+1.801000e+004	   +1.839771e-005
+1.801100e+004	   +1.744384e-005
+1.801200e+004	   +1.874176e-005
+1.801300e+004	   +1.817428e-005
+1.801400e+004	   +1.658058e-005
+1.801500e+004	   +1.677099e-005
+1.801600e+004	   +1.784019e-005
+1.801700e+004	   +1.879466e-005
+1.801800e+004	   +1.974982e-005
+1.801900e+004	   +1.930477e-005
+1.802000e+004	   +1.778668e-005
+1.802100e+004	   +1.989744e-005
+1.802200e+004	   +2.184191e-005
+1.802300e+004	   +2.054017e-005
+1.802400e+004	   +1.766423e-005
+1.802500e+004	   +1.701814e-005
+1.802600e+004	   +1.827711e-005
+1.802700e+004	   +1.859356e-005
+1.802800e+004	   +1.841050e-005
+1.802900e+004	   +1.986698e-005
+1.803000e+004	   +1.923423e-005
+1.803100e+004	   +1.764715e-005
+1.803200e+004	   +1.754304e-005
+1.803300e+004	   +1.936842e-005
+1.803400e+004	   +2.134064e-005
+1.803500e+004	   +2.115020e-005
+1.803600e+004	   +1.921196e-005
+1.803700e+004	   +1.799195e-005
+1.803800e+004	   +1.741790e-005
+1.803900e+004	   +1.704067e-005
+1.804000e+004	   +1.809100e-005
+1.804100e+004	   +1.948751e-005
+1.804200e+004	   +1.990004e-005
+1.804300e+004	   +2.143532e-005
+1.804400e+004	   +2.088127e-005
+1.804500e+004	   +2.036432e-005
+1.804600e+004	   +2.084691e-005
+1.804700e+004	   +1.948629e-005
+1.804800e+004	   +1.896322e-005
+1.804900e+004	   +1.825046e-005
+1.805000e+004	   +1.795227e-005
+1.805100e+004	   +1.817549e-005
+1.805200e+004	   +1.889252e-005
+1.805300e+004	   +2.013591e-005
+1.805400e+004	   +2.004274e-005
+1.805500e+004	   +1.990257e-005
+1.805600e+004	   +1.924281e-005
+1.805700e+004	   +1.743801e-005
+1.805800e+004	   +1.601713e-005
+1.805900e+004	   +1.671210e-005
+1.806000e+004	   +1.836617e-005
+1.806100e+004	   +2.155974e-005
+1.806200e+004	   +2.320640e-005
+1.806300e+004	   +2.228864e-005
+1.806400e+004	   +1.994072e-005
+1.806500e+004	   +1.864280e-005
+1.806600e+004	   +1.916328e-005
+1.806700e+004	   +1.875531e-005
+1.806800e+004	   +1.766749e-005
+1.806900e+004	   +1.776566e-005
+1.807000e+004	   +1.995449e-005
+1.807100e+004	   +2.013370e-005
+1.807200e+004	   +2.013308e-005
+1.807300e+004	   +2.162287e-005
+1.807400e+004	   +2.097823e-005
+1.807500e+004	   +1.885963e-005
+1.807600e+004	   +1.740032e-005
+1.807700e+004	   +1.889877e-005
+1.807800e+004	   +1.935341e-005
+1.807900e+004	   +1.828281e-005
+1.808000e+004	   +1.732215e-005
+1.808100e+004	   +1.689621e-005
+1.808200e+004	   +1.792043e-005
+1.808300e+004	   +1.799849e-005
+1.808400e+004	   +1.845256e-005
+1.808500e+004	   +1.797112e-005
+1.808600e+004	   +1.640003e-005
+1.808700e+004	   +1.696784e-005
+1.808800e+004	   +1.801678e-005
+1.808900e+004	   +1.856459e-005
+1.809000e+004	   +1.994118e-005
+1.809100e+004	   +1.925868e-005
+1.809200e+004	   +1.752333e-005
+1.809300e+004	   +1.917477e-005
+1.809400e+004	   +1.938173e-005
+1.809500e+004	   +1.949840e-005
+1.809600e+004	   +1.849452e-005
+1.809700e+004	   +1.814090e-005
+1.809800e+004	   +1.913573e-005
+1.809900e+004	   +2.028743e-005
+1.810000e+004	   +3.360836e-005
+1.810100e+004	   +6.289297e-005
+1.810200e+004	   +8.198996e-005
+1.810300e+004	   +6.708344e-005
+1.810400e+004	   +3.422115e-005
+1.810500e+004	   +2.019186e-005
+1.810600e+004	   +1.970851e-005
+1.810700e+004	   +1.948421e-005
+1.810800e+004	   +1.992958e-005
+1.810900e+004	   +1.994133e-005
+1.811000e+004	   +1.982093e-005
+1.811100e+004	   +2.083204e-005
+1.811200e+004	   +2.043907e-005
+1.811300e+004	   +1.814001e-005
+1.811400e+004	   +1.789679e-005
+1.811500e+004	   +1.864667e-005
+1.811600e+004	   +1.895246e-005
+1.811700e+004	   +2.089396e-005
+1.811800e+004	   +2.369255e-005
+1.811900e+004	   +2.396675e-005
+1.812000e+004	   +2.193292e-005
+1.812100e+004	   +1.957317e-005
+1.812200e+004	   +1.712685e-005
+1.812300e+004	   +1.852643e-005
+1.812400e+004	   +2.105225e-005
+1.812500e+004	   +2.084872e-005
+1.812600e+004	   +1.975245e-005
+1.812700e+004	   +1.980422e-005
+1.812800e+004	   +2.116042e-005
+1.812900e+004	   +2.149150e-005
+1.813000e+004	   +2.063889e-005
+1.813100e+004	   +1.944071e-005
+1.813200e+004	   +1.886893e-005
+1.813300e+004	   +2.009271e-005
+1.813400e+004	   +1.959840e-005
+1.813500e+004	   +1.786418e-005
+1.813600e+004	   +1.842955e-005
+1.813700e+004	   +1.823598e-005
+1.813800e+004	   +1.735820e-005
+1.813900e+004	   +1.802367e-005
+1.814000e+004	   +1.851014e-005
+1.814100e+004	   +1.897857e-005
+1.814200e+004	   +1.832987e-005
+1.814300e+004	   +1.720391e-005
+1.814400e+004	   +1.819574e-005
+1.814500e+004	   +1.775731e-005
+1.814600e+004	   +1.767424e-005
+1.814700e+004	   +1.712188e-005
+1.814800e+004	   +1.863353e-005
+1.814900e+004	   +2.336591e-005
+1.815000e+004	   +2.293302e-005
+1.815100e+004	   +2.133973e-005
+1.815200e+004	   +2.038400e-005
+1.815300e+004	   +1.998306e-005
+1.815400e+004	   +1.904274e-005
+1.815500e+004	   +1.912450e-005
+1.815600e+004	   +1.850129e-005
+1.815700e+004	   +1.799278e-005
+1.815800e+004	   +1.830268e-005
+1.815900e+004	   +1.890445e-005
+1.816000e+004	   +1.897376e-005
+1.816100e+004	   +1.813136e-005
+1.816200e+004	   +1.838350e-005
+1.816300e+004	   +2.035146e-005
+1.816400e+004	   +2.099468e-005
+1.816500e+004	   +1.874524e-005
+1.816600e+004	   +1.898437e-005
+1.816700e+004	   +2.136024e-005
+1.816800e+004	   +2.154036e-005
+1.816900e+004	   +1.951515e-005
+1.817000e+004	   +1.839016e-005
+1.817100e+004	   +1.866541e-005
+1.817200e+004	   +1.807102e-005
+1.817300e+004	   +1.741829e-005
+1.817400e+004	   +1.764312e-005
+1.817500e+004	   +1.824828e-005
+1.817600e+004	   +1.869181e-005
+1.817700e+004	   +1.961267e-005
+1.817800e+004	   +1.920420e-005
+1.817900e+004	   +1.872369e-005
+1.818000e+004	   +1.858400e-005
+1.818100e+004	   +1.860140e-005
+1.818200e+004	   +1.954863e-005
+1.818300e+004	   +1.903218e-005
+1.818400e+004	   +1.905294e-005
+1.818500e+004	   +2.064437e-005
+1.818600e+004	   +2.161086e-005
+1.818700e+004	   +2.120957e-005
+1.818800e+004	   +2.022267e-005
+1.818900e+004	   +2.052195e-005
+1.819000e+004	   +2.012433e-005
+1.819100e+004	   +1.957158e-005
+1.819200e+004	   +1.890232e-005
+1.819300e+004	   +1.973222e-005
+1.819400e+004	   +2.016370e-005
+1.819500e+004	   +2.074874e-005
+1.819600e+004	   +2.167240e-005
+1.819700e+004	   +2.086903e-005
+1.819800e+004	   +2.088838e-005
+1.819900e+004	   +2.211328e-005
+1.820000e+004	   +2.147759e-005
+1.820100e+004	   +1.963844e-005
+1.820200e+004	   +1.863316e-005
+1.820300e+004	   +1.898368e-005
+1.820400e+004	   +1.979502e-005
+1.820500e+004	   +1.875092e-005
+1.820600e+004	   +1.768548e-005
+1.820700e+004	   +1.747320e-005
+1.820800e+004	   +1.850541e-005
+1.820900e+004	   +1.915307e-005
+1.821000e+004	   +1.779359e-005
+1.821100e+004	   +1.834003e-005
+1.821200e+004	   +1.883215e-005
+1.821300e+004	   +1.892776e-005
+1.821400e+004	   +2.003612e-005
+1.821500e+004	   +1.991145e-005
+1.821600e+004	   +1.865965e-005
+1.821700e+004	   +1.863658e-005
+1.821800e+004	   +2.007734e-005
+1.821900e+004	   +2.125244e-005
+1.822000e+004	   +2.092256e-005
+1.822100e+004	   +2.046651e-005
+1.822200e+004	   +1.955983e-005
+1.822300e+004	   +1.957792e-005
+1.822400e+004	   +1.980779e-005
+1.822500e+004	   +1.874006e-005
+1.822600e+004	   +1.926712e-005
+1.822700e+004	   +2.040171e-005
+1.822800e+004	   +1.988012e-005
+1.822900e+004	   +1.947805e-005
+1.823000e+004	   +1.874154e-005
+1.823100e+004	   +1.780167e-005
+1.823200e+004	   +1.826361e-005
+1.823300e+004	   +2.022470e-005
+1.823400e+004	   +2.225944e-005
+1.823500e+004	   +2.156402e-005
+1.823600e+004	   +2.118948e-005
+1.823700e+004	   +2.122912e-005
+1.823800e+004	   +1.948556e-005
+1.823900e+004	   +1.941867e-005
+1.824000e+004	   +2.152719e-005
+1.824100e+004	   +2.091255e-005
+1.824200e+004	   +1.853215e-005
+1.824300e+004	   +1.838430e-005
+1.824400e+004	   +1.635213e-005
+1.824500e+004	   +1.535972e-005
+1.824600e+004	   +1.728047e-005
+1.824700e+004	   +1.806170e-005
+1.824800e+004	   +1.917268e-005
+1.824900e+004	   +1.920401e-005
+1.825000e+004	   +1.751550e-005
+1.825100e+004	   +1.709776e-005
+1.825200e+004	   +1.736186e-005
+1.825300e+004	   +1.868992e-005
+1.825400e+004	   +2.050659e-005
+1.825500e+004	   +2.246408e-005
+1.825600e+004	   +2.290129e-005
+1.825700e+004	   +2.142598e-005
+1.825800e+004	   +2.081681e-005
+1.825900e+004	   +2.287071e-005
+1.826000e+004	   +2.332265e-005
+1.826100e+004	   +2.048067e-005
+1.826200e+004	   +1.989436e-005
+1.826300e+004	   +1.990919e-005
+1.826400e+004	   +1.898116e-005
+1.826500e+004	   +1.913714e-005
+1.826600e+004	   +1.905909e-005
+1.826700e+004	   +1.824123e-005
+1.826800e+004	   +1.676394e-005
+1.826900e+004	   +1.682346e-005
+1.827000e+004	   +1.942884e-005
+1.827100e+004	   +2.185837e-005
+1.827200e+004	   +2.200282e-005
+1.827300e+004	   +2.211563e-005
+1.827400e+004	   +1.998807e-005
+1.827500e+004	   +1.951742e-005
+1.827600e+004	   +2.113936e-005
+1.827700e+004	   +2.099588e-005
+1.827800e+004	   +2.020173e-005
+1.827900e+004	   +1.988737e-005
+1.828000e+004	   +2.055235e-005
+1.828100e+004	   +1.929292e-005
+1.828200e+004	   +2.014049e-005
+1.828300e+004	   +2.032257e-005
+1.828400e+004	   +1.798297e-005
+1.828500e+004	   +1.712931e-005
+1.828600e+004	   +1.888288e-005
+1.828700e+004	   +1.991368e-005
+1.828800e+004	   +2.123077e-005
+1.828900e+004	   +2.156449e-005
+1.829000e+004	   +2.051355e-005
+1.829100e+004	   +2.103764e-005
+1.829200e+004	   +2.083318e-005
+1.829300e+004	   +2.029989e-005
+1.829400e+004	   +2.090685e-005
+1.829500e+004	   +2.139544e-005
+1.829600e+004	   +1.952486e-005
+1.829700e+004	   +1.796392e-005
+1.829800e+004	   +1.754160e-005
+1.829900e+004	   +1.838727e-005
+1.830000e+004	   +1.931197e-005
+1.830100e+004	   +1.892956e-005
+1.830200e+004	   +2.116121e-005
+1.830300e+004	   +2.070689e-005
+1.830400e+004	   +1.714658e-005
+1.830500e+004	   +1.677000e-005
+1.830600e+004	   +1.823530e-005
+1.830700e+004	   +2.014347e-005
+1.830800e+004	   +2.091996e-005
+1.830900e+004	   +2.008389e-005
+1.831000e+004	   +1.801615e-005
+1.831100e+004	   +1.723227e-005
+1.831200e+004	   +1.683435e-005
+1.831300e+004	   +1.743195e-005
+1.831400e+004	   +1.733333e-005
+1.831500e+004	   +1.759630e-005
+1.831600e+004	   +1.846397e-005
+1.831700e+004	   +1.867105e-005
+1.831800e+004	   +1.930383e-005
+1.831900e+004	   +2.085266e-005
+1.832000e+004	   +2.029336e-005
+1.832100e+004	   +1.982796e-005
+1.832200e+004	   +2.067527e-005
+1.832300e+004	   +1.895436e-005
+1.832400e+004	   +1.779877e-005
+1.832500e+004	   +1.731078e-005
+1.832600e+004	   +1.686243e-005
+1.832700e+004	   +1.680443e-005
+1.832800e+004	   +1.812285e-005
+1.832900e+004	   +1.729360e-005
+1.833000e+004	   +1.940043e-005
+1.833100e+004	   +2.082173e-005
+1.833200e+004	   +2.022456e-005
+1.833300e+004	   +2.014447e-005
+1.833400e+004	   +2.018177e-005
+1.833500e+004	   +2.108121e-005
+1.833600e+004	   +2.166933e-005
+1.833700e+004	   +2.258112e-005
+1.833800e+004	   +2.115652e-005
+1.833900e+004	   +1.817992e-005
+1.834000e+004	   +2.060984e-005
+1.834100e+004	   +2.322934e-005
+1.834200e+004	   +2.177290e-005
+1.834300e+004	   +1.949922e-005
+1.834400e+004	   +2.066206e-005
+1.834500e+004	   +2.115248e-005
+1.834600e+004	   +1.978857e-005
+1.834700e+004	   +1.917456e-005
+1.834800e+004	   +1.810596e-005
+1.834900e+004	   +1.864215e-005
+1.835000e+004	   +2.164441e-005
+1.835100e+004	   +2.264475e-005
+1.835200e+004	   +2.030198e-005
+1.835300e+004	   +1.914738e-005
+1.835400e+004	   +1.885717e-005
+1.835500e+004	   +1.980702e-005
+1.835600e+004	   +1.956134e-005
+1.835700e+004	   +1.817487e-005
+1.835800e+004	   +1.716220e-005
+1.835900e+004	   +1.695079e-005
+1.836000e+004	   +1.827418e-005
+1.836100e+004	   +1.753114e-005
+1.836200e+004	   +1.628224e-005
+1.836300e+004	   +1.718626e-005
+1.836400e+004	   +1.935528e-005
+1.836500e+004	   +2.046163e-005
+1.836600e+004	   +1.939429e-005
+1.836700e+004	   +1.873582e-005
+1.836800e+004	   +2.054044e-005
+1.836900e+004	   +2.084694e-005
+1.837000e+004	   +1.990436e-005
+1.837100e+004	   +1.836457e-005
+1.837200e+004	   +2.068135e-005
+1.837300e+004	   +2.192184e-005
+1.837400e+004	   +2.129642e-005
+1.837500e+004	   +2.179634e-005
+1.837600e+004	   +2.163322e-005
+1.837700e+004	   +1.987159e-005
+1.837800e+004	   +1.936191e-005
+1.837900e+004	   +2.050076e-005
+1.838000e+004	   +2.172038e-005
+1.838100e+004	   +2.082312e-005
+1.838200e+004	   +1.982145e-005
+1.838300e+004	   +2.007071e-005
+1.838400e+004	   +1.972505e-005
+1.838500e+004	   +1.954676e-005
+1.838600e+004	   +1.965309e-005
+1.838700e+004	   +2.010216e-005
+1.838800e+004	   +1.965443e-005
+1.838900e+004	   +1.956774e-005
+1.839000e+004	   +2.133832e-005
+1.839100e+004	   +2.089981e-005
+1.839200e+004	   +1.842377e-005
+1.839300e+004	   +1.755458e-005
+1.839400e+004	   +1.685208e-005
+1.839500e+004	   +1.658115e-005
+1.839600e+004	   +1.764378e-005
+1.839700e+004	   +1.893480e-005
+1.839800e+004	   +1.952996e-005
+1.839900e+004	   +1.976998e-005
+1.840000e+004	   +1.910949e-005
+1.840100e+004	   +1.845987e-005
+1.840200e+004	   +1.828819e-005
+1.840300e+004	   +1.821651e-005
+1.840400e+004	   +1.976672e-005
+1.840500e+004	   +2.022947e-005
+1.840600e+004	   +1.906299e-005
+1.840700e+004	   +1.872218e-005
+1.840800e+004	   +1.971841e-005
+1.840900e+004	   +2.000521e-005
+1.841000e+004	   +2.066410e-005
+1.841100e+004	   +2.023916e-005
+1.841200e+004	   +1.822855e-005
+1.841300e+004	   +1.828896e-005
+1.841400e+004	   +1.882626e-005
+1.841500e+004	   +1.972438e-005
+1.841600e+004	   +1.937971e-005
+1.841700e+004	   +1.927977e-005
+1.841800e+004	   +1.916033e-005
+1.841900e+004	   +2.100768e-005
+1.842000e+004	   +2.272014e-005
+1.842100e+004	   +2.157435e-005
+1.842200e+004	   +1.993564e-005
+1.842300e+004	   +1.864720e-005
+1.842400e+004	   +1.741440e-005
+1.842500e+004	   +1.708558e-005
+1.842600e+004	   +1.634876e-005
+1.842700e+004	   +1.696730e-005
+1.842800e+004	   +1.760647e-005
+1.842900e+004	   +1.668883e-005
+1.843000e+004	   +1.797377e-005
+1.843100e+004	   +1.883182e-005
+1.843200e+004	   +1.837191e-005
+1.843300e+004	   +1.855862e-005
+1.843400e+004	   +1.680545e-005
+1.843500e+004	   +1.483480e-005
+1.843600e+004	   +1.801704e-005
+1.843700e+004	   +2.155614e-005
+1.843800e+004	   +2.006271e-005
+1.843900e+004	   +1.800753e-005
+1.844000e+004	   +1.783381e-005
+1.844100e+004	   +1.966934e-005
+1.844200e+004	   +2.191806e-005
+1.844300e+004	   +2.371173e-005
+1.844400e+004	   +2.455118e-005
+1.844500e+004	   +2.277421e-005
+1.844600e+004	   +2.158276e-005
+1.844700e+004	   +2.013286e-005
+1.844800e+004	   +1.820733e-005
+1.844900e+004	   +1.784605e-005
+1.845000e+004	   +1.867736e-005
+1.845100e+004	   +1.884438e-005
+1.845200e+004	   +1.820078e-005
+1.845300e+004	   +1.904937e-005
+1.845400e+004	   +1.976848e-005
+1.845500e+004	   +2.077256e-005
+1.845600e+004	   +1.949787e-005
+1.845700e+004	   +1.896049e-005
+1.845800e+004	   +1.930581e-005
+1.845900e+004	   +1.831162e-005
+1.846000e+004	   +1.836195e-005
+1.846100e+004	   +1.844812e-005
+1.846200e+004	   +1.687578e-005
+1.846300e+004	   +1.707979e-005
+1.846400e+004	   +1.962624e-005
+1.846500e+004	   +1.993286e-005
+1.846600e+004	   +1.900522e-005
+1.846700e+004	   +1.969175e-005
+1.846800e+004	   +1.966813e-005
+1.846900e+004	   +1.912187e-005
+1.847000e+004	   +2.053678e-005
+1.847100e+004	   +2.121050e-005
+1.847200e+004	   +2.172717e-005
+1.847300e+004	   +2.223667e-005
+1.847400e+004	   +2.134495e-005
+1.847500e+004	   +2.088164e-005
+1.847600e+004	   +1.955936e-005
+1.847700e+004	   +1.869741e-005
+1.847800e+004	   +1.700173e-005
+1.847900e+004	   +1.739705e-005
+1.848000e+004	   +1.755767e-005
+1.848100e+004	   +1.960668e-005
+1.848200e+004	   +2.112430e-005
+1.848300e+004	   +1.998916e-005
+1.848400e+004	   +1.971051e-005
+1.848500e+004	   +2.025659e-005
+1.848600e+004	   +2.003227e-005
+1.848700e+004	   +2.120068e-005
+1.848800e+004	   +2.131469e-005
+1.848900e+004	   +1.930203e-005
+1.849000e+004	   +1.761343e-005
+1.849100e+004	   +1.685140e-005
+1.849200e+004	   +1.792956e-005
+1.849300e+004	   +1.924587e-005
+1.849400e+004	   +1.927524e-005
+1.849500e+004	   +1.831902e-005
+1.849600e+004	   +1.791177e-005
+1.849700e+004	   +1.841912e-005
+1.849800e+004	   +1.953491e-005
+1.849900e+004	   +2.112094e-005
+1.850000e+004	   +2.074412e-005
