+1.000000e+003	   +3.014754e+001
+1.001664e+003	   +3.014750e+001
+1.003330e+003	   +3.014749e+001
+1.005000e+003	   +3.014748e+001
+1.006672e+003	   +3.014754e+001
+1.008346e+003	   +3.014715e+001
+1.010024e+003	   +3.014760e+001
+1.011705e+003	   +3.014748e+001
+1.013388e+003	   +3.014732e+001
+1.015074e+003	   +3.014807e+001
+1.016763e+003	   +3.014678e+001
+1.018454e+003	   +3.014792e+001
+1.020149e+003	   +3.014820e+001
+1.021846e+003	   +3.014763e+001
+1.023546e+003	   +3.014680e+001
+1.025249e+003	   +3.014788e+001
+1.026955e+003	   +3.014704e+001
+1.028663e+003	   +3.014730e+001
+1.030375e+003	   +3.014738e+001
+1.032089e+003	   +3.014728e+001
+1.033806e+003	   +3.014700e+001
+1.035526e+003	   +3.014730e+001
+1.037249e+003	   +3.014726e+001
+1.038975e+003	   +3.014734e+001
+1.040703e+003	   +3.014689e+001
+1.042435e+003	   +3.014732e+001
+1.044169e+003	   +3.014682e+001
+1.045906e+003	   +3.014697e+001
+1.047646e+003	   +3.014714e+001
+1.049390e+003	   +3.014720e+001
+1.051135e+003	   +3.014686e+001
+1.052884e+003	   +3.014709e+001
+1.054636e+003	   +3.014754e+001
+1.056391e+003	   +3.014753e+001
+1.058148e+003	   +3.014701e+001
+1.059909e+003	   +3.014692e+001
+1.061672e+003	   +3.014688e+001
+1.063438e+003	   +3.014653e+001
+1.065208e+003	   +3.014631e+001
+1.066980e+003	   +3.014679e+001
+1.068755e+003	   +3.014690e+001
+1.070533e+003	   +3.014637e+001
+1.072314e+003	   +3.014672e+001
+1.074099e+003	   +3.014606e+001
+1.075885e+003	   +3.014639e+001
+1.077676e+003	   +3.014668e+001
+1.079469e+003	   +3.014632e+001
+1.081264e+003	   +3.014684e+001
+1.083063e+003	   +3.014646e+001
+1.084865e+003	   +3.014695e+001
+1.086670e+003	   +3.014730e+001
+1.088478e+003	   +3.014679e+001
+1.090289e+003	   +3.014654e+001
+1.092103e+003	   +3.014697e+001
+1.093920e+003	   +3.014651e+001
+1.095740e+003	   +3.014656e+001
+1.097563e+003	   +3.014598e+001
+1.099389e+003	   +3.014670e+001
+1.101218e+003	   +3.014711e+001
+1.103050e+003	   +3.014682e+001
+1.104886e+003	   +3.014670e+001
+1.106724e+003	   +3.014626e+001
+1.108565e+003	   +3.014728e+001
+1.110410e+003	   +3.014655e+001
+1.112257e+003	   +3.014667e+001
+1.114108e+003	   +3.014674e+001
+1.115961e+003	   +3.014640e+001
+1.117818e+003	   +3.014638e+001
+1.119678e+003	   +3.014654e+001
+1.121540e+003	   +3.014632e+001
+1.123406e+003	   +3.014668e+001
+1.125276e+003	   +3.014608e+001
+1.127148e+003	   +3.014681e+001
+1.129023e+003	   +3.014587e+001
+1.130901e+003	   +3.014594e+001
+1.132783e+003	   +3.014622e+001
+1.134667e+003	   +3.014556e+001
+1.136555e+003	   +3.014680e+001
+1.138446e+003	   +3.014653e+001
+1.140340e+003	   +3.014611e+001
+1.142238e+003	   +3.014662e+001
+1.144138e+003	   +3.014692e+001
+1.146042e+003	   +3.014589e+001
+1.147948e+003	   +3.014578e+001
+1.149858e+003	   +3.014635e+001
+1.151771e+003	   +3.014630e+001
+1.153688e+003	   +3.014637e+001
+1.155607e+003	   +3.014591e+001
+1.157530e+003	   +3.014621e+001
+1.159455e+003	   +3.014595e+001
+1.161384e+003	   +3.014598e+001
+1.163317e+003	   +3.014621e+001
+1.165252e+003	   +3.014629e+001
+1.167191e+003	   +3.014610e+001
+1.169133e+003	   +3.014586e+001
+1.171078e+003	   +3.014579e+001
+1.173026e+003	   +3.014580e+001
+1.174978e+003	   +3.014569e+001
+1.176933e+003	   +3.014591e+001
+1.178891e+003	   +3.014593e+001
+1.180852e+003	   +3.014598e+001
+1.182817e+003	   +3.014560e+001
+1.184785e+003	   +3.014567e+001
+1.186756e+003	   +3.014577e+001
+1.188730e+003	   +3.014558e+001
+1.190708e+003	   +3.014575e+001
+1.192689e+003	   +3.014566e+001
+1.194674e+003	   +3.014544e+001
+1.196661e+003	   +3.014548e+001
+1.198652e+003	   +3.014564e+001
+1.200646e+003	   +3.014552e+001
+1.202644e+003	   +3.014557e+001
+1.204645e+003	   +3.014536e+001
+1.206649e+003	   +3.014552e+001
+1.208657e+003	   +3.014572e+001
+1.210668e+003	   +3.014558e+001
+1.212682e+003	   +3.014562e+001
+1.214699e+003	   +3.014556e+001
+1.216720e+003	   +3.014527e+001
+1.218745e+003	   +3.014515e+001
+1.220772e+003	   +3.014528e+001
+1.222803e+003	   +3.014537e+001
+1.224838e+003	   +3.014536e+001
+1.226876e+003	   +3.014534e+001
+1.228917e+003	   +3.014522e+001
+1.230961e+003	   +3.014551e+001
+1.233010e+003	   +3.014554e+001
+1.235061e+003	   +3.014575e+001
+1.237116e+003	   +3.014520e+001
+1.239174e+003	   +3.014555e+001
+1.241236e+003	   +3.014498e+001
+1.243301e+003	   +3.014506e+001
+1.245369e+003	   +3.014515e+001
+1.247441e+003	   +3.014525e+001
+1.249517e+003	   +3.014509e+001
+1.251596e+003	   +3.014545e+001
+1.253678e+003	   +3.014565e+001
+1.255764e+003	   +3.014492e+001
+1.257853e+003	   +3.014548e+001
+1.259946e+003	   +3.014539e+001
+1.262042e+003	   +3.014488e+001
+1.264142e+003	   +3.014509e+001
+1.266245e+003	   +3.014539e+001
+1.268352e+003	   +3.014441e+001
+1.270462e+003	   +3.014511e+001
+1.272576e+003	   +3.014464e+001
+1.274693e+003	   +3.014435e+001
+1.276814e+003	   +3.014415e+001
+1.278938e+003	   +3.014485e+001
+1.281066e+003	   +3.014423e+001
+1.283197e+003	   +3.014444e+001
+1.285332e+003	   +3.014477e+001
+1.287470e+003	   +3.014461e+001
+1.289612e+003	   +3.014474e+001
+1.291758e+003	   +3.014460e+001
+1.293907e+003	   +3.014407e+001
+1.296060e+003	   +3.014441e+001
+1.298216e+003	   +3.014466e+001
+1.300376e+003	   +3.014455e+001
+1.302540e+003	   +3.014452e+001
+1.304707e+003	   +3.014408e+001
+1.306877e+003	   +3.014423e+001
+1.309052e+003	   +3.014452e+001
+1.311230e+003	   +3.014471e+001
+1.313411e+003	   +3.014381e+001
+1.315596e+003	   +3.014414e+001
+1.317785e+003	   +3.014427e+001
+1.319978e+003	   +3.014402e+001
+1.322174e+003	   +3.014456e+001
+1.324374e+003	   +3.014366e+001
+1.326577e+003	   +3.014471e+001
+1.328784e+003	   +3.014430e+001
+1.330995e+003	   +3.014382e+001
+1.333209e+003	   +3.014380e+001
+1.335427e+003	   +3.014456e+001
+1.337649e+003	   +3.014426e+001
+1.339875e+003	   +3.014425e+001
+1.342104e+003	   +3.014407e+001
+1.344337e+003	   +3.014346e+001
+1.346573e+003	   +3.014465e+001
+1.348814e+003	   +3.014385e+001
+1.351058e+003	   +3.014410e+001
+1.353306e+003	   +3.014370e+001
+1.355557e+003	   +3.014473e+001
+1.357813e+003	   +3.014373e+001
+1.360072e+003	   +3.014425e+001
+1.362334e+003	   +3.014434e+001
+1.364601e+003	   +3.014363e+001
+1.366871e+003	   +3.014367e+001
+1.369146e+003	   +3.014427e+001
+1.371423e+003	   +3.014419e+001
+1.373705e+003	   +3.014301e+001
+1.375991e+003	   +3.014392e+001
+1.378280e+003	   +3.014297e+001
+1.380573e+003	   +3.014278e+001
+1.382870e+003	   +3.014345e+001
+1.385171e+003	   +3.014472e+001
+1.387475e+003	   +3.014275e+001
+1.389784e+003	   +3.014386e+001
+1.392096e+003	   +3.014291e+001
+1.394412e+003	   +3.014352e+001
+1.396732e+003	   +3.014362e+001
+1.399056e+003	   +3.014364e+001
+1.401384e+003	   +3.014334e+001
+1.403715e+003	   +3.014286e+001
+1.406050e+003	   +3.014317e+001
+1.408390e+003	   +3.014313e+001
+1.410733e+003	   +3.014355e+001
+1.413080e+003	   +3.014257e+001
+1.415431e+003	   +3.014299e+001
+1.417786e+003	   +3.014275e+001
+1.420145e+003	   +3.014297e+001
+1.422508e+003	   +3.014330e+001
+1.424874e+003	   +3.014301e+001
+1.427245e+003	   +3.014302e+001
+1.429620e+003	   +3.014309e+001
+1.431998e+003	   +3.014322e+001
+1.434380e+003	   +3.014254e+001
+1.436767e+003	   +3.014246e+001
+1.439157e+003	   +3.014235e+001
+1.441552e+003	   +3.014265e+001
+1.443950e+003	   +3.014269e+001
+1.446353e+003	   +3.014264e+001
+1.448759e+003	   +3.014305e+001
+1.451169e+003	   +3.014292e+001
+1.453584e+003	   +3.014259e+001
+1.456002e+003	   +3.014257e+001
+1.458424e+003	   +3.014250e+001
+1.460851e+003	   +3.014257e+001
+1.463281e+003	   +3.014259e+001
+1.465716e+003	   +3.014249e+001
+1.468154e+003	   +3.014245e+001
+1.470597e+003	   +3.014234e+001
+1.473044e+003	   +3.014230e+001
+1.475495e+003	   +3.014224e+001
+1.477949e+003	   +3.014211e+001
+1.480408e+003	   +3.014205e+001
+1.482871e+003	   +3.014227e+001
+1.485339e+003	   +3.014234e+001
+1.487810e+003	   +3.014229e+001
+1.490285e+003	   +3.014210e+001
+1.492765e+003	   +3.014182e+001
+1.495248e+003	   +3.014239e+001
+1.497736e+003	   +3.014208e+001
+1.500228e+003	   +3.014158e+001
+1.502724e+003	   +3.014173e+001
+1.505224e+003	   +3.014207e+001
+1.507728e+003	   +3.014151e+001
+1.510237e+003	   +3.014174e+001
+1.512749e+003	   +3.014191e+001
+1.515266e+003	   +3.014197e+001
+1.517787e+003	   +3.014173e+001
+1.520312e+003	   +3.014138e+001
+1.522842e+003	   +3.014178e+001
+1.525375e+003	   +3.014200e+001
+1.527913e+003	   +3.014157e+001
+1.530455e+003	   +3.014144e+001
+1.533002e+003	   +3.014128e+001
+1.535552e+003	   +3.014151e+001
+1.538107e+003	   +3.014161e+001
+1.540666e+003	   +3.014174e+001
+1.543229e+003	   +3.014140e+001
+1.545797e+003	   +3.014130e+001
+1.548369e+003	   +3.014139e+001
+1.550945e+003	   +3.014144e+001
+1.553525e+003	   +3.014158e+001
+1.556110e+003	   +3.014139e+001
+1.558699e+003	   +3.014165e+001
+1.561292e+003	   +3.014126e+001
+1.563890e+003	   +3.014111e+001
+1.566491e+003	   +3.014105e+001
+1.569098e+003	   +3.014107e+001
+1.571708e+003	   +3.014144e+001
+1.574323e+003	   +3.014075e+001
+1.576943e+003	   +3.014107e+001
+1.579566e+003	   +3.014070e+001
+1.582194e+003	   +3.014084e+001
+1.584826e+003	   +3.014070e+001
+1.587463e+003	   +3.014131e+001
+1.590104e+003	   +3.014063e+001
+1.592750e+003	   +3.014094e+001
+1.595400e+003	   +3.014099e+001
+1.598054e+003	   +3.014096e+001
+1.600713e+003	   +3.014066e+001
+1.603376e+003	   +3.014073e+001
+1.606044e+003	   +3.014068e+001
+1.608716e+003	   +3.014024e+001
+1.611392e+003	   +3.014013e+001
+1.614073e+003	   +3.014105e+001
+1.616759e+003	   +3.013992e+001
+1.619448e+003	   +3.014068e+001
+1.622143e+003	   +3.014068e+001
+1.624842e+003	   +3.014074e+001
+1.627545e+003	   +3.014006e+001
+1.630253e+003	   +3.014039e+001
+1.632965e+003	   +3.014046e+001
+1.635682e+003	   +3.014043e+001
+1.638403e+003	   +3.014023e+001
+1.641129e+003	   +3.014066e+001
+1.643860e+003	   +3.013952e+001
+1.646595e+003	   +3.013998e+001
+1.649334e+003	   +3.014036e+001
+1.652078e+003	   +3.013998e+001
+1.654827e+003	   +3.013944e+001
+1.657580e+003	   +3.014036e+001
+1.660338e+003	   +3.013978e+001
+1.663100e+003	   +3.013980e+001
+1.665867e+003	   +3.013971e+001
+1.668639e+003	   +3.013935e+001
+1.671415e+003	   +3.014019e+001
+1.674196e+003	   +3.013953e+001
+1.676981e+003	   +3.013914e+001
+1.679771e+003	   +3.013959e+001
+1.682566e+003	   +3.013995e+001
+1.685365e+003	   +3.013930e+001
+1.688169e+003	   +3.013906e+001
+1.690978e+003	   +3.013916e+001
+1.693792e+003	   +3.013931e+001
+1.696609e+003	   +3.013935e+001
+1.699432e+003	   +3.013959e+001
+1.702260e+003	   +3.013957e+001
+1.705092e+003	   +3.013952e+001
+1.707929e+003	   +3.013875e+001
+1.710770e+003	   +3.013860e+001
+1.713616e+003	   +3.013906e+001
+1.716468e+003	   +3.013880e+001
+1.719323e+003	   +3.013889e+001
+1.722184e+003	   +3.013842e+001
+1.725049e+003	   +3.013939e+001
+1.727919e+003	   +3.013932e+001
+1.730794e+003	   +3.013832e+001
+1.733674e+003	   +3.013908e+001
+1.736558e+003	   +3.013934e+001
+1.739447e+003	   +3.013880e+001
+1.742341e+003	   +3.013873e+001
+1.745240e+003	   +3.013858e+001
+1.748144e+003	   +3.013839e+001
+1.751052e+003	   +3.013828e+001
+1.753965e+003	   +3.013896e+001
+1.756884e+003	   +3.013798e+001
+1.759807e+003	   +3.013867e+001
+1.762734e+003	   +3.013826e+001
+1.765667e+003	   +3.013824e+001
+1.768605e+003	   +3.013793e+001
+1.771547e+003	   +3.013835e+001
+1.774495e+003	   +3.013763e+001
+1.777447e+003	   +3.013808e+001
+1.780404e+003	   +3.013835e+001
+1.783366e+003	   +3.013739e+001
+1.786333e+003	   +3.013775e+001
+1.789305e+003	   +3.013820e+001
+1.792282e+003	   +3.013783e+001
+1.795264e+003	   +3.013824e+001
+1.798251e+003	   +3.013761e+001
+1.801243e+003	   +3.013721e+001
+1.804240e+003	   +3.013789e+001
+1.807242e+003	   +3.013781e+001
+1.810248e+003	   +3.013847e+001
+1.813260e+003	   +3.013814e+001
+1.816277e+003	   +3.013733e+001
+1.819299e+003	   +3.013776e+001
+1.822326e+003	   +3.013810e+001
+1.825358e+003	   +3.013759e+001
+1.828395e+003	   +3.013711e+001
+1.831436e+003	   +3.013815e+001
+1.834484e+003	   +3.013782e+001
+1.837536e+003	   +3.013762e+001
+1.840593e+003	   +3.013798e+001
+1.843655e+003	   +3.013713e+001
+1.846722e+003	   +3.013758e+001
+1.849795e+003	   +3.013722e+001
+1.852873e+003	   +3.013732e+001
+1.855955e+003	   +3.013738e+001
+1.859043e+003	   +3.013695e+001
+1.862136e+003	   +3.013724e+001
+1.865234e+003	   +3.013717e+001
+1.868338e+003	   +3.013700e+001
+1.871446e+003	   +3.013693e+001
+1.874560e+003	   +3.013659e+001
+1.877678e+003	   +3.013680e+001
+1.880802e+003	   +3.013659e+001
+1.883932e+003	   +3.013668e+001
+1.887066e+003	   +3.013679e+001
+1.890205e+003	   +3.013642e+001
+1.893350e+003	   +3.013687e+001
+1.896500e+003	   +3.013684e+001
+1.899656e+003	   +3.013660e+001
+1.902816e+003	   +3.013635e+001
+1.905982e+003	   +3.013668e+001
+1.909153e+003	   +3.013606e+001
+1.912329e+003	   +3.013595e+001
+1.915511e+003	   +3.013630e+001
+1.918698e+003	   +3.013639e+001
+1.921890e+003	   +3.013607e+001
+1.925088e+003	   +3.013588e+001
+1.928291e+003	   +3.013585e+001
+1.931499e+003	   +3.013601e+001
+1.934712e+003	   +3.013593e+001
+1.937931e+003	   +3.013589e+001
+1.941155e+003	   +3.013579e+001
+1.944385e+003	   +3.013597e+001
+1.947620e+003	   +3.013615e+001
+1.950860e+003	   +3.013543e+001
+1.954106e+003	   +3.013540e+001
+1.957357e+003	   +3.013531e+001
+1.960614e+003	   +3.013536e+001
+1.963876e+003	   +3.013555e+001
+1.967143e+003	   +3.013537e+001
+1.970416e+003	   +3.013541e+001
+1.973694e+003	   +3.013539e+001
+1.976978e+003	   +3.013544e+001
+1.980267e+003	   +3.013531e+001
+1.983562e+003	   +3.013520e+001
+1.986862e+003	   +3.013519e+001
+1.990167e+003	   +3.013514e+001
+1.993479e+003	   +3.013498e+001
+1.996795e+003	   +3.013485e+001
+2.000117e+003	   +3.013484e+001
+2.003445e+003	   +3.013507e+001
+2.006778e+003	   +3.013488e+001
+2.010117e+003	   +3.013483e+001
+2.013462e+003	   +3.013453e+001
+2.016811e+003	   +3.013492e+001
+2.020167e+003	   +3.013456e+001
+2.023528e+003	   +3.013457e+001
+2.026895e+003	   +3.013471e+001
+2.030267e+003	   +3.013450e+001
+2.033645e+003	   +3.013425e+001
+2.037028e+003	   +3.013448e+001
+2.040417e+003	   +3.013418e+001
+2.043812e+003	   +3.013445e+001
+2.047212e+003	   +3.013435e+001
+2.050618e+003	   +3.013398e+001
+2.054030e+003	   +3.013376e+001
+2.057448e+003	   +3.013365e+001
+2.060871e+003	   +3.013346e+001
+2.064299e+003	   +3.013362e+001
+2.067734e+003	   +3.013360e+001
+2.071174e+003	   +3.013346e+001
+2.074620e+003	   +3.013362e+001
+2.078072e+003	   +3.013381e+001
+2.081529e+003	   +3.013367e+001
+2.084992e+003	   +3.013358e+001
+2.088461e+003	   +3.013316e+001
+2.091936e+003	   +3.013352e+001
+2.095416e+003	   +3.013300e+001
+2.098902e+003	   +3.013305e+001
+2.102394e+003	   +3.013282e+001
+2.105892e+003	   +3.013299e+001
+2.109396e+003	   +3.013276e+001
+2.112905e+003	   +3.013292e+001
+2.116421e+003	   +3.013295e+001
+2.119942e+003	   +3.013268e+001
+2.123469e+003	   +3.013291e+001
+2.127002e+003	   +3.013247e+001
+2.130541e+003	   +3.013250e+001
+2.134085e+003	   +3.013274e+001
+2.137636e+003	   +3.013219e+001
+2.141192e+003	   +3.013228e+001
+2.144755e+003	   +3.013219e+001
+2.148323e+003	   +3.013270e+001
+2.151897e+003	   +3.013187e+001
+2.155478e+003	   +3.013218e+001
+2.159064e+003	   +3.013232e+001
+2.162656e+003	   +3.013229e+001
+2.166254e+003	   +3.013222e+001
+2.169858e+003	   +3.013214e+001
+2.173468e+003	   +3.013170e+001
+2.177084e+003	   +3.013171e+001
+2.180706e+003	   +3.013182e+001
+2.184334e+003	   +3.013138e+001
+2.187969e+003	   +3.013169e+001
+2.191609e+003	   +3.013197e+001
+2.195255e+003	   +3.013200e+001
+2.198907e+003	   +3.013132e+001
+2.202566e+003	   +3.013144e+001
+2.206230e+003	   +3.013078e+001
+2.209901e+003	   +3.013082e+001
+2.213578e+003	   +3.013073e+001
+2.217261e+003	   +3.013215e+001
+2.220950e+003	   +3.013079e+001
+2.224645e+003	   +3.013081e+001
+2.228346e+003	   +3.013060e+001
+2.232053e+003	   +3.013064e+001
+2.235767e+003	   +3.013126e+001
+2.239487e+003	   +3.013071e+001
+2.243213e+003	   +3.013048e+001
+2.246945e+003	   +3.013050e+001
+2.250683e+003	   +3.013064e+001
+2.254428e+003	   +3.013031e+001
+2.258178e+003	   +3.013051e+001
+2.261936e+003	   +3.013031e+001
+2.265699e+003	   +3.013050e+001
+2.269468e+003	   +3.013013e+001
+2.273244e+003	   +3.013011e+001
+2.277026e+003	   +3.013037e+001
+2.280815e+003	   +3.013005e+001
+2.284609e+003	   +3.012959e+001
+2.288410e+003	   +3.013057e+001
+2.292218e+003	   +3.013016e+001
+2.296031e+003	   +3.013019e+001
+2.299851e+003	   +3.013009e+001
+2.303678e+003	   +3.012879e+001
+2.307510e+003	   +3.013006e+001
+2.311350e+003	   +3.013029e+001
+2.315195e+003	   +3.012969e+001
+2.319047e+003	   +3.012893e+001
+2.322905e+003	   +3.012998e+001
+2.326770e+003	   +3.012977e+001
+2.330641e+003	   +3.012915e+001
+2.334519e+003	   +3.012849e+001
+2.338403e+003	   +3.012908e+001
+2.342293e+003	   +3.012919e+001
+2.346190e+003	   +3.012838e+001
+2.350094e+003	   +3.012886e+001
+2.354004e+003	   +3.012886e+001
+2.357920e+003	   +3.012858e+001
+2.361843e+003	   +3.012846e+001
+2.365773e+003	   +3.012786e+001
+2.369709e+003	   +3.012878e+001
+2.373651e+003	   +3.012760e+001
+2.377601e+003	   +3.012810e+001
+2.381556e+003	   +3.012894e+001
+2.385519e+003	   +3.012850e+001
+2.389488e+003	   +3.012769e+001
+2.393463e+003	   +3.012850e+001
+2.397445e+003	   +3.012826e+001
+2.401434e+003	   +3.012822e+001
+2.405429e+003	   +3.012765e+001
+2.409431e+003	   +3.012686e+001
+2.413440e+003	   +3.012773e+001
+2.417455e+003	   +3.012767e+001
+2.421477e+003	   +3.012805e+001
+2.425506e+003	   +3.012686e+001
+2.429542e+003	   +3.012803e+001
+2.433583e+003	   +3.012727e+001
+2.437633e+003	   +3.012704e+001
+2.441688e+003	   +3.012696e+001
+2.445750e+003	   +3.012620e+001
+2.449820e+003	   +3.012721e+001
+2.453896e+003	   +3.012733e+001
+2.457978e+003	   +3.012725e+001
+2.462068e+003	   +3.012623e+001
+2.466164e+003	   +3.012680e+001
+2.470267e+003	   +3.012637e+001
+2.474377e+003	   +3.012597e+001
+2.478493e+003	   +3.012623e+001
+2.482617e+003	   +3.012590e+001
+2.486748e+003	   +3.012639e+001
+2.490885e+003	   +3.012622e+001
+2.495029e+003	   +3.012652e+001
+2.499180e+003	   +3.012634e+001
+2.503338e+003	   +3.012672e+001
+2.507503e+003	   +3.012546e+001
+2.511675e+003	   +3.012597e+001
+2.515854e+003	   +3.012583e+001
+2.520040e+003	   +3.012517e+001
+2.524232e+003	   +3.012637e+001
+2.528432e+003	   +3.012555e+001
+2.532638e+003	   +3.012530e+001
+2.536852e+003	   +3.012457e+001
+2.541073e+003	   +3.012472e+001
+2.545301e+003	   +3.012592e+001
+2.549535e+003	   +3.012503e+001
+2.553777e+003	   +3.012411e+001
+2.558026e+003	   +3.012474e+001
+2.562282e+003	   +3.012487e+001
+2.566545e+003	   +3.012479e+001
+2.570815e+003	   +3.012456e+001
+2.575092e+003	   +3.012355e+001
+2.579376e+003	   +3.012369e+001
+2.583668e+003	   +3.012384e+001
+2.587966e+003	   +3.012482e+001
+2.592272e+003	   +3.012379e+001
+2.596585e+003	   +3.012393e+001
+2.600905e+003	   +3.012394e+001
+2.605232e+003	   +3.012436e+001
+2.609567e+003	   +3.012338e+001
+2.613908e+003	   +3.012380e+001
+2.618257e+003	   +3.012429e+001
+2.622613e+003	   +3.012377e+001
+2.626977e+003	   +3.012312e+001
+2.631347e+003	   +3.012384e+001
+2.635725e+003	   +3.012372e+001
+2.640110e+003	   +3.012386e+001
+2.644503e+003	   +3.012321e+001
+2.648903e+003	   +3.012287e+001
+2.653310e+003	   +3.012298e+001
+2.657724e+003	   +3.012320e+001
+2.662146e+003	   +3.012338e+001
+2.666575e+003	   +3.012243e+001
+2.671012e+003	   +3.012288e+001
+2.675456e+003	   +3.012228e+001
+2.679907e+003	   +3.012238e+001
+2.684365e+003	   +3.012239e+001
+2.688832e+003	   +3.012229e+001
+2.693305e+003	   +3.012225e+001
+2.697786e+003	   +3.012222e+001
+2.702275e+003	   +3.012244e+001
+2.706771e+003	   +3.012163e+001
+2.711274e+003	   +3.012205e+001
+2.715785e+003	   +3.012212e+001
+2.720303e+003	   +3.012208e+001
+2.724829e+003	   +3.012163e+001
+2.729363e+003	   +3.012139e+001
+2.733903e+003	   +3.012143e+001
+2.738452e+003	   +3.012167e+001
+2.743008e+003	   +3.012112e+001
+2.747572e+003	   +3.012097e+001
+2.752143e+003	   +3.012061e+001
+2.756722e+003	   +3.012075e+001
+2.761308e+003	   +3.012037e+001
+2.765902e+003	   +3.012097e+001
+2.770504e+003	   +3.012028e+001
+2.775114e+003	   +3.012028e+001
+2.779731e+003	   +3.012029e+001
+2.784355e+003	   +3.011992e+001
+2.788988e+003	   +3.012020e+001
+2.793628e+003	   +3.012021e+001
+2.798276e+003	   +3.012043e+001
+2.802932e+003	   +3.011991e+001
+2.807595e+003	   +3.011951e+001
+2.812266e+003	   +3.011949e+001
+2.816945e+003	   +3.011929e+001
+2.821632e+003	   +3.011970e+001
+2.826326e+003	   +3.011904e+001
+2.831029e+003	   +3.011925e+001
+2.835739e+003	   +3.011919e+001
+2.840457e+003	   +3.011898e+001
+2.845182e+003	   +3.011880e+001
+2.849916e+003	   +3.011921e+001
+2.854657e+003	   +3.011877e+001
+2.859407e+003	   +3.011881e+001
+2.864164e+003	   +3.011854e+001
+2.868929e+003	   +3.011876e+001
+2.873703e+003	   +3.011883e+001
+2.878484e+003	   +3.011826e+001
+2.883273e+003	   +3.011825e+001
+2.888070e+003	   +3.011798e+001
+2.892875e+003	   +3.011769e+001
+2.897688e+003	   +3.011768e+001
+2.902509e+003	   +3.011733e+001
+2.907338e+003	   +3.011735e+001
+2.912175e+003	   +3.011746e+001
+2.917020e+003	   +3.011714e+001
+2.921873e+003	   +3.011706e+001
+2.926735e+003	   +3.011706e+001
+2.931604e+003	   +3.011708e+001
+2.936481e+003	   +3.011689e+001
+2.941367e+003	   +3.011646e+001
+2.946261e+003	   +3.011665e+001
+2.951163e+003	   +3.011672e+001
+2.956073e+003	   +3.011629e+001
+2.960991e+003	   +3.011635e+001
+2.965917e+003	   +3.011629e+001
+2.970852e+003	   +3.011603e+001
+2.975794e+003	   +3.011549e+001
+2.980745e+003	   +3.011594e+001
+2.985704e+003	   +3.011580e+001
+2.990672e+003	   +3.011530e+001
+2.995648e+003	   +3.011562e+001
+3.000632e+003	   +3.011553e+001
+3.005624e+003	   +3.011510e+001
+3.010625e+003	   +3.011525e+001
+3.015634e+003	   +3.011519e+001
+3.020651e+003	   +3.011527e+001
+3.025676e+003	   +3.011489e+001
+3.030710e+003	   +3.011479e+001
+3.035753e+003	   +3.011493e+001
+3.040803e+003	   +3.011407e+001
+3.045863e+003	   +3.011418e+001
+3.050930e+003	   +3.011432e+001
+3.056006e+003	   +3.011393e+001
+3.061090e+003	   +3.011394e+001
+3.066183e+003	   +3.011403e+001
+3.071285e+003	   +3.011400e+001
+3.076395e+003	   +3.011350e+001
+3.081513e+003	   +3.011328e+001
+3.086640e+003	   +3.011331e+001
+3.091775e+003	   +3.011291e+001
+3.096919e+003	   +3.011333e+001
+3.102072e+003	   +3.011284e+001
+3.107232e+003	   +3.011310e+001
+3.112402e+003	   +3.011286e+001
+3.117580e+003	   +3.011293e+001
+3.122767e+003	   +3.011302e+001
+3.127963e+003	   +3.011229e+001
+3.133167e+003	   +3.011212e+001
+3.138380e+003	   +3.011237e+001
+3.143601e+003	   +3.011143e+001
+3.148831e+003	   +3.011175e+001
+3.154070e+003	   +3.011201e+001
+3.159318e+003	   +3.011159e+001
+3.164574e+003	   +3.011142e+001
+3.169839e+003	   +3.011163e+001
+3.175113e+003	   +3.011111e+001
+3.180396e+003	   +3.011085e+001
+3.185687e+003	   +3.011089e+001
+3.190987e+003	   +3.011126e+001
+3.196296e+003	   +3.011033e+001
+3.201614e+003	   +3.011021e+001
+3.206940e+003	   +3.011075e+001
+3.212276e+003	   +3.010989e+001
+3.217621e+003	   +3.011018e+001
+3.222974e+003	   +3.011067e+001
+3.228336e+003	   +3.010976e+001
+3.233707e+003	   +3.010982e+001
+3.239087e+003	   +3.010950e+001
+3.244476e+003	   +3.010857e+001
+3.249874e+003	   +3.010877e+001
+3.255281e+003	   +3.010945e+001
+3.260697e+003	   +3.010899e+001
+3.266122e+003	   +3.010895e+001
+3.271556e+003	   +3.010890e+001
+3.276999e+003	   +3.010891e+001
+3.282451e+003	   +3.010833e+001
+3.287912e+003	   +3.010815e+001
+3.293383e+003	   +3.010861e+001
+3.298862e+003	   +3.010840e+001
+3.304351e+003	   +3.010751e+001
+3.309848e+003	   +3.010811e+001
+3.315355e+003	   +3.010822e+001
+3.320871e+003	   +3.010739e+001
+3.326396e+003	   +3.010695e+001
+3.331930e+003	   +3.010725e+001
+3.337474e+003	   +3.010674e+001
+3.343026e+003	   +3.010634e+001
+3.348588e+003	   +3.010676e+001
+3.354159e+003	   +3.010577e+001
+3.359740e+003	   +3.010672e+001
+3.365330e+003	   +3.010612e+001
+3.370929e+003	   +3.010659e+001
+3.376537e+003	   +3.010613e+001
+3.382155e+003	   +3.010548e+001
+3.387782e+003	   +3.010565e+001
+3.393418e+003	   +3.010560e+001
+3.399064e+003	   +3.010582e+001
+3.404719e+003	   +3.010544e+001
+3.410384e+003	   +3.010448e+001
+3.416058e+003	   +3.010368e+001
+3.421741e+003	   +3.010569e+001
+3.427434e+003	   +3.010419e+001
+3.433137e+003	   +3.010346e+001
+3.438849e+003	   +3.010389e+001
+3.444570e+003	   +3.010389e+001
+3.450301e+003	   +3.010303e+001
+3.456041e+003	   +3.010304e+001
+3.461791e+003	   +3.010270e+001
+3.467551e+003	   +3.010363e+001
+3.473320e+003	   +3.010320e+001
+3.479099e+003	   +3.010275e+001
+3.484887e+003	   +3.010213e+001
+3.490685e+003	   +3.010313e+001
+3.496492e+003	   +3.010138e+001
+3.502310e+003	   +3.010161e+001
+3.508137e+003	   +3.010200e+001
+3.513973e+003	   +3.010131e+001
+3.519820e+003	   +3.010169e+001
+3.525676e+003	   +3.010179e+001
+3.531542e+003	   +3.010085e+001
+3.537417e+003	   +3.010165e+001
+3.543303e+003	   +3.010047e+001
+3.549198e+003	   +3.010066e+001
+3.555103e+003	   +3.010131e+001
+3.561018e+003	   +3.009957e+001
+3.566942e+003	   +3.010002e+001
+3.572877e+003	   +3.010054e+001
+3.578821e+003	   +3.009928e+001
+3.584775e+003	   +3.010035e+001
+3.590740e+003	   +3.010019e+001
+3.596714e+003	   +3.009970e+001
+3.602698e+003	   +3.009897e+001
+3.608691e+003	   +3.010004e+001
+3.614696e+003	   +3.009886e+001
+3.620709e+003	   +3.009914e+001
+3.626733e+003	   +3.009848e+001
+3.632767e+003	   +3.009904e+001
+3.638811e+003	   +3.009921e+001
+3.644865e+003	   +3.009872e+001
+3.650929e+003	   +3.009861e+001
+3.657004e+003	   +3.009836e+001
+3.663088e+003	   +3.009729e+001
+3.669183e+003	   +3.009875e+001
+3.675287e+003	   +3.009743e+001
+3.681402e+003	   +3.009736e+001
+3.687527e+003	   +3.009741e+001
+3.693662e+003	   +3.009697e+001
+3.699807e+003	   +3.009641e+001
+3.705963e+003	   +3.009566e+001
+3.712128e+003	   +3.009685e+001
+3.718305e+003	   +3.009653e+001
+3.724491e+003	   +3.009619e+001
+3.730688e+003	   +3.009589e+001
+3.736895e+003	   +3.009550e+001
+3.743112e+003	   +3.009663e+001
+3.749339e+003	   +3.009560e+001
+3.755577e+003	   +3.009486e+001
+3.761825e+003	   +3.009607e+001
+3.768084e+003	   +3.009336e+001
+3.774354e+003	   +3.009479e+001
+3.780633e+003	   +3.009474e+001
+3.786923e+003	   +3.009364e+001
+3.793223e+003	   +3.009434e+001
+3.799534e+003	   +3.009324e+001
+3.805856e+003	   +3.009306e+001
+3.812188e+003	   +3.009344e+001
+3.818530e+003	   +3.009389e+001
+3.824884e+003	   +3.009329e+001
+3.831247e+003	   +3.009373e+001
+3.837621e+003	   +3.009360e+001
+3.844006e+003	   +3.009197e+001
+3.850402e+003	   +3.009345e+001
+3.856808e+003	   +3.009252e+001
+3.863224e+003	   +3.009283e+001
+3.869652e+003	   +3.009205e+001
+3.876090e+003	   +3.009117e+001
+3.882539e+003	   +3.009257e+001
+3.888998e+003	   +3.009025e+001
+3.895469e+003	   +3.009208e+001
+3.901950e+003	   +3.009076e+001
+3.908442e+003	   +3.008956e+001
+3.914944e+003	   +3.009197e+001
+3.921458e+003	   +3.009013e+001
+3.927982e+003	   +3.009150e+001
+3.934517e+003	   +3.009137e+001
+3.941063e+003	   +3.008993e+001
+3.947620e+003	   +3.008957e+001
+3.954188e+003	   +3.008819e+001
+3.960767e+003	   +3.008947e+001
+3.967356e+003	   +3.008812e+001
+3.973957e+003	   +3.008935e+001
+3.980569e+003	   +3.008917e+001
+3.987192e+003	   +3.008827e+001
+3.993825e+003	   +3.008810e+001
+4.000470e+003	   +3.008880e+001
+4.007126e+003	   +3.008744e+001
+4.013792e+003	   +3.008694e+001
+4.020470e+003	   +3.008766e+001
+4.027159e+003	   +3.008772e+001
+4.033860e+003	   +3.008588e+001
+4.040571e+003	   +3.008659e+001
+4.047293e+003	   +3.008660e+001
+4.054027e+003	   +3.008549e+001
+4.060772e+003	   +3.008578e+001
+4.067528e+003	   +3.008593e+001
+4.074295e+003	   +3.008664e+001
+4.081074e+003	   +3.008600e+001
+4.087864e+003	   +3.008629e+001
+4.094665e+003	   +3.008575e+001
+4.101478e+003	   +3.008365e+001
+4.108301e+003	   +3.008440e+001
+4.115137e+003	   +3.008404e+001
+4.121983e+003	   +3.008361e+001
+4.128841e+003	   +3.008393e+001
+4.135710e+003	   +3.008337e+001
+4.142591e+003	   +3.008442e+001
+4.149483e+003	   +3.008199e+001
+4.156387e+003	   +3.008342e+001
+4.163302e+003	   +3.008325e+001
+4.170229e+003	   +3.008319e+001
+4.177167e+003	   +3.008280e+001
+4.184117e+003	   +3.008199e+001
+4.191078e+003	   +3.008180e+001
+4.198051e+003	   +3.008157e+001
+4.205036e+003	   +3.008184e+001
+4.212032e+003	   +3.008270e+001
+4.219040e+003	   +3.008159e+001
+4.226059e+003	   +3.008150e+001
+4.233090e+003	   +3.008135e+001
+4.240133e+003	   +3.008168e+001
+4.247188e+003	   +3.007987e+001
+4.254253e+003	   +3.007940e+001
+4.261332e+003	   +3.007918e+001
+4.268421e+003	   +3.007849e+001
+4.275523e+003	   +3.007975e+001
+4.282636e+003	   +3.007808e+001
+4.289762e+003	   +3.007841e+001
+4.296898e+003	   +3.007718e+001
+4.304047e+003	   +3.007836e+001
+4.311208e+003	   +3.007758e+001
+4.318381e+003	   +3.007765e+001
+4.325566e+003	   +3.007647e+001
+4.332763e+003	   +3.007695e+001
+4.339971e+003	   +3.007719e+001
+4.347192e+003	   +3.007673e+001
+4.354424e+003	   +3.007551e+001
+4.361669e+003	   +3.007614e+001
+4.368926e+003	   +3.007640e+001
+4.376194e+003	   +3.007560e+001
+4.383476e+003	   +3.007496e+001
+4.390769e+003	   +3.007599e+001
+4.398074e+003	   +3.007475e+001
+4.405391e+003	   +3.007467e+001
+4.412720e+003	   +3.007522e+001
+4.420062e+003	   +3.007492e+001
+4.427416e+003	   +3.007404e+001
+4.434782e+003	   +3.007248e+001
+4.442160e+003	   +3.007384e+001
+4.449551e+003	   +3.007194e+001
+4.456954e+003	   +3.007460e+001
+4.464369e+003	   +3.007375e+001
+4.471796e+003	   +3.007289e+001
+4.479236e+003	   +3.007262e+001
+4.486689e+003	   +3.007175e+001
+4.494153e+003	   +3.007068e+001
+4.501631e+003	   +3.007167e+001
+4.509120e+003	   +3.007145e+001
+4.516622e+003	   +3.007015e+001
+4.524137e+003	   +3.007012e+001
+4.531664e+003	   +3.006967e+001
+4.539203e+003	   +3.007110e+001
+4.546755e+003	   +3.006923e+001
+4.554320e+003	   +3.007010e+001
+4.561897e+003	   +3.006942e+001
+4.569487e+003	   +3.006911e+001
+4.577090e+003	   +3.006853e+001
+4.584705e+003	   +3.006920e+001
+4.592333e+003	   +3.006814e+001
+4.599973e+003	   +3.006903e+001
+4.607626e+003	   +3.006783e+001
+4.615292e+003	   +3.006768e+001
+4.622971e+003	   +3.006812e+001
+4.630662e+003	   +3.006691e+001
+4.638367e+003	   +3.006665e+001
+4.646083e+003	   +3.006657e+001
+4.653813e+003	   +3.006776e+001
+4.661556e+003	   +3.006623e+001
+4.669312e+003	   +3.006746e+001
+4.677081e+003	   +3.006503e+001
+4.684862e+003	   +3.006593e+001
+4.692656e+003	   +3.006457e+001
+4.700464e+003	   +3.006456e+001
+4.708284e+003	   +3.006449e+001
+4.716118e+003	   +3.006464e+001
+4.723964e+003	   +3.006323e+001
+4.731823e+003	   +3.006290e+001
+4.739696e+003	   +3.006377e+001
+4.747582e+003	   +3.006352e+001
+4.755480e+003	   +3.006217e+001
+4.763392e+003	   +3.006316e+001
+4.771317e+003	   +3.006082e+001
+4.779256e+003	   +3.006053e+001
+4.787207e+003	   +3.006165e+001
+4.795172e+003	   +3.006096e+001
+4.803150e+003	   +3.006116e+001
+4.811141e+003	   +3.005958e+001
+4.819146e+003	   +3.006189e+001
+4.827164e+003	   +3.005980e+001
+4.835194e+003	   +3.006123e+001
+4.843239e+003	   +3.005960e+001
+4.851297e+003	   +3.005958e+001
+4.859368e+003	   +3.005794e+001
+4.867453e+003	   +3.005924e+001
+4.875551e+003	   +3.005707e+001
+4.883663e+003	   +3.005880e+001
+4.891788e+003	   +3.005696e+001
+4.899927e+003	   +3.005761e+001
+4.908079e+003	   +3.005744e+001
+4.916245e+003	   +3.005681e+001
+4.924424e+003	   +3.005670e+001
+4.932617e+003	   +3.005628e+001
+4.940824e+003	   +3.005648e+001
+4.949044e+003	   +3.005589e+001
+4.957278e+003	   +3.005626e+001
+4.965526e+003	   +3.005541e+001
+4.973787e+003	   +3.005567e+001
+4.982063e+003	   +3.005387e+001
+4.990351e+003	   +3.005435e+001
+4.998654e+003	   +3.005317e+001
+5.006970e+003	   +3.005427e+001
+5.015301e+003	   +3.005234e+001
+5.023645e+003	   +3.005262e+001
+5.032003e+003	   +3.005184e+001
+5.040375e+003	   +3.005229e+001
+5.048761e+003	   +3.005185e+001
+5.057161e+003	   +3.005242e+001
+5.065575e+003	   +3.005248e+001
+5.074002e+003	   +3.005091e+001
+5.082444e+003	   +3.005131e+001
+5.090900e+003	   +3.005014e+001
+5.099370e+003	   +3.005050e+001
+5.107854e+003	   +3.004975e+001
+5.116353e+003	   +3.005082e+001
+5.124865e+003	   +3.004922e+001
+5.133391e+003	   +3.004929e+001
+5.141932e+003	   +3.004854e+001
+5.150487e+003	   +3.004825e+001
+5.159056e+003	   +3.004702e+001
+5.167639e+003	   +3.004767e+001
+5.176237e+003	   +3.004707e+001
+5.184849e+003	   +3.004701e+001
+5.193475e+003	   +3.004719e+001
+5.202116e+003	   +3.004501e+001
+5.210771e+003	   +3.004649e+001
+5.219440e+003	   +3.004492e+001
+5.228124e+003	   +3.004654e+001
+5.236822e+003	   +3.004459e+001
+5.245535e+003	   +3.004531e+001
+5.254262e+003	   +3.004432e+001
+5.263004e+003	   +3.004455e+001
+5.271760e+003	   +3.004322e+001
+5.280531e+003	   +3.004390e+001
+5.289316e+003	   +3.004253e+001
+5.298117e+003	   +3.004239e+001
+5.306931e+003	   +3.004198e+001
+5.315761e+003	   +3.004139e+001
+5.324605e+003	   +3.004178e+001
+5.333463e+003	   +3.003979e+001
+5.342337e+003	   +3.004114e+001
+5.351226e+003	   +3.003936e+001
+5.360128e+003	   +3.004078e+001
+5.369046e+003	   +3.003850e+001
+5.377979e+003	   +3.003982e+001
+5.386927e+003	   +3.003815e+001
+5.395889e+003	   +3.003980e+001
+5.404867e+003	   +3.003693e+001
+5.413859e+003	   +3.003849e+001
+5.422866e+003	   +3.003824e+001
+5.431889e+003	   +3.003744e+001
+5.440926e+003	   +3.003666e+001
+5.449978e+003	   +3.003570e+001
+5.459045e+003	   +3.003657e+001
+5.468128e+003	   +3.003471e+001
+5.477226e+003	   +3.003525e+001
+5.486338e+003	   +3.003348e+001
+5.495466e+003	   +3.003556e+001
+5.504609e+003	   +3.003373e+001
+5.513768e+003	   +3.003505e+001
+5.522941e+003	   +3.003264e+001
+5.532130e+003	   +3.003416e+001
+5.541334e+003	   +3.003220e+001
+5.550553e+003	   +3.003369e+001
+5.559788e+003	   +3.003160e+001
+5.569038e+003	   +3.003288e+001
+5.578304e+003	   +3.003107e+001
+5.587584e+003	   +3.003147e+001
+5.596881e+003	   +3.003100e+001
+5.606192e+003	   +3.003034e+001
+5.615520e+003	   +3.003028e+001
+5.624863e+003	   +3.002781e+001
+5.634221e+003	   +3.002907e+001
+5.643595e+003	   +3.002744e+001
+5.652984e+003	   +3.002869e+001
+5.662390e+003	   +3.002724e+001
+5.671810e+003	   +3.002890e+001
+5.681247e+003	   +3.002604e+001
+5.690699e+003	   +3.002782e+001
+5.700167e+003	   +3.002554e+001
+5.709650e+003	   +3.002708e+001
+5.719150e+003	   +3.002534e+001
+5.728665e+003	   +3.002583e+001
+5.738196e+003	   +3.002450e+001
+5.747743e+003	   +3.002450e+001
+5.757306e+003	   +3.002411e+001
+5.766884e+003	   +3.002275e+001
+5.776479e+003	   +3.002297e+001
+5.786090e+003	   +3.002113e+001
+5.795716e+003	   +3.002336e+001
+5.805359e+003	   +3.002097e+001
+5.815018e+003	   +3.002307e+001
+5.824692e+003	   +3.002031e+001
+5.834383e+003	   +3.002145e+001
+5.844090e+003	   +3.001964e+001
+5.853813e+003	   +3.002034e+001
+5.863552e+003	   +3.001888e+001
+5.873308e+003	   +3.001992e+001
+5.883080e+003	   +3.001878e+001
+5.892868e+003	   +3.001812e+001
+5.902672e+003	   +3.001759e+001
+5.912492e+003	   +3.001715e+001
+5.922329e+003	   +3.001669e+001
+5.932183e+003	   +3.001488e+001
+5.942052e+003	   +3.001650e+001
+5.951938e+003	   +3.001455e+001
+5.961841e+003	   +3.001632e+001
+5.971760e+003	   +3.001362e+001
+5.981695e+003	   +3.001501e+001
+5.991647e+003	   +3.001395e+001
+6.001616e+003	   +3.001493e+001
+6.011601e+003	   +3.001266e+001
+6.021603e+003	   +3.001382e+001
+6.031621e+003	   +3.001093e+001
+6.041656e+003	   +3.001260e+001
+6.051708e+003	   +3.001115e+001
+6.061776e+003	   +3.001077e+001
+6.071862e+003	   +3.000989e+001
+6.081964e+003	   +3.000862e+001
+6.092083e+003	   +3.000947e+001
+6.102218e+003	   +3.000783e+001
+6.112371e+003	   +3.000918e+001
+6.122541e+003	   +3.000675e+001
+6.132727e+003	   +3.000851e+001
+6.142930e+003	   +3.000580e+001
+6.153150e+003	   +3.000807e+001
+6.163388e+003	   +3.000587e+001
+6.173642e+003	   +3.000789e+001
+6.183913e+003	   +3.000432e+001
+6.194202e+003	   +3.000557e+001
+6.204507e+003	   +3.000495e+001
+6.214830e+003	   +3.000440e+001
+6.225170e+003	   +3.000382e+001
+6.235527e+003	   +3.000189e+001
+6.245901e+003	   +3.000335e+001
+6.256293e+003	   +3.000044e+001
+6.266702e+003	   +3.000280e+001
+6.277128e+003	   +2.999986e+001
+6.287572e+003	   +3.000066e+001
+6.298033e+003	   +2.999955e+001
+6.308511e+003	   +3.000112e+001
+6.319007e+003	   +2.999863e+001
+6.329520e+003	   +2.999995e+001
+6.340051e+003	   +2.999734e+001
+6.350599e+003	   +2.999935e+001
+6.361165e+003	   +2.999737e+001
+6.371748e+003	   +2.999817e+001
+6.382349e+003	   +2.999594e+001
+6.392968e+003	   +2.999593e+001
+6.403604e+003	   +2.999555e+001
+6.414258e+003	   +2.999423e+001
+6.424930e+003	   +2.999463e+001
+6.435619e+003	   +2.999220e+001
+6.446326e+003	   +2.999339e+001
+6.457051e+003	   +2.999230e+001
+6.467794e+003	   +2.999277e+001
+6.478555e+003	   +2.999084e+001
+6.489333e+003	   +2.999275e+001
+6.500130e+003	   +2.999021e+001
+6.510945e+003	   +2.999172e+001
+6.521777e+003	   +2.998997e+001
+6.532628e+003	   +2.998987e+001
+6.543497e+003	   +2.998883e+001
+6.554383e+003	   +2.998872e+001
+6.565288e+003	   +2.998797e+001
+6.576211e+003	   +2.998710e+001
+6.587152e+003	   +2.998715e+001
+6.598112e+003	   +2.998533e+001
+6.609089e+003	   +2.998678e+001
+6.620085e+003	   +2.998461e+001
+6.631099e+003	   +2.998641e+001
+6.642132e+003	   +2.998347e+001
+6.653183e+003	   +2.998513e+001
+6.664252e+003	   +2.998288e+001
+6.675339e+003	   +2.998491e+001
+6.686445e+003	   +2.998163e+001
+6.697570e+003	   +2.998354e+001
+6.708713e+003	   +2.998083e+001
+6.719875e+003	   +2.998133e+001
+6.731055e+003	   +2.997954e+001
+6.742253e+003	   +2.997937e+001
+6.753471e+003	   +2.997879e+001
+6.764707e+003	   +2.997714e+001
+6.775962e+003	   +2.997891e+001
+6.787235e+003	   +2.997551e+001
+6.798527e+003	   +2.997747e+001
+6.809838e+003	   +2.997473e+001
+6.821168e+003	   +2.997625e+001
+6.832517e+003	   +2.997363e+001
+6.843885e+003	   +2.997596e+001
+6.855271e+003	   +2.997346e+001
+6.866677e+003	   +2.997603e+001
+6.878101e+003	   +2.997224e+001
+6.889544e+003	   +2.997347e+001
+6.901007e+003	   +2.997175e+001
+6.912488e+003	   +2.997186e+001
+6.923989e+003	   +2.997044e+001
+6.935509e+003	   +2.996973e+001
+6.947048e+003	   +2.997012e+001
+6.958606e+003	   +2.996856e+001
+6.970183e+003	   +2.996831e+001
+6.981780e+003	   +2.996651e+001
+6.993396e+003	   +2.996733e+001
+7.005031e+003	   +2.996527e+001
+7.016686e+003	   +2.996732e+001
+7.028359e+003	   +2.996496e+001
+7.040053e+003	   +2.996697e+001
+7.051766e+003	   +2.996442e+001
+7.063498e+003	   +2.996601e+001
+7.075250e+003	   +2.996289e+001
+7.087021e+003	   +2.996335e+001
+7.098813e+003	   +2.996285e+001
+7.110623e+003	   +2.996200e+001
+7.122454e+003	   +2.996185e+001
+7.134303e+003	   +2.995897e+001
+7.146173e+003	   +2.996082e+001
+7.158063e+003	   +2.995746e+001
+7.169972e+003	   +2.995998e+001
+7.181901e+003	   +2.995600e+001
+7.193850e+003	   +2.995891e+001
+7.205818e+003	   +2.995518e+001
+7.217807e+003	   +2.995735e+001
+7.229815e+003	   +2.995510e+001
+7.241844e+003	   +2.995689e+001
+7.253893e+003	   +2.995422e+001
+7.265961e+003	   +2.995583e+001
+7.278050e+003	   +2.995202e+001
+7.290159e+003	   +2.995220e+001
+7.302288e+003	   +2.995181e+001
+7.314437e+003	   +2.995065e+001
+7.326606e+003	   +2.995094e+001
+7.338796e+003	   +2.994846e+001
+7.351006e+003	   +2.994958e+001
+7.363236e+003	   +2.994687e+001
+7.375487e+003	   +2.994962e+001
+7.387758e+003	   +2.994637e+001
+7.400049e+003	   +2.994759e+001
+7.412361e+003	   +2.994443e+001
+7.424693e+003	   +2.994819e+001
+7.437046e+003	   +2.994320e+001
+7.449419e+003	   +2.994772e+001
+7.461813e+003	   +2.994277e+001
+7.474228e+003	   +2.994424e+001
+7.486663e+003	   +2.994256e+001
+7.499119e+003	   +2.994218e+001
+7.511596e+003	   +2.994119e+001
+7.524093e+003	   +2.993835e+001
+7.536611e+003	   +2.994052e+001
+7.549150e+003	   +2.993694e+001
+7.561710e+003	   +2.993929e+001
+7.574291e+003	   +2.993646e+001
+7.586893e+003	   +2.993855e+001
+7.599515e+003	   +2.993579e+001
+7.612159e+003	   +2.993748e+001
+7.624824e+003	   +2.993391e+001
+7.637509e+003	   +2.993734e+001
+7.650216e+003	   +2.993397e+001
+7.662944e+003	   +2.993530e+001
+7.675693e+003	   +2.993260e+001
+7.688464e+003	   +2.993295e+001
+7.701255e+003	   +2.993121e+001
+7.714068e+003	   +2.992956e+001
+7.726903e+003	   +2.993037e+001
+7.739758e+003	   +2.992748e+001
+7.752635e+003	   +2.992867e+001
+7.765534e+003	   +2.992570e+001
+7.778454e+003	   +2.992856e+001
+7.791395e+003	   +2.992447e+001
+7.804358e+003	   +2.992736e+001
+7.817342e+003	   +2.992390e+001
+7.830349e+003	   +2.992686e+001
+7.843376e+003	   +2.992317e+001
+7.856426e+003	   +2.992547e+001
+7.869497e+003	   +2.992204e+001
+7.882589e+003	   +2.992257e+001
+7.895704e+003	   +2.992171e+001
+7.908841e+003	   +2.992113e+001
+7.921999e+003	   +2.992089e+001
+7.935179e+003	   +2.991805e+001
+7.948381e+003	   +2.991914e+001
+7.961605e+003	   +2.991536e+001
+7.974852e+003	   +2.991821e+001
+7.988120e+003	   +2.991485e+001
+8.001410e+003	   +2.991680e+001
+8.014722e+003	   +2.991245e+001
+8.028057e+003	   +2.991574e+001
+8.041413e+003	   +2.991224e+001
+8.054792e+003	   +2.991473e+001
+8.068193e+003	   +2.991191e+001
+8.081617e+003	   +2.991345e+001
+8.095063e+003	   +2.990991e+001
+8.108531e+003	   +2.991014e+001
+8.122021e+003	   +2.990941e+001
+8.135534e+003	   +2.990774e+001
+8.149070e+003	   +2.990833e+001
+8.162627e+003	   +2.990421e+001
+8.176208e+003	   +2.990717e+001
+8.189811e+003	   +2.990285e+001
+8.203438e+003	   +2.990613e+001
+8.217086e+003	   +2.990271e+001
+8.230757e+003	   +2.990499e+001
+8.244450e+003	   +2.990096e+001
+8.258167e+003	   +2.990409e+001
+8.271906e+003	   +2.989972e+001
+8.285669e+003	   +2.990311e+001
+8.299454e+003	   +2.989820e+001
+8.313263e+003	   +2.989859e+001
+8.327094e+003	   +2.989733e+001
+8.340948e+003	   +2.989655e+001
+8.354825e+003	   +2.989623e+001
+8.368726e+003	   +2.989292e+001
+8.382648e+003	   +2.989552e+001
+8.396596e+003	   +2.989123e+001
+8.410565e+003	   +2.989408e+001
+8.424559e+003	   +2.988876e+001
+8.438574e+003	   +2.989284e+001
+8.452614e+003	   +2.988914e+001
+8.466678e+003	   +2.989190e+001
+8.480764e+003	   +2.988825e+001
+8.494874e+003	   +2.989097e+001
+8.509007e+003	   +2.988653e+001
+8.523164e+003	   +2.988871e+001
+8.537344e+003	   +2.988503e+001
+8.551548e+003	   +2.988541e+001
+8.565775e+003	   +2.988376e+001
+8.580027e+003	   +2.988242e+001
+8.594302e+003	   +2.988298e+001
+8.608601e+003	   +2.987886e+001
+8.622923e+003	   +2.988227e+001
+8.637270e+003	   +2.987866e+001
+8.651640e+003	   +2.988100e+001
+8.666034e+003	   +2.987574e+001
+8.680452e+003	   +2.987969e+001
+8.694895e+003	   +2.987435e+001
+8.709360e+003	   +2.987830e+001
+8.723851e+003	   +2.987352e+001
+8.738364e+003	   +2.987658e+001
+8.752903e+003	   +2.987196e+001
+8.767466e+003	   +2.987310e+001
+8.782053e+003	   +2.987025e+001
+8.796664e+003	   +2.987072e+001
+8.811299e+003	   +2.986952e+001
+8.825959e+003	   +2.986696e+001
+8.840643e+003	   +2.986965e+001
+8.855352e+003	   +2.986404e+001
+8.870085e+003	   +2.986836e+001
+8.884842e+003	   +2.986382e+001
+8.899624e+003	   +2.986661e+001
+8.914431e+003	   +2.986272e+001
+8.929263e+003	   +2.986644e+001
+8.944118e+003	   +2.986102e+001
+8.958999e+003	   +2.986495e+001
+8.973904e+003	   +2.986025e+001
+8.988835e+003	   +2.986139e+001
+9.003790e+003	   +2.985903e+001
+9.018771e+003	   +2.985916e+001
+9.033775e+003	   +2.985620e+001
+9.048805e+003	   +2.985476e+001
+9.063860e+003	   +2.985530e+001
+9.078940e+003	   +2.985016e+001
+9.094045e+003	   +2.985337e+001
+9.109175e+003	   +2.984885e+001
+9.124331e+003	   +2.985387e+001
+9.139511e+003	   +2.984860e+001
+9.154717e+003	   +2.985273e+001
+9.169948e+003	   +2.984712e+001
+9.185204e+003	   +2.985063e+001
+9.200486e+003	   +2.984643e+001
+9.215794e+003	   +2.984965e+001
+9.231126e+003	   +2.984417e+001
+9.246484e+003	   +2.984599e+001
+9.261868e+003	   +2.984395e+001
+9.277278e+003	   +2.984163e+001
+9.292713e+003	   +2.984187e+001
+9.308174e+003	   +2.983817e+001
+9.323660e+003	   +2.984037e+001
+9.339172e+003	   +2.983552e+001
+9.354710e+003	   +2.983989e+001
+9.370274e+003	   +2.983335e+001
+9.385864e+003	   +2.983769e+001
+9.401479e+003	   +2.983210e+001
+9.417121e+003	   +2.983652e+001
+9.432789e+003	   +2.983172e+001
+9.448482e+003	   +2.983474e+001
+9.464203e+003	   +2.982988e+001
+9.479949e+003	   +2.983332e+001
+9.495721e+003	   +2.982825e+001
+9.511520e+003	   +2.982905e+001
+9.527345e+003	   +2.982763e+001
+9.543195e+003	   +2.982528e+001
+9.559073e+003	   +2.982587e+001
+9.574977e+003	   +2.982060e+001
+9.590907e+003	   +2.982480e+001
+9.606864e+003	   +2.982011e+001
+9.622848e+003	   +2.982404e+001
+9.638857e+003	   +2.981758e+001
+9.654894e+003	   +2.982244e+001
+9.670957e+003	   +2.981731e+001
+9.687047e+003	   +2.982013e+001
+9.703164e+003	   +2.981552e+001
+9.719308e+003	   +2.981947e+001
+9.735479e+003	   +2.981399e+001
+9.751676e+003	   +2.981511e+001
+9.767899e+003	   +2.981367e+001
+9.784151e+003	   +2.981154e+001
+9.800430e+003	   +2.981017e+001
+9.816734e+003	   +2.980600e+001
+9.833067e+003	   +2.980972e+001
+9.849427e+003	   +2.980473e+001
+9.865814e+003	   +2.980801e+001
+9.882229e+003	   +2.980220e+001
+9.898670e+003	   +2.980659e+001
+9.915139e+003	   +2.980225e+001
+9.931635e+003	   +2.980589e+001
+9.948159e+003	   +2.979952e+001
+9.964710e+003	   +2.980377e+001
+9.981289e+003	   +2.979876e+001
+9.997895e+003	   +2.980154e+001
+1.001453e+004	   +2.979717e+001
+1.003119e+004	   +2.979677e+001
+1.004788e+004	   +2.979525e+001
+1.006460e+004	   +2.979296e+001
+1.008134e+004	   +2.979499e+001
+1.009812e+004	   +2.978863e+001
+1.011492e+004	   +2.979261e+001
+1.013174e+004	   +2.978671e+001
+1.014860e+004	   +2.979132e+001
+1.016549e+004	   +2.978497e+001
+1.018240e+004	   +2.978877e+001
+1.019934e+004	   +2.978463e+001
+1.021631e+004	   +2.978729e+001
+1.023331e+004	   +2.978203e+001
+1.025033e+004	   +2.978663e+001
+1.026739e+004	   +2.978014e+001
+1.028447e+004	   +2.978173e+001
+1.030158e+004	   +2.977883e+001
+1.031872e+004	   +2.977809e+001
+1.033589e+004	   +2.977774e+001
+1.035308e+004	   +2.977242e+001
+1.037031e+004	   +2.977598e+001
+1.038756e+004	   +2.976929e+001
+1.040484e+004	   +2.977419e+001
+1.042215e+004	   +2.976809e+001
+1.043949e+004	   +2.977134e+001
+1.045686e+004	   +2.976747e+001
+1.047426e+004	   +2.977069e+001
+1.049169e+004	   +2.976514e+001
+1.050914e+004	   +2.976977e+001
+1.052663e+004	   +2.976285e+001
+1.054414e+004	   +2.976581e+001
+1.056168e+004	   +2.976246e+001
+1.057925e+004	   +2.975959e+001
+1.059686e+004	   +2.975929e+001
+1.061449e+004	   +2.975668e+001
+1.063215e+004	   +2.975907e+001
+1.064983e+004	   +2.975261e+001
+1.066755e+004	   +2.975722e+001
+1.068530e+004	   +2.975057e+001
+1.070308e+004	   +2.975595e+001
+1.072089e+004	   +2.974983e+001
+1.073872e+004	   +2.975431e+001
+1.075659e+004	   +2.974656e+001
+1.077449e+004	   +2.975278e+001
+1.079241e+004	   +2.974584e+001
+1.081037e+004	   +2.974960e+001
+1.082835e+004	   +2.974378e+001
+1.084637e+004	   +2.974578e+001
+1.086442e+004	   +2.974306e+001
+1.088249e+004	   +2.974159e+001
+1.090060e+004	   +2.974006e+001
+1.091873e+004	   +2.973598e+001
+1.093690e+004	   +2.974010e+001
+1.095509e+004	   +2.973318e+001
+1.097332e+004	   +2.973775e+001
+1.099158e+004	   +2.973170e+001
+1.100987e+004	   +2.973649e+001
+1.102818e+004	   +2.972989e+001
+1.104653e+004	   +2.973491e+001
+1.106491e+004	   +2.972713e+001
+1.108332e+004	   +2.973397e+001
+1.110176e+004	   +2.972583e+001
+1.112023e+004	   +2.972850e+001
+1.113873e+004	   +2.972471e+001
+1.115726e+004	   +2.972376e+001
+1.117583e+004	   +2.972219e+001
+1.119442e+004	   +2.971936e+001
+1.121304e+004	   +2.972117e+001
+1.123170e+004	   +2.971408e+001
+1.125039e+004	   +2.971945e+001
+1.126910e+004	   +2.971147e+001
+1.128785e+004	   +2.971825e+001
+1.130663e+004	   +2.971007e+001
+1.132544e+004	   +2.971577e+001
+1.134429e+004	   +2.970940e+001
+1.136316e+004	   +2.971423e+001
+1.138207e+004	   +2.970651e+001
+1.140100e+004	   +2.971158e+001
+1.141997e+004	   +2.970476e+001
+1.143897e+004	   +2.970776e+001
+1.145800e+004	   +2.970463e+001
+1.147707e+004	   +2.970066e+001
+1.149616e+004	   +2.970083e+001
+1.151529e+004	   +2.969654e+001
+1.153445e+004	   +2.970014e+001
+1.155364e+004	   +2.969242e+001
+1.157286e+004	   +2.969833e+001
+1.159211e+004	   +2.969088e+001
+1.161140e+004	   +2.969705e+001
+1.163072e+004	   +2.968830e+001
+1.165007e+004	   +2.969507e+001
+1.166945e+004	   +2.968700e+001
+1.168887e+004	   +2.969341e+001
+1.170831e+004	   +2.968533e+001
+1.172779e+004	   +2.968887e+001
+1.174731e+004	   +2.968388e+001
+1.176685e+004	   +2.968338e+001
+1.178643e+004	   +2.968177e+001
+1.180604e+004	   +2.967715e+001
+1.182568e+004	   +2.967983e+001
+1.184535e+004	   +2.967101e+001
+1.186506e+004	   +2.967899e+001
+1.188480e+004	   +2.967018e+001
+1.190458e+004	   +2.967637e+001
+1.192438e+004	   +2.966914e+001
+1.194422e+004	   +2.967592e+001
+1.196409e+004	   +2.966745e+001
+1.198400e+004	   +2.967365e+001
+1.200394e+004	   +2.966469e+001
+1.202391e+004	   +2.967035e+001
+1.204391e+004	   +2.966282e+001
+1.206395e+004	   +2.966419e+001
+1.208402e+004	   +2.966082e+001
+1.210413e+004	   +2.965815e+001
+1.212427e+004	   +2.966073e+001
+1.214444e+004	   +2.965306e+001
+1.216464e+004	   +2.965747e+001
+1.218488e+004	   +2.965004e+001
+1.220515e+004	   +2.965754e+001
+1.222546e+004	   +2.964699e+001
+1.224580e+004	   +2.965374e+001
+1.226617e+004	   +2.964424e+001
+1.228658e+004	   +2.965149e+001
+1.230702e+004	   +2.964405e+001
+1.232750e+004	   +2.965007e+001
+1.234801e+004	   +2.964128e+001
+1.236855e+004	   +2.964553e+001
+1.238913e+004	   +2.964006e+001
+1.240974e+004	   +2.963859e+001
+1.243039e+004	   +2.963643e+001
+1.245107e+004	   +2.963229e+001
+1.247179e+004	   +2.963587e+001
+1.249254e+004	   +2.962697e+001
+1.251332e+004	   +2.963369e+001
+1.253414e+004	   +2.962403e+001
+1.255499e+004	   +2.963376e+001
+1.257588e+004	   +2.962401e+001
+1.259680e+004	   +2.963154e+001
+1.261776e+004	   +2.962142e+001
+1.263876e+004	   +2.962854e+001
+1.265978e+004	   +2.961943e+001
+1.268085e+004	   +2.962511e+001
+1.270194e+004	   +2.961727e+001
+1.272308e+004	   +2.961891e+001
+1.274424e+004	   +2.961537e+001
+1.276545e+004	   +2.961173e+001
+1.278669e+004	   +2.961248e+001
+1.280796e+004	   +2.960534e+001
+1.282927e+004	   +2.961251e+001
+1.285061e+004	   +2.960193e+001
+1.287199e+004	   +2.960979e+001
+1.289341e+004	   +2.959959e+001
+1.291486e+004	   +2.960781e+001
+1.293635e+004	   +2.959822e+001
+1.295787e+004	   +2.960564e+001
+1.297943e+004	   +2.959619e+001
+1.300102e+004	   +2.960509e+001
+1.302265e+004	   +2.959475e+001
+1.304432e+004	   +2.959823e+001
+1.306602e+004	   +2.959232e+001
+1.308776e+004	   +2.959127e+001
+1.310954e+004	   +2.958970e+001
+1.313135e+004	   +2.958313e+001
+1.315320e+004	   +2.958877e+001
+1.317508e+004	   +2.957816e+001
+1.319700e+004	   +2.958611e+001
+1.321896e+004	   +2.957692e+001
+1.324095e+004	   +2.958394e+001
+1.326298e+004	   +2.957564e+001
+1.328504e+004	   +2.958363e+001
+1.330715e+004	   +2.957152e+001
+1.332929e+004	   +2.957924e+001
+1.335146e+004	   +2.956879e+001
+1.337368e+004	   +2.957710e+001
+1.339593e+004	   +2.956870e+001
+1.341821e+004	   +2.956955e+001
+1.344054e+004	   +2.956581e+001
+1.346290e+004	   +2.956330e+001
+1.348530e+004	   +2.956380e+001
+1.350774e+004	   +2.955584e+001
+1.353021e+004	   +2.956038e+001
+1.355272e+004	   +2.955191e+001
+1.357527e+004	   +2.956033e+001
+1.359785e+004	   +2.954900e+001
+1.362048e+004	   +2.955720e+001
+1.364314e+004	   +2.954688e+001
+1.366584e+004	   +2.955644e+001
+1.368857e+004	   +2.954432e+001
+1.371135e+004	   +2.955308e+001
+1.373416e+004	   +2.954292e+001
+1.375701e+004	   +2.954691e+001
+1.377990e+004	   +2.954186e+001
+1.380282e+004	   +2.953837e+001
+1.382579e+004	   +2.953824e+001
+1.384879e+004	   +2.953353e+001
+1.387183e+004	   +2.953655e+001
+1.389491e+004	   +2.952629e+001
+1.391803e+004	   +2.953420e+001
+1.394119e+004	   +2.952252e+001
+1.396438e+004	   +2.953347e+001
+1.398761e+004	   +2.952082e+001
+1.401088e+004	   +2.953047e+001
+1.403420e+004	   +2.952086e+001
+1.405754e+004	   +2.952787e+001
+1.408093e+004	   +2.951813e+001
+1.410436e+004	   +2.952428e+001
+1.412783e+004	   +2.951552e+001
+1.415133e+004	   +2.951771e+001
+1.417488e+004	   +2.951302e+001
+1.419846e+004	   +2.950934e+001
+1.422208e+004	   +2.951180e+001
+1.424574e+004	   +2.950210e+001
+1.426945e+004	   +2.950954e+001
+1.429319e+004	   +2.949618e+001
+1.431697e+004	   +2.950716e+001
+1.434079e+004	   +2.949531e+001
+1.436465e+004	   +2.950558e+001
+1.438854e+004	   +2.949481e+001
+1.441248e+004	   +2.950325e+001
+1.443646e+004	   +2.949130e+001
+1.446048e+004	   +2.950071e+001
+1.448454e+004	   +2.948752e+001
+1.450864e+004	   +2.949328e+001
+1.453278e+004	   +2.948696e+001
+1.455696e+004	   +2.948615e+001
+1.458117e+004	   +2.948484e+001
+1.460543e+004	   +2.947836e+001
+1.462973e+004	   +2.948493e+001
+1.465407e+004	   +2.947173e+001
+1.467845e+004	   +2.948173e+001
+1.470288e+004	   +2.946850e+001
+1.472734e+004	   +2.947836e+001
+1.475184e+004	   +2.946642e+001
+1.477638e+004	   +2.947654e+001
+1.480097e+004	   +2.946356e+001
+1.482559e+004	   +2.947368e+001
+1.485026e+004	   +2.946164e+001
+1.487497e+004	   +2.946945e+001
+1.489971e+004	   +2.946085e+001
+1.492450e+004	   +2.946122e+001
+1.494933e+004	   +2.945778e+001
+1.497421e+004	   +2.945213e+001
+1.499912e+004	   +2.945559e+001
+1.502407e+004	   +2.944669e+001
+1.504907e+004	   +2.945353e+001
+1.507411e+004	   +2.944138e+001
+1.509919e+004	   +2.945255e+001
+1.512431e+004	   +2.943795e+001
+1.514947e+004	   +2.944920e+001
+1.517468e+004	   +2.943724e+001
+1.519992e+004	   +2.944719e+001
+1.522521e+004	   +2.943431e+001
+1.525054e+004	   +2.944601e+001
+1.527592e+004	   +2.943255e+001
+1.530133e+004	   +2.943623e+001
+1.532679e+004	   +2.942913e+001
+1.535229e+004	   +2.942850e+001
+1.537783e+004	   +2.942527e+001
+1.540342e+004	   +2.941960e+001
+1.542904e+004	   +2.942548e+001
+1.545471e+004	   +2.941119e+001
+1.548043e+004	   +2.942279e+001
+1.550618e+004	   +2.941004e+001
+1.553198e+004	   +2.942098e+001
+1.555782e+004	   +2.940736e+001
+1.558371e+004	   +2.941991e+001
+1.560963e+004	   +2.940489e+001
+1.563560e+004	   +2.941557e+001
+1.566162e+004	   +2.940366e+001
+1.568767e+004	   +2.941190e+001
+1.571377e+004	   +2.940045e+001
+1.573992e+004	   +2.940181e+001
+1.576611e+004	   +2.939813e+001
+1.579234e+004	   +2.939298e+001
+1.581861e+004	   +2.939633e+001
+1.584493e+004	   +2.938387e+001
+1.587129e+004	   +2.939536e+001
+1.589770e+004	   +2.937924e+001
+1.592415e+004	   +2.939316e+001
+1.595064e+004	   +2.937853e+001
+1.597718e+004	   +2.938966e+001
+1.600376e+004	   +2.937728e+001
+1.603039e+004	   +2.938671e+001
+1.605706e+004	   +2.937291e+001
+1.608377e+004	   +2.938647e+001
+1.611053e+004	   +2.937175e+001
+1.613733e+004	   +2.937648e+001
+1.616418e+004	   +2.936951e+001
+1.619108e+004	   +2.936622e+001
+1.621801e+004	   +2.936777e+001
+1.624500e+004	   +2.935690e+001
+1.627202e+004	   +2.936561e+001
+1.629910e+004	   +2.934945e+001
+1.632621e+004	   +2.936185e+001
+1.635338e+004	   +2.934676e+001
+1.638058e+004	   +2.936052e+001
+1.640784e+004	   +2.934511e+001
+1.643514e+004	   +2.935733e+001
+1.646248e+004	   +2.934375e+001
+1.648987e+004	   +2.935551e+001
+1.651730e+004	   +2.933892e+001
+1.654479e+004	   +2.935096e+001
+1.657231e+004	   +2.933816e+001
+1.659988e+004	   +2.933960e+001
+1.662750e+004	   +2.933665e+001
+1.665517e+004	   +2.932991e+001
+1.668288e+004	   +2.933265e+001
+1.671063e+004	   +2.931965e+001
+1.673843e+004	   +2.933257e+001
+1.676628e+004	   +2.931712e+001
+1.679418e+004	   +2.933058e+001
+1.682212e+004	   +2.931211e+001
+1.685011e+004	   +2.932721e+001
+1.687814e+004	   +2.931289e+001
+1.690622e+004	   +2.932665e+001
+1.693435e+004	   +2.931023e+001
+1.696252e+004	   +2.932210e+001
+1.699074e+004	   +2.930756e+001
+1.701901e+004	   +2.931137e+001
+1.704733e+004	   +2.930616e+001
+1.707569e+004	   +2.930238e+001
+1.710410e+004	   +2.930095e+001
+1.713256e+004	   +2.929283e+001
+1.716106e+004	   +2.929986e+001
+1.718961e+004	   +2.928274e+001
+1.721821e+004	   +2.929870e+001
+1.724686e+004	   +2.928142e+001
+1.727555e+004	   +2.929692e+001
+1.730430e+004	   +2.927950e+001
+1.733309e+004	   +2.929560e+001
+1.736192e+004	   +2.927749e+001
+1.739081e+004	   +2.929119e+001
+1.741974e+004	   +2.927454e+001
+1.744873e+004	   +2.928504e+001
+1.747776e+004	   +2.927202e+001
+1.750683e+004	   +2.927548e+001
+1.753596e+004	   +2.927041e+001
+1.756514e+004	   +2.926303e+001
+1.759436e+004	   +2.926966e+001
+1.762363e+004	   +2.925447e+001
+1.765296e+004	   +2.926721e+001
+1.768232e+004	   +2.925044e+001
+1.771174e+004	   +2.926461e+001
+1.774121e+004	   +2.924721e+001
+1.777073e+004	   +2.926195e+001
+1.780029e+004	   +2.924502e+001
+1.782991e+004	   +2.925979e+001
+1.785957e+004	   +2.924302e+001
+1.788929e+004	   +2.925702e+001
+1.791905e+004	   +2.923907e+001
+1.794886e+004	   +2.924590e+001
+1.797873e+004	   +2.923758e+001
+1.800864e+004	   +2.923590e+001
+1.803860e+004	   +2.923623e+001
+1.806861e+004	   +2.922345e+001
+1.809867e+004	   +2.923443e+001
+1.812879e+004	   +2.921609e+001
+1.815895e+004	   +2.923179e+001
+1.818916e+004	   +2.921563e+001
+1.821942e+004	   +2.923078e+001
+1.824973e+004	   +2.921243e+001
+1.828010e+004	   +2.922886e+001
+1.831051e+004	   +2.920840e+001
+1.834097e+004	   +2.922542e+001
+1.837149e+004	   +2.920623e+001
+1.840205e+004	   +2.921804e+001
+1.843267e+004	   +2.920444e+001
+1.846334e+004	   +2.920637e+001
+1.849406e+004	   +2.920254e+001
+1.852482e+004	   +2.919415e+001
+1.855565e+004	   +2.920017e+001
+1.858652e+004	   +2.918513e+001
+1.861744e+004	   +2.919621e+001
+1.864842e+004	   +2.917864e+001
+1.867944e+004	   +2.919636e+001
+1.871052e+004	   +2.917471e+001
+1.874165e+004	   +2.919290e+001
+1.877283e+004	   +2.917343e+001
+1.880406e+004	   +2.919242e+001
+1.883535e+004	   +2.917155e+001
+1.886669e+004	   +2.919036e+001
+1.889808e+004	   +2.917131e+001
+1.892952e+004	   +2.917789e+001
+1.896101e+004	   +2.916915e+001
+1.899256e+004	   +2.916567e+001
+1.902416e+004	   +2.916626e+001
+1.905581e+004	   +2.915210e+001
+1.908751e+004	   +2.916269e+001
+1.911927e+004	   +2.914363e+001
+1.915108e+004	   +2.916724e+001
+1.918294e+004	   +2.914327e+001
+1.921486e+004	   +2.915521e+001
+1.924682e+004	   +2.913767e+001
+1.927885e+004	   +2.915255e+001
+1.931092e+004	   +2.913618e+001
+1.934305e+004	   +2.914929e+001
+1.937523e+004	   +2.915672e+001
+1.940747e+004	   +2.913307e+001
+1.943976e+004	   +2.913659e+001
+1.947210e+004	   +2.914855e+001
+1.950450e+004	   +2.911679e+001
+1.953695e+004	   +2.912557e+001
+1.956945e+004	   +2.912948e+001
+1.960201e+004	   +2.911730e+001
+1.963462e+004	   +2.914554e+001
+1.966729e+004	   +2.911796e+001
+1.970001e+004	   +2.912860e+001
+1.973279e+004	   +2.910279e+001
+1.976562e+004	   +2.911870e+001
+1.979850e+004	   +2.910525e+001
+1.983144e+004	   +2.912254e+001
+1.986444e+004	   +2.910025e+001
+1.989749e+004	   +2.912089e+001
+1.993059e+004	   +2.910054e+001
+1.996375e+004	   +2.910656e+001
+1.999696e+004	   +2.909800e+001
+2.003023e+004	   +2.909588e+001
+2.006356e+004	   +2.909789e+001
+2.009694e+004	   +2.908026e+001
+2.013038e+004	   +2.909520e+001
+2.016387e+004	   +2.907194e+001
+2.019742e+004	   +2.909211e+001
+2.023102e+004	   +2.906948e+001
+2.026468e+004	   +2.908894e+001
+2.029839e+004	   +2.906797e+001
+2.033217e+004	   +2.908938e+001
+2.036599e+004	   +2.906547e+001
+2.039988e+004	   +2.908832e+001
+2.043382e+004	   +2.906551e+001
+2.046781e+004	   +2.908001e+001
+2.050187e+004	   +2.906048e+001
+2.053598e+004	   +2.906453e+001
+2.057014e+004	   +2.906255e+001
+2.060437e+004	   +2.905085e+001
+2.063865e+004	   +2.905889e+001
+2.067298e+004	   +2.903947e+001
+2.070738e+004	   +2.905708e+001
+2.074183e+004	   +2.903235e+001
+2.077634e+004	   +2.905503e+001
+2.081091e+004	   +2.903010e+001
+2.084553e+004	   +2.905614e+001
+2.088021e+004	   +2.903106e+001
+2.091495e+004	   +2.905628e+001
+2.094975e+004	   +2.902835e+001
+2.098461e+004	   +2.905081e+001
+2.101952e+004	   +2.902804e+001
+2.105449e+004	   +2.903389e+001
+2.108952e+004	   +2.902744e+001
+2.112461e+004	   +2.902270e+001
+2.115975e+004	   +2.902448e+001
+2.119496e+004	   +2.900570e+001
+2.123022e+004	   +2.902260e+001
+2.126554e+004	   +2.899790e+001
+2.130092e+004	   +2.902080e+001
+2.133636e+004	   +2.899655e+001
+2.137186e+004	   +2.902154e+001
+2.140742e+004	   +2.899530e+001
+2.144303e+004	   +2.901987e+001
+2.147871e+004	   +2.899313e+001
+2.151444e+004	   +2.901516e+001
+2.155024e+004	   +2.899379e+001
+2.158609e+004	   +2.900631e+001
+2.162201e+004	   +2.898870e+001
+2.165798e+004	   +2.899229e+001
+2.169401e+004	   +2.898620e+001
+2.173011e+004	   +2.897561e+001
+2.176626e+004	   +2.898734e+001
+2.180247e+004	   +2.896272e+001
+2.183875e+004	   +2.898525e+001
+2.187508e+004	   +2.896024e+001
+2.191148e+004	   +2.898456e+001
+2.194793e+004	   +2.895756e+001
+2.198445e+004	   +2.898277e+001
+2.202102e+004	   +2.895693e+001
+2.205766e+004	   +2.898145e+001
+2.209436e+004	   +2.895558e+001
+2.213112e+004	   +2.897771e+001
+2.216794e+004	   +2.895359e+001
+2.220482e+004	   +2.896478e+001
+2.224176e+004	   +2.895163e+001
+2.227877e+004	   +2.895000e+001
+2.231584e+004	   +2.895158e+001
+2.235296e+004	   +2.893157e+001
+2.239015e+004	   +2.895137e+001
+2.242740e+004	   +2.892300e+001
+2.246472e+004	   +2.895074e+001
+2.250209e+004	   +2.892364e+001
+2.253953e+004	   +2.895034e+001
+2.257703e+004	   +2.892163e+001
+2.261459e+004	   +2.894817e+001
+2.265222e+004	   +2.891796e+001
+2.268991e+004	   +2.894997e+001
+2.272766e+004	   +2.891820e+001
+2.276547e+004	   +2.893876e+001
+2.280335e+004	   +2.891813e+001
+2.284129e+004	   +2.891690e+001
+2.287929e+004	   +2.891804e+001
+2.291735e+004	   +2.890516e+001
+2.295548e+004	   +2.891840e+001
+2.299367e+004	   +2.888950e+001
+2.303193e+004	   +2.891357e+001
+2.307025e+004	   +2.888813e+001
+2.310863e+004	   +2.891566e+001
+2.314708e+004	   +2.888476e+001
+2.318559e+004	   +2.891574e+001
+2.322416e+004	   +2.888432e+001
+2.326280e+004	   +2.891504e+001
+2.330151e+004	   +2.888430e+001
+2.334027e+004	   +2.890717e+001
+2.337911e+004	   +2.888443e+001
+2.341800e+004	   +2.889090e+001
+2.345696e+004	   +2.888616e+001
+2.349599e+004	   +2.887511e+001
+2.353508e+004	   +2.888097e+001
+2.357424e+004	   +2.886035e+001
+2.361346e+004	   +2.888220e+001
+2.365275e+004	   +2.884988e+001
+2.369210e+004	   +2.888167e+001
+2.373152e+004	   +2.884769e+001
+2.377100e+004	   +2.888340e+001
+2.381055e+004	   +2.885028e+001
+2.385016e+004	   +2.888234e+001
+2.388985e+004	   +2.884944e+001
+2.392959e+004	   +2.887925e+001
+2.396940e+004	   +2.884885e+001
+2.400928e+004	   +2.886430e+001
+2.404923e+004	   +2.884661e+001
+2.408924e+004	   +2.884985e+001
+2.412932e+004	   +2.884787e+001
+2.416946e+004	   +2.883263e+001
+2.420968e+004	   +2.884699e+001
+2.424996e+004	   +2.881697e+001
+2.429030e+004	   +2.884790e+001
+2.433071e+004	   +2.881418e+001
+2.437119e+004	   +2.884970e+001
+2.441174e+004	   +2.881502e+001
+2.445236e+004	   +2.884634e+001
+2.449304e+004	   +2.881486e+001
+2.453379e+004	   +2.884702e+001
+2.457461e+004	   +2.881539e+001
+2.461549e+004	   +2.884249e+001
+2.465645e+004	   +2.881353e+001
+2.469747e+004	   +2.882501e+001
+2.473856e+004	   +2.881409e+001
+2.477972e+004	   +2.880799e+001
+2.482095e+004	   +2.881427e+001
+2.486224e+004	   +2.878563e+001
+2.490361e+004	   +2.881736e+001
+2.494504e+004	   +2.878159e+001
+2.498654e+004	   +2.881449e+001
+2.502811e+004	   +2.878214e+001
+2.506975e+004	   +2.881485e+001
+2.511146e+004	   +2.878305e+001
+2.515324e+004	   +2.881679e+001
+2.519509e+004	   +2.878084e+001
+2.523701e+004	   +2.881705e+001
+2.527900e+004	   +2.878073e+001
+2.532105e+004	   +2.880023e+001
+2.536318e+004	   +2.878226e+001
+2.540538e+004	   +2.877952e+001
+2.544765e+004	   +2.878371e+001
+2.548999e+004	   +2.876171e+001
+2.553239e+004	   +2.878435e+001
+2.557488e+004	   +2.874810e+001
+2.561742e+004	   +2.878451e+001
+2.566004e+004	   +2.874939e+001
+2.570274e+004	   +2.878480e+001
+2.574550e+004	   +2.874423e+001
+2.578833e+004	   +2.878857e+001
+2.583124e+004	   +2.874793e+001
+2.587422e+004	   +2.878693e+001
+2.591726e+004	   +2.875149e+001
+2.596038e+004	   +2.877945e+001
+2.600358e+004	   +2.875131e+001
+2.604684e+004	   +2.875869e+001
+2.609017e+004	   +2.875154e+001
+2.613358e+004	   +2.874046e+001
+2.617706e+004	   +2.875157e+001
+2.622061e+004	   +2.872359e+001
+2.626424e+004	   +2.875364e+001
+2.630794e+004	   +2.871389e+001
+2.635171e+004	   +2.875707e+001
+2.639555e+004	   +2.871644e+001
+2.643946e+004	   +2.875929e+001
+2.648345e+004	   +2.871728e+001
+2.652751e+004	   +2.875584e+001
+2.657165e+004	   +2.871969e+001
+2.661586e+004	   +2.875610e+001
+2.666014e+004	   +2.872363e+001
+2.670449e+004	   +2.874070e+001
+2.674892e+004	   +2.871753e+001
+2.679343e+004	   +2.872128e+001
+2.683800e+004	   +2.872388e+001
+2.688266e+004	   +2.870309e+001
+2.692738e+004	   +2.872301e+001
+2.697218e+004	   +2.868435e+001
+2.701706e+004	   +2.872848e+001
+2.706201e+004	   +2.868652e+001
+2.710703e+004	   +2.872587e+001
+2.715213e+004	   +2.868634e+001
+2.719730e+004	   +2.872574e+001
+2.724255e+004	   +2.869075e+001
+2.728788e+004	   +2.873102e+001
+2.733328e+004	   +2.868994e+001
+2.737876e+004	   +2.872429e+001
+2.742431e+004	   +2.868913e+001
+2.746993e+004	   +2.870460e+001
+2.751564e+004	   +2.869263e+001
+2.756142e+004	   +2.868044e+001
+2.760727e+004	   +2.869603e+001
+2.765320e+004	   +2.865974e+001
+2.769921e+004	   +2.869631e+001
+2.774529e+004	   +2.865460e+001
+2.779146e+004	   +2.869826e+001
+2.783769e+004	   +2.865793e+001
+2.788401e+004	   +2.870083e+001
+2.793040e+004	   +2.866051e+001
+2.797687e+004	   +2.870554e+001
+2.802342e+004	   +2.866070e+001
+2.807004e+004	   +2.870845e+001
+2.811674e+004	   +2.866546e+001
+2.816352e+004	   +2.868610e+001
+2.821038e+004	   +2.866718e+001
+2.825731e+004	   +2.866302e+001
+2.830433e+004	   +2.867059e+001
+2.835142e+004	   +2.864340e+001
+2.839859e+004	   +2.866693e+001
+2.844583e+004	   +2.862915e+001
+2.849316e+004	   +2.867370e+001
+2.854057e+004	   +2.863223e+001
+2.858805e+004	   +2.867816e+001
+2.863561e+004	   +2.863055e+001
+2.868326e+004	   +2.868140e+001
+2.873098e+004	   +2.863363e+001
+2.877878e+004	   +2.868478e+001
+2.882666e+004	   +2.863816e+001
+2.887462e+004	   +2.867221e+001
+2.892266e+004	   +2.864330e+001
+2.897078e+004	   +2.865241e+001
+2.901898e+004	   +2.864225e+001
+2.906726e+004	   +2.863293e+001
+2.911562e+004	   +2.864459e+001
+2.916406e+004	   +2.860643e+001
+2.921258e+004	   +2.865065e+001
+2.926119e+004	   +2.860400e+001
+2.930987e+004	   +2.865611e+001
+2.935863e+004	   +2.860489e+001
+2.940748e+004	   +2.865978e+001
+2.945640e+004	   +2.860949e+001
+2.950541e+004	   +2.866065e+001
+2.955450e+004	   +2.861568e+001
+2.960367e+004	   +2.866165e+001
+2.965293e+004	   +2.861591e+001
+2.970226e+004	   +2.864288e+001
+2.975168e+004	   +2.861887e+001
+2.980118e+004	   +2.862053e+001
+2.985076e+004	   +2.862434e+001
+2.990042e+004	   +2.859700e+001
+2.995017e+004	   +2.862983e+001
+3.000000e+004	   +2.857704e+001
