+1.000000e+003	   -3.801573e+000
+1.001664e+003	   -3.808196e+000
+1.003330e+003	   -3.813407e+000
+1.005000e+003	   -3.822126e+000
+1.006672e+003	   -3.827464e+000
+1.008346e+003	   -3.833012e+000
+1.010024e+003	   -3.840865e+000
+1.011705e+003	   -3.847036e+000
+1.013388e+003	   -3.856006e+000
+1.015074e+003	   -3.860009e+000
+1.016763e+003	   -3.863705e+000
+1.018454e+003	   -3.868232e+000
+1.020149e+003	   -3.876242e+000
+1.021846e+003	   -3.879808e+000
+1.023546e+003	   -3.889433e+000
+1.025249e+003	   -3.900717e+000
+1.026955e+003	   -3.905916e+000
+1.028663e+003	   -3.912554e+000
+1.030375e+003	   -3.918481e+000
+1.032089e+003	   -3.922264e+000
+1.033806e+003	   -3.930305e+000
+1.035526e+003	   -3.936696e+000
+1.037249e+003	   -3.943609e+000
+1.038975e+003	   -3.949642e+000
+1.040703e+003	   -3.954461e+000
+1.042435e+003	   -3.966425e+000
+1.044169e+003	   -3.968758e+000
+1.045906e+003	   -3.975078e+000
+1.047646e+003	   -3.983204e+000
+1.049390e+003	   -3.988367e+000
+1.051135e+003	   -3.997550e+000
+1.052884e+003	   -3.998512e+000
+1.054636e+003	   -4.007856e+000
+1.056391e+003	   -4.014252e+000
+1.058148e+003	   -4.021031e+000
+1.059909e+003	   -4.029359e+000
+1.061672e+003	   -4.036660e+000
+1.063438e+003	   -4.044016e+000
+1.065208e+003	   -4.050747e+000
+1.066980e+003	   -4.055863e+000
+1.068755e+003	   -4.058650e+000
+1.070533e+003	   -4.071269e+000
+1.072314e+003	   -4.076459e+000
+1.074099e+003	   -4.081959e+000
+1.075885e+003	   -4.086952e+000
+1.077676e+003	   -4.097906e+000
+1.079469e+003	   -4.101118e+000
+1.081264e+003	   -4.114202e+000
+1.083063e+003	   -4.117902e+000
+1.084865e+003	   -4.125391e+000
+1.086670e+003	   -4.131760e+000
+1.088478e+003	   -4.138023e+000
+1.090289e+003	   -4.141408e+000
+1.092103e+003	   -4.154212e+000
+1.093920e+003	   -4.157482e+000
+1.095740e+003	   -4.161209e+000
+1.097563e+003	   -4.171667e+000
+1.099389e+003	   -4.179047e+000
+1.101218e+003	   -4.187092e+000
+1.103050e+003	   -4.197408e+000
+1.104886e+003	   -4.199682e+000
+1.106724e+003	   -4.206420e+000
+1.108565e+003	   -4.215178e+000
+1.110410e+003	   -4.220887e+000
+1.112257e+003	   -4.231528e+000
+1.114108e+003	   -4.234829e+000
+1.115961e+003	   -4.244474e+000
+1.117818e+003	   -4.246367e+000
+1.119678e+003	   -4.260006e+000
+1.121540e+003	   -4.268411e+000
+1.123406e+003	   -4.272403e+000
+1.125276e+003	   -4.276392e+000
+1.127148e+003	   -4.285159e+000
+1.129023e+003	   -4.294371e+000
+1.130901e+003	   -4.297659e+000
+1.132783e+003	   -4.302023e+000
+1.134667e+003	   -4.313192e+000
+1.136555e+003	   -4.319226e+000
+1.138446e+003	   -4.330994e+000
+1.140340e+003	   -4.342050e+000
+1.142238e+003	   -4.349791e+000
+1.144138e+003	   -4.346659e+000
+1.146042e+003	   -4.358825e+000
+1.147948e+003	   -4.360565e+000
+1.149858e+003	   -4.366409e+000
+1.151771e+003	   -4.375524e+000
+1.153688e+003	   -4.385762e+000
+1.155607e+003	   -4.390337e+000
+1.157530e+003	   -4.400586e+000
+1.159455e+003	   -4.406751e+000
+1.161384e+003	   -4.413109e+000
+1.163317e+003	   -4.421945e+000
+1.165252e+003	   -4.426879e+000
+1.167191e+003	   -4.435089e+000
+1.169133e+003	   -4.441594e+000
+1.171078e+003	   -4.449901e+000
+1.173026e+003	   -4.459775e+000
+1.174978e+003	   -4.464526e+000
+1.176933e+003	   -4.473154e+000
+1.178891e+003	   -4.479665e+000
+1.180852e+003	   -4.486586e+000
+1.182817e+003	   -4.494382e+000
+1.184785e+003	   -4.504675e+000
+1.186756e+003	   -4.510822e+000
+1.188730e+003	   -4.518380e+000
+1.190708e+003	   -4.525524e+000
+1.192689e+003	   -4.532453e+000
+1.194674e+003	   -4.540499e+000
+1.196661e+003	   -4.548238e+000
+1.198652e+003	   -4.554817e+000
+1.200646e+003	   -4.563251e+000
+1.202644e+003	   -4.570821e+000
+1.204645e+003	   -4.578431e+000
+1.206649e+003	   -4.585415e+000
+1.208657e+003	   -4.593498e+000
+1.210668e+003	   -4.600964e+000
+1.212682e+003	   -4.609334e+000
+1.214699e+003	   -4.616479e+000
+1.216720e+003	   -4.623587e+000
+1.218745e+003	   -4.631407e+000
+1.220772e+003	   -4.638073e+000
+1.222803e+003	   -4.646903e+000
+1.224838e+003	   -4.652529e+000
+1.226876e+003	   -4.664322e+000
+1.228917e+003	   -4.669247e+000
+1.230961e+003	   -4.677597e+000
+1.233010e+003	   -4.687862e+000
+1.235061e+003	   -4.692454e+000
+1.237116e+003	   -4.702490e+000
+1.239174e+003	   -4.709752e+000
+1.241236e+003	   -4.718164e+000
+1.243301e+003	   -4.725951e+000
+1.245369e+003	   -4.733916e+000
+1.247441e+003	   -4.741004e+000
+1.249517e+003	   -4.745655e+000
+1.251596e+003	   -4.754760e+000
+1.253678e+003	   -4.763569e+000
+1.255764e+003	   -4.772142e+000
+1.257853e+003	   -4.775806e+000
+1.259946e+003	   -4.791750e+000
+1.262042e+003	   -4.796863e+000
+1.264142e+003	   -4.801859e+000
+1.266245e+003	   -4.810622e+000
+1.268352e+003	   -4.821586e+000
+1.270462e+003	   -4.826131e+000
+1.272576e+003	   -4.835531e+000
+1.274693e+003	   -4.841282e+000
+1.276814e+003	   -4.853606e+000
+1.278938e+003	   -4.860240e+000
+1.281066e+003	   -4.868150e+000
+1.283197e+003	   -4.873031e+000
+1.285332e+003	   -4.882455e+000
+1.287470e+003	   -4.892862e+000
+1.289612e+003	   -4.898987e+000
+1.291758e+003	   -4.911688e+000
+1.293907e+003	   -4.914423e+000
+1.296060e+003	   -4.922811e+000
+1.298216e+003	   -4.934230e+000
+1.300376e+003	   -4.938593e+000
+1.302540e+003	   -4.953010e+000
+1.304707e+003	   -4.955694e+000
+1.306877e+003	   -4.963869e+000
+1.309052e+003	   -4.976072e+000
+1.311230e+003	   -4.979939e+000
+1.313411e+003	   -4.993122e+000
+1.315596e+003	   -4.995579e+000
+1.317785e+003	   -5.006571e+000
+1.319978e+003	   -5.017912e+000
+1.322174e+003	   -5.025593e+000
+1.324374e+003	   -5.029844e+000
+1.326577e+003	   -5.039261e+000
+1.328784e+003	   -5.048948e+000
+1.330995e+003	   -5.057060e+000
+1.333209e+003	   -5.069250e+000
+1.335427e+003	   -5.070864e+000
+1.337649e+003	   -5.084235e+000
+1.339875e+003	   -5.091281e+000
+1.342104e+003	   -5.097956e+000
+1.344337e+003	   -5.104596e+000
+1.346573e+003	   -5.119339e+000
+1.348814e+003	   -5.128937e+000
+1.351058e+003	   -5.134364e+000
+1.353306e+003	   -5.144988e+000
+1.355557e+003	   -5.149287e+000
+1.357813e+003	   -5.161327e+000
+1.360072e+003	   -5.168116e+000
+1.362334e+003	   -5.172624e+000
+1.364601e+003	   -5.185015e+000
+1.366871e+003	   -5.191503e+000
+1.369146e+003	   -5.205925e+000
+1.371423e+003	   -5.211629e+000
+1.373705e+003	   -5.213212e+000
+1.375991e+003	   -5.230489e+000
+1.378280e+003	   -5.244759e+000
+1.380573e+003	   -5.250009e+000
+1.382870e+003	   -5.266120e+000
+1.385171e+003	   -5.264285e+000
+1.387475e+003	   -5.273377e+000
+1.389784e+003	   -5.279751e+000
+1.392096e+003	   -5.287492e+000
+1.394412e+003	   -5.298871e+000
+1.396732e+003	   -5.309879e+000
+1.399056e+003	   -5.318030e+000
+1.401384e+003	   -5.323340e+000
+1.403715e+003	   -5.331574e+000
+1.406050e+003	   -5.337545e+000
+1.408390e+003	   -5.350207e+000
+1.410733e+003	   -5.360587e+000
+1.413080e+003	   -5.365757e+000
+1.415431e+003	   -5.377530e+000
+1.417786e+003	   -5.384906e+000
+1.420145e+003	   -5.392863e+000
+1.422508e+003	   -5.405128e+000
+1.424874e+003	   -5.416394e+000
+1.427245e+003	   -5.423027e+000
+1.429620e+003	   -5.430552e+000
+1.431998e+003	   -5.439983e+000
+1.434380e+003	   -5.451453e+000
+1.436767e+003	   -5.457844e+000
+1.439157e+003	   -5.467795e+000
+1.441552e+003	   -5.477572e+000
+1.443950e+003	   -5.484480e+000
+1.446353e+003	   -5.494506e+000
+1.448759e+003	   -5.503572e+000
+1.451169e+003	   -5.512884e+000
+1.453584e+003	   -5.520564e+000
+1.456002e+003	   -5.532489e+000
+1.458424e+003	   -5.539401e+000
+1.460851e+003	   -5.549348e+000
+1.463281e+003	   -5.559113e+000
+1.465716e+003	   -5.569963e+000
+1.468154e+003	   -5.576580e+000
+1.470597e+003	   -5.588826e+000
+1.473044e+003	   -5.596439e+000
+1.475495e+003	   -5.605330e+000
+1.477949e+003	   -5.613089e+000
+1.480408e+003	   -5.624049e+000
+1.482871e+003	   -5.630713e+000
+1.485339e+003	   -5.642254e+000
+1.487810e+003	   -5.650928e+000
+1.490285e+003	   -5.659894e+000
+1.492765e+003	   -5.671890e+000
+1.495248e+003	   -5.679474e+000
+1.497736e+003	   -5.692299e+000
+1.500228e+003	   -5.701453e+000
+1.502724e+003	   -5.710546e+000
+1.505224e+003	   -5.717019e+000
+1.507728e+003	   -5.728093e+000
+1.510237e+003	   -5.734592e+000
+1.512749e+003	   -5.746428e+000
+1.515266e+003	   -5.756567e+000
+1.517787e+003	   -5.765583e+000
+1.520312e+003	   -5.774337e+000
+1.522842e+003	   -5.784952e+000
+1.525375e+003	   -5.795156e+000
+1.527913e+003	   -5.805544e+000
+1.530455e+003	   -5.812437e+000
+1.533002e+003	   -5.823115e+000
+1.535552e+003	   -5.833329e+000
+1.538107e+003	   -5.842248e+000
+1.540666e+003	   -5.853114e+000
+1.543229e+003	   -5.862171e+000
+1.545797e+003	   -5.873620e+000
+1.548369e+003	   -5.881375e+000
+1.550945e+003	   -5.890140e+000
+1.553525e+003	   -5.900315e+000
+1.556110e+003	   -5.911090e+000
+1.558699e+003	   -5.921334e+000
+1.561292e+003	   -5.928643e+000
+1.563890e+003	   -5.940265e+000
+1.566491e+003	   -5.947483e+000
+1.569098e+003	   -5.959097e+000
+1.571708e+003	   -5.968098e+000
+1.574323e+003	   -5.981900e+000
+1.576943e+003	   -5.991406e+000
+1.579566e+003	   -6.000913e+000
+1.582194e+003	   -6.011840e+000
+1.584826e+003	   -6.019667e+000
+1.587463e+003	   -6.031465e+000
+1.590104e+003	   -6.039882e+000
+1.592750e+003	   -6.048821e+000
+1.595400e+003	   -6.058784e+000
+1.598054e+003	   -6.070106e+000
+1.600713e+003	   -6.079148e+000
+1.603376e+003	   -6.089476e+000
+1.606044e+003	   -6.101892e+000
+1.608716e+003	   -6.114136e+000
+1.611392e+003	   -6.124274e+000
+1.614073e+003	   -6.129612e+000
+1.616759e+003	   -6.140444e+000
+1.619448e+003	   -6.149088e+000
+1.622143e+003	   -6.161579e+000
+1.624842e+003	   -6.171072e+000
+1.627545e+003	   -6.178897e+000
+1.630253e+003	   -6.192204e+000
+1.632965e+003	   -6.202892e+000
+1.635682e+003	   -6.214112e+000
+1.638403e+003	   -6.224774e+000
+1.641129e+003	   -6.230308e+000
+1.643860e+003	   -6.244964e+000
+1.646595e+003	   -6.249600e+000
+1.649334e+003	   -6.260234e+000
+1.652078e+003	   -6.270017e+000
+1.654827e+003	   -6.284915e+000
+1.657580e+003	   -6.295479e+000
+1.660338e+003	   -6.308125e+000
+1.663100e+003	   -6.316702e+000
+1.665867e+003	   -6.325821e+000
+1.668639e+003	   -6.337099e+000
+1.671415e+003	   -6.347457e+000
+1.674196e+003	   -6.362617e+000
+1.676981e+003	   -6.373037e+000
+1.679771e+003	   -6.384355e+000
+1.682566e+003	   -6.385843e+000
+1.685365e+003	   -6.404339e+000
+1.688169e+003	   -6.410114e+000
+1.690978e+003	   -6.420624e+000
+1.693792e+003	   -6.433471e+000
+1.696609e+003	   -6.443195e+000
+1.699432e+003	   -6.452652e+000
+1.702260e+003	   -6.467497e+000
+1.705092e+003	   -6.478765e+000
+1.707929e+003	   -6.485313e+000
+1.710770e+003	   -6.500469e+000
+1.713616e+003	   -6.508353e+000
+1.716468e+003	   -6.513889e+000
+1.719323e+003	   -6.528897e+000
+1.722184e+003	   -6.544276e+000
+1.725049e+003	   -6.552114e+000
+1.727919e+003	   -6.564515e+000
+1.730794e+003	   -6.574062e+000
+1.733674e+003	   -6.584319e+000
+1.736558e+003	   -6.595430e+000
+1.739447e+003	   -6.605891e+000
+1.742341e+003	   -6.611261e+000
+1.745240e+003	   -6.627741e+000
+1.748144e+003	   -6.634099e+000
+1.751052e+003	   -6.647055e+000
+1.753965e+003	   -6.657627e+000
+1.756884e+003	   -6.674329e+000
+1.759807e+003	   -6.684880e+000
+1.762734e+003	   -6.698656e+000
+1.765667e+003	   -6.704522e+000
+1.768605e+003	   -6.719968e+000
+1.771547e+003	   -6.725871e+000
+1.774495e+003	   -6.736961e+000
+1.777447e+003	   -6.747772e+000
+1.780404e+003	   -6.759708e+000
+1.783366e+003	   -6.769088e+000
+1.786333e+003	   -6.782073e+000
+1.789305e+003	   -6.790684e+000
+1.792282e+003	   -6.806646e+000
+1.795264e+003	   -6.818861e+000
+1.798251e+003	   -6.827416e+000
+1.801243e+003	   -6.837705e+000
+1.804240e+003	   -6.849054e+000
+1.807242e+003	   -6.864929e+000
+1.810248e+003	   -6.873623e+000
+1.813260e+003	   -6.885437e+000
+1.816277e+003	   -6.898969e+000
+1.819299e+003	   -6.908266e+000
+1.822326e+003	   -6.917239e+000
+1.825358e+003	   -6.930953e+000
+1.828395e+003	   -6.940818e+000
+1.831436e+003	   -6.953590e+000
+1.834484e+003	   -6.968567e+000
+1.837536e+003	   -6.980284e+000
+1.840593e+003	   -6.989526e+000
+1.843655e+003	   -6.997301e+000
+1.846722e+003	   -7.012460e+000
+1.849795e+003	   -7.026077e+000
+1.852873e+003	   -7.036047e+000
+1.855955e+003	   -7.046637e+000
+1.859043e+003	   -7.059057e+000
+1.862136e+003	   -7.070973e+000
+1.865234e+003	   -7.082939e+000
+1.868338e+003	   -7.093899e+000
+1.871446e+003	   -7.103951e+000
+1.874560e+003	   -7.117574e+000
+1.877678e+003	   -7.128791e+000
+1.880802e+003	   -7.141227e+000
+1.883932e+003	   -7.152656e+000
+1.887066e+003	   -7.165298e+000
+1.890205e+003	   -7.175649e+000
+1.893350e+003	   -7.187909e+000
+1.896500e+003	   -7.200855e+000
+1.899656e+003	   -7.211884e+000
+1.902816e+003	   -7.223843e+000
+1.905982e+003	   -7.237188e+000
+1.909153e+003	   -7.249694e+000
+1.912329e+003	   -7.261917e+000
+1.915511e+003	   -7.274936e+000
+1.918698e+003	   -7.282891e+000
+1.921890e+003	   -7.298505e+000
+1.925088e+003	   -7.308987e+000
+1.928291e+003	   -7.321208e+000
+1.931499e+003	   -7.333611e+000
+1.934712e+003	   -7.344115e+000
+1.937931e+003	   -7.357898e+000
+1.941155e+003	   -7.370259e+000
+1.944385e+003	   -7.382863e+000
+1.947620e+003	   -7.392932e+000
+1.950860e+003	   -7.407252e+000
+1.954106e+003	   -7.416934e+000
+1.957357e+003	   -7.429261e+000
+1.960614e+003	   -7.442853e+000
+1.963876e+003	   -7.455631e+000
+1.967143e+003	   -7.467842e+000
+1.970416e+003	   -7.479935e+000
+1.973694e+003	   -7.491979e+000
+1.976978e+003	   -7.504472e+000
+1.980267e+003	   -7.518148e+000
+1.983562e+003	   -7.530169e+000
+1.986862e+003	   -7.543025e+000
+1.990167e+003	   -7.554554e+000
+1.993479e+003	   -7.567436e+000
+1.996795e+003	   -7.580197e+000
+2.000117e+003	   -7.592887e+000
+2.003445e+003	   -7.606031e+000
+2.006778e+003	   -7.618136e+000
+2.010117e+003	   -7.630494e+000
+2.013462e+003	   -7.643655e+000
+2.016811e+003	   -7.655791e+000
+2.020167e+003	   -7.667719e+000
+2.023528e+003	   -7.682374e+000
+2.026895e+003	   -7.694617e+000
+2.030267e+003	   -7.707762e+000
+2.033645e+003	   -7.718720e+000
+2.037028e+003	   -7.731865e+000
+2.040417e+003	   -7.746188e+000
+2.043812e+003	   -7.759018e+000
+2.047212e+003	   -7.771545e+000
+2.050618e+003	   -7.783990e+000
+2.054030e+003	   -7.797477e+000
+2.057448e+003	   -7.809950e+000
+2.060871e+003	   -7.823431e+000
+2.064299e+003	   -7.836403e+000
+2.067734e+003	   -7.846852e+000
+2.071174e+003	   -7.861099e+000
+2.074620e+003	   -7.876528e+000
+2.078072e+003	   -7.887856e+000
+2.081529e+003	   -7.899602e+000
+2.084992e+003	   -7.913910e+000
+2.088461e+003	   -7.925872e+000
+2.091936e+003	   -7.939981e+000
+2.095416e+003	   -7.953671e+000
+2.098902e+003	   -7.966351e+000
+2.102394e+003	   -7.980027e+000
+2.105892e+003	   -7.993724e+000
+2.109396e+003	   -8.004458e+000
+2.112905e+003	   -8.019019e+000
+2.116421e+003	   -8.031388e+000
+2.119942e+003	   -8.046819e+000
+2.123469e+003	   -8.061322e+000
+2.127002e+003	   -8.073823e+000
+2.130541e+003	   -8.083806e+000
+2.134085e+003	   -8.102397e+000
+2.137636e+003	   -8.112818e+000
+2.141192e+003	   -8.126019e+000
+2.144755e+003	   -8.140996e+000
+2.148323e+003	   -8.154268e+000
+2.151897e+003	   -8.166680e+000
+2.155478e+003	   -8.180353e+000
+2.159064e+003	   -8.194217e+000
+2.162656e+003	   -8.207860e+000
+2.166254e+003	   -8.220400e+000
+2.169858e+003	   -8.234402e+000
+2.173468e+003	   -8.250743e+000
+2.177084e+003	   -8.263015e+000
+2.180706e+003	   -8.276339e+000
+2.184334e+003	   -8.287768e+000
+2.187969e+003	   -8.302737e+000
+2.191609e+003	   -8.319121e+000
+2.195255e+003	   -8.331220e+000
+2.198907e+003	   -8.342004e+000
+2.202566e+003	   -8.362496e+000
+2.206230e+003	   -8.373689e+000
+2.209901e+003	   -8.385395e+000
+2.213578e+003	   -8.403489e+000
+2.217261e+003	   -8.414946e+000
+2.220950e+003	   -8.430291e+000
+2.224645e+003	   -8.439773e+000
+2.228346e+003	   -8.454068e+000
+2.232053e+003	   -8.473671e+000
+2.235767e+003	   -8.481254e+000
+2.239487e+003	   -8.502538e+000
+2.243213e+003	   -8.516012e+000
+2.246945e+003	   -8.529110e+000
+2.250683e+003	   -8.539779e+000
+2.254428e+003	   -8.556204e+000
+2.258178e+003	   -8.568926e+000
+2.261936e+003	   -8.583015e+000
+2.265699e+003	   -8.598594e+000
+2.269468e+003	   -8.611933e+000
+2.273244e+003	   -8.624305e+000
+2.277026e+003	   -8.638822e+000
+2.280815e+003	   -8.652338e+000
+2.284609e+003	   -8.670613e+000
+2.288410e+003	   -8.682563e+000
+2.292218e+003	   -8.699918e+000
+2.296031e+003	   -8.714642e+000
+2.299851e+003	   -8.724689e+000
+2.303678e+003	   -8.742118e+000
+2.307510e+003	   -8.750747e+000
+2.311350e+003	   -8.768354e+000
+2.315195e+003	   -8.779470e+000
+2.319047e+003	   -8.799750e+000
+2.322905e+003	   -8.812752e+000
+2.326770e+003	   -8.833031e+000
+2.330641e+003	   -8.846075e+000
+2.334519e+003	   -8.856608e+000
+2.338403e+003	   -8.877231e+000
+2.342293e+003	   -8.889589e+000
+2.346190e+003	   -8.905645e+000
+2.350094e+003	   -8.917215e+000
+2.354004e+003	   -8.927284e+000
+2.357920e+003	   -8.948630e+000
+2.361843e+003	   -8.965875e+000
+2.365773e+003	   -8.978810e+000
+2.369709e+003	   -8.988940e+000
+2.373651e+003	   -9.004337e+000
+2.377601e+003	   -9.020413e+000
+2.381556e+003	   -9.032633e+000
+2.385519e+003	   -9.049368e+000
+2.389488e+003	   -9.069129e+000
+2.393463e+003	   -9.080796e+000
+2.397445e+003	   -9.095116e+000
+2.401434e+003	   -9.115450e+000
+2.405429e+003	   -9.126500e+000
+2.409431e+003	   -9.144872e+000
+2.413440e+003	   -9.156172e+000
+2.417455e+003	   -9.167939e+000
+2.421477e+003	   -9.184684e+000
+2.425506e+003	   -9.204495e+000
+2.429542e+003	   -9.218640e+000
+2.433583e+003	   -9.233045e+000
+2.437633e+003	   -9.254672e+000
+2.441688e+003	   -9.264235e+000
+2.445750e+003	   -9.277465e+000
+2.449820e+003	   -9.295581e+000
+2.453896e+003	   -9.308012e+000
+2.457978e+003	   -9.327147e+000
+2.462068e+003	   -9.340197e+000
+2.466164e+003	   -9.360869e+000
+2.470267e+003	   -9.371099e+000
+2.474377e+003	   -9.391274e+000
+2.478493e+003	   -9.404483e+000
+2.482617e+003	   -9.415483e+000
+2.486748e+003	   -9.438364e+000
+2.490885e+003	   -9.449674e+000
+2.495029e+003	   -9.468596e+000
+2.499180e+003	   -9.480204e+000
+2.503338e+003	   -9.500150e+000
+2.507503e+003	   -9.511113e+000
+2.511675e+003	   -9.532362e+000
+2.515854e+003	   -9.547611e+000
+2.520040e+003	   -9.561122e+000
+2.524232e+003	   -9.572276e+000
+2.528432e+003	   -9.591258e+000
+2.532638e+003	   -9.602044e+000
+2.536852e+003	   -9.621414e+000
+2.541073e+003	   -9.636795e+000
+2.545301e+003	   -9.654806e+000
+2.549535e+003	   -9.670486e+000
+2.553777e+003	   -9.686511e+000
+2.558026e+003	   -9.702679e+000
+2.562282e+003	   -9.720376e+000
+2.566545e+003	   -9.731618e+000
+2.570815e+003	   -9.753993e+000
+2.575092e+003	   -9.764980e+000
+2.579376e+003	   -9.779899e+000
+2.583668e+003	   -9.800350e+000
+2.587966e+003	   -9.817904e+000
+2.592272e+003	   -9.831383e+000
+2.596585e+003	   -9.847357e+000
+2.600905e+003	   -9.865393e+000
+2.605232e+003	   -9.880016e+000
+2.609567e+003	   -9.897878e+000
+2.613908e+003	   -9.910672e+000
+2.618257e+003	   -9.926478e+000
+2.622613e+003	   -9.942398e+000
+2.626977e+003	   -9.966597e+000
+2.631347e+003	   -9.977603e+000
+2.635725e+003	   -9.997454e+000
+2.640110e+003	   -1.001382e+001
+2.644503e+003	   -1.003025e+001
+2.648903e+003	   -1.004467e+001
+2.653310e+003	   -1.006511e+001
+2.657724e+003	   -1.008201e+001
+2.662146e+003	   -1.009777e+001
+2.666575e+003	   -1.010890e+001
+2.671012e+003	   -1.013139e+001
+2.675456e+003	   -1.014886e+001
+2.679907e+003	   -1.016693e+001
+2.684365e+003	   -1.018045e+001
+2.688832e+003	   -1.019687e+001
+2.693305e+003	   -1.021527e+001
+2.697786e+003	   -1.023284e+001
+2.702275e+003	   -1.025044e+001
+2.706771e+003	   -1.026253e+001
+2.711274e+003	   -1.028362e+001
+2.715785e+003	   -1.030343e+001
+2.720303e+003	   -1.031776e+001
+2.724829e+003	   -1.033176e+001
+2.729363e+003	   -1.035228e+001
+2.733903e+003	   -1.036788e+001
+2.738452e+003	   -1.038403e+001
+2.743008e+003	   -1.040101e+001
+2.747572e+003	   -1.042292e+001
+2.752143e+003	   -1.043699e+001
+2.756722e+003	   -1.045348e+001
+2.761308e+003	   -1.047381e+001
+2.765902e+003	   -1.048841e+001
+2.770504e+003	   -1.050803e+001
+2.775114e+003	   -1.052291e+001
+2.779731e+003	   -1.054116e+001
+2.784355e+003	   -1.055763e+001
+2.788988e+003	   -1.057374e+001
+2.793628e+003	   -1.059392e+001
+2.798276e+003	   -1.061116e+001
+2.802932e+003	   -1.062585e+001
+2.807595e+003	   -1.064889e+001
+2.812266e+003	   -1.066308e+001
+2.816945e+003	   -1.068105e+001
+2.821632e+003	   -1.069865e+001
+2.826326e+003	   -1.071597e+001
+2.831029e+003	   -1.073393e+001
+2.835739e+003	   -1.075123e+001
+2.840457e+003	   -1.076966e+001
+2.845182e+003	   -1.078689e+001
+2.849916e+003	   -1.080749e+001
+2.854657e+003	   -1.082486e+001
+2.859407e+003	   -1.084056e+001
+2.864164e+003	   -1.085671e+001
+2.868929e+003	   -1.087799e+001
+2.873703e+003	   -1.089546e+001
+2.878484e+003	   -1.091414e+001
+2.883273e+003	   -1.093100e+001
+2.888070e+003	   -1.095016e+001
+2.892875e+003	   -1.096609e+001
+2.897688e+003	   -1.098705e+001
+2.902509e+003	   -1.100704e+001
+2.907338e+003	   -1.102213e+001
+2.912175e+003	   -1.104142e+001
+2.917020e+003	   -1.105889e+001
+2.921873e+003	   -1.107744e+001
+2.926735e+003	   -1.109601e+001
+2.931604e+003	   -1.111419e+001
+2.936481e+003	   -1.113191e+001
+2.941367e+003	   -1.114975e+001
+2.946261e+003	   -1.116936e+001
+2.951163e+003	   -1.118818e+001
+2.956073e+003	   -1.120634e+001
+2.960991e+003	   -1.122539e+001
+2.965917e+003	   -1.124298e+001
+2.970852e+003	   -1.126168e+001
+2.975794e+003	   -1.128052e+001
+2.980745e+003	   -1.129946e+001
+2.985704e+003	   -1.131752e+001
+2.990672e+003	   -1.133749e+001
+2.995648e+003	   -1.135667e+001
+3.000632e+003	   -1.137443e+001
+3.005624e+003	   -1.139332e+001
+3.010625e+003	   -1.141144e+001
+3.015634e+003	   -1.143041e+001
+3.020651e+003	   -1.145072e+001
+3.025676e+003	   -1.146886e+001
+3.030710e+003	   -1.148719e+001
+3.035753e+003	   -1.150648e+001
+3.040803e+003	   -1.152658e+001
+3.045863e+003	   -1.154700e+001
+3.050930e+003	   -1.156418e+001
+3.056006e+003	   -1.158304e+001
+3.061090e+003	   -1.160193e+001
+3.066183e+003	   -1.162163e+001
+3.071285e+003	   -1.164241e+001
+3.076395e+003	   -1.165956e+001
+3.081513e+003	   -1.168046e+001
+3.086640e+003	   -1.170025e+001
+3.091775e+003	   -1.171786e+001
+3.096919e+003	   -1.173874e+001
+3.102072e+003	   -1.175674e+001
+3.107232e+003	   -1.177481e+001
+3.112402e+003	   -1.179656e+001
+3.117580e+003	   -1.181562e+001
+3.122767e+003	   -1.183566e+001
+3.127963e+003	   -1.185498e+001
+3.133167e+003	   -1.187672e+001
+3.138380e+003	   -1.189444e+001
+3.143601e+003	   -1.191519e+001
+3.148831e+003	   -1.193274e+001
+3.154070e+003	   -1.195366e+001
+3.159318e+003	   -1.197392e+001
+3.164574e+003	   -1.199455e+001
+3.169839e+003	   -1.201335e+001
+3.175113e+003	   -1.203309e+001
+3.180396e+003	   -1.205183e+001
+3.185687e+003	   -1.207032e+001
+3.190987e+003	   -1.209405e+001
+3.196296e+003	   -1.211139e+001
+3.201614e+003	   -1.213418e+001
+3.206940e+003	   -1.215407e+001
+3.212276e+003	   -1.217008e+001
+3.217621e+003	   -1.219174e+001
+3.222974e+003	   -1.221379e+001
+3.228336e+003	   -1.223260e+001
+3.233707e+003	   -1.225265e+001
+3.239087e+003	   -1.227578e+001
+3.244476e+003	   -1.229521e+001
+3.249874e+003	   -1.231717e+001
+3.255281e+003	   -1.233523e+001
+3.260697e+003	   -1.235548e+001
+3.266122e+003	   -1.237681e+001
+3.271556e+003	   -1.239669e+001
+3.276999e+003	   -1.241487e+001
+3.282451e+003	   -1.243960e+001
+3.287912e+003	   -1.245428e+001
+3.293383e+003	   -1.247667e+001
+3.298862e+003	   -1.250063e+001
+3.304351e+003	   -1.251980e+001
+3.309848e+003	   -1.254059e+001
+3.315355e+003	   -1.256278e+001
+3.320871e+003	   -1.258126e+001
+3.326396e+003	   -1.260105e+001
+3.331930e+003	   -1.262367e+001
+3.337474e+003	   -1.264566e+001
+3.343026e+003	   -1.266619e+001
+3.348588e+003	   -1.269019e+001
+3.354159e+003	   -1.270580e+001
+3.359740e+003	   -1.272539e+001
+3.365330e+003	   -1.274891e+001
+3.370929e+003	   -1.277061e+001
+3.376537e+003	   -1.279388e+001
+3.382155e+003	   -1.280941e+001
+3.387782e+003	   -1.283004e+001
+3.393418e+003	   -1.285743e+001
+3.399064e+003	   -1.287629e+001
+3.404719e+003	   -1.289836e+001
+3.410384e+003	   -1.291847e+001
+3.416058e+003	   -1.294149e+001
+3.421741e+003	   -1.296292e+001
+3.427434e+003	   -1.298687e+001
+3.433137e+003	   -1.300670e+001
+3.438849e+003	   -1.302548e+001
+3.444570e+003	   -1.305099e+001
+3.450301e+003	   -1.307027e+001
+3.456041e+003	   -1.309037e+001
+3.461791e+003	   -1.311680e+001
+3.467551e+003	   -1.313445e+001
+3.473320e+003	   -1.315758e+001
+3.479099e+003	   -1.317735e+001
+3.484887e+003	   -1.319852e+001
+3.490685e+003	   -1.322565e+001
+3.496492e+003	   -1.324384e+001
+3.502310e+003	   -1.326318e+001
+3.508137e+003	   -1.328863e+001
+3.513973e+003	   -1.331055e+001
+3.519820e+003	   -1.332926e+001
+3.525676e+003	   -1.334908e+001
+3.531542e+003	   -1.337119e+001
+3.537417e+003	   -1.340411e+001
+3.543303e+003	   -1.342058e+001
+3.549198e+003	   -1.344297e+001
+3.555103e+003	   -1.345991e+001
+3.561018e+003	   -1.349075e+001
+3.566942e+003	   -1.350382e+001
+3.572877e+003	   -1.352561e+001
+3.578821e+003	   -1.355362e+001
+3.584775e+003	   -1.357770e+001
+3.590740e+003	   -1.359536e+001
+3.596714e+003	   -1.361649e+001
+3.602698e+003	   -1.364108e+001
+3.608691e+003	   -1.366983e+001
+3.614696e+003	   -1.369150e+001
+3.620709e+003	   -1.371325e+001
+3.626733e+003	   -1.373343e+001
+3.632767e+003	   -1.375670e+001
+3.638811e+003	   -1.378666e+001
+3.644865e+003	   -1.380644e+001
+3.650929e+003	   -1.382362e+001
+3.657004e+003	   -1.385051e+001
+3.663088e+003	   -1.386560e+001
+3.669183e+003	   -1.389351e+001
+3.675287e+003	   -1.391653e+001
+3.681402e+003	   -1.394730e+001
+3.687527e+003	   -1.395726e+001
+3.693662e+003	   -1.398583e+001
+3.699807e+003	   -1.400986e+001
+3.705963e+003	   -1.403835e+001
+3.712128e+003	   -1.405608e+001
+3.718305e+003	   -1.407651e+001
+3.724491e+003	   -1.409606e+001
+3.730688e+003	   -1.412405e+001
+3.736895e+003	   -1.414748e+001
+3.743112e+003	   -1.417514e+001
+3.749339e+003	   -1.420077e+001
+3.755577e+003	   -1.421858e+001
+3.761825e+003	   -1.424876e+001
+3.768084e+003	   -1.426535e+001
+3.774354e+003	   -1.429007e+001
+3.780633e+003	   -1.431304e+001
+3.786923e+003	   -1.433191e+001
+3.793223e+003	   -1.436027e+001
+3.799534e+003	   -1.438206e+001
+3.805856e+003	   -1.440499e+001
+3.812188e+003	   -1.443605e+001
+3.818530e+003	   -1.445617e+001
+3.824884e+003	   -1.448776e+001
+3.831247e+003	   -1.450858e+001
+3.837621e+003	   -1.453078e+001
+3.844006e+003	   -1.454662e+001
+3.850402e+003	   -1.457191e+001
+3.856808e+003	   -1.459978e+001
+3.863224e+003	   -1.462022e+001
+3.869652e+003	   -1.465482e+001
+3.876090e+003	   -1.467348e+001
+3.882539e+003	   -1.469598e+001
+3.888998e+003	   -1.472106e+001
+3.895469e+003	   -1.474206e+001
+3.901950e+003	   -1.476868e+001
+3.908442e+003	   -1.479704e+001
+3.914944e+003	   -1.482041e+001
+3.921458e+003	   -1.484331e+001
+3.927982e+003	   -1.487354e+001
+3.934517e+003	   -1.488851e+001
+3.941063e+003	   -1.491793e+001
+3.947620e+003	   -1.494474e+001
+3.954188e+003	   -1.496584e+001
+3.960767e+003	   -1.499244e+001
+3.967356e+003	   -1.501691e+001
+3.973957e+003	   -1.503358e+001
+3.980569e+003	   -1.506260e+001
+3.987192e+003	   -1.509515e+001
+3.993825e+003	   -1.510786e+001
+4.000470e+003	   -1.514220e+001
+4.007126e+003	   -1.516244e+001
+4.013792e+003	   -1.519847e+001
+4.020470e+003	   -1.521124e+001
+4.027159e+003	   -1.524137e+001
+4.033860e+003	   -1.526301e+001
+4.040571e+003	   -1.529757e+001
+4.047293e+003	   -1.531767e+001
+4.054027e+003	   -1.534214e+001
+4.060772e+003	   -1.537063e+001
+4.067528e+003	   -1.539509e+001
+4.074295e+003	   -1.541798e+001
+4.081074e+003	   -1.545043e+001
+4.087864e+003	   -1.547235e+001
+4.094665e+003	   -1.549676e+001
+4.101478e+003	   -1.551920e+001
+4.108301e+003	   -1.554453e+001
+4.115137e+003	   -1.557112e+001
+4.121983e+003	   -1.559847e+001
+4.128841e+003	   -1.561686e+001
+4.135710e+003	   -1.564860e+001
+4.142591e+003	   -1.567400e+001
+4.149483e+003	   -1.570262e+001
+4.156387e+003	   -1.572268e+001
+4.163302e+003	   -1.575552e+001
+4.170229e+003	   -1.577126e+001
+4.177167e+003	   -1.580889e+001
+4.184117e+003	   -1.582876e+001
+4.191078e+003	   -1.585256e+001
+4.198051e+003	   -1.588832e+001
+4.205036e+003	   -1.590761e+001
+4.212032e+003	   -1.594041e+001
+4.219040e+003	   -1.595739e+001
+4.226059e+003	   -1.599061e+001
+4.233090e+003	   -1.601642e+001
+4.240133e+003	   -1.604036e+001
+4.247188e+003	   -1.606394e+001
+4.254253e+003	   -1.609539e+001
+4.261332e+003	   -1.611584e+001
+4.268421e+003	   -1.614246e+001
+4.275523e+003	   -1.617642e+001
+4.282636e+003	   -1.620470e+001
+4.289762e+003	   -1.622598e+001
+4.296898e+003	   -1.624975e+001
+4.304047e+003	   -1.628271e+001
+4.311208e+003	   -1.630803e+001
+4.318381e+003	   -1.633069e+001
+4.325566e+003	   -1.635495e+001
+4.332763e+003	   -1.639507e+001
+4.339971e+003	   -1.641480e+001
+4.347192e+003	   -1.643959e+001
+4.354424e+003	   -1.646535e+001
+4.361669e+003	   -1.650503e+001
+4.368926e+003	   -1.652190e+001
+4.376194e+003	   -1.655117e+001
+4.383476e+003	   -1.658118e+001
+4.390769e+003	   -1.661186e+001
+4.398074e+003	   -1.663028e+001
+4.405391e+003	   -1.665738e+001
+4.412720e+003	   -1.669131e+001
+4.420062e+003	   -1.671160e+001
+4.427416e+003	   -1.674883e+001
+4.434782e+003	   -1.677030e+001
+4.442160e+003	   -1.680094e+001
+4.449551e+003	   -1.682582e+001
+4.456954e+003	   -1.684971e+001
+4.464369e+003	   -1.688532e+001
+4.471796e+003	   -1.690932e+001
+4.479236e+003	   -1.693733e+001
+4.486689e+003	   -1.697047e+001
+4.494153e+003	   -1.699974e+001
+4.501631e+003	   -1.702625e+001
+4.509120e+003	   -1.704919e+001
+4.516622e+003	   -1.707434e+001
+4.524137e+003	   -1.710313e+001
+4.531664e+003	   -1.713986e+001
+4.539203e+003	   -1.716175e+001
+4.546755e+003	   -1.719052e+001
+4.554320e+003	   -1.722196e+001
+4.561897e+003	   -1.725252e+001
+4.569487e+003	   -1.727594e+001
+4.577090e+003	   -1.730414e+001
+4.584705e+003	   -1.733802e+001
+4.592333e+003	   -1.735706e+001
+4.599973e+003	   -1.739518e+001
+4.607626e+003	   -1.742253e+001
+4.615292e+003	   -1.744858e+001
+4.622971e+003	   -1.747822e+001
+4.630662e+003	   -1.751428e+001
+4.638367e+003	   -1.753674e+001
+4.646083e+003	   -1.756185e+001
+4.653813e+003	   -1.759346e+001
+4.661556e+003	   -1.762748e+001
+4.669312e+003	   -1.765272e+001
+4.677081e+003	   -1.767581e+001
+4.684862e+003	   -1.770821e+001
+4.692656e+003	   -1.773345e+001
+4.700464e+003	   -1.776886e+001
+4.708284e+003	   -1.780051e+001
+4.716118e+003	   -1.782659e+001
+4.723964e+003	   -1.785377e+001
+4.731823e+003	   -1.788092e+001
+4.739696e+003	   -1.791376e+001
+4.747582e+003	   -1.794838e+001
+4.755480e+003	   -1.797181e+001
+4.763392e+003	   -1.800742e+001
+4.771317e+003	   -1.803342e+001
+4.779256e+003	   -1.806176e+001
+4.787207e+003	   -1.809101e+001
+4.795172e+003	   -1.812311e+001
+4.803150e+003	   -1.815351e+001
+4.811141e+003	   -1.818534e+001
+4.819146e+003	   -1.821482e+001
+4.827164e+003	   -1.824062e+001
+4.835194e+003	   -1.827349e+001
+4.843239e+003	   -1.829679e+001
+4.851297e+003	   -1.833491e+001
+4.859368e+003	   -1.836216e+001
+4.867453e+003	   -1.839409e+001
+4.875551e+003	   -1.841899e+001
+4.883663e+003	   -1.845870e+001
+4.891788e+003	   -1.848707e+001
+4.899927e+003	   -1.851673e+001
+4.908079e+003	   -1.854279e+001
+4.916245e+003	   -1.858200e+001
+4.924424e+003	   -1.860969e+001
+4.932617e+003	   -1.863552e+001
+4.940824e+003	   -1.866449e+001
+4.949044e+003	   -1.869331e+001
+4.957278e+003	   -1.872317e+001
+4.965526e+003	   -1.876203e+001
+4.973787e+003	   -1.878823e+001
+4.982063e+003	   -1.881539e+001
+4.990351e+003	   -1.885392e+001
+4.998654e+003	   -1.888069e+001
+5.006970e+003	   -1.891413e+001
+5.015301e+003	   -1.894792e+001
+5.023645e+003	   -1.897376e+001
+5.032003e+003	   -1.900274e+001
+5.040375e+003	   -1.904099e+001
+5.048761e+003	   -1.906746e+001
+5.057161e+003	   -1.910033e+001
+5.065575e+003	   -1.913026e+001
+5.074002e+003	   -1.916124e+001
+5.082444e+003	   -1.919898e+001
+5.090900e+003	   -1.922519e+001
+5.099370e+003	   -1.926219e+001
+5.107854e+003	   -1.928985e+001
+5.116353e+003	   -1.932549e+001
+5.124865e+003	   -1.935324e+001
+5.133391e+003	   -1.938430e+001
+5.141932e+003	   -1.941745e+001
+5.150487e+003	   -1.944969e+001
+5.159056e+003	   -1.947824e+001
+5.167639e+003	   -1.951889e+001
+5.176237e+003	   -1.954762e+001
+5.184849e+003	   -1.958066e+001
+5.193475e+003	   -1.960768e+001
+5.202116e+003	   -1.965020e+001
+5.210771e+003	   -1.967893e+001
+5.219440e+003	   -1.970877e+001
+5.228124e+003	   -1.973933e+001
+5.236822e+003	   -1.977717e+001
+5.245535e+003	   -1.980840e+001
+5.254262e+003	   -1.983819e+001
+5.263004e+003	   -1.987273e+001
+5.271760e+003	   -1.990127e+001
+5.280531e+003	   -1.993539e+001
+5.289316e+003	   -1.996774e+001
+5.298117e+003	   -2.000482e+001
+5.306931e+003	   -2.003206e+001
+5.315761e+003	   -2.006705e+001
+5.324605e+003	   -2.010454e+001
+5.333463e+003	   -2.013580e+001
+5.342337e+003	   -2.016738e+001
+5.351226e+003	   -2.020108e+001
+5.360128e+003	   -2.023494e+001
+5.369046e+003	   -2.026386e+001
+5.377979e+003	   -2.029802e+001
+5.386927e+003	   -2.033732e+001
+5.395889e+003	   -2.037310e+001
+5.404867e+003	   -2.040139e+001
+5.413859e+003	   -2.043456e+001
+5.422866e+003	   -2.046796e+001
+5.431889e+003	   -2.049900e+001
+5.440926e+003	   -2.052970e+001
+5.449978e+003	   -2.057076e+001
+5.459045e+003	   -2.060801e+001
+5.468128e+003	   -2.063386e+001
+5.477226e+003	   -2.066772e+001
+5.486338e+003	   -2.071157e+001
+5.495466e+003	   -2.073714e+001
+5.504609e+003	   -2.077577e+001
+5.513768e+003	   -2.080783e+001
+5.522941e+003	   -2.083985e+001
+5.532130e+003	   -2.087440e+001
+5.541334e+003	   -2.091059e+001
+5.550553e+003	   -2.094073e+001
+5.559788e+003	   -2.098357e+001
+5.569038e+003	   -2.101503e+001
+5.578304e+003	   -2.104816e+001
+5.587584e+003	   -2.108121e+001
+5.596881e+003	   -2.112014e+001
+5.606192e+003	   -2.115356e+001
+5.615520e+003	   -2.118257e+001
+5.624863e+003	   -2.122361e+001
+5.634221e+003	   -2.125743e+001
+5.643595e+003	   -2.129426e+001
+5.652984e+003	   -2.132279e+001
+5.662390e+003	   -2.136437e+001
+5.671810e+003	   -2.139914e+001
+5.681247e+003	   -2.142591e+001
+5.690699e+003	   -2.146811e+001
+5.700167e+003	   -2.150263e+001
+5.709650e+003	   -2.153722e+001
+5.719150e+003	   -2.157486e+001
+5.728665e+003	   -2.160444e+001
+5.738196e+003	   -2.163957e+001
+5.747743e+003	   -2.168145e+001
+5.757306e+003	   -2.171881e+001
+5.766884e+003	   -2.175017e+001
+5.776479e+003	   -2.179044e+001
+5.786090e+003	   -2.182290e+001
+5.795716e+003	   -2.185756e+001
+5.805359e+003	   -2.189176e+001
+5.815018e+003	   -2.193133e+001
+5.824692e+003	   -2.196486e+001
+5.834383e+003	   -2.199828e+001
+5.844090e+003	   -2.203626e+001
+5.853813e+003	   -2.207636e+001
+5.863552e+003	   -2.210828e+001
+5.873308e+003	   -2.215062e+001
+5.883080e+003	   -2.218513e+001
+5.892868e+003	   -2.221904e+001
+5.902672e+003	   -2.226070e+001
+5.912492e+003	   -2.229140e+001
+5.922329e+003	   -2.233052e+001
+5.932183e+003	   -2.236775e+001
+5.942052e+003	   -2.240383e+001
+5.951938e+003	   -2.243625e+001
+5.961841e+003	   -2.247463e+001
+5.971760e+003	   -2.251212e+001
+5.981695e+003	   -2.254782e+001
+5.991647e+003	   -2.258423e+001
+6.001616e+003	   -2.262463e+001
+6.011601e+003	   -2.266113e+001
+6.021603e+003	   -2.269748e+001
+6.031621e+003	   -2.273451e+001
+6.041656e+003	   -2.277529e+001
+6.051708e+003	   -2.280924e+001
+6.061776e+003	   -2.284627e+001
+6.071862e+003	   -2.288494e+001
+6.081964e+003	   -2.291993e+001
+6.092083e+003	   -2.296092e+001
+6.102218e+003	   -2.299849e+001
+6.112371e+003	   -2.303778e+001
+6.122541e+003	   -2.307492e+001
+6.132727e+003	   -2.311401e+001
+6.142930e+003	   -2.314872e+001
+6.153150e+003	   -2.319118e+001
+6.163388e+003	   -2.322680e+001
+6.173642e+003	   -2.326304e+001
+6.183913e+003	   -2.329771e+001
+6.194202e+003	   -2.333826e+001
+6.204507e+003	   -2.337691e+001
+6.214830e+003	   -2.341178e+001
+6.225170e+003	   -2.345264e+001
+6.235527e+003	   -2.349482e+001
+6.245901e+003	   -2.353570e+001
+6.256293e+003	   -2.357286e+001
+6.266702e+003	   -2.360601e+001
+6.277128e+003	   -2.364176e+001
+6.287572e+003	   -2.368529e+001
+6.298033e+003	   -2.372640e+001
+6.308511e+003	   -2.376249e+001
+6.319007e+003	   -2.380426e+001
+6.329520e+003	   -2.384242e+001
+6.340051e+003	   -2.387896e+001
+6.350599e+003	   -2.392224e+001
+6.361165e+003	   -2.395710e+001
+6.371748e+003	   -2.399340e+001
+6.382349e+003	   -2.403476e+001
+6.392968e+003	   -2.407809e+001
+6.403604e+003	   -2.411790e+001
+6.414258e+003	   -2.415655e+001
+6.424930e+003	   -2.419514e+001
+6.435619e+003	   -2.423162e+001
+6.446326e+003	   -2.427490e+001
+6.457051e+003	   -2.431500e+001
+6.467794e+003	   -2.435483e+001
+6.478555e+003	   -2.439996e+001
+6.489333e+003	   -2.443189e+001
+6.500130e+003	   -2.447245e+001
+6.510945e+003	   -2.451373e+001
+6.521777e+003	   -2.455570e+001
+6.532628e+003	   -2.459504e+001
+6.543497e+003	   -2.463131e+001
+6.554383e+003	   -2.467874e+001
+6.565288e+003	   -2.471667e+001
+6.576211e+003	   -2.475280e+001
+6.587152e+003	   -2.480116e+001
+6.598112e+003	   -2.483762e+001
+6.609089e+003	   -2.488390e+001
+6.620085e+003	   -2.492184e+001
+6.631099e+003	   -2.495633e+001
+6.642132e+003	   -2.499910e+001
+6.653183e+003	   -2.504276e+001
+6.664252e+003	   -2.507941e+001
+6.675339e+003	   -2.512268e+001
+6.686445e+003	   -2.516777e+001
+6.697570e+003	   -2.520719e+001
+6.708713e+003	   -2.524879e+001
+6.719875e+003	   -2.529238e+001
+6.731055e+003	   -2.533036e+001
+6.742253e+003	   -2.537486e+001
+6.753471e+003	   -2.541545e+001
+6.764707e+003	   -2.545292e+001
+6.775962e+003	   -2.549493e+001
+6.787235e+003	   -2.553719e+001
+6.798527e+003	   -2.558028e+001
+6.809838e+003	   -2.561881e+001
+6.821168e+003	   -2.566187e+001
+6.832517e+003	   -2.570976e+001
+6.843885e+003	   -2.574483e+001
+6.855271e+003	   -2.578795e+001
+6.866677e+003	   -2.583090e+001
+6.878101e+003	   -2.587989e+001
+6.889544e+003	   -2.591896e+001
+6.901007e+003	   -2.595921e+001
+6.912488e+003	   -2.599967e+001
+6.923989e+003	   -2.604304e+001
+6.935509e+003	   -2.608685e+001
+6.947048e+003	   -2.613220e+001
+6.958606e+003	   -2.616795e+001
+6.970183e+003	   -2.621476e+001
+6.981780e+003	   -2.624965e+001
+6.993396e+003	   -2.630156e+001
+7.005031e+003	   -2.633673e+001
+7.016686e+003	   -2.638754e+001
+7.028359e+003	   -2.642694e+001
+7.040053e+003	   -2.647488e+001
+7.051766e+003	   -2.651797e+001
+7.063498e+003	   -2.655615e+001
+7.075250e+003	   -2.660038e+001
+7.087021e+003	   -2.664562e+001
+7.098813e+003	   -2.668826e+001
+7.110623e+003	   -2.672796e+001
+7.122454e+003	   -2.677177e+001
+7.134303e+003	   -2.681507e+001
+7.146173e+003	   -2.686550e+001
+7.158063e+003	   -2.690803e+001
+7.169972e+003	   -2.695549e+001
+7.181901e+003	   -2.699565e+001
+7.193850e+003	   -2.703842e+001
+7.205818e+003	   -2.708426e+001
+7.217807e+003	   -2.713182e+001
+7.229815e+003	   -2.717549e+001
+7.241844e+003	   -2.721685e+001
+7.253893e+003	   -2.725973e+001
+7.265961e+003	   -2.730967e+001
+7.278050e+003	   -2.735094e+001
+7.290159e+003	   -2.739173e+001
+7.302288e+003	   -2.744363e+001
+7.314437e+003	   -2.748380e+001
+7.326606e+003	   -2.752841e+001
+7.338796e+003	   -2.757219e+001
+7.351006e+003	   -2.761915e+001
+7.363236e+003	   -2.766110e+001
+7.375487e+003	   -2.770501e+001
+7.387758e+003	   -2.775885e+001
+7.400049e+003	   -2.779981e+001
+7.412361e+003	   -2.784665e+001
+7.424693e+003	   -2.789335e+001
+7.437046e+003	   -2.793303e+001
+7.449419e+003	   -2.798502e+001
+7.461813e+003	   -2.802709e+001
+7.474228e+003	   -2.807363e+001
+7.486663e+003	   -2.811922e+001
+7.499119e+003	   -2.816182e+001
+7.511596e+003	   -2.821045e+001
+7.524093e+003	   -2.825148e+001
+7.536611e+003	   -2.830921e+001
+7.549150e+003	   -2.834511e+001
+7.561710e+003	   -2.840106e+001
+7.574291e+003	   -2.844220e+001
+7.586893e+003	   -2.849043e+001
+7.599515e+003	   -2.853157e+001
+7.612159e+003	   -2.858517e+001
+7.624824e+003	   -2.862580e+001
+7.637509e+003	   -2.867409e+001
+7.650216e+003	   -2.871733e+001
+7.662944e+003	   -2.877147e+001
+7.675693e+003	   -2.882136e+001
+7.688464e+003	   -2.886221e+001
+7.701255e+003	   -2.890816e+001
+7.714068e+003	   -2.895455e+001
+7.726903e+003	   -2.899642e+001
+7.739758e+003	   -2.904219e+001
+7.752635e+003	   -2.909898e+001
+7.765534e+003	   -2.914775e+001
+7.778454e+003	   -2.919359e+001
+7.791395e+003	   -2.923843e+001
+7.804358e+003	   -2.928486e+001
+7.817342e+003	   -2.933130e+001
+7.830349e+003	   -2.938474e+001
+7.843376e+003	   -2.943153e+001
+7.856426e+003	   -2.948556e+001
+7.869497e+003	   -2.953049e+001
+7.882589e+003	   -2.957483e+001
+7.895704e+003	   -2.961917e+001
+7.908841e+003	   -2.966576e+001
+7.921999e+003	   -2.971792e+001
+7.935179e+003	   -2.976115e+001
+7.948381e+003	   -2.981550e+001
+7.961605e+003	   -2.986403e+001
+7.974852e+003	   -2.991597e+001
+7.988120e+003	   -2.996165e+001
+8.001410e+003	   -3.001562e+001
+8.014722e+003	   -3.005233e+001
+8.028057e+003	   -3.010513e+001
+8.041413e+003	   -3.016110e+001
+8.054792e+003	   -3.020578e+001
+8.068193e+003	   -3.025127e+001
+8.081617e+003	   -3.030683e+001
+8.095063e+003	   -3.035225e+001
+8.108531e+003	   -3.040318e+001
+8.122021e+003	   -3.044836e+001
+8.135534e+003	   -3.050419e+001
+8.149070e+003	   -3.055090e+001
+8.162627e+003	   -3.059769e+001
+8.176208e+003	   -3.065207e+001
+8.189811e+003	   -3.070421e+001
+8.203438e+003	   -3.074367e+001
+8.217086e+003	   -3.079984e+001
+8.230757e+003	   -3.084994e+001
+8.244450e+003	   -3.090065e+001
+8.258167e+003	   -3.095294e+001
+8.271906e+003	   -3.099858e+001
+8.285669e+003	   -3.104925e+001
+8.299454e+003	   -3.110485e+001
+8.313263e+003	   -3.115318e+001
+8.327094e+003	   -3.120165e+001
+8.340948e+003	   -3.124654e+001
+8.354825e+003	   -3.130901e+001
+8.368726e+003	   -3.135377e+001
+8.382648e+003	   -3.140675e+001
+8.396596e+003	   -3.144789e+001
+8.410565e+003	   -3.151595e+001
+8.424559e+003	   -3.155796e+001
+8.438574e+003	   -3.161300e+001
+8.452614e+003	   -3.165766e+001
+8.466678e+003	   -3.171383e+001
+8.480764e+003	   -3.176163e+001
+8.494874e+003	   -3.181041e+001
+8.509007e+003	   -3.186916e+001
+8.523164e+003	   -3.191614e+001
+8.537344e+003	   -3.197428e+001
+8.551548e+003	   -3.202538e+001
+8.565775e+003	   -3.207488e+001
+8.580027e+003	   -3.212540e+001
+8.594302e+003	   -3.218010e+001
+8.608601e+003	   -3.222544e+001
+8.622923e+003	   -3.228619e+001
+8.637270e+003	   -3.233322e+001
+8.651640e+003	   -3.238958e+001
+8.666034e+003	   -3.244054e+001
+8.680452e+003	   -3.250319e+001
+8.694895e+003	   -3.253909e+001
+8.709360e+003	   -3.260143e+001
+8.723851e+003	   -3.265133e+001
+8.738364e+003	   -3.271004e+001
+8.752903e+003	   -3.276257e+001
+8.767466e+003	   -3.280597e+001
+8.782053e+003	   -3.286076e+001
+8.796664e+003	   -3.291666e+001
+8.811299e+003	   -3.297090e+001
+8.825959e+003	   -3.302410e+001
+8.840643e+003	   -3.308085e+001
+8.855352e+003	   -3.312902e+001
+8.870085e+003	   -3.318813e+001
+8.884842e+003	   -3.323692e+001
+8.899624e+003	   -3.329802e+001
+8.914431e+003	   -3.334196e+001
+8.929263e+003	   -3.340672e+001
+8.944118e+003	   -3.344738e+001
+8.958999e+003	   -3.351654e+001
+8.973904e+003	   -3.356284e+001
+8.988835e+003	   -3.362434e+001
+9.003790e+003	   -3.366961e+001
+9.018771e+003	   -3.372711e+001
+9.033775e+003	   -3.377960e+001
+9.048805e+003	   -3.383647e+001
+9.063860e+003	   -3.389124e+001
+9.078940e+003	   -3.394043e+001
+9.094045e+003	   -3.400348e+001
+9.109175e+003	   -3.406181e+001
+9.124331e+003	   -3.410889e+001
+9.139511e+003	   -3.416375e+001
+9.154717e+003	   -3.422329e+001
+9.169948e+003	   -3.427477e+001
+9.185204e+003	   -3.433637e+001
+9.200486e+003	   -3.438401e+001
+9.215794e+003	   -3.445110e+001
+9.231126e+003	   -3.449909e+001
+9.246484e+003	   -3.455533e+001
+9.261868e+003	   -3.461760e+001
+9.277278e+003	   -3.466537e+001
+9.292713e+003	   -3.472103e+001
+9.308174e+003	   -3.477666e+001
+9.323660e+003	   -3.483967e+001
+9.339172e+003	   -3.488097e+001
+9.354710e+003	   -3.494520e+001
+9.370274e+003	   -3.500212e+001
+9.385864e+003	   -3.506852e+001
+9.401479e+003	   -3.511597e+001
+9.417121e+003	   -3.517891e+001
+9.432789e+003	   -3.522547e+001
+9.448482e+003	   -3.529549e+001
+9.464203e+003	   -3.533827e+001
+9.479949e+003	   -3.540821e+001
+9.495721e+003	   -3.546477e+001
+9.511520e+003	   -3.552496e+001
+9.527345e+003	   -3.557045e+001
+9.543195e+003	   -3.562583e+001
+9.559073e+003	   -3.568847e+001
+9.574977e+003	   -3.574546e+001
+9.590907e+003	   -3.580350e+001
+9.606864e+003	   -3.586370e+001
+9.622848e+003	   -3.592190e+001
+9.638857e+003	   -3.597337e+001
+9.654894e+003	   -3.604258e+001
+9.670957e+003	   -3.609208e+001
+9.687047e+003	   -3.616351e+001
+9.703164e+003	   -3.621257e+001
+9.719308e+003	   -3.627699e+001
+9.735479e+003	   -3.632985e+001
+9.751676e+003	   -3.639016e+001
+9.767899e+003	   -3.644033e+001
+9.784151e+003	   -3.651668e+001
+9.800430e+003	   -3.657118e+001
+9.816734e+003	   -3.661918e+001
+9.833067e+003	   -3.668468e+001
+9.849427e+003	   -3.674102e+001
+9.865814e+003	   -3.679729e+001
+9.882229e+003	   -3.685913e+001
+9.898670e+003	   -3.692071e+001
+9.915139e+003	   -3.697497e+001
+9.931635e+003	   -3.703973e+001
+9.948159e+003	   -3.709615e+001
+9.964710e+003	   -3.716535e+001
+9.981289e+003	   -3.721644e+001
+9.997895e+003	   -3.727878e+001
+1.001453e+004	   -3.733946e+001
+1.003119e+004	   -3.740033e+001
+1.004788e+004	   -3.746281e+001
+1.006460e+004	   -3.750824e+001
+1.008134e+004	   -3.757875e+001
+1.009812e+004	   -3.764112e+001
+1.011492e+004	   -3.770428e+001
+1.013174e+004	   -3.775570e+001
+1.014860e+004	   -3.782025e+001
+1.016549e+004	   -3.787084e+001
+1.018240e+004	   -3.794031e+001
+1.019934e+004	   -3.800372e+001
+1.021631e+004	   -3.806541e+001
+1.023331e+004	   -3.812457e+001
+1.025033e+004	   -3.818911e+001
+1.026739e+004	   -3.824813e+001
+1.028447e+004	   -3.831250e+001
+1.030158e+004	   -3.837592e+001
+1.031872e+004	   -3.843264e+001
+1.033589e+004	   -3.850088e+001
+1.035308e+004	   -3.855456e+001
+1.037031e+004	   -3.863166e+001
+1.038756e+004	   -3.868065e+001
+1.040484e+004	   -3.874963e+001
+1.042215e+004	   -3.880392e+001
+1.043949e+004	   -3.887055e+001
+1.045686e+004	   -3.892349e+001
+1.047426e+004	   -3.899837e+001
+1.049169e+004	   -3.905690e+001
+1.050914e+004	   -3.912660e+001
+1.052663e+004	   -3.918295e+001
+1.054414e+004	   -3.924439e+001
+1.056168e+004	   -3.930470e+001
+1.057925e+004	   -3.937255e+001
+1.059686e+004	   -3.943837e+001
+1.061449e+004	   -3.949760e+001
+1.063215e+004	   -3.956857e+001
+1.064983e+004	   -3.961966e+001
+1.066755e+004	   -3.969330e+001
+1.068530e+004	   -3.975257e+001
+1.070308e+004	   -3.982126e+001
+1.072089e+004	   -3.987629e+001
+1.073872e+004	   -3.995124e+001
+1.075659e+004	   -4.000748e+001
+1.077449e+004	   -4.007937e+001
+1.079241e+004	   -4.013675e+001
+1.081037e+004	   -4.020637e+001
+1.082835e+004	   -4.026567e+001
+1.084637e+004	   -4.033247e+001
+1.086442e+004	   -4.039318e+001
+1.088249e+004	   -4.045090e+001
+1.090060e+004	   -4.053361e+001
+1.091873e+004	   -4.059352e+001
+1.093690e+004	   -4.066101e+001
+1.095509e+004	   -4.071486e+001
+1.097332e+004	   -4.078998e+001
+1.099158e+004	   -4.084811e+001
+1.100987e+004	   -4.092489e+001
+1.102818e+004	   -4.098867e+001
+1.104653e+004	   -4.104604e+001
+1.106491e+004	   -4.111401e+001
+1.108332e+004	   -4.118488e+001
+1.110176e+004	   -4.124405e+001
+1.112023e+004	   -4.131449e+001
+1.113873e+004	   -4.137390e+001
+1.115726e+004	   -4.144263e+001
+1.117583e+004	   -4.151275e+001
+1.119442e+004	   -4.156954e+001
+1.121304e+004	   -4.164342e+001
+1.123170e+004	   -4.170838e+001
+1.125039e+004	   -4.177535e+001
+1.126910e+004	   -4.184529e+001
+1.128785e+004	   -4.191911e+001
+1.130663e+004	   -4.197197e+001
+1.132544e+004	   -4.204532e+001
+1.134429e+004	   -4.211351e+001
+1.136316e+004	   -4.217858e+001
+1.138207e+004	   -4.224096e+001
+1.140100e+004	   -4.232054e+001
+1.141997e+004	   -4.237880e+001
+1.143897e+004	   -4.244882e+001
+1.145800e+004	   -4.252405e+001
+1.147707e+004	   -4.257823e+001
+1.149616e+004	   -4.265679e+001
+1.151529e+004	   -4.271926e+001
+1.153445e+004	   -4.279411e+001
+1.155364e+004	   -4.285244e+001
+1.157286e+004	   -4.292923e+001
+1.159211e+004	   -4.299247e+001
+1.161140e+004	   -4.307162e+001
+1.163072e+004	   -4.312863e+001
+1.165007e+004	   -4.320449e+001
+1.166945e+004	   -4.326884e+001
+1.168887e+004	   -4.335263e+001
+1.170831e+004	   -4.339829e+001
+1.172779e+004	   -4.348549e+001
+1.174731e+004	   -4.355164e+001
+1.176685e+004	   -4.362374e+001
+1.178643e+004	   -4.369356e+001
+1.180604e+004	   -4.375320e+001
+1.182568e+004	   -4.382961e+001
+1.184535e+004	   -4.388860e+001
+1.186506e+004	   -4.396384e+001
+1.188480e+004	   -4.403495e+001
+1.190458e+004	   -4.411113e+001
+1.192438e+004	   -4.417659e+001
+1.194422e+004	   -4.424855e+001
+1.196409e+004	   -4.431013e+001
+1.198400e+004	   -4.440715e+001
+1.200394e+004	   -4.446540e+001
+1.202391e+004	   -4.453875e+001
+1.204391e+004	   -4.460137e+001
+1.206395e+004	   -4.467721e+001
+1.208402e+004	   -4.474199e+001
+1.210413e+004	   -4.481548e+001
+1.212427e+004	   -4.489096e+001
+1.214444e+004	   -4.496241e+001
+1.216464e+004	   -4.503832e+001
+1.218488e+004	   -4.510034e+001
+1.220515e+004	   -4.517867e+001
+1.222546e+004	   -4.523788e+001
+1.224580e+004	   -4.532128e+001
+1.226617e+004	   -4.539602e+001
+1.228658e+004	   -4.547828e+001
+1.230702e+004	   -4.553349e+001
+1.232750e+004	   -4.561251e+001
+1.234801e+004	   -4.569084e+001
+1.236855e+004	   -4.576212e+001
+1.238913e+004	   -4.582466e+001
+1.240974e+004	   -4.590535e+001
+1.243039e+004	   -4.598135e+001
+1.245107e+004	   -4.604053e+001
+1.247179e+004	   -4.612582e+001
+1.249254e+004	   -4.618774e+001
+1.251332e+004	   -4.626941e+001
+1.253414e+004	   -4.634250e+001
+1.255499e+004	   -4.642205e+001
+1.257588e+004	   -4.647916e+001
+1.259680e+004	   -4.656779e+001
+1.261776e+004	   -4.662815e+001
+1.263876e+004	   -4.671833e+001
+1.265978e+004	   -4.678061e+001
+1.268085e+004	   -4.686659e+001
+1.270194e+004	   -4.693520e+001
+1.272308e+004	   -4.701678e+001
+1.274424e+004	   -4.708488e+001
+1.276545e+004	   -4.715321e+001
+1.278669e+004	   -4.722808e+001
+1.280796e+004	   -4.730030e+001
+1.282927e+004	   -4.738713e+001
+1.285061e+004	   -4.745911e+001
+1.287199e+004	   -4.753674e+001
+1.289341e+004	   -4.759932e+001
+1.291486e+004	   -4.768241e+001
+1.293635e+004	   -4.775958e+001
+1.295787e+004	   -4.784138e+001
+1.297943e+004	   -4.791095e+001
+1.300102e+004	   -4.799263e+001
+1.302265e+004	   -4.805831e+001
+1.304432e+004	   -4.814161e+001
+1.306602e+004	   -4.821261e+001
+1.308776e+004	   -4.829775e+001
+1.310954e+004	   -4.837907e+001
+1.313135e+004	   -4.844005e+001
+1.315320e+004	   -4.852118e+001
+1.317508e+004	   -4.858819e+001
+1.319700e+004	   -4.868008e+001
+1.321896e+004	   -4.874420e+001
+1.324095e+004	   -4.883113e+001
+1.326298e+004	   -4.890382e+001
+1.328504e+004	   -4.899760e+001
+1.330715e+004	   -4.906662e+001
+1.332929e+004	   -4.914315e+001
+1.335146e+004	   -4.921447e+001
+1.337368e+004	   -4.930548e+001
+1.339593e+004	   -4.938075e+001
+1.341821e+004	   -4.945282e+001
+1.344054e+004	   -4.951962e+001
+1.346290e+004	   -4.960870e+001
+1.348530e+004	   -4.968829e+001
+1.350774e+004	   -4.976962e+001
+1.353021e+004	   -4.985007e+001
+1.355272e+004	   -4.991228e+001
+1.357527e+004	   -5.001302e+001
+1.359785e+004	   -5.006683e+001
+1.362048e+004	   -5.017535e+001
+1.364314e+004	   -5.023495e+001
+1.366584e+004	   -5.032545e+001
+1.368857e+004	   -5.038984e+001
+1.371135e+004	   -5.048559e+001
+1.373416e+004	   -5.055441e+001
+1.375701e+004	   -5.064563e+001
+1.377990e+004	   -5.071117e+001
+1.380282e+004	   -5.079982e+001
+1.382579e+004	   -5.089171e+001
+1.384879e+004	   -5.095770e+001
+1.387183e+004	   -5.104476e+001
+1.389491e+004	   -5.111193e+001
+1.391803e+004	   -5.120673e+001
+1.394119e+004	   -5.127144e+001
+1.396438e+004	   -5.137798e+001
+1.398761e+004	   -5.144742e+001
+1.401088e+004	   -5.153152e+001
+1.403420e+004	   -5.159690e+001
+1.405754e+004	   -5.170153e+001
+1.408093e+004	   -5.177847e+001
+1.410436e+004	   -5.185739e+001
+1.412783e+004	   -5.193132e+001
+1.415133e+004	   -5.201009e+001
+1.417488e+004	   -5.210443e+001
+1.419846e+004	   -5.218063e+001
+1.422208e+004	   -5.225521e+001
+1.424574e+004	   -5.232946e+001
+1.426945e+004	   -5.243451e+001
+1.429319e+004	   -5.249874e+001
+1.431697e+004	   -5.259121e+001
+1.434079e+004	   -5.266941e+001
+1.436465e+004	   -5.276349e+001
+1.438854e+004	   -5.283757e+001
+1.441248e+004	   -5.294022e+001
+1.443646e+004	   -5.300476e+001
+1.446048e+004	   -5.310816e+001
+1.448454e+004	   -5.317527e+001
+1.450864e+004	   -5.326083e+001
+1.453278e+004	   -5.334132e+001
+1.455696e+004	   -5.342971e+001
+1.458117e+004	   -5.351053e+001
+1.460543e+004	   -5.359406e+001
+1.462973e+004	   -5.368079e+001
+1.465407e+004	   -5.375660e+001
+1.467845e+004	   -5.385942e+001
+1.470288e+004	   -5.392707e+001
+1.472734e+004	   -5.402913e+001
+1.475184e+004	   -5.409900e+001
+1.477638e+004	   -5.420632e+001
+1.480097e+004	   -5.426880e+001
+1.482559e+004	   -5.437873e+001
+1.485026e+004	   -5.443954e+001
+1.487497e+004	   -5.454747e+001
+1.489971e+004	   -5.462836e+001
+1.492450e+004	   -5.471423e+001
+1.494933e+004	   -5.480255e+001
+1.497421e+004	   -5.487927e+001
+1.499912e+004	   -5.496308e+001
+1.502407e+004	   -5.503894e+001
+1.504907e+004	   -5.514157e+001
+1.507411e+004	   -5.521725e+001
+1.509919e+004	   -5.531201e+001
+1.512431e+004	   -5.538633e+001
+1.514947e+004	   -5.549382e+001
+1.517468e+004	   -5.556269e+001
+1.519992e+004	   -5.567619e+001
+1.522521e+004	   -5.574253e+001
+1.525054e+004	   -5.584613e+001
+1.527592e+004	   -5.592792e+001
+1.530133e+004	   -5.602222e+001
+1.532679e+004	   -5.609595e+001
+1.535229e+004	   -5.618943e+001
+1.537783e+004	   -5.627790e+001
+1.540342e+004	   -5.634505e+001
+1.542904e+004	   -5.645224e+001
+1.545471e+004	   -5.652706e+001
+1.548043e+004	   -5.663182e+001
+1.550618e+004	   -5.670471e+001
+1.553198e+004	   -5.680508e+001
+1.555782e+004	   -5.687290e+001
+1.558371e+004	   -5.698496e+001
+1.560963e+004	   -5.706291e+001
+1.563560e+004	   -5.717447e+001
+1.566162e+004	   -5.724899e+001
+1.568767e+004	   -5.735713e+001
+1.571377e+004	   -5.742939e+001
+1.573992e+004	   -5.752807e+001
+1.576611e+004	   -5.761243e+001
+1.579234e+004	   -5.769356e+001
+1.581861e+004	   -5.779273e+001
+1.584493e+004	   -5.786640e+001
+1.587129e+004	   -5.798238e+001
+1.589770e+004	   -5.805005e+001
+1.592415e+004	   -5.816452e+001
+1.595064e+004	   -5.823282e+001
+1.597718e+004	   -5.835166e+001
+1.600376e+004	   -5.842281e+001
+1.603039e+004	   -5.854010e+001
+1.605706e+004	   -5.861022e+001
+1.608377e+004	   -5.871411e+001
+1.611053e+004	   -5.879090e+001
+1.613733e+004	   -5.889627e+001
+1.616418e+004	   -5.897975e+001
+1.619108e+004	   -5.906849e+001
+1.621801e+004	   -5.916583e+001
+1.624500e+004	   -5.924754e+001
+1.627202e+004	   -5.935297e+001
+1.629910e+004	   -5.941918e+001
+1.632621e+004	   -5.955234e+001
+1.635338e+004	   -5.961459e+001
+1.638058e+004	   -5.973442e+001
+1.640784e+004	   -5.980544e+001
+1.643514e+004	   -5.991785e+001
+1.646248e+004	   -5.999175e+001
+1.648987e+004	   -6.012446e+001
+1.651730e+004	   -6.019082e+001
+1.654479e+004	   -6.029478e+001
+1.657231e+004	   -6.037980e+001
+1.659988e+004	   -6.047853e+001
+1.662750e+004	   -6.057114e+001
+1.665517e+004	   -6.065423e+001
+1.668288e+004	   -6.075714e+001
+1.671063e+004	   -6.082998e+001
+1.673843e+004	   -6.094799e+001
+1.676628e+004	   -6.101172e+001
+1.679418e+004	   -6.115168e+001
+1.682212e+004	   -6.120655e+001
+1.685011e+004	   -6.134320e+001
+1.687814e+004	   -6.141621e+001
+1.690622e+004	   -6.153387e+001
+1.693435e+004	   -6.160506e+001
+1.696252e+004	   -6.172619e+001
+1.699074e+004	   -6.179684e+001
+1.701901e+004	   -6.191075e+001
+1.704733e+004	   -6.199881e+001
+1.707569e+004	   -6.208802e+001
+1.710410e+004	   -6.220548e+001
+1.713256e+004	   -6.227006e+001
+1.716106e+004	   -6.240076e+001
+1.718961e+004	   -6.247064e+001
+1.721821e+004	   -6.259768e+001
+1.724686e+004	   -6.266213e+001
+1.727555e+004	   -6.278401e+001
+1.730430e+004	   -6.287825e+001
+1.733309e+004	   -6.299716e+001
+1.736192e+004	   -6.306335e+001
+1.739081e+004	   -6.318924e+001
+1.741974e+004	   -6.326802e+001
+1.744873e+004	   -6.337344e+001
+1.747776e+004	   -6.345810e+001
+1.750683e+004	   -6.356707e+001
+1.753596e+004	   -6.366594e+001
+1.756514e+004	   -6.375686e+001
+1.759436e+004	   -6.387798e+001
+1.762363e+004	   -6.394963e+001
+1.765296e+004	   -6.406358e+001
+1.768232e+004	   -6.414223e+001
+1.771174e+004	   -6.427312e+001
+1.774121e+004	   -6.434824e+001
+1.777073e+004	   -6.448092e+001
+1.780029e+004	   -6.454675e+001
+1.782991e+004	   -6.468181e+001
+1.785957e+004	   -6.475162e+001
+1.788929e+004	   -6.488913e+001
+1.791905e+004	   -6.494983e+001
+1.794886e+004	   -6.507515e+001
+1.797873e+004	   -6.517239e+001
+1.800864e+004	   -6.526672e+001
+1.803860e+004	   -6.537724e+001
+1.806861e+004	   -6.545851e+001
+1.809867e+004	   -6.558139e+001
+1.812879e+004	   -6.564530e+001
+1.815895e+004	   -6.578912e+001
+1.818916e+004	   -6.586433e+001
+1.821942e+004	   -6.599137e+001
+1.824973e+004	   -6.607534e+001
+1.828010e+004	   -6.621956e+001
+1.831051e+004	   -6.627915e+001
+1.834097e+004	   -6.641749e+001
+1.837149e+004	   -6.649680e+001
+1.840205e+004	   -6.661385e+001
+1.843267e+004	   -6.669602e+001
+1.846334e+004	   -6.682084e+001
+1.849406e+004	   -6.692619e+001
+1.852482e+004	   -6.699571e+001
+1.855565e+004	   -6.712667e+001
+1.858652e+004	   -6.719414e+001
+1.861744e+004	   -6.733449e+001
+1.864842e+004	   -6.740893e+001
+1.867944e+004	   -6.755002e+001
+1.871052e+004	   -6.761939e+001
+1.874165e+004	   -6.775877e+001
+1.877283e+004	   -6.783755e+001
+1.880406e+004	   -6.799287e+001
+1.883535e+004	   -6.805630e+001
+1.886669e+004	   -6.819537e+001
+1.889808e+004	   -6.827806e+001
+1.892952e+004	   -6.839307e+001
+1.896101e+004	   -6.848385e+001
+1.899256e+004	   -6.858547e+001
+1.902416e+004	   -6.868651e+001
+1.905581e+004	   -6.879797e+001
+1.908751e+004	   -6.891825e+001
+1.911927e+004	   -6.899053e+001
+1.915108e+004	   -6.912925e+001
+1.918294e+004	   -6.920758e+001
+1.921486e+004	   -6.936737e+001
+1.924682e+004	   -6.942856e+001
+1.927885e+004	   -6.953608e+001
+1.931092e+004	   -6.963857e+001
+1.934305e+004	   -6.974179e+001
+1.937523e+004	   -7.002872e+001
+1.940747e+004	   -6.995728e+001
+1.943976e+004	   -7.013526e+001
+1.947210e+004	   -7.027065e+001
+1.950450e+004	   -7.042083e+001
+1.953695e+004	   -7.036408e+001
+1.956945e+004	   -7.056145e+001
+1.960201e+004	   -7.051642e+001
+1.963462e+004	   -7.072501e+001
+1.966729e+004	   -7.083890e+001
+1.970001e+004	   -7.098071e+001
+1.973279e+004	   -7.106528e+001
+1.976562e+004	   -7.119584e+001
+1.979850e+004	   -7.129245e+001
+1.983144e+004	   -7.145524e+001
+1.986444e+004	   -7.150275e+001
+1.989749e+004	   -7.166225e+001
+1.993059e+004	   -7.173801e+001
+1.996375e+004	   -7.186809e+001
+1.999696e+004	   -7.197282e+001
+2.003023e+004	   -7.207319e+001
+2.006356e+004	   -7.219392e+001
+2.009694e+004	   -7.228056e+001
+2.013038e+004	   -7.243057e+001
+2.016387e+004	   -7.248695e+001
+2.019742e+004	   -7.264040e+001
+2.023102e+004	   -7.272572e+001
+2.026468e+004	   -7.289584e+001
+2.029839e+004	   -7.295792e+001
+2.033217e+004	   -7.312430e+001
+2.036599e+004	   -7.319376e+001
+2.039988e+004	   -7.335153e+001
+2.043382e+004	   -7.341453e+001
+2.046781e+004	   -7.355670e+001
+2.050187e+004	   -7.365907e+001
+2.053598e+004	   -7.378291e+001
+2.057014e+004	   -7.389011e+001
+2.060437e+004	   -7.398375e+001
+2.063865e+004	   -7.413054e+001
+2.067298e+004	   -7.419132e+001
+2.070738e+004	   -7.437723e+001
+2.074183e+004	   -7.443490e+001
+2.077634e+004	   -7.460482e+001
+2.081091e+004	   -7.467007e+001
+2.084553e+004	   -7.484576e+001
+2.088021e+004	   -7.491573e+001
+2.091495e+004	   -7.508411e+001
+2.094975e+004	   -7.515248e+001
+2.098461e+004	   -7.531271e+001
+2.101952e+004	   -7.539032e+001
+2.105449e+004	   -7.551318e+001
+2.108952e+004	   -7.562378e+001
+2.112461e+004	   -7.573618e+001
+2.115975e+004	   -7.587173e+001
+2.119496e+004	   -7.595135e+001
+2.123022e+004	   -7.610211e+001
+2.126554e+004	   -7.617448e+001
+2.130092e+004	   -7.635039e+001
+2.133636e+004	   -7.642557e+001
+2.137186e+004	   -7.659834e+001
+2.140742e+004	   -7.666595e+001
+2.144303e+004	   -7.684079e+001
+2.147871e+004	   -7.690972e+001
+2.151444e+004	   -7.709428e+001
+2.155024e+004	   -7.716399e+001
+2.158609e+004	   -7.732023e+001
+2.162201e+004	   -7.740163e+001
+2.165798e+004	   -7.752182e+001
+2.169401e+004	   -7.765089e+001
+2.173011e+004	   -7.774149e+001
+2.176626e+004	   -7.789705e+001
+2.180247e+004	   -7.796358e+001
+2.183875e+004	   -7.815263e+001
+2.187508e+004	   -7.819591e+001
+2.191148e+004	   -7.839878e+001
+2.194793e+004	   -7.846584e+001
+2.198445e+004	   -7.864924e+001
+2.202102e+004	   -7.871249e+001
+2.205766e+004	   -7.890006e+001
+2.209436e+004	   -7.897048e+001
+2.213112e+004	   -7.913683e+001
+2.216794e+004	   -7.920602e+001
+2.220482e+004	   -7.937608e+001
+2.224176e+004	   -7.946635e+001
+2.227877e+004	   -7.957418e+001
+2.231584e+004	   -7.972344e+001
+2.235296e+004	   -7.981471e+001
+2.239015e+004	   -7.998771e+001
+2.242740e+004	   -8.005011e+001
+2.246472e+004	   -8.023443e+001
+2.250209e+004	   -8.030564e+001
+2.253953e+004	   -8.049802e+001
+2.257703e+004	   -8.056149e+001
+2.261459e+004	   -8.074854e+001
+2.265222e+004	   -8.082011e+001
+2.268991e+004	   -8.103191e+001
+2.272766e+004	   -8.108759e+001
+2.276547e+004	   -8.125667e+001
+2.280335e+004	   -8.134241e+001
+2.284129e+004	   -8.147511e+001
+2.287929e+004	   -8.159835e+001
+2.291735e+004	   -8.169732e+001
+2.295548e+004	   -8.186058e+001
+2.299367e+004	   -8.191953e+001
+2.303193e+004	   -8.212327e+001
+2.307025e+004	   -8.219055e+001
+2.310863e+004	   -8.241062e+001
+2.314708e+004	   -8.246093e+001
+2.318559e+004	   -8.267066e+001
+2.322416e+004	   -8.273434e+001
+2.326280e+004	   -8.293592e+001
+2.330151e+004	   -8.299460e+001
+2.334027e+004	   -8.317944e+001
+2.337911e+004	   -8.325307e+001
+2.341800e+004	   -8.341863e+001
+2.345696e+004	   -8.352502e+001
+2.349599e+004	   -8.363742e+001
+2.353508e+004	   -8.379645e+001
+2.357424e+004	   -8.386974e+001
+2.361346e+004	   -8.405714e+001
+2.365275e+004	   -8.411618e+001
+2.369210e+004	   -8.434206e+001
+2.373152e+004	   -8.439275e+001
+2.377100e+004	   -8.462088e+001
+2.381055e+004	   -8.467867e+001
+2.385016e+004	   -8.489548e+001
+2.388985e+004	   -8.494567e+001
+2.392959e+004	   -8.516564e+001
+2.396940e+004	   -8.522347e+001
+2.400928e+004	   -8.541373e+001
+2.404923e+004	   -8.551132e+001
+2.408924e+004	   -8.564851e+001
+2.412932e+004	   -8.576781e+001
+2.416946e+004	   -8.586362e+001
+2.420968e+004	   -8.605859e+001
+2.424996e+004	   -8.610206e+001
+2.429030e+004	   -8.633622e+001
+2.433071e+004	   -8.638511e+001
+2.437119e+004	   -8.661189e+001
+2.441174e+004	   -8.665990e+001
+2.445236e+004	   -8.690361e+001
+2.449304e+004	   -8.694363e+001
+2.453379e+004	   -8.718723e+001
+2.457461e+004	   -8.723284e+001
+2.461549e+004	   -8.745128e+001
+2.465645e+004	   -8.751935e+001
+2.469747e+004	   -8.769040e+001
+2.473856e+004	   -8.780688e+001
+2.477972e+004	   -8.792981e+001
+2.482095e+004	   -8.809218e+001
+2.486224e+004	   -8.817084e+001
+2.490361e+004	   -8.837686e+001
+2.494504e+004	   -8.844023e+001
+2.498654e+004	   -8.868040e+001
+2.502811e+004	   -8.872067e+001
+2.506975e+004	   -8.896783e+001
+2.511146e+004	   -8.901607e+001
+2.515324e+004	   -8.926962e+001
+2.519509e+004	   -8.931239e+001
+2.523701e+004	   -8.955409e+001
+2.527900e+004	   -8.960129e+001
+2.532105e+004	   -8.979828e+001
+2.536318e+004	   -8.988258e+001
+2.540538e+004	   -9.003239e+001
+2.544765e+004	   -9.018797e+001
+2.548999e+004	   -9.028839e+001
+2.553239e+004	   -9.047790e+001
+2.557488e+004	   -9.052515e+001
+2.561742e+004	   -9.079675e+001
+2.566004e+004	   -9.083089e+001
+2.570274e+004	   -9.108739e+001
+2.574550e+004	   -9.112443e+001
+2.578833e+004	   -9.139301e+001
+2.583124e+004	   -9.142738e+001
+2.587422e+004	   -9.170537e+001
+2.591726e+004	   -9.173136e+001
+2.596038e+004	   -9.196912e+001
+2.600358e+004	   -9.203349e+001
+2.604684e+004	   -9.222390e+001
+2.609017e+004	   -9.234338e+001
+2.613358e+004	   -9.246898e+001
+2.617706e+004	   -9.265257e+001
+2.622061e+004	   -9.269983e+001
+2.626424e+004	   -9.296655e+001
+2.630794e+004	   -9.298280e+001
+2.635171e+004	   -9.326528e+001
+2.639555e+004	   -9.329267e+001
+2.643946e+004	   -9.358453e+001
+2.648345e+004	   -9.361386e+001
+2.652751e+004	   -9.390102e+001
+2.657165e+004	   -9.392207e+001
+2.661586e+004	   -9.421067e+001
+2.666014e+004	   -9.423662e+001
+2.670449e+004	   -9.445947e+001
+2.674892e+004	   -9.455683e+001
+2.679343e+004	   -9.470091e+001
+2.683800e+004	   -9.487443e+001
+2.688266e+004	   -9.496628e+001
+2.692738e+004	   -9.519695e+001
+2.697218e+004	   -9.521081e+001
+2.701706e+004	   -9.551499e+001
+2.706201e+004	   -9.553020e+001
+2.710703e+004	   -9.583058e+001
+2.715213e+004	   -9.585792e+001
+2.719730e+004	   -9.617683e+001
+2.724255e+004	   -9.618917e+001
+2.728788e+004	   -9.649644e+001
+2.733328e+004	   -9.651536e+001
+2.737876e+004	   -9.678522e+001
+2.742431e+004	   -9.683743e+001
+2.746993e+004	   -9.701915e+001
+2.751564e+004	   -9.717624e+001
+2.756142e+004	   -9.728210e+001
+2.760727e+004	   -9.749797e+001
+2.765320e+004	   -9.754301e+001
+2.769921e+004	   -9.782884e+001
+2.774529e+004	   -9.785532e+001
+2.779146e+004	   -9.816681e+001
+2.783769e+004	   -9.818520e+001
+2.788401e+004	   -9.850478e+001
+2.793040e+004	   -9.849843e+001
+2.797687e+004	   -9.884224e+001
+2.802342e+004	   -9.885840e+001
+2.807004e+004	   -9.917719e+001
+2.811674e+004	   -9.918649e+001
+2.816352e+004	   -9.943916e+001
+2.821038e+004	   -9.953009e+001
+2.825731e+004	   -9.968398e+001
+2.830433e+004	   -9.987102e+001
+2.835142e+004	   -9.995194e+001
+2.839859e+004	   -1.002136e+002
+2.844583e+004	   -1.002240e+002
+2.849316e+004	   -1.005576e+002
+2.854057e+004	   -1.005822e+002
+2.858805e+004	   -1.009202e+002
+2.863561e+004	   -1.009149e+002
+2.868326e+004	   -1.012786e+002
+2.873098e+004	   -1.012729e+002
+2.877878e+004	   -1.016252e+002
+2.882666e+004	   -1.016122e+002
+2.887462e+004	   -1.019413e+002
+2.892266e+004	   -1.019780e+002
+2.897078e+004	   -1.021878e+002
+2.901898e+004	   -1.023326e+002
+2.906726e+004	   -1.024456e+002
+2.911562e+004	   -1.026839e+002
+2.916406e+004	   -1.027039e+002
+2.921258e+004	   -1.030494e+002
+2.926119e+004	   -1.030420e+002
+2.930987e+004	   -1.034042e+002
+2.935863e+004	   -1.033916e+002
+2.940748e+004	   -1.037645e+002
+2.945640e+004	   -1.037726e+002
+2.950541e+004	   -1.041495e+002
+2.955450e+004	   -1.041362e+002
+2.960367e+004	   -1.045044e+002
+2.965293e+004	   -1.045011e+002
+2.970226e+004	   -1.047777e+002
+2.975168e+004	   -1.048736e+002
+2.980118e+004	   -1.050435e+002
+2.985076e+004	   -1.052448e+002
+2.990042e+004	   -1.053039e+002
+2.995017e+004	   -1.056125e+002
+3.000000e+004	   -1.056028e+002
