+1.000000e+003	   +2.068394e+001
+1.001664e+003	   +2.048502e+001
+1.003330e+003	   +2.164855e+001
+1.005000e+003	   +2.093941e+001
+1.006672e+003	   +2.182502e+001
+1.008346e+003	   +2.208845e+001
+1.010024e+003	   +2.395992e+001
+1.011705e+003	   +2.137299e+001
+1.013388e+003	   +3.022292e+001
+1.015074e+003	   +2.075305e+001
+1.016763e+003	   +2.369764e+001
+1.018454e+003	   +1.932008e+001
+1.020149e+003	   +2.448772e+001
+1.021846e+003	   +2.340847e+001
+1.023546e+003	   +2.108357e+001
+1.025249e+003	   +1.956182e+001
+1.026955e+003	   +2.095953e+001
+1.028663e+003	   +2.438585e+001
+1.030375e+003	   +1.710681e+001
+1.032089e+003	   +2.110767e+001
+1.033806e+003	   +1.984883e+001
+1.035526e+003	   +1.955441e+001
+1.037249e+003	   +2.269024e+001
+1.038975e+003	   +2.071846e+001
+1.040703e+003	   +2.237162e+001
+1.042435e+003	   +2.076824e+001
+1.044169e+003	   +2.244952e+001
+1.045906e+003	   +2.164753e+001
+1.047646e+003	   +1.712949e+001
+1.049390e+003	   +2.150880e+001
+1.051135e+003	   +2.357738e+001
+1.052884e+003	   +2.164911e+001
+1.054636e+003	   +2.108220e+001
+1.056391e+003	   +2.128446e+001
+1.058148e+003	   +2.122035e+001
+1.059909e+003	   +2.126466e+001
+1.061672e+003	   +2.239444e+001
+1.063438e+003	   +2.055640e+001
+1.065208e+003	   +2.253758e+001
+1.066980e+003	   +2.158277e+001
+1.068755e+003	   +1.801990e+001
+1.070533e+003	   +1.927351e+001
+1.072314e+003	   +2.204324e+001
+1.074099e+003	   +2.209212e+001
+1.075885e+003	   +1.966392e+001
+1.077676e+003	   +1.981578e+001
+1.079469e+003	   +2.052807e+001
+1.081264e+003	   +2.128015e+001
+1.083063e+003	   +1.898320e+001
+1.084865e+003	   +1.969332e+001
+1.086670e+003	   +2.400002e+001
+1.088478e+003	   +1.782903e+001
+1.090289e+003	   +1.875982e+001
+1.092103e+003	   +2.030183e+001
+1.093920e+003	   +2.132422e+001
+1.095740e+003	   +2.128176e+001
+1.097563e+003	   +2.414780e+001
+1.099389e+003	   +2.110114e+001
+1.101218e+003	   +2.347941e+001
+1.103050e+003	   +2.175805e+001
+1.104886e+003	   +2.349273e+001
+1.106724e+003	   +2.168374e+001
+1.108565e+003	   +2.043007e+001
+1.110410e+003	   +2.189999e+001
+1.112257e+003	   +2.387944e+001
+1.114108e+003	   +2.060137e+001
+1.115961e+003	   +2.133898e+001
+1.117818e+003	   +1.987315e+001
+1.119678e+003	   +2.537220e+001
+1.121540e+003	   +2.140112e+001
+1.123406e+003	   +2.214443e+001
+1.125276e+003	   +2.247196e+001
+1.127148e+003	   +1.993952e+001
+1.129023e+003	   +2.095415e+001
+1.130901e+003	   +2.306619e+001
+1.132783e+003	   +2.021971e+001
+1.134667e+003	   +2.116331e+001
+1.136555e+003	   +2.273662e+001
+1.138446e+003	   +1.933794e+001
+1.140340e+003	   +1.952138e+001
+1.142238e+003	   +2.282281e+001
+1.144138e+003	   +1.872985e+001
+1.146042e+003	   +2.219849e+001
+1.147948e+003	   +1.984830e+001
+1.149858e+003	   +2.375882e+001
+1.151771e+003	   +2.250705e+001
+1.153688e+003	   +2.045103e+001
+1.155607e+003	   +2.275579e+001
+1.157530e+003	   +2.027945e+001
+1.159455e+003	   +2.001925e+001
+1.161384e+003	   +2.271489e+001
+1.163317e+003	   +2.002254e+001
+1.165252e+003	   +2.544161e+001
+1.167191e+003	   +2.133483e+001
+1.169133e+003	   +2.152953e+001
+1.171078e+003	   +2.259994e+001
+1.173026e+003	   +2.031242e+001
+1.174978e+003	   +2.358606e+001
+1.176933e+003	   +2.091945e+001
+1.178891e+003	   +2.437361e+001
+1.180852e+003	   +1.811994e+001
+1.182817e+003	   +2.135743e+001
+1.184785e+003	   +2.087746e+001
+1.186756e+003	   +2.085194e+001
+1.188730e+003	   +2.377831e+001
+1.190708e+003	   +2.036187e+001
+1.192689e+003	   +2.100975e+001
+1.194674e+003	   +2.145539e+001
+1.196661e+003	   +2.426344e+001
+1.198652e+003	   +1.954564e+001
+1.200646e+003	   +1.888662e+001
+1.202644e+003	   +2.102556e+001
+1.204645e+003	   +2.308469e+001
+1.206649e+003	   +2.186859e+001
+1.208657e+003	   +2.170137e+001
+1.210668e+003	   +2.243937e+001
+1.212682e+003	   +2.068713e+001
+1.214699e+003	   +2.336795e+001
+1.216720e+003	   +2.160275e+001
+1.218745e+003	   +2.267264e+001
+1.220772e+003	   +2.216874e+001
+1.222803e+003	   +2.312156e+001
+1.224838e+003	   +2.099599e+001
+1.226876e+003	   +2.086426e+001
+1.228917e+003	   +2.286152e+001
+1.230961e+003	   +2.357481e+001
+1.233010e+003	   +2.151410e+001
+1.235061e+003	   +2.126906e+001
+1.237116e+003	   +2.130769e+001
+1.239174e+003	   +2.292468e+001
+1.241236e+003	   +1.885164e+001
+1.243301e+003	   +1.929682e+001
+1.245369e+003	   +2.084307e+001
+1.247441e+003	   +1.978209e+001
+1.249517e+003	   +2.185036e+001
+1.251596e+003	   +2.031930e+001
+1.253678e+003	   +1.943309e+001
+1.255764e+003	   +2.211655e+001
+1.257853e+003	   +2.096119e+001
+1.259946e+003	   +2.295100e+001
+1.262042e+003	   +2.241935e+001
+1.264142e+003	   +2.343990e+001
+1.266245e+003	   +2.129351e+001
+1.268352e+003	   +2.058921e+001
+1.270462e+003	   +2.147881e+001
+1.272576e+003	   +2.155157e+001
+1.274693e+003	   +2.129666e+001
+1.276814e+003	   +2.281838e+001
+1.278938e+003	   +2.219310e+001
+1.281066e+003	   +2.318398e+001
+1.283197e+003	   +2.267363e+001
+1.285332e+003	   +2.242345e+001
+1.287470e+003	   +2.242399e+001
+1.289612e+003	   +2.322959e+001
+1.291758e+003	   +2.182694e+001
+1.293907e+003	   +2.218387e+001
+1.296060e+003	   +2.201261e+001
+1.298216e+003	   +2.104808e+001
+1.300376e+003	   +2.165948e+001
+1.302540e+003	   +2.195328e+001
+1.304707e+003	   +2.277510e+001
+1.306877e+003	   +2.232009e+001
+1.309052e+003	   +2.206951e+001
+1.311230e+003	   +2.273264e+001
+1.313411e+003	   +2.304913e+001
+1.315596e+003	   +2.219135e+001
+1.317785e+003	   +2.217585e+001
+1.319978e+003	   +2.358362e+001
+1.322174e+003	   +2.238634e+001
+1.324374e+003	   +2.291840e+001
+1.326577e+003	   +2.224297e+001
+1.328784e+003	   +2.365184e+001
+1.330995e+003	   +2.336617e+001
+1.333209e+003	   +2.158238e+001
+1.335427e+003	   +2.228870e+001
+1.337649e+003	   +2.330899e+001
+1.339875e+003	   +2.215833e+001
+1.342104e+003	   +2.326236e+001
+1.344337e+003	   +2.188616e+001
+1.346573e+003	   +2.338031e+001
+1.348814e+003	   +2.329210e+001
+1.351058e+003	   +2.197428e+001
+1.353306e+003	   +2.260243e+001
+1.355557e+003	   +2.297064e+001
+1.357813e+003	   +2.271770e+001
+1.360072e+003	   +2.332459e+001
+1.362334e+003	   +2.179511e+001
+1.364601e+003	   +2.309987e+001
+1.366871e+003	   +2.330443e+001
+1.369146e+003	   +2.268497e+001
+1.371423e+003	   +2.392328e+001
+1.373705e+003	   +2.183014e+001
+1.375991e+003	   +2.139540e+001
+1.378280e+003	   +2.352085e+001
+1.380573e+003	   +2.588972e+001
+1.382870e+003	   +2.293463e+001
+1.385171e+003	   +2.194754e+001
+1.387475e+003	   +2.234205e+001
+1.389784e+003	   +2.065644e+001
+1.392096e+003	   +2.144970e+001
+1.394412e+003	   +2.273755e+001
+1.396732e+003	   +2.428740e+001
+1.399056e+003	   +2.374642e+001
+1.401384e+003	   +2.100498e+001
+1.403715e+003	   +2.044467e+001
+1.406050e+003	   +2.233307e+001
+1.408390e+003	   +2.226521e+001
+1.410733e+003	   +2.217517e+001
+1.413080e+003	   +2.339660e+001
+1.415431e+003	   +2.307056e+001
+1.417786e+003	   +2.388692e+001
+1.420145e+003	   +2.390652e+001
+1.422508e+003	   +2.346334e+001
+1.424874e+003	   +2.428575e+001
+1.427245e+003	   +2.346126e+001
+1.429620e+003	   +2.210605e+001
+1.431998e+003	   +2.310203e+001
+1.434380e+003	   +2.210780e+001
+1.436767e+003	   +2.210515e+001
+1.439157e+003	   +2.273363e+001
+1.441552e+003	   +2.382756e+001
+1.443950e+003	   +2.425514e+001
+1.446353e+003	   +2.248532e+001
+1.448759e+003	   +2.301201e+001
+1.451169e+003	   +2.409133e+001
+1.453584e+003	   +2.279486e+001
+1.456002e+003	   +2.313422e+001
+1.458424e+003	   +2.363866e+001
+1.460851e+003	   +2.332229e+001
+1.463281e+003	   +2.320040e+001
+1.465716e+003	   +2.351002e+001
+1.468154e+003	   +2.382105e+001
+1.470597e+003	   +2.299843e+001
+1.473044e+003	   +2.350956e+001
+1.475495e+003	   +2.322745e+001
+1.477949e+003	   +2.437961e+001
+1.480408e+003	   +2.279823e+001
+1.482871e+003	   +2.415324e+001
+1.485339e+003	   +2.194355e+001
+1.487810e+003	   +2.333857e+001
+1.490285e+003	   +2.326788e+001
+1.492765e+003	   +2.208938e+001
+1.495248e+003	   +2.331214e+001
+1.497736e+003	   +2.315998e+001
+1.500228e+003	   +2.328373e+001
+1.502724e+003	   +2.265675e+001
+1.505224e+003	   +2.189795e+001
+1.507728e+003	   +2.412185e+001
+1.510237e+003	   +2.353440e+001
+1.512749e+003	   +2.206363e+001
+1.515266e+003	   +2.302568e+001
+1.517787e+003	   +2.336500e+001
+1.520312e+003	   +2.323203e+001
+1.522842e+003	   +2.307454e+001
+1.525375e+003	   +2.304501e+001
+1.527913e+003	   +2.331693e+001
+1.530455e+003	   +2.290961e+001
+1.533002e+003	   +2.383726e+001
+1.535552e+003	   +2.269123e+001
+1.538107e+003	   +2.331138e+001
+1.540666e+003	   +2.233538e+001
+1.543229e+003	   +2.316375e+001
+1.545797e+003	   +2.348181e+001
+1.548369e+003	   +2.362686e+001
+1.550945e+003	   +2.388998e+001
+1.553525e+003	   +2.368625e+001
+1.556110e+003	   +2.394677e+001
+1.558699e+003	   +2.360008e+001
+1.561292e+003	   +2.387589e+001
+1.563890e+003	   +2.333102e+001
+1.566491e+003	   +2.394773e+001
+1.569098e+003	   +2.412024e+001
+1.571708e+003	   +2.356383e+001
+1.574323e+003	   +2.445341e+001
+1.576943e+003	   +2.399243e+001
+1.579566e+003	   +2.393361e+001
+1.582194e+003	   +2.432269e+001
+1.584826e+003	   +2.354315e+001
+1.587463e+003	   +2.311547e+001
+1.590104e+003	   +2.320874e+001
+1.592750e+003	   +2.378327e+001
+1.595400e+003	   +2.378369e+001
+1.598054e+003	   +2.387049e+001
+1.600713e+003	   +2.423018e+001
+1.603376e+003	   +2.402678e+001
+1.606044e+003	   +2.398613e+001
+1.608716e+003	   +2.378213e+001
+1.611392e+003	   +2.402006e+001
+1.614073e+003	   +2.376333e+001
+1.616759e+003	   +2.445657e+001
+1.619448e+003	   +2.420240e+001
+1.622143e+003	   +2.428994e+001
+1.624842e+003	   +2.401093e+001
+1.627545e+003	   +2.447245e+001
+1.630253e+003	   +2.379796e+001
+1.632965e+003	   +2.444646e+001
+1.635682e+003	   +2.406638e+001
+1.638403e+003	   +2.437458e+001
+1.641129e+003	   +2.482782e+001
+1.643860e+003	   +2.393147e+001
+1.646595e+003	   +2.326002e+001
+1.649334e+003	   +2.449264e+001
+1.652078e+003	   +2.413644e+001
+1.654827e+003	   +2.438084e+001
+1.657580e+003	   +2.474759e+001
+1.660338e+003	   +2.449150e+001
+1.663100e+003	   +2.436092e+001
+1.665867e+003	   +2.484176e+001
+1.668639e+003	   +2.428539e+001
+1.671415e+003	   +2.469622e+001
+1.674196e+003	   +2.469191e+001
+1.676981e+003	   +2.489650e+001
+1.679771e+003	   +2.448176e+001
+1.682566e+003	   +2.467929e+001
+1.685365e+003	   +2.458476e+001
+1.688169e+003	   +2.569922e+001
+1.690978e+003	   +2.471327e+001
+1.693792e+003	   +2.473841e+001
+1.696609e+003	   +2.469894e+001
+1.699432e+003	   +2.456256e+001
+1.702260e+003	   +2.463704e+001
+1.705092e+003	   +2.458064e+001
+1.707929e+003	   +2.453907e+001
+1.710770e+003	   +2.467763e+001
+1.713616e+003	   +2.500161e+001
+1.716468e+003	   +2.545526e+001
+1.719323e+003	   +2.481143e+001
+1.722184e+003	   +2.477184e+001
+1.725049e+003	   +2.513394e+001
+1.727919e+003	   +2.494845e+001
+1.730794e+003	   +2.468521e+001
+1.733674e+003	   +2.536588e+001
+1.736558e+003	   +2.647943e+001
+1.739447e+003	   +2.536601e+001
+1.742341e+003	   +2.534612e+001
+1.745240e+003	   +2.440529e+001
+1.748144e+003	   +2.503662e+001
+1.751052e+003	   +2.502764e+001
+1.753965e+003	   +2.520464e+001
+1.756884e+003	   +2.516833e+001
+1.759807e+003	   +2.485073e+001
+1.762734e+003	   +2.426141e+001
+1.765667e+003	   +2.497507e+001
+1.768605e+003	   +2.456905e+001
+1.771547e+003	   +2.564388e+001
+1.774495e+003	   +2.523961e+001
+1.777447e+003	   +2.540707e+001
+1.780404e+003	   +2.575937e+001
+1.783366e+003	   +2.500581e+001
+1.786333e+003	   +2.514082e+001
+1.789305e+003	   +2.515886e+001
+1.792282e+003	   +2.543141e+001
+1.795264e+003	   +2.461362e+001
+1.798251e+003	   +2.513034e+001
+1.801243e+003	   +2.498174e+001
+1.804240e+003	   +2.570801e+001
+1.807242e+003	   +2.516229e+001
+1.810248e+003	   +2.521733e+001
+1.813260e+003	   +2.635448e+001
+1.816277e+003	   +2.444395e+001
+1.819299e+003	   +2.528504e+001
+1.822326e+003	   +2.544097e+001
+1.825358e+003	   +2.570447e+001
+1.828395e+003	   +2.521838e+001
+1.831436e+003	   +2.534136e+001
+1.834484e+003	   +2.570128e+001
+1.837536e+003	   +2.579426e+001
+1.840593e+003	   +2.585548e+001
+1.843655e+003	   +2.586213e+001
+1.846722e+003	   +2.564496e+001
+1.849795e+003	   +2.604058e+001
+1.852873e+003	   +2.596760e+001
+1.855955e+003	   +2.566788e+001
+1.859043e+003	   +2.592253e+001
+1.862136e+003	   +2.607630e+001
+1.865234e+003	   +2.574297e+001
+1.868338e+003	   +2.578829e+001
+1.871446e+003	   +2.594307e+001
+1.874560e+003	   +2.521134e+001
+1.877678e+003	   +2.602853e+001
+1.880802e+003	   +2.588369e+001
+1.883932e+003	   +2.586162e+001
+1.887066e+003	   +2.633428e+001
+1.890205e+003	   +2.614003e+001
+1.893350e+003	   +2.614169e+001
+1.896500e+003	   +2.578232e+001
+1.899656e+003	   +2.639333e+001
+1.902816e+003	   +2.626043e+001
+1.905982e+003	   +2.642773e+001
+1.909153e+003	   +2.580519e+001
+1.912329e+003	   +2.648364e+001
+1.915511e+003	   +2.606304e+001
+1.918698e+003	   +2.609029e+001
+1.921890e+003	   +2.614049e+001
+1.925088e+003	   +2.541339e+001
+1.928291e+003	   +2.587913e+001
+1.931499e+003	   +2.568538e+001
+1.934712e+003	   +2.611770e+001
+1.937931e+003	   +2.624015e+001
+1.941155e+003	   +2.681733e+001
+1.944385e+003	   +2.699238e+001
+1.947620e+003	   +2.751810e+001
+1.950860e+003	   +2.639696e+001
+1.954106e+003	   +2.716494e+001
+1.957357e+003	   +2.674342e+001
+1.960614e+003	   +2.664814e+001
+1.963876e+003	   +2.661986e+001
+1.967143e+003	   +2.676338e+001
+1.970416e+003	   +2.673742e+001
+1.973694e+003	   +2.599623e+001
+1.976978e+003	   +2.663995e+001
+1.980267e+003	   +2.666384e+001
+1.983562e+003	   +2.685853e+001
+1.986862e+003	   +2.716743e+001
+1.990167e+003	   +2.659799e+001
+1.993479e+003	   +2.695095e+001
+1.996795e+003	   +2.710406e+001
+2.000117e+003	   +2.720678e+001
+2.003445e+003	   +2.674844e+001
+2.006778e+003	   +2.685522e+001
+2.010117e+003	   +2.640525e+001
+2.013462e+003	   +2.714893e+001
+2.016811e+003	   +2.639366e+001
+2.020167e+003	   +2.715228e+001
+2.023528e+003	   +2.731084e+001
+2.026895e+003	   +2.739562e+001
+2.030267e+003	   +2.707573e+001
+2.033645e+003	   +2.722653e+001
+2.037028e+003	   +2.719672e+001
+2.040417e+003	   +2.761592e+001
+2.043812e+003	   +2.743639e+001
+2.047212e+003	   +2.732367e+001
+2.050618e+003	   +2.707257e+001
+2.054030e+003	   +2.771977e+001
+2.057448e+003	   +2.723633e+001
+2.060871e+003	   +2.739099e+001
+2.064299e+003	   +2.767575e+001
+2.067734e+003	   +2.707084e+001
+2.071174e+003	   +2.724563e+001
+2.074620e+003	   +2.726695e+001
+2.078072e+003	   +2.765065e+001
+2.081529e+003	   +2.762661e+001
+2.084992e+003	   +2.746749e+001
+2.088461e+003	   +2.786328e+001
+2.091936e+003	   +2.754187e+001
+2.095416e+003	   +2.775306e+001
+2.098902e+003	   +2.775795e+001
+2.102394e+003	   +2.761238e+001
+2.105892e+003	   +2.790874e+001
+2.109396e+003	   +2.757858e+001
+2.112905e+003	   +2.775831e+001
+2.116421e+003	   +2.743056e+001
+2.119942e+003	   +2.780693e+001
+2.123469e+003	   +2.760993e+001
+2.127002e+003	   +2.775805e+001
+2.130541e+003	   +2.780002e+001
+2.134085e+003	   +2.762152e+001
+2.137636e+003	   +2.787181e+001
+2.141192e+003	   +2.815503e+001
+2.144755e+003	   +2.799388e+001
+2.148323e+003	   +2.822519e+001
+2.151897e+003	   +2.832781e+001
+2.155478e+003	   +2.776753e+001
+2.159064e+003	   +2.797105e+001
+2.162656e+003	   +2.792001e+001
+2.166254e+003	   +2.785530e+001
+2.169858e+003	   +2.826359e+001
+2.173468e+003	   +2.812846e+001
+2.177084e+003	   +2.864617e+001
+2.180706e+003	   +2.772671e+001
+2.184334e+003	   +2.849210e+001
+2.187969e+003	   +2.813651e+001
+2.191609e+003	   +2.857654e+001
+2.195255e+003	   +2.860981e+001
+2.198907e+003	   +2.891169e+001
+2.202566e+003	   +2.841977e+001
+2.206230e+003	   +2.869678e+001
+2.209901e+003	   +2.840073e+001
+2.213578e+003	   +2.815667e+001
+2.217261e+003	   +2.895707e+001
+2.220950e+003	   +2.867873e+001
+2.224645e+003	   +2.845058e+001
+2.228346e+003	   +2.852182e+001
+2.232053e+003	   +2.809537e+001
+2.235767e+003	   +2.791016e+001
+2.239487e+003	   +2.863889e+001
+2.243213e+003	   +2.890309e+001
+2.246945e+003	   +2.854433e+001
+2.250683e+003	   +2.918579e+001
+2.254428e+003	   +2.813761e+001
+2.258178e+003	   +2.865734e+001
+2.261936e+003	   +2.865070e+001
+2.265699e+003	   +2.869415e+001
+2.269468e+003	   +2.857421e+001
+2.273244e+003	   +2.984418e+001
+2.277026e+003	   +2.886770e+001
+2.280815e+003	   +2.843116e+001
+2.284609e+003	   +2.914457e+001
+2.288410e+003	   +3.004152e+001
+2.292218e+003	   +2.901805e+001
+2.296031e+003	   +2.926697e+001
+2.299851e+003	   +2.941152e+001
+2.303678e+003	   +2.989895e+001
+2.307510e+003	   +2.953703e+001
+2.311350e+003	   +2.902905e+001
+2.315195e+003	   +2.930157e+001
+2.319047e+003	   +2.872834e+001
+2.322905e+003	   +2.919850e+001
+2.326770e+003	   +2.964585e+001
+2.330641e+003	   +2.951882e+001
+2.334519e+003	   +2.997897e+001
+2.338403e+003	   +2.904023e+001
+2.342293e+003	   +2.973041e+001
+2.346190e+003	   +2.955552e+001
+2.350094e+003	   +2.948773e+001
+2.354004e+003	   +2.950500e+001
+2.357920e+003	   +2.961675e+001
+2.361843e+003	   +2.982968e+001
+2.365773e+003	   +2.951570e+001
+2.369709e+003	   +2.943747e+001
+2.373651e+003	   +2.969013e+001
+2.377601e+003	   +2.993802e+001
+2.381556e+003	   +2.929673e+001
+2.385519e+003	   +2.961467e+001
+2.389488e+003	   +2.942276e+001
+2.393463e+003	   +2.956748e+001
+2.397445e+003	   +2.983406e+001
+2.401434e+003	   +2.968025e+001
+2.405429e+003	   +3.016088e+001
+2.409431e+003	   +3.007800e+001
+2.413440e+003	   +2.999573e+001
+2.417455e+003	   +2.985246e+001
+2.421477e+003	   +2.999517e+001
+2.425506e+003	   +2.996099e+001
+2.429542e+003	   +3.006219e+001
+2.433583e+003	   +2.994778e+001
+2.437633e+003	   +3.041797e+001
+2.441688e+003	   +3.013800e+001
+2.445750e+003	   +2.992718e+001
+2.449820e+003	   +3.006621e+001
+2.453896e+003	   +3.067830e+001
+2.457978e+003	   +3.048853e+001
+2.462068e+003	   +3.028483e+001
+2.466164e+003	   +3.037243e+001
+2.470267e+003	   +3.026220e+001
+2.474377e+003	   +3.027844e+001
+2.478493e+003	   +3.068012e+001
+2.482617e+003	   +3.048857e+001
+2.486748e+003	   +3.049892e+001
+2.490885e+003	   +3.083834e+001
+2.495029e+003	   +3.097000e+001
+2.499180e+003	   +3.085225e+001
+2.503338e+003	   +3.096622e+001
+2.507503e+003	   +3.069106e+001
+2.511675e+003	   +3.043022e+001
+2.515854e+003	   +3.059840e+001
+2.520040e+003	   +3.083261e+001
+2.524232e+003	   +3.062567e+001
+2.528432e+003	   +3.081881e+001
+2.532638e+003	   +3.104454e+001
+2.536852e+003	   +3.078598e+001
+2.541073e+003	   +3.070238e+001
+2.545301e+003	   +3.090389e+001
+2.549535e+003	   +3.095528e+001
+2.553777e+003	   +3.112236e+001
+2.558026e+003	   +3.079869e+001
+2.562282e+003	   +3.130319e+001
+2.566545e+003	   +3.142428e+001
+2.570815e+003	   +3.092550e+001
+2.575092e+003	   +3.133383e+001
+2.579376e+003	   +3.118717e+001
+2.583668e+003	   +3.124209e+001
+2.587966e+003	   +3.106206e+001
+2.592272e+003	   +3.144176e+001
+2.596585e+003	   +3.079684e+001
+2.600905e+003	   +3.138469e+001
+2.605232e+003	   +3.133692e+001
+2.609567e+003	   +3.137976e+001
+2.613908e+003	   +3.137051e+001
+2.618257e+003	   +3.147278e+001
+2.622613e+003	   +3.124268e+001
+2.626977e+003	   +3.172967e+001
+2.631347e+003	   +3.118655e+001
+2.635725e+003	   +3.172201e+001
+2.640110e+003	   +3.098550e+001
+2.644503e+003	   +3.156214e+001
+2.648903e+003	   +3.185229e+001
+2.653310e+003	   +3.174825e+001
+2.657724e+003	   +3.164909e+001
+2.662146e+003	   +3.179304e+001
+2.666575e+003	   +3.224650e+001
+2.671012e+003	   +3.215156e+001
+2.675456e+003	   +3.192197e+001
+2.679907e+003	   +3.165779e+001
+2.684365e+003	   +3.217665e+001
+2.688832e+003	   +3.205466e+001
+2.693305e+003	   +3.193310e+001
+2.697786e+003	   +3.188317e+001
+2.702275e+003	   +3.228164e+001
+2.706771e+003	   +3.190201e+001
+2.711274e+003	   +3.215592e+001
+2.715785e+003	   +3.222798e+001
+2.720303e+003	   +3.203322e+001
+2.724829e+003	   +3.242691e+001
+2.729363e+003	   +3.249971e+001
+2.733903e+003	   +3.195308e+001
+2.738452e+003	   +3.239507e+001
+2.743008e+003	   +3.241681e+001
+2.747572e+003	   +3.231113e+001
+2.752143e+003	   +3.247228e+001
+2.756722e+003	   +3.273601e+001
+2.761308e+003	   +3.254016e+001
+2.765902e+003	   +3.256499e+001
+2.770504e+003	   +3.276753e+001
+2.775114e+003	   +3.326540e+001
+2.779731e+003	   +3.264294e+001
+2.784355e+003	   +3.251926e+001
+2.788988e+003	   +3.279749e+001
+2.793628e+003	   +3.273588e+001
+2.798276e+003	   +3.280782e+001
+2.802932e+003	   +3.294984e+001
+2.807595e+003	   +3.263454e+001
+2.812266e+003	   +3.307445e+001
+2.816945e+003	   +3.339003e+001
+2.821632e+003	   +3.346679e+001
+2.826326e+003	   +3.284438e+001
+2.831029e+003	   +3.257751e+001
+2.835739e+003	   +3.258486e+001
+2.840457e+003	   +3.336619e+001
+2.845182e+003	   +3.312441e+001
+2.849916e+003	   +3.286664e+001
+2.854657e+003	   +3.298057e+001
+2.859407e+003	   +3.297622e+001
+2.864164e+003	   +3.322114e+001
+2.868929e+003	   +3.324169e+001
+2.873703e+003	   +3.346369e+001
+2.878484e+003	   +3.314709e+001
+2.883273e+003	   +3.317582e+001
+2.888070e+003	   +3.318659e+001
+2.892875e+003	   +3.342256e+001
+2.897688e+003	   +3.367082e+001
+2.902509e+003	   +3.333347e+001
+2.907338e+003	   +3.309020e+001
+2.912175e+003	   +3.356202e+001
+2.917020e+003	   +3.385906e+001
+2.921873e+003	   +3.349760e+001
+2.926735e+003	   +3.356180e+001
+2.931604e+003	   +3.398649e+001
+2.936481e+003	   +3.297887e+001
+2.941367e+003	   +3.435290e+001
+2.946261e+003	   +3.358330e+001
+2.951163e+003	   +3.347155e+001
+2.956073e+003	   +3.388485e+001
+2.960991e+003	   +3.345283e+001
+2.965917e+003	   +3.444149e+001
+2.970852e+003	   +3.355605e+001
+2.975794e+003	   +3.353617e+001
+2.980745e+003	   +3.361760e+001
+2.985704e+003	   +3.365617e+001
+2.990672e+003	   +3.400168e+001
+2.995648e+003	   +3.368964e+001
+3.000632e+003	   +3.401169e+001
+3.005624e+003	   +3.442961e+001
+3.010625e+003	   +3.435970e+001
+3.015634e+003	   +3.403833e+001
+3.020651e+003	   +3.513116e+001
+3.025676e+003	   +3.472525e+001
+3.030710e+003	   +3.427206e+001
+3.035753e+003	   +3.427377e+001
+3.040803e+003	   +3.420745e+001
+3.045863e+003	   +3.431488e+001
+3.050930e+003	   +3.498773e+001
+3.056006e+003	   +3.453201e+001
+3.061090e+003	   +3.524451e+001
+3.066183e+003	   +3.395298e+001
+3.071285e+003	   +3.375736e+001
+3.076395e+003	   +3.511231e+001
+3.081513e+003	   +3.527920e+001
+3.086640e+003	   +3.511606e+001
+3.091775e+003	   +3.542997e+001
+3.096919e+003	   +3.466754e+001
+3.102072e+003	   +3.406376e+001
+3.107232e+003	   +3.506876e+001
+3.112402e+003	   +3.443572e+001
+3.117580e+003	   +3.476741e+001
+3.122767e+003	   +3.506680e+001
+3.127963e+003	   +3.526033e+001
+3.133167e+003	   +3.460447e+001
+3.138380e+003	   +3.467479e+001
+3.143601e+003	   +3.493438e+001
+3.148831e+003	   +3.528333e+001
+3.154070e+003	   +3.611758e+001
+3.159318e+003	   +3.570913e+001
+3.164574e+003	   +3.570330e+001
+3.169839e+003	   +3.557456e+001
+3.175113e+003	   +3.513784e+001
+3.180396e+003	   +3.548478e+001
+3.185687e+003	   +3.530274e+001
+3.190987e+003	   +3.513308e+001
+3.196296e+003	   +3.543623e+001
+3.201614e+003	   +3.526157e+001
+3.206940e+003	   +3.572935e+001
+3.212276e+003	   +3.553745e+001
+3.217621e+003	   +3.553460e+001
+3.222974e+003	   +3.586051e+001
+3.228336e+003	   +3.570308e+001
+3.233707e+003	   +3.590335e+001
+3.239087e+003	   +3.587306e+001
+3.244476e+003	   +3.560278e+001
+3.249874e+003	   +3.600153e+001
+3.255281e+003	   +3.650162e+001
+3.260697e+003	   +3.575563e+001
+3.266122e+003	   +3.549677e+001
+3.271556e+003	   +3.599932e+001
+3.276999e+003	   +3.602367e+001
+3.282451e+003	   +3.612183e+001
+3.287912e+003	   +3.597546e+001
+3.293383e+003	   +3.648755e+001
+3.298862e+003	   +3.634565e+001
+3.304351e+003	   +3.615600e+001
+3.309848e+003	   +3.596431e+001
+3.315355e+003	   +3.634933e+001
+3.320871e+003	   +3.656612e+001
+3.326396e+003	   +3.638305e+001
+3.331930e+003	   +3.575752e+001
+3.337474e+003	   +3.648615e+001
+3.343026e+003	   +3.658138e+001
+3.348588e+003	   +3.644245e+001
+3.354159e+003	   +3.660252e+001
+3.359740e+003	   +3.667442e+001
+3.365330e+003	   +3.682118e+001
+3.370929e+003	   +3.684219e+001
+3.376537e+003	   +3.662675e+001
+3.382155e+003	   +3.648088e+001
+3.387782e+003	   +3.657813e+001
+3.393418e+003	   +3.661741e+001
+3.399064e+003	   +3.710324e+001
+3.404719e+003	   +3.694719e+001
+3.410384e+003	   +3.695602e+001
+3.416058e+003	   +3.688332e+001
+3.421741e+003	   +3.678016e+001
+3.427434e+003	   +3.639185e+001
+3.433137e+003	   +3.669765e+001
+3.438849e+003	   +3.691009e+001
+3.444570e+003	   +3.673142e+001
+3.450301e+003	   +3.708150e+001
+3.456041e+003	   +3.689597e+001
+3.461791e+003	   +3.701225e+001
+3.467551e+003	   +3.724789e+001
+3.473320e+003	   +3.731770e+001
+3.479099e+003	   +3.691772e+001
+3.484887e+003	   +3.716619e+001
+3.490685e+003	   +3.683424e+001
+3.496492e+003	   +3.757135e+001
+3.502310e+003	   +3.726346e+001
+3.508137e+003	   +3.755004e+001
+3.513973e+003	   +3.698046e+001
+3.519820e+003	   +3.686361e+001
+3.525676e+003	   +3.727921e+001
+3.531542e+003	   +3.743395e+001
+3.537417e+003	   +3.759221e+001
+3.543303e+003	   +3.813834e+001
+3.549198e+003	   +3.760724e+001
+3.555103e+003	   +3.796485e+001
+3.561018e+003	   +3.718908e+001
+3.566942e+003	   +3.767583e+001
+3.572877e+003	   +3.794082e+001
+3.578821e+003	   +3.716608e+001
+3.584775e+003	   +3.838250e+001
+3.590740e+003	   +3.795026e+001
+3.596714e+003	   +3.805321e+001
+3.602698e+003	   +3.768012e+001
+3.608691e+003	   +3.815170e+001
+3.614696e+003	   +3.744375e+001
+3.620709e+003	   +3.803278e+001
+3.626733e+003	   +3.831213e+001
+3.632767e+003	   +3.792379e+001
+3.638811e+003	   +3.864934e+001
+3.644865e+003	   +3.813288e+001
+3.650929e+003	   +3.818772e+001
+3.657004e+003	   +3.776598e+001
+3.663088e+003	   +3.803261e+001
+3.669183e+003	   +3.795259e+001
+3.675287e+003	   +3.783722e+001
+3.681402e+003	   +3.772131e+001
+3.687527e+003	   +3.827417e+001
+3.693662e+003	   +3.861910e+001
+3.699807e+003	   +3.923637e+001
+3.705963e+003	   +3.899760e+001
+3.712128e+003	   +3.881059e+001
+3.718305e+003	   +3.932389e+001
+3.724491e+003	   +3.909708e+001
+3.730688e+003	   +3.833626e+001
+3.736895e+003	   +3.896431e+001
+3.743112e+003	   +3.892551e+001
+3.749339e+003	   +3.900691e+001
+3.755577e+003	   +3.906074e+001
+3.761825e+003	   +3.962221e+001
+3.768084e+003	   +3.935323e+001
+3.774354e+003	   +3.890833e+001
+3.780633e+003	   +3.821633e+001
+3.786923e+003	   +3.906480e+001
+3.793223e+003	   +3.939466e+001
+3.799534e+003	   +3.934181e+001
+3.805856e+003	   +3.946410e+001
+3.812188e+003	   +3.934370e+001
+3.818530e+003	   +3.916712e+001
+3.824884e+003	   +3.942452e+001
+3.831247e+003	   +3.918612e+001
+3.837621e+003	   +3.868905e+001
+3.844006e+003	   +3.966856e+001
+3.850402e+003	   +3.928535e+001
+3.856808e+003	   +3.954612e+001
+3.863224e+003	   +3.952828e+001
+3.869652e+003	   +3.946296e+001
+3.876090e+003	   +3.961121e+001
+3.882539e+003	   +3.963408e+001
+3.888998e+003	   +3.947283e+001
+3.895469e+003	   +3.996242e+001
+3.901950e+003	   +3.954630e+001
+3.908442e+003	   +3.990865e+001
+3.914944e+003	   +4.005969e+001
+3.921458e+003	   +3.997057e+001
+3.927982e+003	   +3.995762e+001
+3.934517e+003	   +4.020735e+001
+3.941063e+003	   +3.997821e+001
+3.947620e+003	   +4.018470e+001
+3.954188e+003	   +3.959521e+001
+3.960767e+003	   +4.001269e+001
+3.967356e+003	   +4.016343e+001
+3.973957e+003	   +4.004856e+001
+3.980569e+003	   +4.015822e+001
+3.987192e+003	   +4.039450e+001
+3.993825e+003	   +4.005271e+001
+4.000470e+003	   +4.023104e+001
+4.007126e+003	   +4.071619e+001
+4.013792e+003	   +4.041975e+001
+4.020470e+003	   +4.047188e+001
+4.027159e+003	   +4.067392e+001
+4.033860e+003	   +4.048355e+001
+4.040571e+003	   +4.040572e+001
+4.047293e+003	   +4.047544e+001
+4.054027e+003	   +4.072702e+001
+4.060772e+003	   +4.060973e+001
+4.067528e+003	   +4.073372e+001
+4.074295e+003	   +4.042595e+001
+4.081074e+003	   +4.071660e+001
+4.087864e+003	   +4.079380e+001
+4.094665e+003	   +4.090838e+001
+4.101478e+003	   +4.046425e+001
+4.108301e+003	   +4.082948e+001
+4.115137e+003	   +4.085480e+001
+4.121983e+003	   +4.104589e+001
+4.128841e+003	   +4.075072e+001
+4.135710e+003	   +4.117110e+001
+4.142591e+003	   +4.102013e+001
+4.149483e+003	   +4.128708e+001
+4.156387e+003	   +4.124318e+001
+4.163302e+003	   +4.104854e+001
+4.170229e+003	   +4.099134e+001
+4.177167e+003	   +4.104670e+001
+4.184117e+003	   +4.110611e+001
+4.191078e+003	   +4.121655e+001
+4.198051e+003	   +4.159469e+001
+4.205036e+003	   +4.122181e+001
+4.212032e+003	   +4.121654e+001
+4.219040e+003	   +4.143299e+001
+4.226059e+003	   +4.142880e+001
+4.233090e+003	   +4.154303e+001
+4.240133e+003	   +4.152943e+001
+4.247188e+003	   +4.147635e+001
+4.254253e+003	   +4.161063e+001
+4.261332e+003	   +4.162907e+001
+4.268421e+003	   +4.177218e+001
+4.275523e+003	   +4.170952e+001
+4.282636e+003	   +4.160777e+001
+4.289762e+003	   +4.165770e+001
+4.296898e+003	   +4.181748e+001
+4.304047e+003	   +4.178391e+001
+4.311208e+003	   +4.199772e+001
+4.318381e+003	   +4.175761e+001
+4.325566e+003	   +4.192088e+001
+4.332763e+003	   +4.182595e+001
+4.339971e+003	   +4.203991e+001
+4.347192e+003	   +4.212888e+001
+4.354424e+003	   +4.203968e+001
+4.361669e+003	   +4.215225e+001
+4.368926e+003	   +4.212059e+001
+4.376194e+003	   +4.219930e+001
+4.383476e+003	   +4.216807e+001
+4.390769e+003	   +4.219800e+001
+4.398074e+003	   +4.227158e+001
+4.405391e+003	   +4.233114e+001
+4.412720e+003	   +4.228266e+001
+4.420062e+003	   +4.242936e+001
+4.427416e+003	   +4.247717e+001
+4.434782e+003	   +4.246432e+001
+4.442160e+003	   +4.247314e+001
+4.449551e+003	   +4.243620e+001
+4.456954e+003	   +4.252638e+001
+4.464369e+003	   +4.265800e+001
+4.471796e+003	   +4.261650e+001
+4.479236e+003	   +4.273591e+001
+4.486689e+003	   +4.265599e+001
+4.494153e+003	   +4.274487e+001
+4.501631e+003	   +4.270231e+001
+4.509120e+003	   +4.279323e+001
+4.516622e+003	   +4.273676e+001
+4.524137e+003	   +4.278913e+001
+4.531664e+003	   +4.290157e+001
+4.539203e+003	   +4.294965e+001
+4.546755e+003	   +4.293555e+001
+4.554320e+003	   +4.297270e+001
+4.561897e+003	   +4.296445e+001
+4.569487e+003	   +4.293503e+001
+4.577090e+003	   +4.311559e+001
+4.584705e+003	   +4.304312e+001
+4.592333e+003	   +4.311081e+001
+4.599973e+003	   +4.311441e+001
+4.607626e+003	   +4.315708e+001
+4.615292e+003	   +4.314537e+001
+4.622971e+003	   +4.327941e+001
+4.630662e+003	   +4.327040e+001
+4.638367e+003	   +4.330783e+001
+4.646083e+003	   +4.330802e+001
+4.653813e+003	   +4.336911e+001
+4.661556e+003	   +4.338556e+001
+4.669312e+003	   +4.337801e+001
+4.677081e+003	   +4.349409e+001
+4.684862e+003	   +4.343814e+001
+4.692656e+003	   +4.356623e+001
+4.700464e+003	   +4.356689e+001
+4.708284e+003	   +4.358050e+001
+4.716118e+003	   +4.359393e+001
+4.723964e+003	   +4.366330e+001
+4.731823e+003	   +4.366936e+001
+4.739696e+003	   +4.372484e+001
+4.747582e+003	   +4.372123e+001
+4.755480e+003	   +4.377007e+001
+4.763392e+003	   +4.378888e+001
+4.771317e+003	   +4.386436e+001
+4.779256e+003	   +4.386710e+001
+4.787207e+003	   +4.387136e+001
+4.795172e+003	   +4.393752e+001
+4.803150e+003	   +4.396914e+001
+4.811141e+003	   +4.401392e+001
+4.819146e+003	   +4.402188e+001
+4.827164e+003	   +4.409636e+001
+4.835194e+003	   +4.408860e+001
+4.843239e+003	   +4.412454e+001
+4.851297e+003	   +4.418633e+001
+4.859368e+003	   +4.420406e+001
+4.867453e+003	   +4.425229e+001
+4.875551e+003	   +4.424797e+001
+4.883663e+003	   +4.431703e+001
+4.891788e+003	   +4.433442e+001
+4.899927e+003	   +4.434842e+001
+4.908079e+003	   +4.440149e+001
+4.916245e+003	   +4.439198e+001
+4.924424e+003	   +4.444135e+001
+4.932617e+003	   +4.447086e+001
+4.940824e+003	   +4.447199e+001
+4.949044e+003	   +4.454195e+001
+4.957278e+003	   +4.456785e+001
+4.965526e+003	   +4.462483e+001
+4.973787e+003	   +4.463200e+001
+4.982063e+003	   +4.467012e+001
+4.990351e+003	   +4.469767e+001
+4.998654e+003	   +4.472269e+001
+5.006970e+003	   +4.476325e+001
+5.015301e+003	   +4.480544e+001
+5.023645e+003	   +4.481361e+001
+5.032003e+003	   +4.489431e+001
+5.040375e+003	   +4.493403e+001
+5.048761e+003	   +4.491463e+001
+5.057161e+003	   +4.495778e+001
+5.065575e+003	   +4.500994e+001
+5.074002e+003	   +4.501598e+001
+5.082444e+003	   +4.513489e+001
+5.090900e+003	   +4.508593e+001
+5.099370e+003	   +4.513506e+001
+5.107854e+003	   +4.514480e+001
+5.116353e+003	   +4.517026e+001
+5.124865e+003	   +4.521163e+001
+5.133391e+003	   +4.525880e+001
+5.141932e+003	   +4.528694e+001
+5.150487e+003	   +4.530596e+001
+5.159056e+003	   +4.533139e+001
+5.167639e+003	   +4.537748e+001
+5.176237e+003	   +4.538347e+001
+5.184849e+003	   +4.542054e+001
+5.193475e+003	   +4.543362e+001
+5.202116e+003	   +4.547879e+001
+5.210771e+003	   +4.549982e+001
+5.219440e+003	   +4.553118e+001
+5.228124e+003	   +4.559437e+001
+5.236822e+003	   +4.558822e+001
+5.245535e+003	   +4.566838e+001
+5.254262e+003	   +4.567766e+001
+5.263004e+003	   +4.570847e+001
+5.271760e+003	   +4.574471e+001
+5.280531e+003	   +4.576765e+001
+5.289316e+003	   +4.579771e+001
+5.298117e+003	   +4.581528e+001
+5.306931e+003	   +4.586934e+001
+5.315761e+003	   +4.585508e+001
+5.324605e+003	   +4.588348e+001
+5.333463e+003	   +4.592518e+001
+5.342337e+003	   +4.594609e+001
+5.351226e+003	   +4.597382e+001
+5.360128e+003	   +4.600684e+001
+5.369046e+003	   +4.602792e+001
+5.377979e+003	   +4.607671e+001
+5.386927e+003	   +4.609390e+001
+5.395889e+003	   +4.611552e+001
+5.404867e+003	   +4.619243e+001
+5.413859e+003	   +4.621671e+001
+5.422866e+003	   +4.624130e+001
+5.431889e+003	   +4.624480e+001
+5.440926e+003	   +4.630181e+001
+5.449978e+003	   +4.632491e+001
+5.459045e+003	   +4.632047e+001
+5.468128e+003	   +4.634200e+001
+5.477226e+003	   +4.633538e+001
+5.486338e+003	   +4.637449e+001
+5.495466e+003	   +4.650691e+001
+5.504609e+003	   +4.655730e+001
+5.513768e+003	   +4.659693e+001
+5.522941e+003	   +4.660313e+001
+5.532130e+003	   +4.663178e+001
+5.541334e+003	   +4.665837e+001
+5.550553e+003	   +4.668201e+001
+5.559788e+003	   +4.670150e+001
+5.569038e+003	   +4.672314e+001
+5.578304e+003	   +4.677208e+001
+5.587584e+003	   +4.678799e+001
+5.596881e+003	   +4.682240e+001
+5.606192e+003	   +4.682523e+001
+5.615520e+003	   +4.687045e+001
+5.624863e+003	   +4.688854e+001
+5.634221e+003	   +4.690886e+001
+5.643595e+003	   +4.695495e+001
+5.652984e+003	   +4.698846e+001
+5.662390e+003	   +4.699080e+001
+5.671810e+003	   +4.701072e+001
+5.681247e+003	   +4.704634e+001
+5.690699e+003	   +4.711317e+001
+5.700167e+003	   +4.711121e+001
+5.709650e+003	   +4.716784e+001
+5.719150e+003	   +4.717882e+001
+5.728665e+003	   +4.720052e+001
+5.738196e+003	   +4.722640e+001
+5.747743e+003	   +4.727557e+001
+5.757306e+003	   +4.726470e+001
+5.766884e+003	   +4.727339e+001
+5.776479e+003	   +4.731327e+001
+5.786090e+003	   +4.733013e+001
+5.795716e+003	   +4.737417e+001
+5.805359e+003	   +4.745283e+001
+5.815018e+003	   +4.747233e+001
+5.824692e+003	   +4.749466e+001
+5.834383e+003	   +4.752966e+001
+5.844090e+003	   +4.756781e+001
+5.853813e+003	   +4.757987e+001
+5.863552e+003	   +4.762146e+001
+5.873308e+003	   +4.758765e+001
+5.883080e+003	   +4.761459e+001
+5.892868e+003	   +4.765987e+001
+5.902672e+003	   +4.771134e+001
+5.912492e+003	   +4.774550e+001
+5.922329e+003	   +4.779002e+001
+5.932183e+003	   +4.783724e+001
+5.942052e+003	   +4.787259e+001
+5.951938e+003	   +4.788516e+001
+5.961841e+003	   +4.788665e+001
+5.971760e+003	   +4.793312e+001
+5.981695e+003	   +4.794316e+001
+5.991647e+003	   +4.793651e+001
+6.001616e+003	   +4.799314e+001
+6.011601e+003	   +4.801819e+001
+6.021603e+003	   +4.806357e+001
+6.031621e+003	   +4.808789e+001
+6.041656e+003	   +4.810868e+001
+6.051708e+003	   +4.812787e+001
+6.061776e+003	   +4.813862e+001
+6.071862e+003	   +4.817619e+001
+6.081964e+003	   +4.821762e+001
+6.092083e+003	   +4.823825e+001
+6.102218e+003	   +4.825039e+001
+6.112371e+003	   +4.828518e+001
+6.122541e+003	   +4.829973e+001
+6.132727e+003	   +4.833749e+001
+6.142930e+003	   +4.838466e+001
+6.153150e+003	   +4.838619e+001
+6.163388e+003	   +4.839846e+001
+6.173642e+003	   +4.842011e+001
+6.183913e+003	   +4.843533e+001
+6.194202e+003	   +4.846657e+001
+6.204507e+003	   +4.849634e+001
+6.214830e+003	   +4.853825e+001
+6.225170e+003	   +4.860156e+001
+6.235527e+003	   +4.860934e+001
+6.245901e+003	   +4.863383e+001
+6.256293e+003	   +4.867028e+001
+6.266702e+003	   +4.868021e+001
+6.277128e+003	   +4.872166e+001
+6.287572e+003	   +4.873679e+001
+6.298033e+003	   +4.875743e+001
+6.308511e+003	   +4.879193e+001
+6.319007e+003	   +4.880896e+001
+6.329520e+003	   +4.882138e+001
+6.340051e+003	   +4.884492e+001
+6.350599e+003	   +4.885275e+001
+6.361165e+003	   +4.887140e+001
+6.371748e+003	   +4.890471e+001
+6.382349e+003	   +4.893121e+001
+6.392968e+003	   +4.896416e+001
+6.403604e+003	   +4.898124e+001
+6.414258e+003	   +4.903163e+001
+6.424930e+003	   +4.907211e+001
+6.435619e+003	   +4.910246e+001
+6.446326e+003	   +4.912147e+001
+6.457051e+003	   +4.913137e+001
+6.467794e+003	   +4.915466e+001
+6.478555e+003	   +4.915145e+001
+6.489333e+003	   +4.913853e+001
+6.500130e+003	   +4.915845e+001
+6.510945e+003	   +4.921709e+001
+6.521777e+003	   +4.924152e+001
+6.532628e+003	   +4.929090e+001
+6.543497e+003	   +4.931707e+001
+6.554383e+003	   +4.935943e+001
+6.565288e+003	   +4.937502e+001
+6.576211e+003	   +4.940387e+001
+6.587152e+003	   +4.941857e+001
+6.598112e+003	   +4.944930e+001
+6.609089e+003	   +4.946239e+001
+6.620085e+003	   +4.947290e+001
+6.631099e+003	   +4.947902e+001
+6.642132e+003	   +4.949648e+001
+6.653183e+003	   +4.951077e+001
+6.664252e+003	   +4.953920e+001
+6.675339e+003	   +4.956482e+001
+6.686445e+003	   +4.958107e+001
+6.697570e+003	   +4.960167e+001
+6.708713e+003	   +4.965157e+001
+6.719875e+003	   +4.967997e+001
+6.731055e+003	   +4.969320e+001
+6.742253e+003	   +4.973423e+001
+6.753471e+003	   +4.978160e+001
+6.764707e+003	   +4.978059e+001
+6.775962e+003	   +4.981775e+001
+6.787235e+003	   +4.982696e+001
+6.798527e+003	   +4.984721e+001
+6.809838e+003	   +4.985127e+001
+6.821168e+003	   +4.985047e+001
+6.832517e+003	   +4.990507e+001
+6.843885e+003	   +4.994127e+001
+6.855271e+003	   +4.997303e+001
+6.866677e+003	   +4.999439e+001
+6.878101e+003	   +5.003180e+001
+6.889544e+003	   +5.004982e+001
+6.901007e+003	   +5.008521e+001
+6.912488e+003	   +5.009228e+001
+6.923989e+003	   +5.010362e+001
+6.935509e+003	   +5.012680e+001
+6.947048e+003	   +5.014912e+001
+6.958606e+003	   +5.017539e+001
+6.970183e+003	   +5.018414e+001
+6.981780e+003	   +5.020511e+001
+6.993396e+003	   +5.024082e+001
+7.005031e+003	   +5.027864e+001
+7.016686e+003	   +5.031071e+001
+7.028359e+003	   +5.034150e+001
+7.040053e+003	   +5.036436e+001
+7.051766e+003	   +5.039737e+001
+7.063498e+003	   +5.042531e+001
+7.075250e+003	   +5.043223e+001
+7.087021e+003	   +5.048117e+001
+7.098813e+003	   +5.048594e+001
+7.110623e+003	   +5.049646e+001
+7.122454e+003	   +5.052353e+001
+7.134303e+003	   +5.054793e+001
+7.146173e+003	   +5.056910e+001
+7.158063e+003	   +5.059927e+001
+7.169972e+003	   +5.059732e+001
+7.181901e+003	   +5.062702e+001
+7.193850e+003	   +5.066701e+001
+7.205818e+003	   +5.064492e+001
+7.217807e+003	   +5.069469e+001
+7.229815e+003	   +5.070433e+001
+7.241844e+003	   +5.075356e+001
+7.253893e+003	   +5.079639e+001
+7.265961e+003	   +5.079528e+001
+7.278050e+003	   +5.084410e+001
+7.290159e+003	   +5.082616e+001
+7.302288e+003	   +5.085220e+001
+7.314437e+003	   +5.085161e+001
+7.326606e+003	   +5.089546e+001
+7.338796e+003	   +5.091292e+001
+7.351006e+003	   +5.090120e+001
+7.363236e+003	   +5.093827e+001
+7.375487e+003	   +5.096551e+001
+7.387758e+003	   +5.101731e+001
+7.400049e+003	   +5.104336e+001
+7.412361e+003	   +5.108799e+001
+7.424693e+003	   +5.110268e+001
+7.437046e+003	   +5.112270e+001
+7.449419e+003	   +5.114177e+001
+7.461813e+003	   +5.111881e+001
+7.474228e+003	   +5.112926e+001
+7.486663e+003	   +5.113078e+001
+7.499119e+003	   +5.120426e+001
+7.511596e+003	   +5.124673e+001
+7.524093e+003	   +5.127475e+001
+7.536611e+003	   +5.128209e+001
+7.549150e+003	   +5.129602e+001
+7.561710e+003	   +5.132826e+001
+7.574291e+003	   +5.134762e+001
+7.586893e+003	   +5.137808e+001
+7.599515e+003	   +5.140371e+001
+7.612159e+003	   +5.140755e+001
+7.624824e+003	   +5.143476e+001
+7.637509e+003	   +5.145396e+001
+7.650216e+003	   +5.147031e+001
+7.662944e+003	   +5.151060e+001
+7.675693e+003	   +5.152057e+001
+7.688464e+003	   +5.153248e+001
+7.701255e+003	   +5.154776e+001
+7.714068e+003	   +5.156303e+001
+7.726903e+003	   +5.158360e+001
+7.739758e+003	   +5.160721e+001
+7.752635e+003	   +5.163523e+001
+7.765534e+003	   +5.167035e+001
+7.778454e+003	   +5.168174e+001
+7.791395e+003	   +5.169601e+001
+7.804358e+003	   +5.170430e+001
+7.817342e+003	   +5.172805e+001
+7.830349e+003	   +5.173594e+001
+7.843376e+003	   +5.175303e+001
+7.856426e+003	   +5.175511e+001
+7.869497e+003	   +5.173986e+001
+7.882589e+003	   +5.179157e+001
+7.895704e+003	   +5.181875e+001
+7.908841e+003	   +5.186094e+001
+7.921999e+003	   +5.187210e+001
+7.935179e+003	   +5.193062e+001
+7.948381e+003	   +5.195709e+001
+7.961605e+003	   +5.197149e+001
+7.974852e+003	   +5.198752e+001
+7.988120e+003	   +5.199400e+001
+8.001410e+003	   +5.200808e+001
+8.014722e+003	   +5.203004e+001
+8.028057e+003	   +5.206034e+001
+8.041413e+003	   +5.206527e+001
+8.054792e+003	   +5.201287e+001
+8.068193e+003	   +5.199479e+001
+8.081617e+003	   +5.198964e+001
+8.095063e+003	   +5.215373e+001
+8.108531e+003	   +5.216434e+001
+8.122021e+003	   +5.219490e+001
+8.135534e+003	   +5.221037e+001
+8.149070e+003	   +5.223871e+001
+8.162627e+003	   +5.223457e+001
+8.176208e+003	   +5.227095e+001
+8.189811e+003	   +5.226873e+001
+8.203438e+003	   +5.228911e+001
+8.217086e+003	   +5.231965e+001
+8.230757e+003	   +5.235529e+001
+8.244450e+003	   +5.237530e+001
+8.258167e+003	   +5.237120e+001
+8.271906e+003	   +5.239891e+001
+8.285669e+003	   +5.241349e+001
+8.299454e+003	   +5.244801e+001
+8.313263e+003	   +5.244851e+001
+8.327094e+003	   +5.244033e+001
+8.340948e+003	   +5.246221e+001
+8.354825e+003	   +5.248365e+001
+8.368726e+003	   +5.249226e+001
+8.382648e+003	   +5.252287e+001
+8.396596e+003	   +5.253121e+001
+8.410565e+003	   +5.255294e+001
+8.424559e+003	   +5.261149e+001
+8.438574e+003	   +5.263195e+001
+8.452614e+003	   +5.264200e+001
+8.466678e+003	   +5.265764e+001
+8.480764e+003	   +5.266898e+001
+8.494874e+003	   +5.267683e+001
+8.509007e+003	   +5.268525e+001
+8.523164e+003	   +5.269211e+001
+8.537344e+003	   +5.267760e+001
+8.551548e+003	   +5.262925e+001
+8.565775e+003	   +5.260913e+001
+8.580027e+003	   +5.277869e+001
+8.594302e+003	   +5.280581e+001
+8.608601e+003	   +5.286120e+001
+8.622923e+003	   +5.285642e+001
+8.637270e+003	   +5.287601e+001
+8.651640e+003	   +5.289455e+001
+8.666034e+003	   +5.290740e+001
+8.680452e+003	   +5.291391e+001
+8.694895e+003	   +5.290297e+001
+8.709360e+003	   +5.283978e+001
+8.723851e+003	   +5.283470e+001
+8.738364e+003	   +5.294156e+001
+8.752903e+003	   +5.301558e+001
+8.767466e+003	   +5.304131e+001
+8.782053e+003	   +5.305446e+001
+8.796664e+003	   +5.306203e+001
+8.811299e+003	   +5.308463e+001
+8.825959e+003	   +5.306335e+001
+8.840643e+003	   +5.309527e+001
+8.855352e+003	   +5.307784e+001
+8.870085e+003	   +5.308800e+001
+8.884842e+003	   +5.310618e+001
+8.899624e+003	   +5.311787e+001
+8.914431e+003	   +5.311562e+001
+8.929263e+003	   +5.314738e+001
+8.944118e+003	   +5.317096e+001
+8.958999e+003	   +5.317896e+001
+8.973904e+003	   +5.319941e+001
+8.988835e+003	   +5.319651e+001
+9.003790e+003	   +5.322276e+001
+9.018771e+003	   +5.323639e+001
+9.033775e+003	   +5.325955e+001
+9.048805e+003	   +5.328236e+001
+9.063860e+003	   +5.327638e+001
+9.078940e+003	   +5.329632e+001
+9.094045e+003	   +5.332142e+001
+9.109175e+003	   +5.332193e+001
+9.124331e+003	   +5.332784e+001
+9.139511e+003	   +5.335291e+001
+9.154717e+003	   +5.336247e+001
+9.169948e+003	   +5.342590e+001
+9.185204e+003	   +5.343396e+001
+9.200486e+003	   +5.344752e+001
+9.215794e+003	   +5.347981e+001
+9.231126e+003	   +5.349504e+001
+9.246484e+003	   +5.347102e+001
+9.261868e+003	   +5.348990e+001
+9.277278e+003	   +5.345982e+001
+9.292713e+003	   +5.347166e+001
+9.308174e+003	   +5.343525e+001
+9.323660e+003	   +5.354826e+001
+9.339172e+003	   +5.358868e+001
+9.354710e+003	   +5.360333e+001
+9.370274e+003	   +5.363229e+001
+9.385864e+003	   +5.359694e+001
+9.401479e+003	   +5.357404e+001
+9.417121e+003	   +5.360246e+001
+9.432789e+003	   +5.363384e+001
+9.448482e+003	   +5.371907e+001
+9.464203e+003	   +5.372120e+001
+9.479949e+003	   +5.371289e+001
+9.495721e+003	   +5.372234e+001
+9.511520e+003	   +5.374017e+001
+9.527345e+003	   +5.373954e+001
+9.543195e+003	   +5.375219e+001
+9.559073e+003	   +5.377098e+001
+9.574977e+003	   +5.377886e+001
+9.590907e+003	   +5.376601e+001
+9.606864e+003	   +5.375072e+001
+9.622848e+003	   +5.368850e+001
+9.638857e+003	   +5.369384e+001
+9.654894e+003	   +5.377811e+001
+9.670957e+003	   +5.387374e+001
+9.687047e+003	   +5.390519e+001
+9.703164e+003	   +5.393330e+001
+9.719308e+003	   +5.390285e+001
+9.735479e+003	   +5.392122e+001
+9.751676e+003	   +5.393412e+001
+9.767899e+003	   +5.392657e+001
+9.784151e+003	   +5.393565e+001
+9.800430e+003	   +5.395203e+001
+9.816734e+003	   +5.395843e+001
+9.833067e+003	   +5.396297e+001
+9.849427e+003	   +5.395651e+001
+9.865814e+003	   +5.400901e+001
+9.882229e+003	   +5.400064e+001
+9.898670e+003	   +5.401878e+001
+9.915139e+003	   +5.402224e+001
+9.931635e+003	   +5.404480e+001
+9.948159e+003	   +5.405920e+001
+9.964710e+003	   +5.407746e+001
+9.981289e+003	   +5.409924e+001
+9.997895e+003	   +5.412954e+001
+1.001453e+004	   +5.414186e+001
+1.003119e+004	   +5.414720e+001
+1.004788e+004	   +5.413780e+001
+1.006460e+004	   +5.415661e+001
+1.008134e+004	   +5.417628e+001
+1.009812e+004	   +5.417891e+001
+1.011492e+004	   +5.418021e+001
+1.013174e+004	   +5.416322e+001
+1.014860e+004	   +5.417674e+001
+1.016549e+004	   +5.420174e+001
+1.018240e+004	   +5.423849e+001
+1.019934e+004	   +5.423483e+001
+1.021631e+004	   +5.424335e+001
+1.023331e+004	   +5.426103e+001
+1.025033e+004	   +5.424810e+001
+1.026739e+004	   +5.426954e+001
+1.028447e+004	   +5.427868e+001
+1.030158e+004	   +5.429189e+001
+1.031872e+004	   +5.429593e+001
+1.033589e+004	   +5.430771e+001
+1.035308e+004	   +5.435691e+001
+1.037031e+004	   +5.437712e+001
+1.038756e+004	   +5.434901e+001
+1.040484e+004	   +5.436300e+001
+1.042215e+004	   +5.437267e+001
+1.043949e+004	   +5.438352e+001
+1.045686e+004	   +5.435717e+001
+1.047426e+004	   +5.437234e+001
+1.049169e+004	   +5.437420e+001
+1.050914e+004	   +5.440933e+001
+1.052663e+004	   +5.444250e+001
+1.054414e+004	   +5.447028e+001
+1.056168e+004	   +5.444803e+001
+1.057925e+004	   +5.445109e+001
+1.059686e+004	   +5.448847e+001
+1.061449e+004	   +5.454279e+001
+1.063215e+004	   +5.454506e+001
+1.064983e+004	   +5.453735e+001
+1.066755e+004	   +5.451407e+001
+1.068530e+004	   +5.452263e+001
+1.070308e+004	   +5.452797e+001
+1.072089e+004	   +5.454639e+001
+1.073872e+004	   +5.455994e+001
+1.075659e+004	   +5.455489e+001
+1.077449e+004	   +5.457824e+001
+1.079241e+004	   +5.460378e+001
+1.081037e+004	   +5.461975e+001
+1.082835e+004	   +5.462188e+001
+1.084637e+004	   +5.463900e+001
+1.086442e+004	   +5.463965e+001
+1.088249e+004	   +5.464052e+001
+1.090060e+004	   +5.464323e+001
+1.091873e+004	   +5.463684e+001
+1.093690e+004	   +5.464658e+001
+1.095509e+004	   +5.467938e+001
+1.097332e+004	   +5.469291e+001
+1.099158e+004	   +5.470597e+001
+1.100987e+004	   +5.469389e+001
+1.102818e+004	   +5.470483e+001
+1.104653e+004	   +5.471410e+001
+1.106491e+004	   +5.472895e+001
+1.108332e+004	   +5.472878e+001
+1.110176e+004	   +5.471400e+001
+1.112023e+004	   +5.473930e+001
+1.113873e+004	   +5.476156e+001
+1.115726e+004	   +5.478282e+001
+1.117583e+004	   +5.478487e+001
+1.119442e+004	   +5.477852e+001
+1.121304e+004	   +5.477818e+001
+1.123170e+004	   +5.478717e+001
+1.125039e+004	   +5.481087e+001
+1.126910e+004	   +5.481161e+001
+1.128785e+004	   +5.477131e+001
+1.130663e+004	   +5.479040e+001
+1.132544e+004	   +5.480200e+001
+1.134429e+004	   +5.482732e+001
+1.136316e+004	   +5.485687e+001
+1.138207e+004	   +5.490747e+001
+1.140100e+004	   +5.493721e+001
+1.141997e+004	   +5.489458e+001
+1.143897e+004	   +5.490101e+001
+1.145800e+004	   +5.487359e+001
+1.147707e+004	   +5.483804e+001
+1.149616e+004	   +5.480608e+001
+1.151529e+004	   +5.481037e+001
+1.153445e+004	   +5.490727e+001
+1.155364e+004	   +5.497497e+001
+1.157286e+004	   +5.500269e+001
+1.159211e+004	   +5.500476e+001
+1.161140e+004	   +5.499328e+001
+1.163072e+004	   +5.497087e+001
+1.165007e+004	   +5.496034e+001
+1.166945e+004	   +5.494582e+001
+1.168887e+004	   +5.496399e+001
+1.170831e+004	   +5.499389e+001
+1.172779e+004	   +5.503244e+001
+1.174731e+004	   +5.505801e+001
+1.176685e+004	   +5.497776e+001
+1.178643e+004	   +5.487370e+001
+1.180604e+004	   +5.484783e+001
+1.182568e+004	   +5.487010e+001
+1.184535e+004	   +5.488724e+001
+1.186506e+004	   +5.502362e+001
+1.188480e+004	   +5.511226e+001
+1.190458e+004	   +5.511653e+001
+1.192438e+004	   +5.511292e+001
+1.194422e+004	   +5.513995e+001
+1.196409e+004	   +5.511340e+001
+1.198400e+004	   +5.505598e+001
+1.200394e+004	   +5.503059e+001
+1.202391e+004	   +5.502790e+001
+1.204391e+004	   +5.504926e+001
+1.206395e+004	   +5.507991e+001
+1.208402e+004	   +5.511526e+001
+1.210413e+004	   +5.513499e+001
+1.212427e+004	   +5.516245e+001
+1.214444e+004	   +5.515673e+001
+1.216464e+004	   +5.514248e+001
+1.218488e+004	   +5.511330e+001
+1.220515e+004	   +5.509380e+001
+1.222546e+004	   +5.508489e+001
+1.224580e+004	   +5.511359e+001
+1.226617e+004	   +5.513919e+001
+1.228658e+004	   +5.519511e+001
+1.230702e+004	   +5.521394e+001
+1.232750e+004	   +5.521668e+001
+1.234801e+004	   +5.520641e+001
+1.236855e+004	   +5.519398e+001
+1.238913e+004	   +5.518238e+001
+1.240974e+004	   +5.525467e+001
+1.243039e+004	   +5.524711e+001
+1.245107e+004	   +5.526548e+001
+1.247179e+004	   +5.521574e+001
+1.249254e+004	   +5.521311e+001
+1.251332e+004	   +5.518637e+001
+1.253414e+004	   +5.518473e+001
+1.255499e+004	   +5.514643e+001
+1.257588e+004	   +5.510931e+001
+1.259680e+004	   +5.524081e+001
+1.261776e+004	   +5.528991e+001
+1.263876e+004	   +5.528650e+001
+1.265978e+004	   +5.529781e+001
+1.268085e+004	   +5.525522e+001
+1.270194e+004	   +5.518103e+001
+1.272308e+004	   +5.519686e+001
+1.274424e+004	   +5.518470e+001
+1.276545e+004	   +5.521392e+001
+1.278669e+004	   +5.524336e+001
+1.280796e+004	   +5.529389e+001
+1.282927e+004	   +5.530827e+001
+1.285061e+004	   +5.527396e+001
+1.287199e+004	   +5.528572e+001
+1.289341e+004	   +5.532119e+001
+1.291486e+004	   +5.532474e+001
+1.293635e+004	   +5.530944e+001
+1.295787e+004	   +5.522416e+001
+1.297943e+004	   +5.519522e+001
+1.300102e+004	   +5.522700e+001
+1.302265e+004	   +5.527021e+001
+1.304432e+004	   +5.530467e+001
+1.306602e+004	   +5.533131e+001
+1.308776e+004	   +5.537181e+001
+1.310954e+004	   +5.535849e+001
+1.313135e+004	   +5.533111e+001
+1.315320e+004	   +5.532927e+001
+1.317508e+004	   +5.519995e+001
+1.319700e+004	   +5.520080e+001
+1.321896e+004	   +5.512038e+001
+1.324095e+004	   +5.527112e+001
+1.326298e+004	   +5.528308e+001
+1.328504e+004	   +5.536966e+001
+1.330715e+004	   +5.538399e+001
+1.332929e+004	   +5.533023e+001
+1.335146e+004	   +5.528462e+001
+1.337368e+004	   +5.527609e+001
+1.339593e+004	   +5.531324e+001
+1.341821e+004	   +5.532757e+001
+1.344054e+004	   +5.532419e+001
+1.346290e+004	   +5.527695e+001
+1.348530e+004	   +5.525167e+001
+1.350774e+004	   +5.524863e+001
+1.353021e+004	   +5.564475e+001
+1.355272e+004	   +5.523870e+001
+1.357527e+004	   +5.521682e+001
+1.359785e+004	   +5.519205e+001
+1.362048e+004	   +5.518950e+001
+1.364314e+004	   +5.522770e+001
+1.366584e+004	   +5.524123e+001
+1.368857e+004	   +5.528842e+001
+1.371135e+004	   +5.526909e+001
+1.373416e+004	   +5.528365e+001
+1.375701e+004	   +5.527656e+001
+1.377990e+004	   +5.521206e+001
+1.380282e+004	   +5.519018e+001
+1.382579e+004	   +5.515187e+001
+1.384879e+004	   +5.514840e+001
+1.387183e+004	   +5.515038e+001
+1.389491e+004	   +5.528197e+001
+1.391803e+004	   +5.531919e+001
+1.394119e+004	   +5.524212e+001
+1.396438e+004	   +5.506582e+001
+1.398761e+004	   +5.499686e+001
+1.401088e+004	   +5.519865e+001
+1.403420e+004	   +5.528958e+001
+1.405754e+004	   +5.531057e+001
+1.408093e+004	   +5.531161e+001
+1.410436e+004	   +5.526663e+001
+1.412783e+004	   +5.514351e+001
+1.415133e+004	   +5.512656e+001
+1.417488e+004	   +5.513536e+001
+1.419846e+004	   +5.518829e+001
+1.422208e+004	   +5.521614e+001
+1.424574e+004	   +5.516345e+001
+1.426945e+004	   +5.518268e+001
+1.429319e+004	   +5.519021e+001
+1.431697e+004	   +5.535643e+001
+1.434079e+004	   +5.540317e+001
+1.436465e+004	   +5.538842e+001
+1.438854e+004	   +5.537357e+001
+1.441248e+004	   +5.532218e+001
+1.443646e+004	   +5.529158e+001
+1.446048e+004	   +5.518959e+001
+1.448454e+004	   +5.511588e+001
+1.450864e+004	   +5.514077e+001
+1.453278e+004	   +5.519324e+001
+1.455696e+004	   +5.519876e+001
+1.458117e+004	   +5.522027e+001
+1.460543e+004	   +5.518534e+001
+1.462973e+004	   +5.523460e+001
+1.465407e+004	   +5.544182e+001
+1.467845e+004	   +5.541183e+001
+1.470288e+004	   +5.542295e+001
+1.472734e+004	   +5.538127e+001
+1.475184e+004	   +5.534278e+001
+1.477638e+004	   +5.537800e+001
+1.480097e+004	   +5.534120e+001
+1.482559e+004	   +5.502017e+001
+1.485026e+004	   +5.496274e+001
+1.487497e+004	   +5.541949e+001
+1.489971e+004	   +5.541900e+001
+1.492450e+004	   +5.541655e+001
+1.494933e+004	   +5.536267e+001
+1.497421e+004	   +5.532489e+001
+1.499912e+004	   +5.535060e+001
+1.502407e+004	   +5.536114e+001
+1.504907e+004	   +5.536535e+001
+1.507411e+004	   +5.532035e+001
+1.509919e+004	   +5.528514e+001
+1.512431e+004	   +5.531176e+001
+1.514947e+004	   +5.530637e+001
+1.517468e+004	   +5.520816e+001
+1.519992e+004	   +5.515197e+001
+1.522521e+004	   +5.516085e+001
+1.525054e+004	   +5.515495e+001
+1.527592e+004	   +5.509722e+001
+1.530133e+004	   +5.519034e+001
+1.532679e+004	   +5.532368e+001
+1.535229e+004	   +5.534289e+001
+1.537783e+004	   +5.528090e+001
+1.540342e+004	   +5.515805e+001
+1.542904e+004	   +5.517752e+001
+1.545471e+004	   +5.522815e+001
+1.548043e+004	   +5.526179e+001
+1.550618e+004	   +5.519946e+001
+1.553198e+004	   +5.518777e+001
+1.555782e+004	   +5.512570e+001
+1.558371e+004	   +5.516135e+001
+1.560963e+004	   +5.520612e+001
+1.563560e+004	   +5.515479e+001
+1.566162e+004	   +5.509677e+001
+1.568767e+004	   +5.507680e+001
+1.571377e+004	   +5.505169e+001
+1.573992e+004	   +5.500505e+001
+1.576611e+004	   +5.500623e+001
+1.579234e+004	   +5.502401e+001
+1.581861e+004	   +5.499395e+001
+1.584493e+004	   +5.485679e+001
+1.587129e+004	   +5.472537e+001
+1.589770e+004	   +5.462572e+001
+1.592415e+004	   +5.469991e+001
+1.595064e+004	   +5.468615e+001
+1.597718e+004	   +5.468848e+001
+1.600376e+004	   +5.453836e+001
+1.603039e+004	   +5.445287e+001
+1.605706e+004	   +5.435116e+001
+1.608377e+004	   +5.434798e+001
+1.611053e+004	   +5.438871e+001
+1.613733e+004	   +5.446509e+001
+1.616418e+004	   +5.448589e+001
+1.619108e+004	   +5.448877e+001
+1.621801e+004	   +5.464240e+001
+1.624500e+004	   +5.467598e+001
+1.627202e+004	   +5.466762e+001
+1.629910e+004	   +5.465552e+001
+1.632621e+004	   +5.462960e+001
+1.635338e+004	   +5.458348e+001
+1.638058e+004	   +5.452563e+001
+1.640784e+004	   +5.450175e+001
+1.643514e+004	   +5.445125e+001
+1.646248e+004	   +5.445534e+001
+1.648987e+004	   +5.443709e+001
+1.651730e+004	   +5.450352e+001
+1.654479e+004	   +5.451823e+001
+1.657231e+004	   +5.449624e+001
+1.659988e+004	   +5.447891e+001
+1.662750e+004	   +5.444585e+001
+1.665517e+004	   +5.447146e+001
+1.668288e+004	   +5.442645e+001
+1.671063e+004	   +5.440879e+001
+1.673843e+004	   +5.423193e+001
+1.676628e+004	   +5.439720e+001
+1.679418e+004	   +5.434727e+001
+1.682212e+004	   +5.436088e+001
+1.685011e+004	   +5.437686e+001
+1.687814e+004	   +5.434567e+001
+1.690622e+004	   +5.442321e+001
+1.693435e+004	   +5.444959e+001
+1.696252e+004	   +5.442624e+001
+1.699074e+004	   +5.439500e+001
+1.701901e+004	   +5.440077e+001
+1.704733e+004	   +5.433733e+001
+1.707569e+004	   +5.437413e+001
+1.710410e+004	   +5.440464e+001
+1.713256e+004	   +5.434041e+001
+1.716106e+004	   +5.423630e+001
+1.718961e+004	   +5.416712e+001
+1.721821e+004	   +5.407210e+001
+1.724686e+004	   +5.403297e+001
+1.727555e+004	   +5.396722e+001
+1.730430e+004	   +5.395219e+001
+1.733309e+004	   +5.410295e+001
+1.736192e+004	   +5.414830e+001
+1.739081e+004	   +5.415189e+001
+1.741974e+004	   +5.419934e+001
+1.744873e+004	   +5.424332e+001
+1.747776e+004	   +5.424148e+001
+1.750683e+004	   +5.418626e+001
+1.753596e+004	   +5.417244e+001
+1.756514e+004	   +5.421561e+001
+1.759436e+004	   +5.424310e+001
+1.762363e+004	   +5.429296e+001
+1.765296e+004	   +5.425009e+001
+1.768232e+004	   +5.420774e+001
+1.771174e+004	   +5.420475e+001
+1.774121e+004	   +5.419631e+001
+1.777073e+004	   +5.422421e+001
+1.780029e+004	   +5.413919e+001
+1.782991e+004	   +5.416195e+001
+1.785957e+004	   +5.416195e+001
+1.788929e+004	   +5.410371e+001
+1.791905e+004	   +5.401448e+001
+1.794886e+004	   +5.397241e+001
+1.797873e+004	   +5.394941e+001
+1.800864e+004	   +5.392302e+001
+1.803860e+004	   +5.407878e+001
+1.806861e+004	   +5.408082e+001
+1.809867e+004	   +5.409561e+001
+1.812879e+004	   +5.400705e+001
+1.815895e+004	   +5.384337e+001
+1.818916e+004	   +5.382884e+001
+1.821942e+004	   +5.383211e+001
+1.824973e+004	   +5.379547e+001
+1.828010e+004	   +5.384331e+001
+1.831051e+004	   +5.390683e+001
+1.834097e+004	   +5.404915e+001
+1.837149e+004	   +5.410525e+001
+1.840205e+004	   +5.402250e+001
+1.843267e+004	   +5.400865e+001
+1.846334e+004	   +5.400740e+001
+1.849406e+004	   +5.397028e+001
+1.852482e+004	   +5.389415e+001
+1.855565e+004	   +5.371425e+001
+1.858652e+004	   +5.367047e+001
+1.861744e+004	   +5.357539e+001
+1.864842e+004	   +5.360342e+001
+1.867944e+004	   +5.375594e+001
+1.871052e+004	   +5.388075e+001
+1.874165e+004	   +5.385099e+001
+1.877283e+004	   +5.376809e+001
+1.880406e+004	   +5.373608e+001
+1.883535e+004	   +5.370061e+001
+1.886669e+004	   +5.371524e+001
+1.889808e+004	   +5.365429e+001
+1.892952e+004	   +5.363555e+001
+1.896101e+004	   +5.358205e+001
+1.899256e+004	   +5.348607e+001
+1.902416e+004	   +5.344744e+001
+1.905581e+004	   +5.340229e+001
+1.908751e+004	   +5.338549e+001
+1.911927e+004	   +5.338606e+001
+1.915108e+004	   +5.346635e+001
+1.918294e+004	   +5.344276e+001
+1.921486e+004	   +5.335851e+001
+1.924682e+004	   +5.330830e+001
+1.927885e+004	   +5.322760e+001
+1.931092e+004	   +5.323044e+001
+1.934305e+004	   +5.325119e+001
+1.937523e+004	   +5.298021e+001
+1.940747e+004	   +5.285648e+001
+1.943976e+004	   +5.284959e+001
+1.947210e+004	   +5.270926e+001
+1.950450e+004	   +5.260875e+001
+1.953695e+004	   +5.297404e+001
+1.956945e+004	   +5.280926e+001
+1.960201e+004	   +5.272125e+001
+1.963462e+004	   +5.276762e+001
+1.966729e+004	   +5.266602e+001
+1.970001e+004	   +5.261324e+001
+1.973279e+004	   +5.257679e+001
+1.976562e+004	   +5.253214e+001
+1.979850e+004	   +5.243244e+001
+1.983144e+004	   +5.242927e+001
+1.986444e+004	   +5.241847e+001
+1.989749e+004	   +5.238123e+001
+1.993059e+004	   +5.227464e+001
+1.996375e+004	   +5.220938e+001
+1.999696e+004	   +5.215722e+001
+2.003023e+004	   +5.207367e+001
+2.006356e+004	   +5.188970e+001
+2.009694e+004	   +5.172581e+001
+2.013038e+004	   +5.156079e+001
+2.016387e+004	   +5.144975e+001
+2.019742e+004	   +5.141506e+001
+2.023102e+004	   +5.121322e+001
+2.026468e+004	   +5.085981e+001
+2.029839e+004	   +5.061024e+001
+2.033217e+004	   +5.043584e+001
+2.036599e+004	   +5.031598e+001
+2.039988e+004	   +5.011208e+001
+2.043382e+004	   +4.995712e+001
+2.046781e+004	   +4.988594e+001
+2.050187e+004	   +4.988335e+001
+2.053598e+004	   +4.980519e+001
+2.057014e+004	   +4.967933e+001
+2.060437e+004	   +4.962497e+001
+2.063865e+004	   +4.965260e+001
+2.067298e+004	   +4.976443e+001
+2.070738e+004	   +4.990241e+001
+2.074183e+004	   +5.009306e+001
+2.077634e+004	   +5.032449e+001
+2.081091e+004	   +5.049759e+001
+2.084553e+004	   +5.070626e+001
+2.088021e+004	   +5.089166e+001
+2.091495e+004	   +5.093683e+001
+2.094975e+004	   +5.106240e+001
+2.098461e+004	   +5.114540e+001
+2.101952e+004	   +5.123515e+001
+2.105449e+004	   +5.135081e+001
+2.108952e+004	   +5.150488e+001
+2.112461e+004	   +5.150617e+001
+2.115975e+004	   +5.157360e+001
+2.119496e+004	   +5.161703e+001
+2.123022e+004	   +5.167164e+001
+2.126554e+004	   +5.169721e+001
+2.130092e+004	   +5.174055e+001
+2.133636e+004	   +5.188200e+001
+2.137186e+004	   +5.196038e+001
+2.140742e+004	   +5.199776e+001
+2.144303e+004	   +5.193502e+001
+2.147871e+004	   +5.195947e+001
+2.151444e+004	   +5.202464e+001
+2.155024e+004	   +5.206707e+001
+2.158609e+004	   +5.193579e+001
+2.162201e+004	   +5.192996e+001
+2.165798e+004	   +5.196960e+001
+2.169401e+004	   +5.200415e+001
+2.173011e+004	   +5.196966e+001
+2.176626e+004	   +5.186436e+001
+2.180247e+004	   +5.186762e+001
+2.183875e+004	   +5.189172e+001
+2.187508e+004	   +5.189178e+001
+2.191148e+004	   +5.186346e+001
+2.194793e+004	   +5.187561e+001
+2.198445e+004	   +5.185752e+001
+2.202102e+004	   +5.185935e+001
+2.205766e+004	   +5.187470e+001
+2.209436e+004	   +5.178360e+001
+2.213112e+004	   +5.157875e+001
+2.216794e+004	   +5.156918e+001
+2.220482e+004	   +5.158622e+001
+2.224176e+004	   +5.154634e+001
+2.227877e+004	   +5.151468e+001
+2.231584e+004	   +5.157766e+001
+2.235296e+004	   +5.154594e+001
+2.239015e+004	   +5.162636e+001
+2.242740e+004	   +5.161433e+001
+2.246472e+004	   +5.168766e+001
+2.250209e+004	   +5.166916e+001
+2.253953e+004	   +5.160913e+001
+2.257703e+004	   +5.160835e+001
+2.261459e+004	   +5.153964e+001
+2.265222e+004	   +5.148754e+001
+2.268991e+004	   +5.131837e+001
+2.272766e+004	   +5.135110e+001
+2.276547e+004	   +5.135417e+001
+2.280335e+004	   +5.134665e+001
+2.284129e+004	   +5.145452e+001
+2.287929e+004	   +5.152716e+001
+2.291735e+004	   +5.151770e+001
+2.295548e+004	   +5.142616e+001
+2.299367e+004	   +5.131679e+001
+2.303193e+004	   +5.102898e+001
+2.307025e+004	   +5.093993e+001
+2.310863e+004	   +5.085710e+001
+2.314708e+004	   +5.120816e+001
+2.318559e+004	   +5.111342e+001
+2.322416e+004	   +5.108553e+001
+2.326280e+004	   +5.112013e+001
+2.330151e+004	   +5.109800e+001
+2.334027e+004	   +5.097399e+001
+2.337911e+004	   +5.086053e+001
+2.341800e+004	   +5.086496e+001
+2.345696e+004	   +5.080909e+001
+2.349599e+004	   +5.080803e+001
+2.353508e+004	   +5.081513e+001
+2.357424e+004	   +5.064717e+001
+2.361346e+004	   +5.062511e+001
+2.365275e+004	   +5.048402e+001
+2.369210e+004	   +5.078858e+001
+2.373152e+004	   +5.073604e+001
+2.377100e+004	   +5.066489e+001
+2.381055e+004	   +5.070171e+001
+2.385016e+004	   +5.058726e+001
+2.388985e+004	   +5.049984e+001
+2.392959e+004	   +5.053550e+001
+2.396940e+004	   +5.056625e+001
+2.400928e+004	   +5.039645e+001
+2.404923e+004	   +5.042488e+001
+2.408924e+004	   +5.046579e+001
+2.412932e+004	   +5.032306e+001
+2.416946e+004	   +5.027107e+001
+2.420968e+004	   +5.031268e+001
+2.424996e+004	   +5.039418e+001
+2.429030e+004	   +5.043463e+001
+2.433071e+004	   +5.039401e+001
+2.437119e+004	   +5.027401e+001
+2.441174e+004	   +5.024129e+001
+2.445236e+004	   +5.027685e+001
+2.449304e+004	   +5.029331e+001
+2.453379e+004	   +5.019809e+001
+2.457461e+004	   +5.023616e+001
+2.461549e+004	   +5.002937e+001
+2.465645e+004	   +5.000386e+001
+2.469747e+004	   +5.007721e+001
+2.473856e+004	   +5.012915e+001
+2.477972e+004	   +5.000716e+001
+2.482095e+004	   +4.995132e+001
+2.486224e+004	   +4.996655e+001
+2.490361e+004	   +4.997932e+001
+2.494504e+004	   +4.987699e+001
+2.498654e+004	   +4.982238e+001
+2.502811e+004	   +4.984634e+001
+2.506975e+004	   +4.961789e+001
+2.511146e+004	   +4.965390e+001
+2.515324e+004	   +4.946482e+001
+2.519509e+004	   +4.965001e+001
+2.523701e+004	   +5.002969e+001
+2.527900e+004	   +5.011216e+001
+2.532105e+004	   +4.963080e+001
+2.536318e+004	   +4.963551e+001
+2.540538e+004	   +4.963437e+001
+2.544765e+004	   +4.959912e+001
+2.548999e+004	   +4.956591e+001
+2.553239e+004	   +4.951049e+001
+2.557488e+004	   +4.945362e+001
+2.561742e+004	   +4.948077e+001
+2.566004e+004	   +4.949741e+001
+2.570274e+004	   +4.940543e+001
+2.574550e+004	   +4.942738e+001
+2.578833e+004	   +4.932120e+001
+2.583124e+004	   +4.933535e+001
+2.587422e+004	   +4.940783e+001
+2.591726e+004	   +4.935376e+001
+2.596038e+004	   +4.930106e+001
+2.600358e+004	   +4.930359e+001
+2.604684e+004	   +4.938549e+001
+2.609017e+004	   +4.934928e+001
+2.613358e+004	   +4.925883e+001
+2.617706e+004	   +4.921926e+001
+2.622061e+004	   +4.927508e+001
+2.626424e+004	   +4.923114e+001
+2.630794e+004	   +4.913839e+001
+2.635171e+004	   +4.909084e+001
+2.639555e+004	   +4.901284e+001
+2.643946e+004	   +4.901828e+001
+2.648345e+004	   +4.908318e+001
+2.652751e+004	   +4.903427e+001
+2.657165e+004	   +4.899423e+001
+2.661586e+004	   +4.879383e+001
+2.666014e+004	   +4.882773e+001
+2.670449e+004	   +4.899070e+001
+2.674892e+004	   +4.895451e+001
+2.679343e+004	   +4.897195e+001
+2.683800e+004	   +4.886164e+001
+2.688266e+004	   +4.871758e+001
+2.692738e+004	   +4.869370e+001
+2.697218e+004	   +4.870372e+001
+2.701706e+004	   +4.847414e+001
+2.706201e+004	   +4.834036e+001
+2.710703e+004	   +4.839280e+001
+2.715213e+004	   +4.840776e+001
+2.719730e+004	   +4.831739e+001
+2.724255e+004	   +4.836339e+001
+2.728788e+004	   +4.836752e+001
+2.733328e+004	   +4.865953e+001
+2.737876e+004	   +4.861822e+001
+2.742431e+004	   +4.863237e+001
+2.746993e+004	   +4.867535e+001
+2.751564e+004	   +4.856611e+001
+2.756142e+004	   +4.817105e+001
+2.760727e+004	   +4.820014e+001
+2.765320e+004	   +4.818570e+001
+2.769921e+004	   +4.821690e+001
+2.774529e+004	   +4.828689e+001
+2.779146e+004	   +4.824389e+001
+2.783769e+004	   +4.837074e+001
+2.788401e+004	   +4.835960e+001
+2.793040e+004	   +4.813494e+001
+2.797687e+004	   +4.814474e+001
+2.802342e+004	   +4.826337e+001
+2.807004e+004	   +4.836541e+001
+2.811674e+004	   +4.833440e+001
+2.816352e+004	   +4.823907e+001
+2.821038e+004	   +4.825097e+001
+2.825731e+004	   +4.831112e+001
+2.830433e+004	   +4.825571e+001
+2.835142e+004	   +4.812774e+001
+2.839859e+004	   +4.806341e+001
+2.844583e+004	   +4.788327e+001
+2.849316e+004	   +4.776172e+001
+2.854057e+004	   +4.775089e+001
+2.858805e+004	   +4.790778e+001
+2.863561e+004	   +4.791122e+001
+2.868326e+004	   +4.830609e+001
+2.873098e+004	   +4.823326e+001
+2.877878e+004	   +4.814746e+001
+2.882666e+004	   +4.817627e+001
+2.887462e+004	   +4.776505e+001
+2.892266e+004	   +4.763216e+001
+2.897078e+004	   +4.763300e+001
+2.901898e+004	   +4.778689e+001
+2.906726e+004	   +4.763015e+001
+2.911562e+004	   +4.775106e+001
+2.916406e+004	   +4.784687e+001
+2.921258e+004	   +4.793606e+001
+2.926119e+004	   +4.789813e+001
+2.930987e+004	   +4.769382e+001
+2.935863e+004	   +4.769323e+001
+2.940748e+004	   +4.746763e+001
+2.945640e+004	   +4.750405e+001
+2.950541e+004	   +4.753973e+001
+2.955450e+004	   +4.751134e+001
+2.960367e+004	   +4.756409e+001
+2.965293e+004	   +4.770858e+001
+2.970226e+004	   +4.766659e+001
+2.975168e+004	   +4.767714e+001
+2.980118e+004	   +4.745605e+001
+2.985076e+004	   +4.744714e+001
+2.990042e+004	   +4.737899e+001
+2.995017e+004	   +4.746140e+001
+3.000000e+004	   +4.754242e+001
