"4395A REV1.12"
"DATE:     20 1992"



"CHANNEL: 1"
"MEASURE TYPE: A/R"
"FORMAT TYPE: LOG MAG"
"NUMBER of POINTS: 201"
"SWEEP TIME:  96.48 ms"
"SWEEP TYPE: LIN FREQ"
"SOURCE POWER: -2.5 dBm"
"IF BANDWIDTH:  30 kHz"

"Frequency"	"Data Trace Real"	"Data Trace Imag"	"Memory Trace Real"	"Memory Trace Imag"
1.000000000000E+06	-1.529160E+01	0.000000E+00	0.000000E+00	0.000000E+00
1.745000000000E+06	-1.071401E+01	0.000000E+00	0.000000E+00	0.000000E+00
2.490000000000E+06	-9.434942E+00	0.000000E+00	0.000000E+00	0.000000E+00
3.235000000000E+06	-8.710811E+00	0.000000E+00	0.000000E+00	0.000000E+00
3.980000000000E+06	-8.257616E+00	0.000000E+00	0.000000E+00	0.000000E+00
4.725000000000E+06	-7.939358E+00	0.000000E+00	0.000000E+00	0.000000E+00
5.470000000000E+06	-7.736713E+00	0.000000E+00	0.000000E+00	0.000000E+00
6.215000000000E+06	-7.556231E+00	0.000000E+00	0.000000E+00	0.000000E+00
6.960000000000E+06	-7.437994E+00	0.000000E+00	0.000000E+00	0.000000E+00
7.705000000000E+06	-7.329555E+00	0.000000E+00	0.000000E+00	0.000000E+00
8.450000000000E+06	-7.246713E+00	0.000000E+00	0.000000E+00	0.000000E+00
9.195000000000E+06	-7.173290E+00	0.000000E+00	0.000000E+00	0.000000E+00
9.940000000000E+06	-7.133836E+00	0.000000E+00	0.000000E+00	0.000000E+00
1.068500000000E+07	-7.081073E+00	0.000000E+00	0.000000E+00	0.000000E+00
1.143000000000E+07	-7.037892E+00	0.000000E+00	0.000000E+00	0.000000E+00
1.217500000000E+07	-7.010515E+00	0.000000E+00	0.000000E+00	0.000000E+00
1.292000000000E+07	-6.957249E+00	0.000000E+00	0.000000E+00	0.000000E+00
1.366500000000E+07	-6.907438E+00	0.000000E+00	0.000000E+00	0.000000E+00
1.441000000000E+07	-6.898074E+00	0.000000E+00	0.000000E+00	0.000000E+00
1.515500000000E+07	-6.862586E+00	0.000000E+00	0.000000E+00	0.000000E+00
1.590000000000E+07	-6.852435E+00	0.000000E+00	0.000000E+00	0.000000E+00
1.664500000000E+07	-6.818736E+00	0.000000E+00	0.000000E+00	0.000000E+00
1.739000000000E+07	-6.780553E+00	0.000000E+00	0.000000E+00	0.000000E+00
1.813500000000E+07	-6.744930E+00	0.000000E+00	0.000000E+00	0.000000E+00
1.888000000000E+07	-6.701300E+00	0.000000E+00	0.000000E+00	0.000000E+00
1.962500000000E+07	-6.681957E+00	0.000000E+00	0.000000E+00	0.000000E+00
2.037000000000E+07	-6.641440E+00	0.000000E+00	0.000000E+00	0.000000E+00
2.111500000000E+07	-6.641431E+00	0.000000E+00	0.000000E+00	0.000000E+00
2.186000000000E+07	-6.574708E+00	0.000000E+00	0.000000E+00	0.000000E+00
2.260500000000E+07	-6.542917E+00	0.000000E+00	0.000000E+00	0.000000E+00
2.335000000000E+07	-6.532094E+00	0.000000E+00	0.000000E+00	0.000000E+00
2.409500000000E+07	-6.507463E+00	0.000000E+00	0.000000E+00	0.000000E+00
2.484000000000E+07	-6.491025E+00	0.000000E+00	0.000000E+00	0.000000E+00
2.558500000000E+07	-6.426246E+00	0.000000E+00	0.000000E+00	0.000000E+00
2.633000000000E+07	-6.416769E+00	0.000000E+00	0.000000E+00	0.000000E+00
2.707500000000E+07	-6.371133E+00	0.000000E+00	0.000000E+00	0.000000E+00
2.782000000000E+07	-6.344220E+00	0.000000E+00	0.000000E+00	0.000000E+00
2.856500000000E+07	-6.292474E+00	0.000000E+00	0.000000E+00	0.000000E+00
2.931000000000E+07	-6.260042E+00	0.000000E+00	0.000000E+00	0.000000E+00
3.005500000000E+07	-6.229946E+00	0.000000E+00	0.000000E+00	0.000000E+00
3.080000000000E+07	-6.184703E+00	0.000000E+00	0.000000E+00	0.000000E+00
3.154500000000E+07	-6.167989E+00	0.000000E+00	0.000000E+00	0.000000E+00
3.229000000000E+07	-6.130555E+00	0.000000E+00	0.000000E+00	0.000000E+00
3.303500000000E+07	-6.067301E+00	0.000000E+00	0.000000E+00	0.000000E+00
3.378000000000E+07	-6.030970E+00	0.000000E+00	0.000000E+00	0.000000E+00
3.452500000000E+07	-6.012292E+00	0.000000E+00	0.000000E+00	0.000000E+00
3.527000000000E+07	-5.988521E+00	0.000000E+00	0.000000E+00	0.000000E+00
3.601500000000E+07	-5.957174E+00	0.000000E+00	0.000000E+00	0.000000E+00
3.676000000000E+07	-5.918376E+00	0.000000E+00	0.000000E+00	0.000000E+00
3.750500000000E+07	-5.836070E+00	0.000000E+00	0.000000E+00	0.000000E+00
3.825000000000E+07	-5.798937E+00	0.000000E+00	0.000000E+00	0.000000E+00
3.899500000000E+07	-5.784474E+00	0.000000E+00	0.000000E+00	0.000000E+00
3.974000000000E+07	-5.704400E+00	0.000000E+00	0.000000E+00	0.000000E+00
4.048500000000E+07	-5.684719E+00	0.000000E+00	0.000000E+00	0.000000E+00
4.123000000000E+07	-5.650319E+00	0.000000E+00	0.000000E+00	0.000000E+00
4.197500000000E+07	-5.569825E+00	0.000000E+00	0.000000E+00	0.000000E+00
4.272000000000E+07	-5.541374E+00	0.000000E+00	0.000000E+00	0.000000E+00
4.346500000000E+07	-5.473747E+00	0.000000E+00	0.000000E+00	0.000000E+00
4.421000000000E+07	-5.451026E+00	0.000000E+00	0.000000E+00	0.000000E+00
4.495500000000E+07	-5.379349E+00	0.000000E+00	0.000000E+00	0.000000E+00
4.570000000000E+07	-5.359106E+00	0.000000E+00	0.000000E+00	0.000000E+00
4.644500000000E+07	-5.304077E+00	0.000000E+00	0.000000E+00	0.000000E+00
4.719000000000E+07	-5.236034E+00	0.000000E+00	0.000000E+00	0.000000E+00
4.793500000000E+07	-5.190170E+00	0.000000E+00	0.000000E+00	0.000000E+00
4.868000000000E+07	-5.143940E+00	0.000000E+00	0.000000E+00	0.000000E+00
4.942500000000E+07	-5.089454E+00	0.000000E+00	0.000000E+00	0.000000E+00
5.017000000000E+07	-5.050001E+00	0.000000E+00	0.000000E+00	0.000000E+00
5.091500000000E+07	-5.024919E+00	0.000000E+00	0.000000E+00	0.000000E+00
5.166000000000E+07	-4.941807E+00	0.000000E+00	0.000000E+00	0.000000E+00
5.240500000000E+07	-4.899238E+00	0.000000E+00	0.000000E+00	0.000000E+00
5.315000000000E+07	-4.854258E+00	0.000000E+00	0.000000E+00	0.000000E+00
5.389500000000E+07	-4.786946E+00	0.000000E+00	0.000000E+00	0.000000E+00
5.464000000000E+07	-4.756762E+00	0.000000E+00	0.000000E+00	0.000000E+00
5.538500000000E+07	-4.721236E+00	0.000000E+00	0.000000E+00	0.000000E+00
5.613000000000E+07	-4.669960E+00	0.000000E+00	0.000000E+00	0.000000E+00
5.687500000000E+07	-4.631645E+00	0.000000E+00	0.000000E+00	0.000000E+00
5.762000000000E+07	-4.557909E+00	0.000000E+00	0.000000E+00	0.000000E+00
5.836500000000E+07	-4.539133E+00	0.000000E+00	0.000000E+00	0.000000E+00
5.911000000000E+07	-4.484610E+00	0.000000E+00	0.000000E+00	0.000000E+00
5.985500000000E+07	-4.464161E+00	0.000000E+00	0.000000E+00	0.000000E+00
6.060000000000E+07	-4.412607E+00	0.000000E+00	0.000000E+00	0.000000E+00
6.134500000000E+07	-4.376676E+00	0.000000E+00	0.000000E+00	0.000000E+00
6.209000000000E+07	-4.333434E+00	0.000000E+00	0.000000E+00	0.000000E+00
6.283500000000E+07	-4.294143E+00	0.000000E+00	0.000000E+00	0.000000E+00
6.358000000000E+07	-4.234707E+00	0.000000E+00	0.000000E+00	0.000000E+00
6.432500000000E+07	-4.206809E+00	0.000000E+00	0.000000E+00	0.000000E+00
6.507000000000E+07	-4.150558E+00	0.000000E+00	0.000000E+00	0.000000E+00
6.581500000000E+07	-4.131330E+00	0.000000E+00	0.000000E+00	0.000000E+00
6.656000000000E+07	-4.094287E+00	0.000000E+00	0.000000E+00	0.000000E+00
6.730500000000E+07	-4.044904E+00	0.000000E+00	0.000000E+00	0.000000E+00
6.805000000000E+07	-3.983094E+00	0.000000E+00	0.000000E+00	0.000000E+00
6.879500000000E+07	-3.981380E+00	0.000000E+00	0.000000E+00	0.000000E+00
6.954000000000E+07	-3.954158E+00	0.000000E+00	0.000000E+00	0.000000E+00
7.028500000000E+07	-3.938840E+00	0.000000E+00	0.000000E+00	0.000000E+00
7.103000000000E+07	-3.996919E+00	0.000000E+00	0.000000E+00	0.000000E+00
7.177500000000E+07	-3.990218E+00	0.000000E+00	0.000000E+00	0.000000E+00
7.252000000000E+07	-4.017553E+00	0.000000E+00	0.000000E+00	0.000000E+00
7.326500000000E+07	-4.016824E+00	0.000000E+00	0.000000E+00	0.000000E+00
7.401000000000E+07	-3.997763E+00	0.000000E+00	0.000000E+00	0.000000E+00
7.475500000000E+07	-3.925530E+00	0.000000E+00	0.000000E+00	0.000000E+00
7.550000000000E+07	-3.929326E+00	0.000000E+00	0.000000E+00	0.000000E+00
7.624500000000E+07	-3.900728E+00	0.000000E+00	0.000000E+00	0.000000E+00
7.699000000000E+07	-3.881778E+00	0.000000E+00	0.000000E+00	0.000000E+00
7.773500000000E+07	-3.856951E+00	0.000000E+00	0.000000E+00	0.000000E+00
7.848000000000E+07	-3.857050E+00	0.000000E+00	0.000000E+00	0.000000E+00
7.922500000000E+07	-3.846771E+00	0.000000E+00	0.000000E+00	0.000000E+00
7.997000000000E+07	-3.861452E+00	0.000000E+00	0.000000E+00	0.000000E+00
8.071500000000E+07	-3.852774E+00	0.000000E+00	0.000000E+00	0.000000E+00
8.146000000000E+07	-3.817117E+00	0.000000E+00	0.000000E+00	0.000000E+00
8.220500000000E+07	-3.824413E+00	0.000000E+00	0.000000E+00	0.000000E+00
8.295000000000E+07	-3.784179E+00	0.000000E+00	0.000000E+00	0.000000E+00
8.369500000000E+07	-3.776451E+00	0.000000E+00	0.000000E+00	0.000000E+00
8.444000000000E+07	-3.771258E+00	0.000000E+00	0.000000E+00	0.000000E+00
8.518500000000E+07	-3.768329E+00	0.000000E+00	0.000000E+00	0.000000E+00
8.593000000000E+07	-3.760228E+00	0.000000E+00	0.000000E+00	0.000000E+00
8.667500000000E+07	-3.748487E+00	0.000000E+00	0.000000E+00	0.000000E+00
8.742000000000E+07	-3.749009E+00	0.000000E+00	0.000000E+00	0.000000E+00
8.816500000000E+07	-3.768815E+00	0.000000E+00	0.000000E+00	0.000000E+00
8.891000000000E+07	-3.765184E+00	0.000000E+00	0.000000E+00	0.000000E+00
8.965500000000E+07	-3.803610E+00	0.000000E+00	0.000000E+00	0.000000E+00
9.040000000000E+07	-3.827199E+00	0.000000E+00	0.000000E+00	0.000000E+00
9.114500000000E+07	-3.808307E+00	0.000000E+00	0.000000E+00	0.000000E+00
9.189000000000E+07	-3.837127E+00	0.000000E+00	0.000000E+00	0.000000E+00
9.263500000000E+07	-3.839844E+00	0.000000E+00	0.000000E+00	0.000000E+00
9.338000000000E+07	-3.887031E+00	0.000000E+00	0.000000E+00	0.000000E+00
9.412500000000E+07	-3.914366E+00	0.000000E+00	0.000000E+00	0.000000E+00
9.487000000000E+07	-3.921584E+00	0.000000E+00	0.000000E+00	0.000000E+00
9.561500000000E+07	-3.943554E+00	0.000000E+00	0.000000E+00	0.000000E+00
9.636000000000E+07	-3.940936E+00	0.000000E+00	0.000000E+00	0.000000E+00
9.710500000000E+07	-3.935182E+00	0.000000E+00	0.000000E+00	0.000000E+00
9.785000000000E+07	-3.890976E+00	0.000000E+00	0.000000E+00	0.000000E+00
9.859500000000E+07	-3.807159E+00	0.000000E+00	0.000000E+00	0.000000E+00
9.934000000000E+07	-3.753009E+00	0.000000E+00	0.000000E+00	0.000000E+00
1.000850000000E+08	-3.682029E+00	0.000000E+00	0.000000E+00	0.000000E+00
1.008300000000E+08	-3.620662E+00	0.000000E+00	0.000000E+00	0.000000E+00
1.015750000000E+08	-3.604543E+00	0.000000E+00	0.000000E+00	0.000000E+00
1.023200000000E+08	-3.568605E+00	0.000000E+00	0.000000E+00	0.000000E+00
1.030650000000E+08	-3.571454E+00	0.000000E+00	0.000000E+00	0.000000E+00
1.038100000000E+08	-3.538051E+00	0.000000E+00	0.000000E+00	0.000000E+00
1.045550000000E+08	-3.518388E+00	0.000000E+00	0.000000E+00	0.000000E+00
1.053000000000E+08	-3.495049E+00	0.000000E+00	0.000000E+00	0.000000E+00
1.060450000000E+08	-3.491077E+00	0.000000E+00	0.000000E+00	0.000000E+00
1.067900000000E+08	-3.474952E+00	0.000000E+00	0.000000E+00	0.000000E+00
1.075350000000E+08	-3.433724E+00	0.000000E+00	0.000000E+00	0.000000E+00
1.082800000000E+08	-3.440081E+00	0.000000E+00	0.000000E+00	0.000000E+00
1.090250000000E+08	-3.438003E+00	0.000000E+00	0.000000E+00	0.000000E+00
1.097700000000E+08	-3.408754E+00	0.000000E+00	0.000000E+00	0.000000E+00
1.105150000000E+08	-3.422689E+00	0.000000E+00	0.000000E+00	0.000000E+00
1.112600000000E+08	-3.409476E+00	0.000000E+00	0.000000E+00	0.000000E+00
1.120050000000E+08	-3.376562E+00	0.000000E+00	0.000000E+00	0.000000E+00
1.127500000000E+08	-3.371945E+00	0.000000E+00	0.000000E+00	0.000000E+00
1.134950000000E+08	-3.358474E+00	0.000000E+00	0.000000E+00	0.000000E+00
1.142400000000E+08	-3.334224E+00	0.000000E+00	0.000000E+00	0.000000E+00
1.149850000000E+08	-3.319054E+00	0.000000E+00	0.000000E+00	0.000000E+00
1.157300000000E+08	-3.273894E+00	0.000000E+00	0.000000E+00	0.000000E+00
1.164750000000E+08	-3.250876E+00	0.000000E+00	0.000000E+00	0.000000E+00
1.172200000000E+08	-3.248765E+00	0.000000E+00	0.000000E+00	0.000000E+00
1.179650000000E+08	-3.232875E+00	0.000000E+00	0.000000E+00	0.000000E+00
1.187100000000E+08	-3.214408E+00	0.000000E+00	0.000000E+00	0.000000E+00
1.194550000000E+08	-3.176258E+00	0.000000E+00	0.000000E+00	0.000000E+00
1.202000000000E+08	-3.145049E+00	0.000000E+00	0.000000E+00	0.000000E+00
1.209450000000E+08	-3.130320E+00	0.000000E+00	0.000000E+00	0.000000E+00
1.216900000000E+08	-3.086244E+00	0.000000E+00	0.000000E+00	0.000000E+00
1.224350000000E+08	-3.087158E+00	0.000000E+00	0.000000E+00	0.000000E+00
1.231800000000E+08	-3.068653E+00	0.000000E+00	0.000000E+00	0.000000E+00
1.239250000000E+08	-3.053194E+00	0.000000E+00	0.000000E+00	0.000000E+00
1.246700000000E+08	-3.001968E+00	0.000000E+00	0.000000E+00	0.000000E+00
1.254150000000E+08	-2.999407E+00	0.000000E+00	0.000000E+00	0.000000E+00
1.261600000000E+08	-2.956593E+00	0.000000E+00	0.000000E+00	0.000000E+00
1.269050000000E+08	-2.937453E+00	0.000000E+00	0.000000E+00	0.000000E+00
1.276500000000E+08	-2.918321E+00	0.000000E+00	0.000000E+00	0.000000E+00
1.283950000000E+08	-2.873932E+00	0.000000E+00	0.000000E+00	0.000000E+00
1.291400000000E+08	-2.850291E+00	0.000000E+00	0.000000E+00	0.000000E+00
1.298850000000E+08	-2.810723E+00	0.000000E+00	0.000000E+00	0.000000E+00
1.306300000000E+08	-2.778591E+00	0.000000E+00	0.000000E+00	0.000000E+00
1.313750000000E+08	-2.721767E+00	0.000000E+00	0.000000E+00	0.000000E+00
1.321200000000E+08	-2.671308E+00	0.000000E+00	0.000000E+00	0.000000E+00
1.328650000000E+08	-2.602833E+00	0.000000E+00	0.000000E+00	0.000000E+00
1.336100000000E+08	-2.530208E+00	0.000000E+00	0.000000E+00	0.000000E+00
1.343550000000E+08	-2.499782E+00	0.000000E+00	0.000000E+00	0.000000E+00
1.351000000000E+08	-2.445015E+00	0.000000E+00	0.000000E+00	0.000000E+00
1.358450000000E+08	-2.385566E+00	0.000000E+00	0.000000E+00	0.000000E+00
1.365900000000E+08	-2.282782E+00	0.000000E+00	0.000000E+00	0.000000E+00
1.373350000000E+08	-2.206113E+00	0.000000E+00	0.000000E+00	0.000000E+00
1.380800000000E+08	-2.135722E+00	0.000000E+00	0.000000E+00	0.000000E+00
1.388250000000E+08	-2.096134E+00	0.000000E+00	0.000000E+00	0.000000E+00
1.395700000000E+08	-1.978817E+00	0.000000E+00	0.000000E+00	0.000000E+00
1.403150000000E+08	-1.907811E+00	0.000000E+00	0.000000E+00	0.000000E+00
1.410600000000E+08	-1.832966E+00	0.000000E+00	0.000000E+00	0.000000E+00
1.418050000000E+08	-1.699180E+00	0.000000E+00	0.000000E+00	0.000000E+00
1.425500000000E+08	-1.592475E+00	0.000000E+00	0.000000E+00	0.000000E+00
1.432950000000E+08	-1.459212E+00	0.000000E+00	0.000000E+00	0.000000E+00
1.440400000000E+08	-1.354015E+00	0.000000E+00	0.000000E+00	0.000000E+00
1.447850000000E+08	-1.252979E+00	0.000000E+00	0.000000E+00	0.000000E+00
1.455300000000E+08	-1.110801E+00	0.000000E+00	0.000000E+00	0.000000E+00
1.462750000000E+08	-9.720997E-01	0.000000E+00	0.000000E+00	0.000000E+00
1.470200000000E+08	-8.482718E-01	0.000000E+00	0.000000E+00	0.000000E+00
1.477650000000E+08	-7.036769E-01	0.000000E+00	0.000000E+00	0.000000E+00
1.485100000000E+08	-5.399579E-01	0.000000E+00	0.000000E+00	0.000000E+00
1.492550000000E+08	-3.843959E-01	0.000000E+00	0.000000E+00	0.000000E+00
1.500000000000E+08	-2.366778E-01	0.000000E+00	0.000000E+00	0.000000E+00



"CHANNEL: 2"
"MEASURE TYPE: A/R"
"FORMAT TYPE: PHASE (DEG)"
"NUMBER of POINTS: 201"
"SWEEP TIME:  96.48 ms"
"SWEEP TYPE: LIN FREQ"
"SOURCE POWER: -2.5 dBm"
"IF BANDWIDTH:  30 kHz"

"Frequency"	"Data Trace Real"	"Data Trace Imag"	"Memory Trace Real"	"Memory Trace Imag"
1.000000000000E+06	9.722923E+01	0.000000E+00	0.000000E+00	0.000000E+00
1.745000000000E+06	6.124726E+01	0.000000E+00	0.000000E+00	0.000000E+00
2.490000000000E+06	4.347233E+01	0.000000E+00	0.000000E+00	0.000000E+00
3.235000000000E+06	3.196283E+01	0.000000E+00	0.000000E+00	0.000000E+00
3.980000000000E+06	2.321861E+01	0.000000E+00	0.000000E+00	0.000000E+00
4.725000000000E+06	1.626816E+01	0.000000E+00	0.000000E+00	0.000000E+00
5.470000000000E+06	1.040607E+01	0.000000E+00	0.000000E+00	0.000000E+00
6.215000000000E+06	5.126091E+00	0.000000E+00	0.000000E+00	0.000000E+00
6.960000000000E+06	5.307577E-01	0.000000E+00	0.000000E+00	0.000000E+00
7.705000000000E+06	-3.681776E+00	0.000000E+00	0.000000E+00	0.000000E+00
8.450000000000E+06	-7.567240E+00	0.000000E+00	0.000000E+00	0.000000E+00
9.195000000000E+06	-1.133539E+01	0.000000E+00	0.000000E+00	0.000000E+00
9.940000000000E+06	-1.468439E+01	0.000000E+00	0.000000E+00	0.000000E+00
1.068500000000E+07	-1.815297E+01	0.000000E+00	0.000000E+00	0.000000E+00
1.143000000000E+07	-2.130651E+01	0.000000E+00	0.000000E+00	0.000000E+00
1.217500000000E+07	-2.428721E+01	0.000000E+00	0.000000E+00	0.000000E+00
1.292000000000E+07	-2.736979E+01	0.000000E+00	0.000000E+00	0.000000E+00
1.366500000000E+07	-3.030713E+01	0.000000E+00	0.000000E+00	0.000000E+00
1.441000000000E+07	-3.303434E+01	0.000000E+00	0.000000E+00	0.000000E+00
1.515500000000E+07	-3.599303E+01	0.000000E+00	0.000000E+00	0.000000E+00
1.590000000000E+07	-3.878884E+01	0.000000E+00	0.000000E+00	0.000000E+00
1.664500000000E+07	-4.149098E+01	0.000000E+00	0.000000E+00	0.000000E+00
1.739000000000E+07	-4.427559E+01	0.000000E+00	0.000000E+00	0.000000E+00
1.813500000000E+07	-4.692705E+01	0.000000E+00	0.000000E+00	0.000000E+00
1.888000000000E+07	-4.956125E+01	0.000000E+00	0.000000E+00	0.000000E+00
1.962500000000E+07	-5.191191E+01	0.000000E+00	0.000000E+00	0.000000E+00
2.037000000000E+07	-5.486966E+01	0.000000E+00	0.000000E+00	0.000000E+00
2.111500000000E+07	-5.725445E+01	0.000000E+00	0.000000E+00	0.000000E+00
2.186000000000E+07	-5.989249E+01	0.000000E+00	0.000000E+00	0.000000E+00
2.260500000000E+07	-6.256746E+01	0.000000E+00	0.000000E+00	0.000000E+00
2.335000000000E+07	-6.508890E+01	0.000000E+00	0.000000E+00	0.000000E+00
2.409500000000E+07	-6.767542E+01	0.000000E+00	0.000000E+00	0.000000E+00
2.484000000000E+07	-7.017108E+01	0.000000E+00	0.000000E+00	0.000000E+00
2.558500000000E+07	-7.284787E+01	0.000000E+00	0.000000E+00	0.000000E+00
2.633000000000E+07	-7.525064E+01	0.000000E+00	0.000000E+00	0.000000E+00
2.707500000000E+07	-7.777676E+01	0.000000E+00	0.000000E+00	0.000000E+00
2.782000000000E+07	-8.023483E+01	0.000000E+00	0.000000E+00	0.000000E+00
2.856500000000E+07	-8.285760E+01	0.000000E+00	0.000000E+00	0.000000E+00
2.931000000000E+07	-8.543799E+01	0.000000E+00	0.000000E+00	0.000000E+00
3.005500000000E+07	-8.784290E+01	0.000000E+00	0.000000E+00	0.000000E+00
3.080000000000E+07	-9.017832E+01	0.000000E+00	0.000000E+00	0.000000E+00
3.154500000000E+07	-9.298914E+01	0.000000E+00	0.000000E+00	0.000000E+00
3.229000000000E+07	-9.527094E+01	0.000000E+00	0.000000E+00	0.000000E+00
3.303500000000E+07	-9.799980E+01	0.000000E+00	0.000000E+00	0.000000E+00
3.378000000000E+07	-1.003569E+02	0.000000E+00	0.000000E+00	0.000000E+00
3.452500000000E+07	-1.028613E+02	0.000000E+00	0.000000E+00	0.000000E+00
3.527000000000E+07	-1.052361E+02	0.000000E+00	0.000000E+00	0.000000E+00
3.601500000000E+07	-1.077436E+02	0.000000E+00	0.000000E+00	0.000000E+00
3.676000000000E+07	-1.103893E+02	0.000000E+00	0.000000E+00	0.000000E+00
3.750500000000E+07	-1.129028E+02	0.000000E+00	0.000000E+00	0.000000E+00
3.825000000000E+07	-1.154169E+02	0.000000E+00	0.000000E+00	0.000000E+00
3.899500000000E+07	-1.177967E+02	0.000000E+00	0.000000E+00	0.000000E+00
3.974000000000E+07	-1.204769E+02	0.000000E+00	0.000000E+00	0.000000E+00
4.048500000000E+07	-1.228940E+02	0.000000E+00	0.000000E+00	0.000000E+00
4.123000000000E+07	-1.255692E+02	0.000000E+00	0.000000E+00	0.000000E+00
4.197500000000E+07	-1.281164E+02	0.000000E+00	0.000000E+00	0.000000E+00
4.272000000000E+07	-1.303570E+02	0.000000E+00	0.000000E+00	0.000000E+00
4.346500000000E+07	-1.329704E+02	0.000000E+00	0.000000E+00	0.000000E+00
4.421000000000E+07	-1.356049E+02	0.000000E+00	0.000000E+00	0.000000E+00
4.495500000000E+07	-1.382262E+02	0.000000E+00	0.000000E+00	0.000000E+00
4.570000000000E+07	-1.406751E+02	0.000000E+00	0.000000E+00	0.000000E+00
4.644500000000E+07	-1.431837E+02	0.000000E+00	0.000000E+00	0.000000E+00
4.719000000000E+07	-1.457542E+02	0.000000E+00	0.000000E+00	0.000000E+00
4.793500000000E+07	-1.482353E+02	0.000000E+00	0.000000E+00	0.000000E+00
4.868000000000E+07	-1.509276E+02	0.000000E+00	0.000000E+00	0.000000E+00
4.942500000000E+07	-1.535547E+02	0.000000E+00	0.000000E+00	0.000000E+00
5.017000000000E+07	-1.562200E+02	0.000000E+00	0.000000E+00	0.000000E+00
5.091500000000E+07	-1.586860E+02	0.000000E+00	0.000000E+00	0.000000E+00
5.166000000000E+07	-1.614577E+02	0.000000E+00	0.000000E+00	0.000000E+00
5.240500000000E+07	-1.638802E+02	0.000000E+00	0.000000E+00	0.000000E+00
5.315000000000E+07	-1.667848E+02	0.000000E+00	0.000000E+00	0.000000E+00
5.389500000000E+07	-1.691529E+02	0.000000E+00	0.000000E+00	0.000000E+00
5.464000000000E+07	-1.719055E+02	0.000000E+00	0.000000E+00	0.000000E+00
5.538500000000E+07	-1.744193E+02	0.000000E+00	0.000000E+00	0.000000E+00
5.613000000000E+07	-1.773535E+02	0.000000E+00	0.000000E+00	0.000000E+00
5.687500000000E+07	1.799696E+02	0.000000E+00	0.000000E+00	0.000000E+00
5.762000000000E+07	1.775645E+02	0.000000E+00	0.000000E+00	0.000000E+00
5.836500000000E+07	1.747251E+02	0.000000E+00	0.000000E+00	0.000000E+00
5.911000000000E+07	1.719380E+02	0.000000E+00	0.000000E+00	0.000000E+00
5.985500000000E+07	1.691246E+02	0.000000E+00	0.000000E+00	0.000000E+00
6.060000000000E+07	1.665704E+02	0.000000E+00	0.000000E+00	0.000000E+00
6.134500000000E+07	1.638717E+02	0.000000E+00	0.000000E+00	0.000000E+00
6.209000000000E+07	1.612066E+02	0.000000E+00	0.000000E+00	0.000000E+00
6.283500000000E+07	1.585019E+02	0.000000E+00	0.000000E+00	0.000000E+00
6.358000000000E+07	1.556670E+02	0.000000E+00	0.000000E+00	0.000000E+00
6.432500000000E+07	1.531128E+02	0.000000E+00	0.000000E+00	0.000000E+00
6.507000000000E+07	1.503070E+02	0.000000E+00	0.000000E+00	0.000000E+00
6.581500000000E+07	1.475624E+02	0.000000E+00	0.000000E+00	0.000000E+00
6.656000000000E+07	1.448667E+02	0.000000E+00	0.000000E+00	0.000000E+00
6.730500000000E+07	1.422250E+02	0.000000E+00	0.000000E+00	0.000000E+00
6.805000000000E+07	1.390777E+02	0.000000E+00	0.000000E+00	0.000000E+00
6.879500000000E+07	1.362607E+02	0.000000E+00	0.000000E+00	0.000000E+00
6.954000000000E+07	1.334323E+02	0.000000E+00	0.000000E+00	0.000000E+00
7.028500000000E+07	1.301916E+02	0.000000E+00	0.000000E+00	0.000000E+00
7.103000000000E+07	1.273130E+02	0.000000E+00	0.000000E+00	0.000000E+00
7.177500000000E+07	1.246232E+02	0.000000E+00	0.000000E+00	0.000000E+00
7.252000000000E+07	1.220174E+02	0.000000E+00	0.000000E+00	0.000000E+00
7.326500000000E+07	1.195846E+02	0.000000E+00	0.000000E+00	0.000000E+00
7.401000000000E+07	1.170412E+02	0.000000E+00	0.000000E+00	0.000000E+00
7.475500000000E+07	1.146304E+02	0.000000E+00	0.000000E+00	0.000000E+00
7.550000000000E+07	1.119603E+02	0.000000E+00	0.000000E+00	0.000000E+00
7.624500000000E+07	1.090729E+02	0.000000E+00	0.000000E+00	0.000000E+00
7.699000000000E+07	1.064713E+02	0.000000E+00	0.000000E+00	0.000000E+00
7.773500000000E+07	1.036820E+02	0.000000E+00	0.000000E+00	0.000000E+00
7.848000000000E+07	1.010329E+02	0.000000E+00	0.000000E+00	0.000000E+00
7.922500000000E+07	9.832656E+01	0.000000E+00	0.000000E+00	0.000000E+00
7.997000000000E+07	9.561180E+01	0.000000E+00	0.000000E+00	0.000000E+00
8.071500000000E+07	9.295111E+01	0.000000E+00	0.000000E+00	0.000000E+00
8.146000000000E+07	9.021333E+01	0.000000E+00	0.000000E+00	0.000000E+00
8.220500000000E+07	8.755450E+01	0.000000E+00	0.000000E+00	0.000000E+00
8.295000000000E+07	8.481838E+01	0.000000E+00	0.000000E+00	0.000000E+00
8.369500000000E+07	8.217468E+01	0.000000E+00	0.000000E+00	0.000000E+00
8.444000000000E+07	7.943797E+01	0.000000E+00	0.000000E+00	0.000000E+00
8.518500000000E+07	7.679621E+01	0.000000E+00	0.000000E+00	0.000000E+00
8.593000000000E+07	7.406407E+01	0.000000E+00	0.000000E+00	0.000000E+00
8.667500000000E+07	7.146531E+01	0.000000E+00	0.000000E+00	0.000000E+00
8.742000000000E+07	6.856656E+01	0.000000E+00	0.000000E+00	0.000000E+00
8.816500000000E+07	6.587759E+01	0.000000E+00	0.000000E+00	0.000000E+00
8.891000000000E+07	6.324712E+01	0.000000E+00	0.000000E+00	0.000000E+00
8.965500000000E+07	6.089119E+01	0.000000E+00	0.000000E+00	0.000000E+00
9.040000000000E+07	5.800643E+01	0.000000E+00	0.000000E+00	0.000000E+00
9.114500000000E+07	5.554273E+01	0.000000E+00	0.000000E+00	0.000000E+00
9.189000000000E+07	5.274393E+01	0.000000E+00	0.000000E+00	0.000000E+00
9.263500000000E+07	5.021552E+01	0.000000E+00	0.000000E+00	0.000000E+00
9.338000000000E+07	4.754269E+01	0.000000E+00	0.000000E+00	0.000000E+00
9.412500000000E+07	4.526903E+01	0.000000E+00	0.000000E+00	0.000000E+00
9.487000000000E+07	4.285867E+01	0.000000E+00	0.000000E+00	0.000000E+00
9.561500000000E+07	4.065777E+01	0.000000E+00	0.000000E+00	0.000000E+00
9.636000000000E+07	3.852678E+01	0.000000E+00	0.000000E+00	0.000000E+00
9.710500000000E+07	3.629049E+01	0.000000E+00	0.000000E+00	0.000000E+00
9.785000000000E+07	3.417426E+01	0.000000E+00	0.000000E+00	0.000000E+00
9.859500000000E+07	3.186108E+01	0.000000E+00	0.000000E+00	0.000000E+00
9.934000000000E+07	2.937165E+01	0.000000E+00	0.000000E+00	0.000000E+00
1.000850000000E+08	2.683453E+01	0.000000E+00	0.000000E+00	0.000000E+00
1.008300000000E+08	2.442452E+01	0.000000E+00	0.000000E+00	0.000000E+00
1.015750000000E+08	2.154304E+01	0.000000E+00	0.000000E+00	0.000000E+00
1.023200000000E+08	1.903881E+01	0.000000E+00	0.000000E+00	0.000000E+00
1.030650000000E+08	1.621049E+01	0.000000E+00	0.000000E+00	0.000000E+00
1.038100000000E+08	1.359648E+01	0.000000E+00	0.000000E+00	0.000000E+00
1.045550000000E+08	1.100097E+01	0.000000E+00	0.000000E+00	0.000000E+00
1.053000000000E+08	8.223022E+00	0.000000E+00	0.000000E+00	0.000000E+00
1.060450000000E+08	5.722683E+00	0.000000E+00	0.000000E+00	0.000000E+00
1.067900000000E+08	3.104828E+00	0.000000E+00	0.000000E+00	0.000000E+00
1.075350000000E+08	4.096045E-01	0.000000E+00	0.000000E+00	0.000000E+00
1.082800000000E+08	-1.934448E+00	0.000000E+00	0.000000E+00	0.000000E+00
1.090250000000E+08	-4.518359E+00	0.000000E+00	0.000000E+00	0.000000E+00
1.097700000000E+08	-6.888816E+00	0.000000E+00	0.000000E+00	0.000000E+00
1.105150000000E+08	-9.709016E+00	0.000000E+00	0.000000E+00	0.000000E+00
1.112600000000E+08	-1.210375E+01	0.000000E+00	0.000000E+00	0.000000E+00
1.120050000000E+08	-1.467746E+01	0.000000E+00	0.000000E+00	0.000000E+00
1.127500000000E+08	-1.738822E+01	0.000000E+00	0.000000E+00	0.000000E+00
1.134950000000E+08	-1.993698E+01	0.000000E+00	0.000000E+00	0.000000E+00
1.142400000000E+08	-2.235762E+01	0.000000E+00	0.000000E+00	0.000000E+00
1.149850000000E+08	-2.486143E+01	0.000000E+00	0.000000E+00	0.000000E+00
1.157300000000E+08	-2.758479E+01	0.000000E+00	0.000000E+00	0.000000E+00
1.164750000000E+08	-2.997540E+01	0.000000E+00	0.000000E+00	0.000000E+00
1.172200000000E+08	-3.266291E+01	0.000000E+00	0.000000E+00	0.000000E+00
1.179650000000E+08	-3.520731E+01	0.000000E+00	0.000000E+00	0.000000E+00
1.187100000000E+08	-3.750706E+01	0.000000E+00	0.000000E+00	0.000000E+00
1.194550000000E+08	-4.006710E+01	0.000000E+00	0.000000E+00	0.000000E+00
1.202000000000E+08	-4.258263E+01	0.000000E+00	0.000000E+00	0.000000E+00
1.209450000000E+08	-4.512494E+01	0.000000E+00	0.000000E+00	0.000000E+00
1.216900000000E+08	-4.774396E+01	0.000000E+00	0.000000E+00	0.000000E+00
1.224350000000E+08	-5.011161E+01	0.000000E+00	0.000000E+00	0.000000E+00
1.231800000000E+08	-5.265607E+01	0.000000E+00	0.000000E+00	0.000000E+00
1.239250000000E+08	-5.531535E+01	0.000000E+00	0.000000E+00	0.000000E+00
1.246700000000E+08	-5.771074E+01	0.000000E+00	0.000000E+00	0.000000E+00
1.254150000000E+08	-6.029057E+01	0.000000E+00	0.000000E+00	0.000000E+00
1.261600000000E+08	-6.266424E+01	0.000000E+00	0.000000E+00	0.000000E+00
1.269050000000E+08	-6.513586E+01	0.000000E+00	0.000000E+00	0.000000E+00
1.276500000000E+08	-6.753907E+01	0.000000E+00	0.000000E+00	0.000000E+00
1.283950000000E+08	-7.002452E+01	0.000000E+00	0.000000E+00	0.000000E+00
1.291400000000E+08	-7.252169E+01	0.000000E+00	0.000000E+00	0.000000E+00
1.298850000000E+08	-7.470563E+01	0.000000E+00	0.000000E+00	0.000000E+00
1.306300000000E+08	-7.718835E+01	0.000000E+00	0.000000E+00	0.000000E+00
1.313750000000E+08	-7.973770E+01	0.000000E+00	0.000000E+00	0.000000E+00
1.321200000000E+08	-8.201173E+01	0.000000E+00	0.000000E+00	0.000000E+00
1.328650000000E+08	-8.461410E+01	0.000000E+00	0.000000E+00	0.000000E+00
1.336100000000E+08	-8.695081E+01	0.000000E+00	0.000000E+00	0.000000E+00
1.343550000000E+08	-8.954111E+01	0.000000E+00	0.000000E+00	0.000000E+00
1.351000000000E+08	-9.207150E+01	0.000000E+00	0.000000E+00	0.000000E+00
1.358450000000E+08	-9.434007E+01	0.000000E+00	0.000000E+00	0.000000E+00
1.365900000000E+08	-9.681752E+01	0.000000E+00	0.000000E+00	0.000000E+00
1.373350000000E+08	-9.940781E+01	0.000000E+00	0.000000E+00	0.000000E+00
1.380800000000E+08	-1.017702E+02	0.000000E+00	0.000000E+00	0.000000E+00
1.388250000000E+08	-1.042678E+02	0.000000E+00	0.000000E+00	0.000000E+00
1.395700000000E+08	-1.066549E+02	0.000000E+00	0.000000E+00	0.000000E+00
1.403150000000E+08	-1.091449E+02	0.000000E+00	0.000000E+00	0.000000E+00
1.410600000000E+08	-1.117884E+02	0.000000E+00	0.000000E+00	0.000000E+00
1.418050000000E+08	-1.142121E+02	0.000000E+00	0.000000E+00	0.000000E+00
1.425500000000E+08	-1.167915E+02	0.000000E+00	0.000000E+00	0.000000E+00
1.432950000000E+08	-1.193371E+02	0.000000E+00	0.000000E+00	0.000000E+00
1.440400000000E+08	-1.218984E+02	0.000000E+00	0.000000E+00	0.000000E+00
1.447850000000E+08	-1.245726E+02	0.000000E+00	0.000000E+00	0.000000E+00
1.455300000000E+08	-1.272220E+02	0.000000E+00	0.000000E+00	0.000000E+00
1.462750000000E+08	-1.298600E+02	0.000000E+00	0.000000E+00	0.000000E+00
1.470200000000E+08	-1.326414E+02	0.000000E+00	0.000000E+00	0.000000E+00
1.477650000000E+08	-1.352629E+02	0.000000E+00	0.000000E+00	0.000000E+00
1.485100000000E+08	-1.381373E+02	0.000000E+00	0.000000E+00	0.000000E+00
1.492550000000E+08	-1.410600E+02	0.000000E+00	0.000000E+00	0.000000E+00
1.500000000000E+08	-1.440435E+02	0.000000E+00	0.000000E+00	0.000000E+00
