"4395A REV1.12"
"DATE:     17 1992"



"CHANNEL: 1"
"MEASURE TYPE: A/R"
"FORMAT TYPE: LOG MAG"
"NUMBER of POINTS: 201"
"SWEEP TIME:  96.48 ms"
"SWEEP TYPE: LIN FREQ"
"SOURCE POWER: -2.5 dBm"
"IF BANDWIDTH:  30 kHz"

"Frequency"	"Data Trace Real"	"Data Trace Imag"	"Memory Trace Real"	"Memory Trace Imag"
1.000000000000E+03	4.739514E+00	0.000000E+00	0.000000E+00	0.000000E+00
7.509950000000E+05	-1.538012E+01	0.000000E+00	0.000000E+00	0.000000E+00
1.500990000000E+06	-1.140919E+01	0.000000E+00	0.000000E+00	0.000000E+00
2.250985000000E+06	-9.754444E+00	0.000000E+00	0.000000E+00	0.000000E+00
3.000980000000E+06	-8.912109E+00	0.000000E+00	0.000000E+00	0.000000E+00
3.750975000000E+06	-8.383087E+00	0.000000E+00	0.000000E+00	0.000000E+00
4.500970000000E+06	-8.014430E+00	0.000000E+00	0.000000E+00	0.000000E+00
5.250965000000E+06	-7.796235E+00	0.000000E+00	0.000000E+00	0.000000E+00
6.000960000000E+06	-7.602026E+00	0.000000E+00	0.000000E+00	0.000000E+00
6.750955000000E+06	-7.474177E+00	0.000000E+00	0.000000E+00	0.000000E+00
7.500950000000E+06	-7.341169E+00	0.000000E+00	0.000000E+00	0.000000E+00
8.250945000000E+06	-7.274779E+00	0.000000E+00	0.000000E+00	0.000000E+00
9.000940000000E+06	-7.199203E+00	0.000000E+00	0.000000E+00	0.000000E+00
9.750935000000E+06	-7.164576E+00	0.000000E+00	0.000000E+00	0.000000E+00
1.050093000000E+07	-7.080935E+00	0.000000E+00	0.000000E+00	0.000000E+00
1.125092500000E+07	-7.058228E+00	0.000000E+00	0.000000E+00	0.000000E+00
1.200092000000E+07	-7.011295E+00	0.000000E+00	0.000000E+00	0.000000E+00
1.275091500000E+07	-6.982018E+00	0.000000E+00	0.000000E+00	0.000000E+00
1.350091000000E+07	-6.937835E+00	0.000000E+00	0.000000E+00	0.000000E+00
1.425090500000E+07	-6.904164E+00	0.000000E+00	0.000000E+00	0.000000E+00
1.500090000000E+07	-6.885199E+00	0.000000E+00	0.000000E+00	0.000000E+00
1.575089500000E+07	-6.829720E+00	0.000000E+00	0.000000E+00	0.000000E+00
1.650089000000E+07	-6.826939E+00	0.000000E+00	0.000000E+00	0.000000E+00
1.725088500000E+07	-6.787715E+00	0.000000E+00	0.000000E+00	0.000000E+00
1.800088000000E+07	-6.783702E+00	0.000000E+00	0.000000E+00	0.000000E+00
1.875087500000E+07	-6.748199E+00	0.000000E+00	0.000000E+00	0.000000E+00
1.950087000000E+07	-6.688943E+00	0.000000E+00	0.000000E+00	0.000000E+00
2.025086500000E+07	-6.657950E+00	0.000000E+00	0.000000E+00	0.000000E+00
2.100086000000E+07	-6.615901E+00	0.000000E+00	0.000000E+00	0.000000E+00
2.175085500000E+07	-6.637439E+00	0.000000E+00	0.000000E+00	0.000000E+00
2.250085000000E+07	-6.567339E+00	0.000000E+00	0.000000E+00	0.000000E+00
2.325084500000E+07	-6.543257E+00	0.000000E+00	0.000000E+00	0.000000E+00
2.400084000000E+07	-6.497350E+00	0.000000E+00	0.000000E+00	0.000000E+00
2.475083500000E+07	-6.486346E+00	0.000000E+00	0.000000E+00	0.000000E+00
2.550083000000E+07	-6.449149E+00	0.000000E+00	0.000000E+00	0.000000E+00
2.625082500000E+07	-6.426425E+00	0.000000E+00	0.000000E+00	0.000000E+00
2.700082000000E+07	-6.379454E+00	0.000000E+00	0.000000E+00	0.000000E+00
2.775081500000E+07	-6.359850E+00	0.000000E+00	0.000000E+00	0.000000E+00
2.850081000000E+07	-6.326802E+00	0.000000E+00	0.000000E+00	0.000000E+00
2.925080500000E+07	-6.296579E+00	0.000000E+00	0.000000E+00	0.000000E+00
3.000080000000E+07	-6.243373E+00	0.000000E+00	0.000000E+00	0.000000E+00
3.075079500000E+07	-6.223334E+00	0.000000E+00	0.000000E+00	0.000000E+00
3.150079000000E+07	-6.177481E+00	0.000000E+00	0.000000E+00	0.000000E+00
3.225078500000E+07	-6.151967E+00	0.000000E+00	0.000000E+00	0.000000E+00
3.300078000000E+07	-6.102078E+00	0.000000E+00	0.000000E+00	0.000000E+00
3.375077500000E+07	-6.073157E+00	0.000000E+00	0.000000E+00	0.000000E+00
3.450077000000E+07	-6.037473E+00	0.000000E+00	0.000000E+00	0.000000E+00
3.525076500000E+07	-6.008302E+00	0.000000E+00	0.000000E+00	0.000000E+00
3.600076000000E+07	-5.959169E+00	0.000000E+00	0.000000E+00	0.000000E+00
3.675075500000E+07	-5.924368E+00	0.000000E+00	0.000000E+00	0.000000E+00
3.750075000000E+07	-5.897092E+00	0.000000E+00	0.000000E+00	0.000000E+00
3.825074500000E+07	-5.850918E+00	0.000000E+00	0.000000E+00	0.000000E+00
3.900074000000E+07	-5.775406E+00	0.000000E+00	0.000000E+00	0.000000E+00
3.975073500000E+07	-5.748582E+00	0.000000E+00	0.000000E+00	0.000000E+00
4.050073000000E+07	-5.709514E+00	0.000000E+00	0.000000E+00	0.000000E+00
4.125072500000E+07	-5.660074E+00	0.000000E+00	0.000000E+00	0.000000E+00
4.200072000000E+07	-5.610053E+00	0.000000E+00	0.000000E+00	0.000000E+00
4.275071500000E+07	-5.559735E+00	0.000000E+00	0.000000E+00	0.000000E+00
4.350071000000E+07	-5.531101E+00	0.000000E+00	0.000000E+00	0.000000E+00
4.425070500000E+07	-5.485218E+00	0.000000E+00	0.000000E+00	0.000000E+00
4.500070000000E+07	-5.464120E+00	0.000000E+00	0.000000E+00	0.000000E+00
4.575069500000E+07	-5.369295E+00	0.000000E+00	0.000000E+00	0.000000E+00
4.650069000000E+07	-5.342323E+00	0.000000E+00	0.000000E+00	0.000000E+00
4.725068500000E+07	-5.284457E+00	0.000000E+00	0.000000E+00	0.000000E+00
4.800068000000E+07	-5.234303E+00	0.000000E+00	0.000000E+00	0.000000E+00
4.875067500000E+07	-5.179986E+00	0.000000E+00	0.000000E+00	0.000000E+00
4.950067000000E+07	-5.157435E+00	0.000000E+00	0.000000E+00	0.000000E+00
5.025066500000E+07	-5.081506E+00	0.000000E+00	0.000000E+00	0.000000E+00
5.100066000000E+07	-5.043409E+00	0.000000E+00	0.000000E+00	0.000000E+00
5.175065500000E+07	-4.983515E+00	0.000000E+00	0.000000E+00	0.000000E+00
5.250065000000E+07	-4.917472E+00	0.000000E+00	0.000000E+00	0.000000E+00
5.325064500000E+07	-4.915167E+00	0.000000E+00	0.000000E+00	0.000000E+00
5.400064000000E+07	-4.826826E+00	0.000000E+00	0.000000E+00	0.000000E+00
5.475063500000E+07	-4.774403E+00	0.000000E+00	0.000000E+00	0.000000E+00
5.550063000000E+07	-4.708151E+00	0.000000E+00	0.000000E+00	0.000000E+00
5.625062500000E+07	-4.685488E+00	0.000000E+00	0.000000E+00	0.000000E+00
5.700062000000E+07	-4.612678E+00	0.000000E+00	0.000000E+00	0.000000E+00
5.775061500000E+07	-4.568117E+00	0.000000E+00	0.000000E+00	0.000000E+00
5.850061000000E+07	-4.524766E+00	0.000000E+00	0.000000E+00	0.000000E+00
5.925060500000E+07	-4.523653E+00	0.000000E+00	0.000000E+00	0.000000E+00
6.000060000000E+07	-4.473226E+00	0.000000E+00	0.000000E+00	0.000000E+00
6.075059500000E+07	-4.427798E+00	0.000000E+00	0.000000E+00	0.000000E+00
6.150059000000E+07	-4.391938E+00	0.000000E+00	0.000000E+00	0.000000E+00
6.225058500000E+07	-4.345873E+00	0.000000E+00	0.000000E+00	0.000000E+00
6.300058000000E+07	-4.291182E+00	0.000000E+00	0.000000E+00	0.000000E+00
6.375057500000E+07	-4.252815E+00	0.000000E+00	0.000000E+00	0.000000E+00
6.450057000000E+07	-4.193508E+00	0.000000E+00	0.000000E+00	0.000000E+00
6.525056500000E+07	-4.163327E+00	0.000000E+00	0.000000E+00	0.000000E+00
6.600056000000E+07	-4.112864E+00	0.000000E+00	0.000000E+00	0.000000E+00
6.675055500000E+07	-4.077940E+00	0.000000E+00	0.000000E+00	0.000000E+00
6.750055000000E+07	-4.079201E+00	0.000000E+00	0.000000E+00	0.000000E+00
6.825054500000E+07	-4.035646E+00	0.000000E+00	0.000000E+00	0.000000E+00
6.900054000000E+07	-4.018168E+00	0.000000E+00	0.000000E+00	0.000000E+00
6.975053500000E+07	-4.000482E+00	0.000000E+00	0.000000E+00	0.000000E+00
7.050053000000E+07	-4.053652E+00	0.000000E+00	0.000000E+00	0.000000E+00
7.125052500000E+07	-4.088583E+00	0.000000E+00	0.000000E+00	0.000000E+00
7.200052000000E+07	-4.080521E+00	0.000000E+00	0.000000E+00	0.000000E+00
7.275051500000E+07	-4.065434E+00	0.000000E+00	0.000000E+00	0.000000E+00
7.350051000000E+07	-4.085786E+00	0.000000E+00	0.000000E+00	0.000000E+00
7.425050500000E+07	-4.070993E+00	0.000000E+00	0.000000E+00	0.000000E+00
7.500050000000E+07	-4.042296E+00	0.000000E+00	0.000000E+00	0.000000E+00
7.575049500000E+07	-4.013285E+00	0.000000E+00	0.000000E+00	0.000000E+00
7.650049000000E+07	-3.965296E+00	0.000000E+00	0.000000E+00	0.000000E+00
7.725048500000E+07	-3.951177E+00	0.000000E+00	0.000000E+00	0.000000E+00
7.800048000000E+07	-3.899465E+00	0.000000E+00	0.000000E+00	0.000000E+00
7.875047500000E+07	-3.898257E+00	0.000000E+00	0.000000E+00	0.000000E+00
7.950047000000E+07	-3.902266E+00	0.000000E+00	0.000000E+00	0.000000E+00
8.025046500000E+07	-3.895232E+00	0.000000E+00	0.000000E+00	0.000000E+00
8.100046000000E+07	-3.854123E+00	0.000000E+00	0.000000E+00	0.000000E+00
8.175045500000E+07	-3.893347E+00	0.000000E+00	0.000000E+00	0.000000E+00
8.250045000000E+07	-3.862951E+00	0.000000E+00	0.000000E+00	0.000000E+00
8.325044500000E+07	-3.841071E+00	0.000000E+00	0.000000E+00	0.000000E+00
8.400044000000E+07	-3.845148E+00	0.000000E+00	0.000000E+00	0.000000E+00
8.475043500000E+07	-3.862201E+00	0.000000E+00	0.000000E+00	0.000000E+00
8.550043000000E+07	-3.849578E+00	0.000000E+00	0.000000E+00	0.000000E+00
8.625042500000E+07	-3.829177E+00	0.000000E+00	0.000000E+00	0.000000E+00
8.700042000000E+07	-3.827868E+00	0.000000E+00	0.000000E+00	0.000000E+00
8.775041500000E+07	-3.821001E+00	0.000000E+00	0.000000E+00	0.000000E+00
8.850041000000E+07	-3.833612E+00	0.000000E+00	0.000000E+00	0.000000E+00
8.925040500000E+07	-3.839403E+00	0.000000E+00	0.000000E+00	0.000000E+00
9.000040000000E+07	-3.806123E+00	0.000000E+00	0.000000E+00	0.000000E+00
9.075039500000E+07	-3.829621E+00	0.000000E+00	0.000000E+00	0.000000E+00
9.150039000000E+07	-3.842026E+00	0.000000E+00	0.000000E+00	0.000000E+00
9.225038500000E+07	-3.849292E+00	0.000000E+00	0.000000E+00	0.000000E+00
9.300038000000E+07	-3.874764E+00	0.000000E+00	0.000000E+00	0.000000E+00
9.375037500000E+07	-3.863196E+00	0.000000E+00	0.000000E+00	0.000000E+00
9.450037000000E+07	-3.873629E+00	0.000000E+00	0.000000E+00	0.000000E+00
9.525036500000E+07	-3.871459E+00	0.000000E+00	0.000000E+00	0.000000E+00
9.600036000000E+07	-3.920193E+00	0.000000E+00	0.000000E+00	0.000000E+00
9.675035500000E+07	-3.835050E+00	0.000000E+00	0.000000E+00	0.000000E+00
9.750035000000E+07	-3.808796E+00	0.000000E+00	0.000000E+00	0.000000E+00
9.825034500000E+07	-3.747033E+00	0.000000E+00	0.000000E+00	0.000000E+00
9.900034000000E+07	-3.656839E+00	0.000000E+00	0.000000E+00	0.000000E+00
9.975033500000E+07	-3.593790E+00	0.000000E+00	0.000000E+00	0.000000E+00
1.005003300000E+08	-3.539920E+00	0.000000E+00	0.000000E+00	0.000000E+00
1.012503250000E+08	-3.481286E+00	0.000000E+00	0.000000E+00	0.000000E+00
1.020003200000E+08	-3.437926E+00	0.000000E+00	0.000000E+00	0.000000E+00
1.027503150000E+08	-3.406552E+00	0.000000E+00	0.000000E+00	0.000000E+00
1.035003100000E+08	-3.372563E+00	0.000000E+00	0.000000E+00	0.000000E+00
1.042503050000E+08	-3.360516E+00	0.000000E+00	0.000000E+00	0.000000E+00
1.050003000000E+08	-3.347925E+00	0.000000E+00	0.000000E+00	0.000000E+00
1.057502950000E+08	-3.325945E+00	0.000000E+00	0.000000E+00	0.000000E+00
1.065002900000E+08	-3.304921E+00	0.000000E+00	0.000000E+00	0.000000E+00
1.072502850000E+08	-3.311769E+00	0.000000E+00	0.000000E+00	0.000000E+00
1.080002800000E+08	-3.260548E+00	0.000000E+00	0.000000E+00	0.000000E+00
1.087502750000E+08	-3.291138E+00	0.000000E+00	0.000000E+00	0.000000E+00
1.095002700000E+08	-3.266884E+00	0.000000E+00	0.000000E+00	0.000000E+00
1.102502650000E+08	-3.236023E+00	0.000000E+00	0.000000E+00	0.000000E+00
1.110002600000E+08	-3.215630E+00	0.000000E+00	0.000000E+00	0.000000E+00
1.117502550000E+08	-3.181931E+00	0.000000E+00	0.000000E+00	0.000000E+00
1.125002500000E+08	-3.140015E+00	0.000000E+00	0.000000E+00	0.000000E+00
1.132502450000E+08	-3.140105E+00	0.000000E+00	0.000000E+00	0.000000E+00
1.140002400000E+08	-3.080571E+00	0.000000E+00	0.000000E+00	0.000000E+00
1.147502350000E+08	-3.087559E+00	0.000000E+00	0.000000E+00	0.000000E+00
1.155002300000E+08	-3.049589E+00	0.000000E+00	0.000000E+00	0.000000E+00
1.162502250000E+08	-3.033628E+00	0.000000E+00	0.000000E+00	0.000000E+00
1.170002200000E+08	-2.999196E+00	0.000000E+00	0.000000E+00	0.000000E+00
1.177502150000E+08	-2.977381E+00	0.000000E+00	0.000000E+00	0.000000E+00
1.185002100000E+08	-2.956309E+00	0.000000E+00	0.000000E+00	0.000000E+00
1.192502050000E+08	-2.932127E+00	0.000000E+00	0.000000E+00	0.000000E+00
1.200002000000E+08	-2.868589E+00	0.000000E+00	0.000000E+00	0.000000E+00
1.207501950000E+08	-2.855395E+00	0.000000E+00	0.000000E+00	0.000000E+00
1.215001900000E+08	-2.794784E+00	0.000000E+00	0.000000E+00	0.000000E+00
1.222501850000E+08	-2.762316E+00	0.000000E+00	0.000000E+00	0.000000E+00
1.230001800000E+08	-2.746778E+00	0.000000E+00	0.000000E+00	0.000000E+00
1.237501750000E+08	-2.685470E+00	0.000000E+00	0.000000E+00	0.000000E+00
1.245001700000E+08	-2.636665E+00	0.000000E+00	0.000000E+00	0.000000E+00
1.252501650000E+08	-2.576147E+00	0.000000E+00	0.000000E+00	0.000000E+00
1.260001600000E+08	-2.502234E+00	0.000000E+00	0.000000E+00	0.000000E+00
1.267501550000E+08	-2.481601E+00	0.000000E+00	0.000000E+00	0.000000E+00
1.275001500000E+08	-2.414113E+00	0.000000E+00	0.000000E+00	0.000000E+00
1.282501450000E+08	-2.370008E+00	0.000000E+00	0.000000E+00	0.000000E+00
1.290001400000E+08	-2.308146E+00	0.000000E+00	0.000000E+00	0.000000E+00
1.297501350000E+08	-2.250427E+00	0.000000E+00	0.000000E+00	0.000000E+00
1.305001300000E+08	-2.182648E+00	0.000000E+00	0.000000E+00	0.000000E+00
1.312501250000E+08	-2.116581E+00	0.000000E+00	0.000000E+00	0.000000E+00
1.320001200000E+08	-2.034461E+00	0.000000E+00	0.000000E+00	0.000000E+00
1.327501150000E+08	-1.964159E+00	0.000000E+00	0.000000E+00	0.000000E+00
1.335001100000E+08	-1.890312E+00	0.000000E+00	0.000000E+00	0.000000E+00
1.342501050000E+08	-1.787162E+00	0.000000E+00	0.000000E+00	0.000000E+00
1.350001000000E+08	-1.727062E+00	0.000000E+00	0.000000E+00	0.000000E+00
1.357500950000E+08	-1.623325E+00	0.000000E+00	0.000000E+00	0.000000E+00
1.365000900000E+08	-1.527627E+00	0.000000E+00	0.000000E+00	0.000000E+00
1.372500850000E+08	-1.417943E+00	0.000000E+00	0.000000E+00	0.000000E+00
1.380000800000E+08	-1.315892E+00	0.000000E+00	0.000000E+00	0.000000E+00
1.387500750000E+08	-1.220332E+00	0.000000E+00	0.000000E+00	0.000000E+00
1.395000700000E+08	-1.071715E+00	0.000000E+00	0.000000E+00	0.000000E+00
1.402500650000E+08	-9.606915E-01	0.000000E+00	0.000000E+00	0.000000E+00
1.410000600000E+08	-8.271762E-01	0.000000E+00	0.000000E+00	0.000000E+00
1.417500550000E+08	-6.588643E-01	0.000000E+00	0.000000E+00	0.000000E+00
1.425000500000E+08	-5.079715E-01	0.000000E+00	0.000000E+00	0.000000E+00
1.432500450000E+08	-3.523916E-01	0.000000E+00	0.000000E+00	0.000000E+00
1.440000400000E+08	-1.601605E-01	0.000000E+00	0.000000E+00	0.000000E+00
1.447500350000E+08	4.148950E-02	0.000000E+00	0.000000E+00	0.000000E+00
1.455000300000E+08	2.397659E-01	0.000000E+00	0.000000E+00	0.000000E+00
1.462500250000E+08	4.785373E-01	0.000000E+00	0.000000E+00	0.000000E+00
1.470000200000E+08	7.326753E-01	0.000000E+00	0.000000E+00	0.000000E+00
1.477500150000E+08	9.637329E-01	0.000000E+00	0.000000E+00	0.000000E+00
1.485000100000E+08	1.274377E+00	0.000000E+00	0.000000E+00	0.000000E+00
1.492500050000E+08	1.589005E+00	0.000000E+00	0.000000E+00	0.000000E+00
1.500000000000E+08	1.944619E+00	0.000000E+00	0.000000E+00	0.000000E+00



"CHANNEL: 2"
"MEASURE TYPE: A/R"
"FORMAT TYPE: PHASE (DEG)"
"NUMBER of POINTS: 201"
"SWEEP TIME:  96.48 ms"
"SWEEP TYPE: LIN FREQ"
"SOURCE POWER: -2.5 dBm"
"IF BANDWIDTH:  30 kHz"

"Frequency"	"Data Trace Real"	"Data Trace Imag"	"Memory Trace Real"	"Memory Trace Imag"
1.000000000000E+03	-2.180290E+01	0.000000E+00	0.000000E+00	0.000000E+00
7.509950000000E+05	1.016063E+02	0.000000E+00	0.000000E+00	0.000000E+00
1.500990000000E+06	7.042412E+01	0.000000E+00	0.000000E+00	0.000000E+00
2.250985000000E+06	4.877577E+01	0.000000E+00	0.000000E+00	0.000000E+00
3.000980000000E+06	3.569204E+01	0.000000E+00	0.000000E+00	0.000000E+00
3.750975000000E+06	2.643080E+01	0.000000E+00	0.000000E+00	0.000000E+00
4.500970000000E+06	1.922234E+01	0.000000E+00	0.000000E+00	0.000000E+00
5.250965000000E+06	1.300354E+01	0.000000E+00	0.000000E+00	0.000000E+00
6.000960000000E+06	8.045671E+00	0.000000E+00	0.000000E+00	0.000000E+00
6.750955000000E+06	3.085460E+00	0.000000E+00	0.000000E+00	0.000000E+00
7.500950000000E+06	-1.032243E+00	0.000000E+00	0.000000E+00	0.000000E+00
8.250945000000E+06	-4.820748E+00	0.000000E+00	0.000000E+00	0.000000E+00
9.000940000000E+06	-8.405829E+00	0.000000E+00	0.000000E+00	0.000000E+00
9.750935000000E+06	-1.189771E+01	0.000000E+00	0.000000E+00	0.000000E+00
1.050093000000E+07	-1.511071E+01	0.000000E+00	0.000000E+00	0.000000E+00
1.125092500000E+07	-1.817008E+01	0.000000E+00	0.000000E+00	0.000000E+00
1.200092000000E+07	-2.106686E+01	0.000000E+00	0.000000E+00	0.000000E+00
1.275091500000E+07	-2.419200E+01	0.000000E+00	0.000000E+00	0.000000E+00
1.350091000000E+07	-2.687243E+01	0.000000E+00	0.000000E+00	0.000000E+00
1.425090500000E+07	-2.956500E+01	0.000000E+00	0.000000E+00	0.000000E+00
1.500090000000E+07	-3.240539E+01	0.000000E+00	0.000000E+00	0.000000E+00
1.575089500000E+07	-3.491327E+01	0.000000E+00	0.000000E+00	0.000000E+00
1.650089000000E+07	-3.762510E+01	0.000000E+00	0.000000E+00	0.000000E+00
1.725088500000E+07	-4.027427E+01	0.000000E+00	0.000000E+00	0.000000E+00
1.800088000000E+07	-4.270982E+01	0.000000E+00	0.000000E+00	0.000000E+00
1.875087500000E+07	-4.519517E+01	0.000000E+00	0.000000E+00	0.000000E+00
1.950087000000E+07	-4.755553E+01	0.000000E+00	0.000000E+00	0.000000E+00
2.025086500000E+07	-5.028978E+01	0.000000E+00	0.000000E+00	0.000000E+00
2.100086000000E+07	-5.261605E+01	0.000000E+00	0.000000E+00	0.000000E+00
2.175085500000E+07	-5.493945E+01	0.000000E+00	0.000000E+00	0.000000E+00
2.250085000000E+07	-5.744754E+01	0.000000E+00	0.000000E+00	0.000000E+00
2.325084500000E+07	-5.991619E+01	0.000000E+00	0.000000E+00	0.000000E+00
2.400084000000E+07	-6.238767E+01	0.000000E+00	0.000000E+00	0.000000E+00
2.475083500000E+07	-6.460091E+01	0.000000E+00	0.000000E+00	0.000000E+00
2.550083000000E+07	-6.731179E+01	0.000000E+00	0.000000E+00	0.000000E+00
2.625082500000E+07	-6.975047E+01	0.000000E+00	0.000000E+00	0.000000E+00
2.700082000000E+07	-7.206528E+01	0.000000E+00	0.000000E+00	0.000000E+00
2.775081500000E+07	-7.431456E+01	0.000000E+00	0.000000E+00	0.000000E+00
2.850081000000E+07	-7.665400E+01	0.000000E+00	0.000000E+00	0.000000E+00
2.925080500000E+07	-7.904115E+01	0.000000E+00	0.000000E+00	0.000000E+00
3.000080000000E+07	-8.145793E+01	0.000000E+00	0.000000E+00	0.000000E+00
3.075079500000E+07	-8.380827E+01	0.000000E+00	0.000000E+00	0.000000E+00
3.150079000000E+07	-8.619570E+01	0.000000E+00	0.000000E+00	0.000000E+00
3.225078500000E+07	-8.859151E+01	0.000000E+00	0.000000E+00	0.000000E+00
3.300078000000E+07	-9.088610E+01	0.000000E+00	0.000000E+00	0.000000E+00
3.375077500000E+07	-9.323537E+01	0.000000E+00	0.000000E+00	0.000000E+00
3.450077000000E+07	-9.555646E+01	0.000000E+00	0.000000E+00	0.000000E+00
3.525076500000E+07	-9.794743E+01	0.000000E+00	0.000000E+00	0.000000E+00
3.600076000000E+07	-1.002522E+02	0.000000E+00	0.000000E+00	0.000000E+00
3.675075500000E+07	-1.025591E+02	0.000000E+00	0.000000E+00	0.000000E+00
3.750075000000E+07	-1.049321E+02	0.000000E+00	0.000000E+00	0.000000E+00
3.825074500000E+07	-1.072619E+02	0.000000E+00	0.000000E+00	0.000000E+00
3.900074000000E+07	-1.096175E+02	0.000000E+00	0.000000E+00	0.000000E+00
3.975073500000E+07	-1.120379E+02	0.000000E+00	0.000000E+00	0.000000E+00
4.050073000000E+07	-1.144290E+02	0.000000E+00	0.000000E+00	0.000000E+00
4.125072500000E+07	-1.166641E+02	0.000000E+00	0.000000E+00	0.000000E+00
4.200072000000E+07	-1.190436E+02	0.000000E+00	0.000000E+00	0.000000E+00
4.275071500000E+07	-1.216214E+02	0.000000E+00	0.000000E+00	0.000000E+00
4.350071000000E+07	-1.239061E+02	0.000000E+00	0.000000E+00	0.000000E+00
4.425070500000E+07	-1.263066E+02	0.000000E+00	0.000000E+00	0.000000E+00
4.500070000000E+07	-1.286255E+02	0.000000E+00	0.000000E+00	0.000000E+00
4.575069500000E+07	-1.310851E+02	0.000000E+00	0.000000E+00	0.000000E+00
4.650069000000E+07	-1.335064E+02	0.000000E+00	0.000000E+00	0.000000E+00
4.725068500000E+07	-1.357898E+02	0.000000E+00	0.000000E+00	0.000000E+00
4.800068000000E+07	-1.382950E+02	0.000000E+00	0.000000E+00	0.000000E+00
4.875067500000E+07	-1.407534E+02	0.000000E+00	0.000000E+00	0.000000E+00
4.950067000000E+07	-1.431549E+02	0.000000E+00	0.000000E+00	0.000000E+00
5.025066500000E+07	-1.456635E+02	0.000000E+00	0.000000E+00	0.000000E+00
5.100066000000E+07	-1.479710E+02	0.000000E+00	0.000000E+00	0.000000E+00
5.175065500000E+07	-1.505737E+02	0.000000E+00	0.000000E+00	0.000000E+00
5.250065000000E+07	-1.530421E+02	0.000000E+00	0.000000E+00	0.000000E+00
5.325064500000E+07	-1.554787E+02	0.000000E+00	0.000000E+00	0.000000E+00
5.400064000000E+07	-1.579622E+02	0.000000E+00	0.000000E+00	0.000000E+00
5.475063500000E+07	-1.606325E+02	0.000000E+00	0.000000E+00	0.000000E+00
5.550063000000E+07	-1.631229E+02	0.000000E+00	0.000000E+00	0.000000E+00
5.625062500000E+07	-1.656541E+02	0.000000E+00	0.000000E+00	0.000000E+00
5.700062000000E+07	-1.682447E+02	0.000000E+00	0.000000E+00	0.000000E+00
5.775061500000E+07	-1.707442E+02	0.000000E+00	0.000000E+00	0.000000E+00
5.850061000000E+07	-1.735550E+02	0.000000E+00	0.000000E+00	0.000000E+00
5.925060500000E+07	-1.757485E+02	0.000000E+00	0.000000E+00	0.000000E+00
6.000060000000E+07	-1.783427E+02	0.000000E+00	0.000000E+00	0.000000E+00
6.075059500000E+07	1.790870E+02	0.000000E+00	0.000000E+00	0.000000E+00
6.150059000000E+07	1.764892E+02	0.000000E+00	0.000000E+00	0.000000E+00
6.225058500000E+07	1.740661E+02	0.000000E+00	0.000000E+00	0.000000E+00
6.300058000000E+07	1.714832E+02	0.000000E+00	0.000000E+00	0.000000E+00
6.375057500000E+07	1.687557E+02	0.000000E+00	0.000000E+00	0.000000E+00
6.450057000000E+07	1.661660E+02	0.000000E+00	0.000000E+00	0.000000E+00
6.525056500000E+07	1.634978E+02	0.000000E+00	0.000000E+00	0.000000E+00
6.600056000000E+07	1.606975E+02	0.000000E+00	0.000000E+00	0.000000E+00
6.675055500000E+07	1.581237E+02	0.000000E+00	0.000000E+00	0.000000E+00
6.750055000000E+07	1.554332E+02	0.000000E+00	0.000000E+00	0.000000E+00
6.825054500000E+07	1.524677E+02	0.000000E+00	0.000000E+00	0.000000E+00
6.900054000000E+07	1.498481E+02	0.000000E+00	0.000000E+00	0.000000E+00
6.975053500000E+07	1.471082E+02	0.000000E+00	0.000000E+00	0.000000E+00
7.050053000000E+07	1.443762E+02	0.000000E+00	0.000000E+00	0.000000E+00
7.125052500000E+07	1.419251E+02	0.000000E+00	0.000000E+00	0.000000E+00
7.200052000000E+07	1.396242E+02	0.000000E+00	0.000000E+00	0.000000E+00
7.275051500000E+07	1.372158E+02	0.000000E+00	0.000000E+00	0.000000E+00
7.350051000000E+07	1.346702E+02	0.000000E+00	0.000000E+00	0.000000E+00
7.425050500000E+07	1.322633E+02	0.000000E+00	0.000000E+00	0.000000E+00
7.500050000000E+07	1.299184E+02	0.000000E+00	0.000000E+00	0.000000E+00
7.575049500000E+07	1.273754E+02	0.000000E+00	0.000000E+00	0.000000E+00
7.650049000000E+07	1.249315E+02	0.000000E+00	0.000000E+00	0.000000E+00
7.725048500000E+07	1.223665E+02	0.000000E+00	0.000000E+00	0.000000E+00
7.800048000000E+07	1.199228E+02	0.000000E+00	0.000000E+00	0.000000E+00
7.875047500000E+07	1.172841E+02	0.000000E+00	0.000000E+00	0.000000E+00
7.950047000000E+07	1.146382E+02	0.000000E+00	0.000000E+00	0.000000E+00
8.025046500000E+07	1.121097E+02	0.000000E+00	0.000000E+00	0.000000E+00
8.100046000000E+07	1.095257E+02	0.000000E+00	0.000000E+00	0.000000E+00
8.175045500000E+07	1.069928E+02	0.000000E+00	0.000000E+00	0.000000E+00
8.250045000000E+07	1.045666E+02	0.000000E+00	0.000000E+00	0.000000E+00
8.325044500000E+07	1.019555E+02	0.000000E+00	0.000000E+00	0.000000E+00
8.400044000000E+07	9.955208E+01	0.000000E+00	0.000000E+00	0.000000E+00
8.475043500000E+07	9.691129E+01	0.000000E+00	0.000000E+00	0.000000E+00
8.550043000000E+07	9.453338E+01	0.000000E+00	0.000000E+00	0.000000E+00
8.625042500000E+07	9.194751E+01	0.000000E+00	0.000000E+00	0.000000E+00
8.700042000000E+07	8.937794E+01	0.000000E+00	0.000000E+00	0.000000E+00
8.775041500000E+07	8.708128E+01	0.000000E+00	0.000000E+00	0.000000E+00
8.850041000000E+07	8.446008E+01	0.000000E+00	0.000000E+00	0.000000E+00
8.925040500000E+07	8.190725E+01	0.000000E+00	0.000000E+00	0.000000E+00
9.000040000000E+07	7.956838E+01	0.000000E+00	0.000000E+00	0.000000E+00
9.075039500000E+07	7.726878E+01	0.000000E+00	0.000000E+00	0.000000E+00
9.150039000000E+07	7.482634E+01	0.000000E+00	0.000000E+00	0.000000E+00
9.225038500000E+07	7.246275E+01	0.000000E+00	0.000000E+00	0.000000E+00
9.300038000000E+07	6.999989E+01	0.000000E+00	0.000000E+00	0.000000E+00
9.375037500000E+07	6.766801E+01	0.000000E+00	0.000000E+00	0.000000E+00
9.450037000000E+07	6.548431E+01	0.000000E+00	0.000000E+00	0.000000E+00
9.525036500000E+07	6.337221E+01	0.000000E+00	0.000000E+00	0.000000E+00
9.600036000000E+07	6.113306E+01	0.000000E+00	0.000000E+00	0.000000E+00
9.675035500000E+07	5.932732E+01	0.000000E+00	0.000000E+00	0.000000E+00
9.750035000000E+07	5.717546E+01	0.000000E+00	0.000000E+00	0.000000E+00
9.825034500000E+07	5.507333E+01	0.000000E+00	0.000000E+00	0.000000E+00
9.900034000000E+07	5.285477E+01	0.000000E+00	0.000000E+00	0.000000E+00
9.975033500000E+07	5.041760E+01	0.000000E+00	0.000000E+00	0.000000E+00
1.005003300000E+08	4.786795E+01	0.000000E+00	0.000000E+00	0.000000E+00
1.012503250000E+08	4.529454E+01	0.000000E+00	0.000000E+00	0.000000E+00
1.020003200000E+08	4.284462E+01	0.000000E+00	0.000000E+00	0.000000E+00
1.027503150000E+08	4.014207E+01	0.000000E+00	0.000000E+00	0.000000E+00
1.035003100000E+08	3.746545E+01	0.000000E+00	0.000000E+00	0.000000E+00
1.042503050000E+08	3.510349E+01	0.000000E+00	0.000000E+00	0.000000E+00
1.050003000000E+08	3.275047E+01	0.000000E+00	0.000000E+00	0.000000E+00
1.057502950000E+08	3.014263E+01	0.000000E+00	0.000000E+00	0.000000E+00
1.065002900000E+08	2.768156E+01	0.000000E+00	0.000000E+00	0.000000E+00
1.072502850000E+08	2.514340E+01	0.000000E+00	0.000000E+00	0.000000E+00
1.080002800000E+08	2.277985E+01	0.000000E+00	0.000000E+00	0.000000E+00
1.087502750000E+08	2.041523E+01	0.000000E+00	0.000000E+00	0.000000E+00
1.095002700000E+08	1.807176E+01	0.000000E+00	0.000000E+00	0.000000E+00
1.102502650000E+08	1.577779E+01	0.000000E+00	0.000000E+00	0.000000E+00
1.110002600000E+08	1.327430E+01	0.000000E+00	0.000000E+00	0.000000E+00
1.117502550000E+08	1.097161E+01	0.000000E+00	0.000000E+00	0.000000E+00
1.125002500000E+08	8.522244E+00	0.000000E+00	0.000000E+00	0.000000E+00
1.132502450000E+08	5.983736E+00	0.000000E+00	0.000000E+00	0.000000E+00
1.140002400000E+08	3.643542E+00	0.000000E+00	0.000000E+00	0.000000E+00
1.147502350000E+08	1.086413E+00	0.000000E+00	0.000000E+00	0.000000E+00
1.155002300000E+08	-1.326996E+00	0.000000E+00	0.000000E+00	0.000000E+00
1.162502250000E+08	-3.587254E+00	0.000000E+00	0.000000E+00	0.000000E+00
1.170002200000E+08	-6.107519E+00	0.000000E+00	0.000000E+00	0.000000E+00
1.177502150000E+08	-8.235915E+00	0.000000E+00	0.000000E+00	0.000000E+00
1.185002100000E+08	-1.071472E+01	0.000000E+00	0.000000E+00	0.000000E+00
1.192502050000E+08	-1.314081E+01	0.000000E+00	0.000000E+00	0.000000E+00
1.200002000000E+08	-1.551400E+01	0.000000E+00	0.000000E+00	0.000000E+00
1.207501950000E+08	-1.777823E+01	0.000000E+00	0.000000E+00	0.000000E+00
1.215001900000E+08	-1.998984E+01	0.000000E+00	0.000000E+00	0.000000E+00
1.222501850000E+08	-2.260024E+01	0.000000E+00	0.000000E+00	0.000000E+00
1.230001800000E+08	-2.486345E+01	0.000000E+00	0.000000E+00	0.000000E+00
1.237501750000E+08	-2.731061E+01	0.000000E+00	0.000000E+00	0.000000E+00
1.245001700000E+08	-2.945198E+01	0.000000E+00	0.000000E+00	0.000000E+00
1.252501650000E+08	-3.183124E+01	0.000000E+00	0.000000E+00	0.000000E+00
1.260001600000E+08	-3.432107E+01	0.000000E+00	0.000000E+00	0.000000E+00
1.267501550000E+08	-3.648722E+01	0.000000E+00	0.000000E+00	0.000000E+00
1.275001500000E+08	-3.891178E+01	0.000000E+00	0.000000E+00	0.000000E+00
1.282501450000E+08	-4.138332E+01	0.000000E+00	0.000000E+00	0.000000E+00
1.290001400000E+08	-4.363381E+01	0.000000E+00	0.000000E+00	0.000000E+00
1.297501350000E+08	-4.605828E+01	0.000000E+00	0.000000E+00	0.000000E+00
1.305001300000E+08	-4.838394E+01	0.000000E+00	0.000000E+00	0.000000E+00
1.312501250000E+08	-5.084791E+01	0.000000E+00	0.000000E+00	0.000000E+00
1.320001200000E+08	-5.317819E+01	0.000000E+00	0.000000E+00	0.000000E+00
1.327501150000E+08	-5.552247E+01	0.000000E+00	0.000000E+00	0.000000E+00
1.335001100000E+08	-5.798338E+01	0.000000E+00	0.000000E+00	0.000000E+00
1.342501050000E+08	-6.030546E+01	0.000000E+00	0.000000E+00	0.000000E+00
1.350001000000E+08	-6.271695E+01	0.000000E+00	0.000000E+00	0.000000E+00
1.357500950000E+08	-6.519638E+01	0.000000E+00	0.000000E+00	0.000000E+00
1.365000900000E+08	-6.749359E+01	0.000000E+00	0.000000E+00	0.000000E+00
1.372500850000E+08	-7.007820E+01	0.000000E+00	0.000000E+00	0.000000E+00
1.380000800000E+08	-7.234407E+01	0.000000E+00	0.000000E+00	0.000000E+00
1.387500750000E+08	-7.495001E+01	0.000000E+00	0.000000E+00	0.000000E+00
1.395000700000E+08	-7.747478E+01	0.000000E+00	0.000000E+00	0.000000E+00
1.402500650000E+08	-7.997499E+01	0.000000E+00	0.000000E+00	0.000000E+00
1.410000600000E+08	-8.253900E+01	0.000000E+00	0.000000E+00	0.000000E+00
1.417500550000E+08	-8.489328E+01	0.000000E+00	0.000000E+00	0.000000E+00
1.425000500000E+08	-8.748272E+01	0.000000E+00	0.000000E+00	0.000000E+00
1.432500450000E+08	-9.018906E+01	0.000000E+00	0.000000E+00	0.000000E+00
1.440000400000E+08	-9.304987E+01	0.000000E+00	0.000000E+00	0.000000E+00
1.447500350000E+08	-9.580933E+01	0.000000E+00	0.000000E+00	0.000000E+00
1.455000300000E+08	-9.866680E+01	0.000000E+00	0.000000E+00	0.000000E+00
1.462500250000E+08	-1.017581E+02	0.000000E+00	0.000000E+00	0.000000E+00
1.470000200000E+08	-1.049355E+02	0.000000E+00	0.000000E+00	0.000000E+00
1.477500150000E+08	-1.083732E+02	0.000000E+00	0.000000E+00	0.000000E+00
1.485000100000E+08	-1.121221E+02	0.000000E+00	0.000000E+00	0.000000E+00
1.492500050000E+08	-1.161046E+02	0.000000E+00	0.000000E+00	0.000000E+00
1.500000000000E+08	-1.208498E+02	0.000000E+00	0.000000E+00	0.000000E+00
