+3.000000e+003	   +3.467098e+001
+3.003378e+003	   +3.445533e+001
+3.006760e+003	   +3.423993e+001
+3.010146e+003	   +3.530040e+001
+3.013535e+003	   +3.497338e+001
+3.016929e+003	   +3.551133e+001
+3.020326e+003	   +3.579715e+001
+3.023727e+003	   +3.441139e+001
+3.027132e+003	   +3.517900e+001
+3.030541e+003	   +3.515284e+001
+3.033953e+003	   +3.468641e+001
+3.037369e+003	   +3.458022e+001
+3.040790e+003	   +3.360948e+001
+3.044214e+003	   +3.577678e+001
+3.047641e+003	   +3.543178e+001
+3.051073e+003	   +3.619611e+001
+3.054509e+003	   +3.467162e+001
+3.057948e+003	   +3.522433e+001
+3.061392e+003	   +3.513070e+001
+3.064839e+003	   +3.464223e+001
+3.068290e+003	   +3.436402e+001
+3.071745e+003	   +3.545745e+001
+3.075204e+003	   +3.670178e+001
+3.078667e+003	   +3.556182e+001
+3.082134e+003	   +3.693091e+001
+3.085604e+003	   +3.660089e+001
+3.089079e+003	   +3.629662e+001
+3.092557e+003	   +3.615271e+001
+3.096040e+003	   +3.592955e+001
+3.099526e+003	   +3.667599e+001
+3.103016e+003	   +3.562705e+001
+3.106510e+003	   +3.487041e+001
+3.110008e+003	   +3.475987e+001
+3.113510e+003	   +3.776679e+001
+3.117016e+003	   +3.569641e+001
+3.120526e+003	   +3.608634e+001
+3.124040e+003	   +3.514195e+001
+3.127558e+003	   +3.650399e+001
+3.131079e+003	   +3.549672e+001
+3.134605e+003	   +3.595896e+001
+3.138135e+003	   +3.502468e+001
+3.141668e+003	   +3.624491e+001
+3.145206e+003	   +3.652069e+001
+3.148748e+003	   +3.642607e+001
+3.152293e+003	   +3.637281e+001
+3.155843e+003	   +3.693566e+001
+3.159397e+003	   +3.469723e+001
+3.162954e+003	   +3.613008e+001
+3.166516e+003	   +3.639974e+001
+3.170082e+003	   +3.631540e+001
+3.173651e+003	   +3.662060e+001
+3.177225e+003	   +3.612615e+001
+3.180802e+003	   +3.613017e+001
+3.184384e+003	   +3.574829e+001
+3.187970e+003	   +3.678338e+001
+3.191560e+003	   +3.532637e+001
+3.195154e+003	   +3.611441e+001
+3.198751e+003	   +3.619336e+001
+3.202353e+003	   +3.562943e+001
+3.205959e+003	   +3.641515e+001
+3.209569e+003	   +3.664237e+001
+3.213184e+003	   +3.576240e+001
+3.216802e+003	   +3.663431e+001
+3.220424e+003	   +3.648710e+001
+3.224050e+003	   +3.649620e+001
+3.227681e+003	   +3.619819e+001
+3.231315e+003	   +3.635028e+001
+3.234954e+003	   +3.648210e+001
+3.238596e+003	   +3.705398e+001
+3.242243e+003	   +3.638106e+001
+3.245894e+003	   +3.670909e+001
+3.249549e+003	   +3.615160e+001
+3.253208e+003	   +3.645802e+001
+3.256872e+003	   +3.645057e+001
+3.260539e+003	   +3.696875e+001
+3.264210e+003	   +3.684501e+001
+3.267886e+003	   +3.646783e+001
+3.271566e+003	   +3.681110e+001
+3.275250e+003	   +3.701089e+001
+3.278938e+003	   +3.717492e+001
+3.282630e+003	   +3.643497e+001
+3.286326e+003	   +3.686977e+001
+3.290027e+003	   +3.700464e+001
+3.293732e+003	   +3.703198e+001
+3.297440e+003	   +3.699435e+001
+3.301154e+003	   +3.665935e+001
+3.304871e+003	   +3.743201e+001
+3.308592e+003	   +3.707512e+001
+3.312318e+003	   +3.684357e+001
+3.316048e+003	   +3.688969e+001
+3.319782e+003	   +3.696246e+001
+3.323520e+003	   +3.728175e+001
+3.327262e+003	   +3.706910e+001
+3.331009e+003	   +3.700975e+001
+3.334760e+003	   +3.703611e+001
+3.338515e+003	   +3.707403e+001
+3.342274e+003	   +3.718095e+001
+3.346038e+003	   +3.724899e+001
+3.349805e+003	   +3.746267e+001
+3.353578e+003	   +3.720879e+001
+3.357354e+003	   +3.723172e+001
+3.361134e+003	   +3.731985e+001
+3.364919e+003	   +3.743348e+001
+3.368708e+003	   +3.725638e+001
+3.372501e+003	   +3.729626e+001
+3.376299e+003	   +3.757172e+001
+3.380101e+003	   +3.761599e+001
+3.383907e+003	   +3.768102e+001
+3.387718e+003	   +3.746146e+001
+3.391532e+003	   +3.746614e+001
+3.395351e+003	   +3.779579e+001
+3.399175e+003	   +3.741029e+001
+3.403002e+003	   +3.760455e+001
+3.406834e+003	   +3.771569e+001
+3.410670e+003	   +3.760688e+001
+3.414511e+003	   +3.766654e+001
+3.418356e+003	   +3.744088e+001
+3.422205e+003	   +3.742162e+001
+3.426058e+003	   +3.778469e+001
+3.429916e+003	   +3.772084e+001
+3.433779e+003	   +3.797562e+001
+3.437645e+003	   +3.774932e+001
+3.441516e+003	   +3.776403e+001
+3.445391e+003	   +3.806804e+001
+3.449271e+003	   +3.807597e+001
+3.453155e+003	   +3.818297e+001
+3.457043e+003	   +3.781189e+001
+3.460936e+003	   +3.800415e+001
+3.464833e+003	   +3.790441e+001
+3.468735e+003	   +3.802670e+001
+3.472641e+003	   +3.798225e+001
+3.476551e+003	   +3.791924e+001
+3.480466e+003	   +3.800285e+001
+3.484385e+003	   +3.820994e+001
+3.488309e+003	   +3.815617e+001
+3.492237e+003	   +3.807351e+001
+3.496169e+003	   +3.820755e+001
+3.500106e+003	   +3.825889e+001
+3.504047e+003	   +3.801281e+001
+3.507993e+003	   +3.847713e+001
+3.511943e+003	   +3.845015e+001
+3.515897e+003	   +3.841215e+001
+3.519857e+003	   +3.832659e+001
+3.523820e+003	   +3.826826e+001
+3.527788e+003	   +3.824453e+001
+3.531760e+003	   +3.838313e+001
+3.535737e+003	   +3.858970e+001
+3.539719e+003	   +3.854929e+001
+3.543705e+003	   +3.849825e+001
+3.547695e+003	   +3.846433e+001
+3.551690e+003	   +3.866586e+001
+3.555689e+003	   +3.853445e+001
+3.559693e+003	   +3.849179e+001
+3.563701e+003	   +3.858683e+001
+3.567714e+003	   +3.883572e+001
+3.571732e+003	   +3.866333e+001
+3.575754e+003	   +3.858542e+001
+3.579780e+003	   +3.860319e+001
+3.583811e+003	   +3.886357e+001
+3.587847e+003	   +3.880526e+001
+3.591887e+003	   +3.876243e+001
+3.595931e+003	   +3.898387e+001
+3.599980e+003	   +3.913005e+001
+3.604034e+003	   +3.880077e+001
+3.608093e+003	   +3.900080e+001
+3.612155e+003	   +3.894588e+001
+3.616223e+003	   +3.893542e+001
+3.620295e+003	   +3.915422e+001
+3.624371e+003	   +3.895615e+001
+3.628453e+003	   +3.893734e+001
+3.632538e+003	   +3.897302e+001
+3.636629e+003	   +3.918943e+001
+3.640724e+003	   +3.929187e+001
+3.644823e+003	   +3.912963e+001
+3.648927e+003	   +3.933714e+001
+3.653036e+003	   +3.925349e+001
+3.657150e+003	   +3.936150e+001
+3.661268e+003	   +3.936697e+001
+3.665391e+003	   +3.954373e+001
+3.669518e+003	   +3.925317e+001
+3.673650e+003	   +3.942635e+001
+3.677787e+003	   +3.952582e+001
+3.681928e+003	   +3.945758e+001
+3.686074e+003	   +3.951114e+001
+3.690225e+003	   +3.942733e+001
+3.694380e+003	   +3.918397e+001
+3.698540e+003	   +3.981000e+001
+3.702705e+003	   +3.945979e+001
+3.706874e+003	   +3.926268e+001
+3.711048e+003	   +3.943665e+001
+3.715227e+003	   +3.949813e+001
+3.719411e+003	   +3.984505e+001
+3.723599e+003	   +3.936429e+001
+3.727792e+003	   +3.942573e+001
+3.731990e+003	   +3.992643e+001
+3.736192e+003	   +4.016589e+001
+3.740399e+003	   +4.004186e+001
+3.744611e+003	   +3.977116e+001
+3.748827e+003	   +3.968342e+001
+3.753049e+003	   +4.008827e+001
+3.757275e+003	   +4.006787e+001
+3.761506e+003	   +4.003458e+001
+3.765741e+003	   +3.998267e+001
+3.769982e+003	   +3.991364e+001
+3.774227e+003	   +3.977565e+001
+3.778477e+003	   +4.015481e+001
+3.782731e+003	   +3.993719e+001
+3.786991e+003	   +3.984938e+001
+3.791255e+003	   +3.993234e+001
+3.795524e+003	   +3.997578e+001
+3.799798e+003	   +4.018644e+001
+3.804077e+003	   +4.014227e+001
+3.808361e+003	   +3.980281e+001
+3.812649e+003	   +4.023210e+001
+3.816942e+003	   +4.011116e+001
+3.821240e+003	   +4.020929e+001
+3.825543e+003	   +4.033136e+001
+3.829851e+003	   +4.033982e+001
+3.834163e+003	   +4.014952e+001
+3.838481e+003	   +4.030620e+001
+3.842803e+003	   +4.026338e+001
+3.847130e+003	   +4.024266e+001
+3.851462e+003	   +4.023271e+001
+3.855799e+003	   +4.060237e+001
+3.860141e+003	   +4.036948e+001
+3.864488e+003	   +4.049411e+001
+3.868839e+003	   +4.063017e+001
+3.873196e+003	   +4.060258e+001
+3.877557e+003	   +4.037038e+001
+3.881923e+003	   +4.049148e+001
+3.886295e+003	   +4.060268e+001
+3.890671e+003	   +4.055870e+001
+3.895052e+003	   +4.069184e+001
+3.899438e+003	   +4.036293e+001
+3.903829e+003	   +4.062838e+001
+3.908225e+003	   +4.065894e+001
+3.912625e+003	   +4.075080e+001
+3.917031e+003	   +4.065137e+001
+3.921442e+003	   +4.091278e+001
+3.925858e+003	   +4.084311e+001
+3.930278e+003	   +4.071817e+001
+3.934704e+003	   +4.081335e+001
+3.939135e+003	   +4.103039e+001
+3.943570e+003	   +4.090941e+001
+3.948011e+003	   +4.092198e+001
+3.952457e+003	   +4.076553e+001
+3.956907e+003	   +4.096061e+001
+3.961363e+003	   +4.096124e+001
+3.965823e+003	   +4.094580e+001
+3.970289e+003	   +4.087109e+001
+3.974760e+003	   +4.101390e+001
+3.979236e+003	   +4.124881e+001
+3.983716e+003	   +4.113903e+001
+3.988202e+003	   +4.098461e+001
+3.992693e+003	   +4.097811e+001
+3.997189e+003	   +4.105359e+001
+4.001690e+003	   +4.114390e+001
+4.006196e+003	   +4.134126e+001
+4.010707e+003	   +4.119760e+001
+4.015223e+003	   +4.116961e+001
+4.019745e+003	   +4.116782e+001
+4.024271e+003	   +4.126990e+001
+4.028803e+003	   +4.119614e+001
+4.033339e+003	   +4.138272e+001
+4.037881e+003	   +4.153500e+001
+4.042428e+003	   +4.152510e+001
+4.046980e+003	   +4.159175e+001
+4.051537e+003	   +4.138649e+001
+4.056099e+003	   +4.154418e+001
+4.060666e+003	   +4.151781e+001
+4.065239e+003	   +4.170511e+001
+4.069816e+003	   +4.157753e+001
+4.074399e+003	   +4.152166e+001
+4.078987e+003	   +4.153024e+001
+4.083580e+003	   +4.155190e+001
+4.088178e+003	   +4.146886e+001
+4.092782e+003	   +4.170561e+001
+4.097391e+003	   +4.171170e+001
+4.102004e+003	   +4.153402e+001
+4.106624e+003	   +4.161754e+001
+4.111248e+003	   +4.158544e+001
+4.115877e+003	   +4.160722e+001
+4.120512e+003	   +4.175377e+001
+4.125152e+003	   +4.174091e+001
+4.129797e+003	   +4.193852e+001
+4.134447e+003	   +4.201363e+001
+4.139103e+003	   +4.197477e+001
+4.143764e+003	   +4.205193e+001
+4.148430e+003	   +4.214648e+001
+4.153101e+003	   +4.224298e+001
+4.157777e+003	   +4.197709e+001
+4.162459e+003	   +4.210003e+001
+4.167146e+003	   +4.201064e+001
+4.171839e+003	   +4.192545e+001
+4.176537e+003	   +4.203080e+001
+4.181239e+003	   +4.213553e+001
+4.185948e+003	   +4.174248e+001
+4.190661e+003	   +4.192326e+001
+4.195380e+003	   +4.229375e+001
+4.200104e+003	   +4.213899e+001
+4.204833e+003	   +4.198525e+001
+4.209568e+003	   +4.232255e+001
+4.214309e+003	   +4.241253e+001
+4.219054e+003	   +4.224218e+001
+4.223805e+003	   +4.241687e+001
+4.228561e+003	   +4.248681e+001
+4.233323e+003	   +4.252385e+001
+4.238089e+003	   +4.244408e+001
+4.242862e+003	   +4.255282e+001
+4.247640e+003	   +4.257813e+001
+4.252422e+003	   +4.243857e+001
+4.257211e+003	   +4.277785e+001
+4.262005e+003	   +4.241462e+001
+4.266804e+003	   +4.258105e+001
+4.271608e+003	   +4.255309e+001
+4.276418e+003	   +4.247482e+001
+4.281234e+003	   +4.232834e+001
+4.286055e+003	   +4.271012e+001
+4.290881e+003	   +4.270472e+001
+4.295713e+003	   +4.284642e+001
+4.300550e+003	   +4.265184e+001
+4.305393e+003	   +4.283626e+001
+4.310241e+003	   +4.284991e+001
+4.315094e+003	   +4.287387e+001
+4.319953e+003	   +4.291539e+001
+4.324817e+003	   +4.297680e+001
+4.329688e+003	   +4.296103e+001
+4.334563e+003	   +4.284415e+001
+4.339444e+003	   +4.295701e+001
+4.344330e+003	   +4.297921e+001
+4.349222e+003	   +4.301690e+001
+4.354120e+003	   +4.290293e+001
+4.359022e+003	   +4.308619e+001
+4.363931e+003	   +4.313846e+001
+4.368845e+003	   +4.309181e+001
+4.373764e+003	   +4.303579e+001
+4.378689e+003	   +4.326982e+001
+4.383620e+003	   +4.304071e+001
+4.388556e+003	   +4.342194e+001
+4.393498e+003	   +4.331254e+001
+4.398445e+003	   +4.328579e+001
+4.403398e+003	   +4.331572e+001
+4.408356e+003	   +4.332610e+001
+4.413320e+003	   +4.347269e+001
+4.418290e+003	   +4.313173e+001
+4.423265e+003	   +4.325561e+001
+4.428246e+003	   +4.360165e+001
+4.433232e+003	   +4.331661e+001
+4.438224e+003	   +4.345654e+001
+4.443222e+003	   +4.330093e+001
+4.448225e+003	   +4.378920e+001
+4.453234e+003	   +4.349267e+001
+4.458249e+003	   +4.353693e+001
+4.463269e+003	   +4.364161e+001
+4.468294e+003	   +4.374879e+001
+4.473326e+003	   +4.377279e+001
+4.478363e+003	   +4.377230e+001
+4.483406e+003	   +4.370597e+001
+4.488455e+003	   +4.384286e+001
+4.493509e+003	   +4.372406e+001
+4.498568e+003	   +4.372204e+001
+4.503634e+003	   +4.371909e+001
+4.508705e+003	   +4.388444e+001
+4.513782e+003	   +4.388051e+001
+4.518865e+003	   +4.389096e+001
+4.523954e+003	   +4.384852e+001
+4.529047e+003	   +4.377021e+001
+4.534147e+003	   +4.416269e+001
+4.539253e+003	   +4.417834e+001
+4.544365e+003	   +4.376233e+001
+4.549481e+003	   +4.395902e+001
+4.554604e+003	   +4.416589e+001
+4.559733e+003	   +4.421143e+001
+4.564868e+003	   +4.411688e+001
+4.570008e+003	   +4.434485e+001
+4.575154e+003	   +4.427357e+001
+4.580306e+003	   +4.414252e+001
+4.585463e+003	   +4.392894e+001
+4.590627e+003	   +4.387960e+001
+4.595796e+003	   +4.421060e+001
+4.600971e+003	   +4.403409e+001
+4.606152e+003	   +4.423615e+001
+4.611339e+003	   +4.416280e+001
+4.616531e+003	   +4.444154e+001
+4.621729e+003	   +4.422762e+001
+4.626934e+003	   +4.435847e+001
+4.632144e+003	   +4.447062e+001
+4.637360e+003	   +4.435102e+001
+4.642582e+003	   +4.440538e+001
+4.647810e+003	   +4.450295e+001
+4.653043e+003	   +4.445918e+001
+4.658283e+003	   +4.430999e+001
+4.663528e+003	   +4.473243e+001
+4.668779e+003	   +4.447279e+001
+4.674037e+003	   +4.463130e+001
+4.679300e+003	   +4.457188e+001
+4.684569e+003	   +4.464466e+001
+4.689844e+003	   +4.466744e+001
+4.695125e+003	   +4.455753e+001
+4.700412e+003	   +4.462496e+001
+4.705705e+003	   +4.463088e+001
+4.711003e+003	   +4.460685e+001
+4.716309e+003	   +4.480328e+001
+4.721619e+003	   +4.475528e+001
+4.726936e+003	   +4.486880e+001
+4.732259e+003	   +4.493514e+001
+4.737587e+003	   +4.495739e+001
+4.742922e+003	   +4.496076e+001
+4.748263e+003	   +4.487129e+001
+4.753609e+003	   +4.516642e+001
+4.758962e+003	   +4.488892e+001
+4.764321e+003	   +4.502328e+001
+4.769686e+003	   +4.513350e+001
+4.775057e+003	   +4.511527e+001
+4.780434e+003	   +4.504275e+001
+4.785816e+003	   +4.510062e+001
+4.791206e+003	   +4.501348e+001
+4.796601e+003	   +4.512331e+001
+4.802002e+003	   +4.519829e+001
+4.807409e+003	   +4.517495e+001
+4.812823e+003	   +4.545884e+001
+4.818242e+003	   +4.526604e+001
+4.823667e+003	   +4.534123e+001
+4.829099e+003	   +4.545041e+001
+4.834537e+003	   +4.536497e+001
+4.839981e+003	   +4.540928e+001
+4.845431e+003	   +4.565024e+001
+4.850887e+003	   +4.548915e+001
+4.856349e+003	   +4.535993e+001
+4.861818e+003	   +4.550299e+001
+4.867292e+003	   +4.543761e+001
+4.872773e+003	   +4.552681e+001
+4.878260e+003	   +4.553994e+001
+4.883753e+003	   +4.553949e+001
+4.889252e+003	   +4.556742e+001
+4.894758e+003	   +4.560809e+001
+4.900270e+003	   +4.554206e+001
+4.905788e+003	   +4.566262e+001
+4.911312e+003	   +4.559628e+001
+4.916842e+003	   +4.563488e+001
+4.922378e+003	   +4.564885e+001
+4.927921e+003	   +4.583474e+001
+4.933471e+003	   +4.578997e+001
+4.939026e+003	   +4.573877e+001
+4.944587e+003	   +4.584830e+001
+4.950155e+003	   +4.589554e+001
+4.955729e+003	   +4.570695e+001
+4.961310e+003	   +4.574210e+001
+4.966896e+003	   +4.592208e+001
+4.972489e+003	   +4.600742e+001
+4.978088e+003	   +4.591847e+001
+4.983694e+003	   +4.594238e+001
+4.989306e+003	   +4.601859e+001
+4.994924e+003	   +4.607315e+001
+5.000548e+003	   +4.620776e+001
+5.006179e+003	   +4.594444e+001
+5.011816e+003	   +4.619633e+001
+5.017460e+003	   +4.613013e+001
+5.023110e+003	   +4.610130e+001
+5.028766e+003	   +4.618155e+001
+5.034429e+003	   +4.605019e+001
+5.040098e+003	   +4.628677e+001
+5.045773e+003	   +4.631043e+001
+5.051455e+003	   +4.624062e+001
+5.057143e+003	   +4.628043e+001
+5.062837e+003	   +4.626638e+001
+5.068539e+003	   +4.638311e+001
+5.074246e+003	   +4.628511e+001
+5.079959e+003	   +4.626892e+001
+5.085680e+003	   +4.634801e+001
+5.091407e+003	   +4.636910e+001
+5.097140e+003	   +4.632969e+001
+5.102879e+003	   +4.635193e+001
+5.108625e+003	   +4.650522e+001
+5.114378e+003	   +4.637717e+001
+5.120137e+003	   +4.667364e+001
+5.125902e+003	   +4.649916e+001
+5.131674e+003	   +4.665520e+001
+5.137453e+003	   +4.652918e+001
+5.143238e+003	   +4.649202e+001
+5.149029e+003	   +4.664724e+001
+5.154827e+003	   +4.657469e+001
+5.160632e+003	   +4.660426e+001
+5.166443e+003	   +4.671925e+001
+5.172261e+003	   +4.684826e+001
+5.178085e+003	   +4.670909e+001
+5.183916e+003	   +4.655184e+001
+5.189753e+003	   +4.672059e+001
+5.195597e+003	   +4.687297e+001
+5.201447e+003	   +4.667807e+001
+5.207304e+003	   +4.691440e+001
+5.213168e+003	   +4.691902e+001
+5.219038e+003	   +4.685265e+001
+5.224915e+003	   +4.689635e+001
+5.230798e+003	   +4.695200e+001
+5.236688e+003	   +4.691341e+001
+5.242585e+003	   +4.696349e+001
+5.248489e+003	   +4.719373e+001
+5.254398e+003	   +4.699199e+001
+5.260315e+003	   +4.688549e+001
+5.266239e+003	   +4.704434e+001
+5.272168e+003	   +4.688143e+001
+5.278105e+003	   +4.706092e+001
+5.284049e+003	   +4.708598e+001
+5.289999e+003	   +4.712537e+001
+5.295956e+003	   +4.694374e+001
+5.301919e+003	   +4.721259e+001
+5.307889e+003	   +4.703645e+001
+5.313866e+003	   +4.713540e+001
+5.319850e+003	   +4.723848e+001
+5.325840e+003	   +4.729787e+001
+5.331837e+003	   +4.727436e+001
+5.337841e+003	   +4.754114e+001
+5.343852e+003	   +4.747981e+001
+5.349869e+003	   +4.752430e+001
+5.355893e+003	   +4.751846e+001
+5.361924e+003	   +4.728393e+001
+5.367962e+003	   +4.736096e+001
+5.374006e+003	   +4.751718e+001
+5.380058e+003	   +4.740598e+001
+5.386116e+003	   +4.750649e+001
+5.392181e+003	   +4.734439e+001
+5.398253e+003	   +4.757970e+001
+5.404332e+003	   +4.744149e+001
+5.410417e+003	   +4.736819e+001
+5.416509e+003	   +4.748757e+001
+5.422608e+003	   +4.770499e+001
+5.428715e+003	   +4.774523e+001
+5.434828e+003	   +4.765725e+001
+5.440947e+003	   +4.762585e+001
+5.447074e+003	   +4.769005e+001
+5.453208e+003	   +4.742242e+001
+5.459348e+003	   +4.784371e+001
+5.465496e+003	   +4.779025e+001
+5.471650e+003	   +4.767902e+001
+5.477812e+003	   +4.789281e+001
+5.483979e+003	   +4.784037e+001
+5.490155e+003	   +4.776555e+001
+5.496337e+003	   +4.780244e+001
+5.502526e+003	   +4.794183e+001
+5.508722e+003	   +4.776896e+001
+5.514925e+003	   +4.777694e+001
+5.521135e+003	   +4.792030e+001
+5.527353e+003	   +4.797048e+001
+5.533576e+003	   +4.809994e+001
+5.539808e+003	   +4.806841e+001
+5.546045e+003	   +4.804427e+001
+5.552291e+003	   +4.798962e+001
+5.558542e+003	   +4.803390e+001
+5.564802e+003	   +4.804470e+001
+5.571068e+003	   +4.807449e+001
+5.577341e+003	   +4.815047e+001
+5.583622e+003	   +4.817766e+001
+5.589909e+003	   +4.815897e+001
+5.596204e+003	   +4.804982e+001
+5.602505e+003	   +4.816195e+001
+5.608813e+003	   +4.829563e+001
+5.615129e+003	   +4.834470e+001
+5.621452e+003	   +4.825640e+001
+5.627782e+003	   +4.829389e+001
+5.634119e+003	   +4.831849e+001
+5.640464e+003	   +4.820783e+001
+5.646815e+003	   +4.828381e+001
+5.653173e+003	   +4.834582e+001
+5.659539e+003	   +4.825951e+001
+5.665912e+003	   +4.829931e+001
+5.672292e+003	   +4.838490e+001
+5.678680e+003	   +4.820096e+001
+5.685074e+003	   +4.856870e+001
+5.691476e+003	   +4.852736e+001
+5.697884e+003	   +4.855165e+001
+5.704300e+003	   +4.837371e+001
+5.710724e+003	   +4.819007e+001
+5.717154e+003	   +4.844633e+001
+5.723592e+003	   +4.860549e+001
+5.730037e+003	   +4.852269e+001
+5.736489e+003	   +4.855017e+001
+5.742949e+003	   +4.861632e+001
+5.749416e+003	   +4.860838e+001
+5.755890e+003	   +4.869214e+001
+5.762371e+003	   +4.871224e+001
+5.768860e+003	   +4.847348e+001
+5.775355e+003	   +4.873450e+001
+5.781859e+003	   +4.871671e+001
+5.788370e+003	   +4.871531e+001
+5.794888e+003	   +4.851005e+001
+5.801413e+003	   +4.873209e+001
+5.807945e+003	   +4.870570e+001
+5.814485e+003	   +4.893753e+001
+5.821033e+003	   +4.886481e+001
+5.827587e+003	   +4.881566e+001
+5.834149e+003	   +4.890377e+001
+5.840719e+003	   +4.869018e+001
+5.847296e+003	   +4.888936e+001
+5.853880e+003	   +4.902552e+001
+5.860472e+003	   +4.892404e+001
+5.867071e+003	   +4.891685e+001
+5.873678e+003	   +4.896381e+001
+5.880292e+003	   +4.921072e+001
+5.886913e+003	   +4.908398e+001
+5.893542e+003	   +4.916112e+001
+5.900178e+003	   +4.907904e+001
+5.906822e+003	   +4.917258e+001
+5.913474e+003	   +4.911761e+001
+5.920132e+003	   +4.883273e+001
+5.926799e+003	   +4.902355e+001
+5.933473e+003	   +4.912273e+001
+5.940154e+003	   +4.914504e+001
+5.946843e+003	   +4.917910e+001
+5.953539e+003	   +4.919735e+001
+5.960243e+003	   +4.924681e+001
+5.966955e+003	   +4.935125e+001
+5.973674e+003	   +4.926625e+001
+5.980400e+003	   +4.912069e+001
+5.987134e+003	   +4.945274e+001
+5.993876e+003	   +4.944986e+001
+6.000625e+003	   +4.915422e+001
+6.007382e+003	   +4.939660e+001
+6.014147e+003	   +4.935282e+001
+6.020919e+003	   +4.931897e+001
+6.027699e+003	   +4.941413e+001
+6.034486e+003	   +4.959486e+001
+6.041282e+003	   +4.932106e+001
+6.048084e+003	   +4.927840e+001
+6.054895e+003	   +4.948961e+001
+6.061713e+003	   +4.952121e+001
+6.068539e+003	   +4.945548e+001
+6.075372e+003	   +4.967532e+001
+6.082213e+003	   +4.931713e+001
+6.089062e+003	   +4.958189e+001
+6.095918e+003	   +4.950006e+001
+6.102783e+003	   +4.982972e+001
+6.109655e+003	   +4.966422e+001
+6.116534e+003	   +4.971877e+001
+6.123422e+003	   +4.968211e+001
+6.130317e+003	   +4.967899e+001
+6.137220e+003	   +4.953519e+001
+6.144131e+003	   +4.976409e+001
+6.151049e+003	   +4.978021e+001
+6.157976e+003	   +4.987814e+001
+6.164910e+003	   +4.982961e+001
+6.171852e+003	   +4.997295e+001
+6.178802e+003	   +4.981933e+001
+6.185759e+003	   +4.974878e+001
+6.192725e+003	   +4.993256e+001
+6.199698e+003	   +4.990788e+001
+6.206679e+003	   +4.984487e+001
+6.213668e+003	   +5.004465e+001
+6.220665e+003	   +5.007379e+001
+6.227669e+003	   +5.012243e+001
+6.234682e+003	   +5.001072e+001
+6.241703e+003	   +5.001729e+001
+6.248731e+003	   +5.023374e+001
+6.255768e+003	   +5.008683e+001
+6.262812e+003	   +5.012100e+001
+6.269864e+003	   +5.003045e+001
+6.276924e+003	   +5.014856e+001
+6.283992e+003	   +5.015535e+001
+6.291068e+003	   +5.040422e+001
+6.298152e+003	   +5.036617e+001
+6.305244e+003	   +5.013170e+001
+6.312344e+003	   +5.025370e+001
+6.319452e+003	   +5.017566e+001
+6.326568e+003	   +5.037551e+001
+6.333692e+003	   +5.020387e+001
+6.340824e+003	   +5.018034e+001
+6.347964e+003	   +5.033047e+001
+6.355112e+003	   +5.025012e+001
+6.362268e+003	   +5.048904e+001
+6.369432e+003	   +5.041879e+001
+6.376604e+003	   +5.032216e+001
+6.383785e+003	   +5.048946e+001
+6.390973e+003	   +5.048130e+001
+6.398170e+003	   +5.066072e+001
+6.405375e+003	   +5.068736e+001
+6.412587e+003	   +5.068256e+001
+6.419808e+003	   +5.052409e+001
+6.427037e+003	   +5.046991e+001
+6.434274e+003	   +5.057640e+001
+6.441520e+003	   +5.070287e+001
+6.448773e+003	   +5.072871e+001
+6.456034e+003	   +5.073148e+001
+6.463304e+003	   +5.059959e+001
+6.470582e+003	   +5.066537e+001
+6.477868e+003	   +5.068199e+001
+6.485163e+003	   +5.056557e+001
+6.492465e+003	   +5.070180e+001
+6.499776e+003	   +5.059584e+001
+6.507095e+003	   +5.077830e+001
+6.514422e+003	   +5.081955e+001
+6.521758e+003	   +5.079493e+001
+6.529102e+003	   +5.082019e+001
+6.536454e+003	   +5.088582e+001
+6.543814e+003	   +5.083850e+001
+6.551183e+003	   +5.083319e+001
+6.558559e+003	   +5.094183e+001
+6.565944e+003	   +5.100816e+001
+6.573338e+003	   +5.096091e+001
+6.580740e+003	   +5.118366e+001
+6.588150e+003	   +5.114181e+001
+6.595569e+003	   +5.108411e+001
+6.602996e+003	   +5.117995e+001
+6.610431e+003	   +5.101944e+001
+6.617875e+003	   +5.122609e+001
+6.625326e+003	   +5.096972e+001
+6.632787e+003	   +5.128093e+001
+6.640255e+003	   +5.121525e+001
+6.647733e+003	   +5.130596e+001
+6.655218e+003	   +5.116667e+001
+6.662712e+003	   +5.119300e+001
+6.670215e+003	   +5.122467e+001
+6.677726e+003	   +5.118527e+001
+6.685245e+003	   +5.119375e+001
+6.692773e+003	   +5.114793e+001
+6.700310e+003	   +5.135366e+001
+6.707854e+003	   +5.122720e+001
+6.715408e+003	   +5.131571e+001
+6.722969e+003	   +5.143361e+001
+6.730540e+003	   +5.156358e+001
+6.738119e+003	   +5.144225e+001
+6.745706e+003	   +5.140829e+001
+6.753302e+003	   +5.147331e+001
+6.760907e+003	   +5.168719e+001
+6.768520e+003	   +5.157688e+001
+6.776141e+003	   +5.151522e+001
+6.783771e+003	   +5.155497e+001
+6.791410e+003	   +5.161603e+001
+6.799058e+003	   +5.167146e+001
+6.806714e+003	   +5.164610e+001
+6.814378e+003	   +5.154089e+001
+6.822052e+003	   +5.158080e+001
+6.829733e+003	   +5.172579e+001
+6.837424e+003	   +5.157534e+001
+6.845123e+003	   +5.155155e+001
+6.852831e+003	   +5.178170e+001
+6.860548e+003	   +5.181962e+001
+6.868273e+003	   +5.178863e+001
+6.876007e+003	   +5.184571e+001
+6.883750e+003	   +5.197070e+001
+6.891501e+003	   +5.165366e+001
+6.899261e+003	   +5.178712e+001
+6.907030e+003	   +5.171301e+001
+6.914808e+003	   +5.170304e+001
+6.922594e+003	   +5.180403e+001
+6.930389e+003	   +5.192766e+001
+6.938193e+003	   +5.193316e+001
+6.946006e+003	   +5.209913e+001
+6.953827e+003	   +5.216127e+001
+6.961658e+003	   +5.194929e+001
+6.969497e+003	   +5.175795e+001
+6.977345e+003	   +5.204135e+001
+6.985201e+003	   +5.200047e+001
+6.993067e+003	   +5.213619e+001
+7.000941e+003	   +5.217567e+001
+7.008825e+003	   +5.208107e+001
+7.016717e+003	   +5.200311e+001
+7.024618e+003	   +5.218856e+001
+7.032528e+003	   +5.241214e+001
+7.040447e+003	   +5.222945e+001
+7.048375e+003	   +5.208673e+001
+7.056312e+003	   +5.219989e+001
+7.064257e+003	   +5.222604e+001
+7.072212e+003	   +5.230673e+001
+7.080176e+003	   +5.203551e+001
+7.088148e+003	   +5.240507e+001
+7.096130e+003	   +5.204438e+001
+7.104120e+003	   +5.238771e+001
+7.112120e+003	   +5.244844e+001
+7.120128e+003	   +5.223314e+001
+7.128146e+003	   +5.235823e+001
+7.136172e+003	   +5.218379e+001
+7.144208e+003	   +5.226744e+001
+7.152253e+003	   +5.238229e+001
+7.160307e+003	   +5.260172e+001
+7.168369e+003	   +5.250055e+001
+7.176441e+003	   +5.249778e+001
+7.184522e+003	   +5.249372e+001
+7.192612e+003	   +5.250045e+001
+7.200711e+003	   +5.240783e+001
+7.208820e+003	   +5.272168e+001
+7.216937e+003	   +5.249496e+001
+7.225064e+003	   +5.267104e+001
+7.233200e+003	   +5.259591e+001
+7.241344e+003	   +5.253833e+001
+7.249499e+003	   +5.262522e+001
+7.257662e+003	   +5.245402e+001
+7.265834e+003	   +5.265802e+001
+7.274016e+003	   +5.262824e+001
+7.282207e+003	   +5.276104e+001
+7.290407e+003	   +5.257574e+001
+7.298616e+003	   +5.268438e+001
+7.306834e+003	   +5.259218e+001
+7.315063e+003	   +5.246120e+001
+7.323299e+003	   +5.283436e+001
+7.331546e+003	   +5.299168e+001
+7.339801e+003	   +5.280706e+001
+7.348066e+003	   +5.272626e+001
+7.356340e+003	   +5.279350e+001
+7.364624e+003	   +5.273737e+001
+7.372917e+003	   +5.271769e+001
+7.381219e+003	   +5.292386e+001
+7.389531e+003	   +5.280557e+001
+7.397852e+003	   +5.272822e+001
+7.406182e+003	   +5.275073e+001
+7.414521e+003	   +5.292382e+001
+7.422871e+003	   +5.275297e+001
+7.431229e+003	   +5.302406e+001
+7.439597e+003	   +5.297838e+001
+7.447974e+003	   +5.287998e+001
+7.456361e+003	   +5.320314e+001
+7.464757e+003	   +5.297227e+001
+7.473163e+003	   +5.304985e+001
+7.481578e+003	   +5.270818e+001
+7.490002e+003	   +5.308769e+001
+7.498437e+003	   +5.300739e+001
+7.506880e+003	   +5.301428e+001
+7.515333e+003	   +5.312062e+001
+7.523796e+003	   +5.317233e+001
+7.532268e+003	   +5.316089e+001
+7.540750e+003	   +5.314068e+001
+7.549241e+003	   +5.321654e+001
+7.557741e+003	   +5.331332e+001
+7.566252e+003	   +5.323097e+001
+7.574771e+003	   +5.318485e+001
+7.583301e+003	   +5.306035e+001
+7.591840e+003	   +5.321754e+001
+7.600389e+003	   +5.343790e+001
+7.608947e+003	   +5.324500e+001
+7.617515e+003	   +5.317608e+001
+7.626093e+003	   +5.337994e+001
+7.634680e+003	   +5.342491e+001
+7.643277e+003	   +5.337206e+001
+7.651884e+003	   +5.347740e+001
+7.660500e+003	   +5.348308e+001
+7.669126e+003	   +5.334325e+001
+7.677762e+003	   +5.329619e+001
+7.686408e+003	   +5.343010e+001
+7.695063e+003	   +5.349393e+001
+7.703728e+003	   +5.360009e+001
+7.712402e+003	   +5.367590e+001
+7.721087e+003	   +5.353886e+001
+7.729781e+003	   +5.358997e+001
+7.738485e+003	   +5.365724e+001
+7.747199e+003	   +5.363111e+001
+7.755923e+003	   +5.359591e+001
+7.764656e+003	   +5.343765e+001
+7.773399e+003	   +5.377823e+001
+7.782153e+003	   +5.379883e+001
+7.790916e+003	   +5.384153e+001
+7.799688e+003	   +5.375806e+001
+7.808471e+003	   +5.365160e+001
+7.817264e+003	   +5.366799e+001
+7.826066e+003	   +5.379072e+001
+7.834879e+003	   +5.388774e+001
+7.843702e+003	   +5.371264e+001
+7.852534e+003	   +5.359200e+001
+7.861376e+003	   +5.388337e+001
+7.870229e+003	   +5.347682e+001
+7.879091e+003	   +5.379628e+001
+7.887963e+003	   +5.376290e+001
+7.896845e+003	   +5.378017e+001
+7.905737e+003	   +5.357011e+001
+7.914639e+003	   +5.399072e+001
+7.923552e+003	   +5.384860e+001
+7.932474e+003	   +5.401595e+001
+7.941406e+003	   +5.430386e+001
+7.950349e+003	   +5.393473e+001
+7.959301e+003	   +5.393611e+001
+7.968263e+003	   +5.374038e+001
+7.977236e+003	   +5.386954e+001
+7.986219e+003	   +5.380612e+001
+7.995211e+003	   +5.406784e+001
+8.004214e+003	   +5.405122e+001
+8.013228e+003	   +5.403239e+001
+8.022250e+003	   +5.392699e+001
+8.031284e+003	   +5.398947e+001
+8.040328e+003	   +5.424179e+001
+8.049381e+003	   +5.402238e+001
+8.058445e+003	   +5.430423e+001
+8.067520e+003	   +5.404452e+001
+8.076604e+003	   +5.400150e+001
+8.085698e+003	   +5.403058e+001
+8.094803e+003	   +5.424535e+001
+8.103918e+003	   +5.415019e+001
+8.113044e+003	   +5.433977e+001
+8.122179e+003	   +5.412050e+001
+8.131325e+003	   +5.396345e+001
+8.140481e+003	   +5.424146e+001
+8.149648e+003	   +5.437668e+001
+8.158825e+003	   +5.425106e+001
+8.168012e+003	   +5.435862e+001
+8.177209e+003	   +5.432101e+001
+8.186417e+003	   +5.424129e+001
+8.195636e+003	   +5.428343e+001
+8.204864e+003	   +5.438167e+001
+8.214104e+003	   +5.426873e+001
+8.223353e+003	   +5.425196e+001
+8.232612e+003	   +5.416695e+001
+8.241883e+003	   +5.460955e+001
+8.251163e+003	   +5.446884e+001
+8.260455e+003	   +5.450080e+001
+8.269756e+003	   +5.425925e+001
+8.279068e+003	   +5.416196e+001
+8.288391e+003	   +5.456377e+001
+8.297724e+003	   +5.420995e+001
+8.307067e+003	   +5.434946e+001
+8.316422e+003	   +5.447254e+001
+8.325786e+003	   +5.432100e+001
+8.335161e+003	   +5.465060e+001
+8.344547e+003	   +5.455467e+001
+8.353943e+003	   +5.479122e+001
+8.363351e+003	   +5.465242e+001
+8.372768e+003	   +5.465720e+001
+8.382196e+003	   +5.440372e+001
+8.391635e+003	   +5.453601e+001
+8.401084e+003	   +5.440156e+001
+8.410544e+003	   +5.445176e+001
+8.420015e+003	   +5.474652e+001
+8.429496e+003	   +5.472255e+001
+8.438988e+003	   +5.459032e+001
+8.448490e+003	   +5.476776e+001
+8.458004e+003	   +5.466758e+001
+8.467528e+003	   +5.476652e+001
+8.477063e+003	   +5.461465e+001
+8.486608e+003	   +5.458823e+001
+8.496165e+003	   +5.475598e+001
+8.505731e+003	   +5.457296e+001
+8.515310e+003	   +5.469569e+001
+8.524898e+003	   +5.482577e+001
+8.534497e+003	   +5.482298e+001
+8.544107e+003	   +5.492613e+001
+8.553729e+003	   +5.490859e+001
+8.563360e+003	   +5.491177e+001
+8.573003e+003	   +5.506698e+001
+8.582657e+003	   +5.476712e+001
+8.592321e+003	   +5.498948e+001
+8.601996e+003	   +5.481311e+001
+8.611683e+003	   +5.480866e+001
+8.621380e+003	   +5.493319e+001
+8.631088e+003	   +5.481259e+001
+8.640807e+003	   +5.462680e+001
+8.650537e+003	   +5.516788e+001
+8.660277e+003	   +5.501570e+001
+8.670029e+003	   +5.493304e+001
+8.679792e+003	   +5.514732e+001
+8.689566e+003	   +5.489973e+001
+8.699351e+003	   +5.494808e+001
+8.709146e+003	   +5.543530e+001
+8.718953e+003	   +5.526900e+001
+8.728771e+003	   +5.512334e+001
+8.738601e+003	   +5.535602e+001
+8.748440e+003	   +5.506675e+001
+8.758292e+003	   +5.512823e+001
+8.768153e+003	   +5.497915e+001
+8.778027e+003	   +5.507143e+001
+8.787911e+003	   +5.514438e+001
+8.797807e+003	   +5.517680e+001
+8.807714e+003	   +5.535792e+001
+8.817632e+003	   +5.502950e+001
+8.827561e+003	   +5.529895e+001
+8.837501e+003	   +5.483992e+001
+8.847452e+003	   +5.519336e+001
+8.857415e+003	   +5.524634e+001
+8.867389e+003	   +5.524312e+001
+8.877374e+003	   +5.530097e+001
+8.887370e+003	   +5.542132e+001
+8.897378e+003	   +5.544072e+001
+8.907396e+003	   +5.512437e+001
+8.917427e+003	   +5.503976e+001
+8.927468e+003	   +5.540574e+001
+8.937521e+003	   +5.506155e+001
+8.947585e+003	   +5.558706e+001
+8.957660e+003	   +5.538891e+001
+8.967746e+003	   +5.563382e+001
+8.977845e+003	   +5.543868e+001
+8.987954e+003	   +5.533235e+001
+8.998075e+003	   +5.551498e+001
+9.008207e+003	   +5.531128e+001
+9.018351e+003	   +5.549747e+001
+9.028506e+003	   +5.541606e+001
+9.038672e+003	   +5.535851e+001
+9.048851e+003	   +5.570684e+001
+9.059039e+003	   +5.557328e+001
+9.069240e+003	   +5.557339e+001
+9.079453e+003	   +5.552391e+001
+9.089677e+003	   +5.556810e+001
+9.099912e+003	   +5.562451e+001
+9.110159e+003	   +5.568402e+001
+9.120417e+003	   +5.581834e+001
+9.130688e+003	   +5.565785e+001
+9.140969e+003	   +5.572044e+001
+9.151262e+003	   +5.580422e+001
+9.161566e+003	   +5.526924e+001
+9.171883e+003	   +5.556760e+001
+9.182211e+003	   +5.541562e+001
+9.192551e+003	   +5.576627e+001
+9.202901e+003	   +5.573540e+001
+9.213265e+003	   +5.587591e+001
+9.223639e+003	   +5.577243e+001
+9.234025e+003	   +5.578182e+001
+9.244423e+003	   +5.576266e+001
+9.254833e+003	   +5.565878e+001
+9.265254e+003	   +5.571849e+001
+9.275687e+003	   +5.579830e+001
+9.286132e+003	   +5.566608e+001
+9.296588e+003	   +5.557556e+001
+9.307057e+003	   +5.589806e+001
+9.317537e+003	   +5.588670e+001
+9.328028e+003	   +5.577514e+001
+9.338532e+003	   +5.599000e+001
+9.349048e+003	   +5.579020e+001
+9.359575e+003	   +5.589449e+001
+9.370115e+003	   +5.590206e+001
+9.380666e+003	   +5.592213e+001
+9.391229e+003	   +5.624734e+001
+9.401804e+003	   +5.601830e+001
+9.412391e+003	   +5.600377e+001
+9.422989e+003	   +5.579292e+001
+9.433600e+003	   +5.602364e+001
+9.444223e+003	   +5.613282e+001
+9.454857e+003	   +5.582032e+001
+9.465504e+003	   +5.633559e+001
+9.476162e+003	   +5.610536e+001
+9.486833e+003	   +5.580462e+001
+9.497516e+003	   +5.573370e+001
+9.508210e+003	   +5.580784e+001
+9.518917e+003	   +5.579983e+001
+9.529636e+003	   +5.654113e+001
+9.540366e+003	   +5.640954e+001
+9.551109e+003	   +5.610929e+001
+9.561864e+003	   +5.599060e+001
+9.572631e+003	   +5.589932e+001
+9.583410e+003	   +5.583699e+001
+9.594201e+003	   +5.614096e+001
+9.605005e+003	   +5.624321e+001
+9.615820e+003	   +5.562410e+001
+9.626648e+003	   +5.651939e+001
+9.637488e+003	   +5.615861e+001
+9.648341e+003	   +5.617169e+001
+9.659205e+003	   +5.603565e+001
+9.670082e+003	   +5.626159e+001
+9.680971e+003	   +5.609676e+001
+9.691872e+003	   +5.644413e+001
+9.702785e+003	   +5.615239e+001
+9.713711e+003	   +5.624880e+001
+9.724649e+003	   +5.628569e+001
+9.735600e+003	   +5.628531e+001
+9.746563e+003	   +5.619925e+001
+9.757537e+003	   +5.626077e+001
+9.768524e+003	   +5.634438e+001
+9.779524e+003	   +5.617686e+001
+9.790536e+003	   +5.646536e+001
+9.801562e+003	   +5.608393e+001
+9.812598e+003	   +5.624972e+001
+9.823647e+003	   +5.609026e+001
+9.834709e+003	   +5.628943e+001
+9.845783e+003	   +5.651119e+001
+9.856870e+003	   +5.673831e+001
+9.867970e+003	   +5.629823e+001
+9.879081e+003	   +5.582572e+001
+9.890206e+003	   +5.628047e+001
+9.901343e+003	   +5.654351e+001
+9.912492e+003	   +5.633093e+001
+9.923653e+003	   +5.588841e+001
+9.934828e+003	   +5.609741e+001
+9.946015e+003	   +5.641216e+001
+9.957215e+003	   +5.637122e+001
+9.968427e+003	   +5.615417e+001
+9.979651e+003	   +5.646974e+001
+9.990890e+003	   +5.648482e+001
+1.000214e+004	   +5.657868e+001
+1.001340e+004	   +5.608299e+001
+1.002468e+004	   +5.648720e+001
+1.003597e+004	   +5.659483e+001
+1.004727e+004	   +5.675246e+001
+1.005858e+004	   +5.657037e+001
+1.006991e+004	   +5.661095e+001
+1.008125e+004	   +5.656049e+001
+1.009260e+004	   +5.652014e+001
+1.010396e+004	   +5.604163e+001
+1.011534e+004	   +5.640544e+001
+1.012673e+004	   +5.641223e+001
+1.013813e+004	   +5.649657e+001
+1.014955e+004	   +5.665298e+001
+1.016098e+004	   +5.639065e+001
+1.017242e+004	   +5.644021e+001
+1.018388e+004	   +5.684143e+001
+1.019534e+004	   +5.648397e+001
+1.020682e+004	   +5.687135e+001
+1.021832e+004	   +5.648912e+001
+1.022982e+004	   +5.670954e+001
+1.024134e+004	   +5.671339e+001
+1.025287e+004	   +5.654306e+001
+1.026442e+004	   +5.628216e+001
+1.027598e+004	   +5.709286e+001
+1.028755e+004	   +5.653059e+001
+1.029913e+004	   +5.667513e+001
+1.031073e+004	   +5.624635e+001
+1.032234e+004	   +5.611990e+001
+1.033396e+004	   +5.673167e+001
+1.034560e+004	   +5.661357e+001
+1.035725e+004	   +5.687263e+001
+1.036891e+004	   +5.644269e+001
+1.038059e+004	   +5.673668e+001
+1.039228e+004	   +5.670574e+001
+1.040398e+004	   +5.659617e+001
+1.041569e+004	   +5.684885e+001
+1.042742e+004	   +5.659025e+001
+1.043916e+004	   +5.660734e+001
+1.045092e+004	   +5.713097e+001
+1.046269e+004	   +5.668122e+001
+1.047447e+004	   +5.680651e+001
+1.048626e+004	   +5.690271e+001
+1.049807e+004	   +5.687497e+001
+1.050989e+004	   +5.689122e+001
+1.052173e+004	   +5.683863e+001
+1.053358e+004	   +5.689636e+001
+1.054544e+004	   +5.669780e+001
+1.055731e+004	   +5.666141e+001
+1.056920e+004	   +5.665587e+001
+1.058110e+004	   +5.717978e+001
+1.059302e+004	   +5.678291e+001
+1.060494e+004	   +5.690976e+001
+1.061688e+004	   +5.692482e+001
+1.062884e+004	   +5.649889e+001
+1.064081e+004	   +5.668088e+001
+1.065279e+004	   +5.678978e+001
+1.066479e+004	   +5.729774e+001
+1.067679e+004	   +5.699942e+001
+1.068882e+004	   +5.673231e+001
+1.070085e+004	   +5.701323e+001
+1.071290e+004	   +5.706431e+001
+1.072497e+004	   +5.711623e+001
+1.073704e+004	   +5.710669e+001
+1.074913e+004	   +5.656887e+001
+1.076124e+004	   +5.688731e+001
+1.077336e+004	   +5.703458e+001
+1.078549e+004	   +5.683133e+001
+1.079763e+004	   +5.692675e+001
+1.080979e+004	   +5.651154e+001
+1.082196e+004	   +5.719664e+001
+1.083415e+004	   +5.684930e+001
+1.084635e+004	   +5.709037e+001
+1.085856e+004	   +5.744741e+001
+1.087079e+004	   +5.708771e+001
+1.088303e+004	   +5.692619e+001
+1.089528e+004	   +5.711414e+001
+1.090755e+004	   +5.742225e+001
+1.091983e+004	   +5.712325e+001
+1.093213e+004	   +5.715828e+001
+1.094444e+004	   +5.721745e+001
+1.095676e+004	   +5.745913e+001
+1.096910e+004	   +5.728953e+001
+1.098145e+004	   +5.712413e+001
+1.099382e+004	   +5.708482e+001
+1.100620e+004	   +5.688759e+001
+1.101859e+004	   +5.726448e+001
+1.103100e+004	   +5.721191e+001
+1.104342e+004	   +5.724783e+001
+1.105586e+004	   +5.702169e+001
+1.106831e+004	   +5.717960e+001
+1.108077e+004	   +5.724570e+001
+1.109325e+004	   +5.727880e+001
+1.110574e+004	   +5.704660e+001
+1.111824e+004	   +5.746978e+001
+1.113076e+004	   +5.742440e+001
+1.114330e+004	   +5.704730e+001
+1.115585e+004	   +5.775975e+001
+1.116841e+004	   +5.769500e+001
+1.118098e+004	   +5.726736e+001
+1.119357e+004	   +5.749240e+001
+1.120618e+004	   +5.744405e+001
+1.121880e+004	   +5.726137e+001
+1.123143e+004	   +5.750603e+001
+1.124408e+004	   +5.745269e+001
+1.125674e+004	   +5.765840e+001
+1.126941e+004	   +5.727488e+001
+1.128210e+004	   +5.743713e+001
+1.129481e+004	   +5.736922e+001
+1.130753e+004	   +5.724099e+001
+1.132026e+004	   +5.739509e+001
+1.133301e+004	   +5.766855e+001
+1.134577e+004	   +5.747396e+001
+1.135854e+004	   +5.775991e+001
+1.137133e+004	   +5.732726e+001
+1.138414e+004	   +5.760954e+001
+1.139696e+004	   +5.740026e+001
+1.140979e+004	   +5.739483e+001
+1.142264e+004	   +5.762355e+001
+1.143550e+004	   +5.782812e+001
+1.144838e+004	   +5.756892e+001
+1.146127e+004	   +5.761245e+001
+1.147417e+004	   +5.762654e+001
+1.148709e+004	   +5.725749e+001
+1.150003e+004	   +5.781292e+001
+1.151298e+004	   +5.764655e+001
+1.152594e+004	   +5.725037e+001
+1.153892e+004	   +5.779374e+001
+1.155192e+004	   +5.704085e+001
+1.156492e+004	   +5.764541e+001
+1.157795e+004	   +5.765353e+001
+1.159098e+004	   +5.778472e+001
+1.160404e+004	   +5.724146e+001
+1.161710e+004	   +5.713683e+001
+1.163018e+004	   +5.692609e+001
+1.164328e+004	   +5.736272e+001
+1.165639e+004	   +5.722248e+001
+1.166952e+004	   +5.770575e+001
+1.168266e+004	   +5.763122e+001
+1.169581e+004	   +5.760701e+001
+1.170898e+004	   +5.780751e+001
+1.172217e+004	   +5.761648e+001
+1.173537e+004	   +5.767963e+001
+1.174858e+004	   +5.735981e+001
+1.176181e+004	   +5.704509e+001
+1.177505e+004	   +5.729570e+001
+1.178831e+004	   +5.776744e+001
+1.180159e+004	   +5.826392e+001
+1.181488e+004	   +5.766384e+001
+1.182818e+004	   +5.747488e+001
+1.184150e+004	   +5.717377e+001
+1.185483e+004	   +5.727595e+001
+1.186818e+004	   +5.764188e+001
+1.188155e+004	   +5.790828e+001
+1.189493e+004	   +5.791363e+001
+1.190832e+004	   +5.775410e+001
+1.192173e+004	   +5.746469e+001
+1.193515e+004	   +5.780333e+001
+1.194859e+004	   +5.756982e+001
+1.196205e+004	   +5.758461e+001
+1.197552e+004	   +5.807128e+001
+1.198900e+004	   +5.774377e+001
+1.200250e+004	   +5.764564e+001
+1.201602e+004	   +5.768050e+001
+1.202955e+004	   +5.757573e+001
+1.204309e+004	   +5.689682e+001
+1.205666e+004	   +5.743373e+001
+1.207023e+004	   +5.810263e+001
+1.208382e+004	   +5.838956e+001
+1.209743e+004	   +5.775981e+001
+1.211105e+004	   +5.765620e+001
+1.212469e+004	   +5.875522e+001
+1.213834e+004	   +5.762497e+001
+1.215201e+004	   +5.815981e+001
+1.216569e+004	   +5.779635e+001
+1.217939e+004	   +5.753506e+001
+1.219311e+004	   +5.758651e+001
+1.220684e+004	   +5.801746e+001
+1.222058e+004	   +5.825487e+001
+1.223434e+004	   +5.793349e+001
+1.224812e+004	   +5.804932e+001
+1.226191e+004	   +5.815727e+001
+1.227572e+004	   +5.801284e+001
+1.228954e+004	   +5.799244e+001
+1.230338e+004	   +5.799444e+001
+1.231724e+004	   +5.827445e+001
+1.233111e+004	   +5.802516e+001
+1.234499e+004	   +5.806456e+001
+1.235889e+004	   +5.804340e+001
+1.237281e+004	   +5.791842e+001
+1.238674e+004	   +5.782150e+001
+1.240069e+004	   +5.770936e+001
+1.241465e+004	   +5.769022e+001
+1.242863e+004	   +5.802965e+001
+1.244263e+004	   +5.779546e+001
+1.245664e+004	   +5.789260e+001
+1.247066e+004	   +5.800011e+001
+1.248471e+004	   +5.770663e+001
+1.249876e+004	   +5.797007e+001
+1.251284e+004	   +5.830490e+001
+1.252693e+004	   +5.804299e+001
+1.254104e+004	   +5.833086e+001
+1.255516e+004	   +5.763810e+001
+1.256929e+004	   +5.811420e+001
+1.258345e+004	   +5.849024e+001
+1.259762e+004	   +5.806045e+001
+1.261180e+004	   +5.751331e+001
+1.262600e+004	   +5.776839e+001
+1.264022e+004	   +5.813264e+001
+1.265446e+004	   +5.795235e+001
+1.266870e+004	   +5.802945e+001
+1.268297e+004	   +5.837825e+001
+1.269725e+004	   +5.818587e+001
+1.271155e+004	   +5.808022e+001
+1.272586e+004	   +5.845434e+001
+1.274019e+004	   +5.815083e+001
+1.275454e+004	   +5.799228e+001
+1.276890e+004	   +5.797806e+001
+1.278328e+004	   +5.834658e+001
+1.279767e+004	   +5.794860e+001
+1.281208e+004	   +5.806640e+001
+1.282651e+004	   +5.797136e+001
+1.284095e+004	   +5.858027e+001
+1.285541e+004	   +5.819764e+001
+1.286989e+004	   +5.790848e+001
+1.288438e+004	   +5.818517e+001
+1.289889e+004	   +5.837604e+001
+1.291342e+004	   +5.812289e+001
+1.292796e+004	   +5.843745e+001
+1.294251e+004	   +5.828216e+001
+1.295709e+004	   +5.862421e+001
+1.297168e+004	   +5.828817e+001
+1.298628e+004	   +5.780042e+001
+1.300091e+004	   +5.853612e+001
+1.301555e+004	   +5.847018e+001
+1.303020e+004	   +5.810446e+001
+1.304488e+004	   +5.836989e+001
+1.305956e+004	   +5.796451e+001
+1.307427e+004	   +5.810215e+001
+1.308899e+004	   +5.801913e+001
+1.310373e+004	   +5.822472e+001
+1.311849e+004	   +5.833734e+001
+1.313326e+004	   +5.843847e+001
+1.314805e+004	   +5.827428e+001
+1.316285e+004	   +5.804736e+001
+1.317767e+004	   +5.839743e+001
+1.319251e+004	   +5.850559e+001
+1.320737e+004	   +5.812015e+001
+1.322224e+004	   +5.818980e+001
+1.323713e+004	   +5.829356e+001
+1.325203e+004	   +5.806665e+001
+1.326696e+004	   +5.817688e+001
+1.328190e+004	   +5.803861e+001
+1.329685e+004	   +5.907384e+001
+1.331182e+004	   +5.803693e+001
+1.332681e+004	   +5.892909e+001
+1.334182e+004	   +5.814331e+001
+1.335684e+004	   +5.857690e+001
+1.337188e+004	   +5.816687e+001
+1.338694e+004	   +5.791126e+001
+1.340202e+004	   +5.843079e+001
+1.341711e+004	   +5.815406e+001
+1.343222e+004	   +5.810310e+001
+1.344734e+004	   +5.822490e+001
+1.346248e+004	   +5.820166e+001
+1.347764e+004	   +5.787727e+001
+1.349282e+004	   +5.818610e+001
+1.350801e+004	   +5.842455e+001
+1.352322e+004	   +5.844828e+001
+1.353845e+004	   +5.823017e+001
+1.355370e+004	   +5.824742e+001
+1.356896e+004	   +5.836326e+001
+1.358424e+004	   +5.819792e+001
+1.359953e+004	   +5.802520e+001
+1.361485e+004	   +5.836144e+001
+1.363018e+004	   +5.848341e+001
+1.364553e+004	   +5.869954e+001
+1.366089e+004	   +5.848063e+001
+1.367627e+004	   +5.787717e+001
+1.369167e+004	   +5.800233e+001
+1.370709e+004	   +5.804024e+001
+1.372253e+004	   +5.820963e+001
+1.373798e+004	   +5.786732e+001
+1.375345e+004	   +5.806149e+001
+1.376893e+004	   +5.911054e+001
+1.378444e+004	   +5.829419e+001
+1.379996e+004	   +5.809914e+001
+1.381550e+004	   +5.840987e+001
+1.383106e+004	   +5.786702e+001
+1.384663e+004	   +5.834270e+001
+1.386222e+004	   +5.857790e+001
+1.387783e+004	   +5.841749e+001
+1.389346e+004	   +5.884778e+001
+1.390910e+004	   +5.837248e+001
+1.392477e+004	   +5.872042e+001
+1.394045e+004	   +5.829190e+001
+1.395614e+004	   +5.867728e+001
+1.397186e+004	   +5.864920e+001
+1.398759e+004	   +5.774210e+001
+1.400334e+004	   +5.856272e+001
+1.401911e+004	   +5.886826e+001
+1.403490e+004	   +5.820284e+001
+1.405070e+004	   +5.844557e+001
+1.406652e+004	   +5.820021e+001
+1.408236e+004	   +5.853759e+001
+1.409822e+004	   +5.808140e+001
+1.411409e+004	   +5.863403e+001
+1.412999e+004	   +5.792828e+001
+1.414590e+004	   +5.838359e+001
+1.416183e+004	   +5.797565e+001
+1.417777e+004	   +5.792469e+001
+1.419374e+004	   +5.852176e+001
+1.420972e+004	   +5.843640e+001
+1.422572e+004	   +5.836856e+001
+1.424174e+004	   +5.879768e+001
+1.425778e+004	   +5.849314e+001
+1.427383e+004	   +5.851154e+001
+1.428991e+004	   +5.830340e+001
+1.430600e+004	   +5.860915e+001
+1.432211e+004	   +5.846444e+001
+1.433823e+004	   +5.845501e+001
+1.435438e+004	   +5.832452e+001
+1.437054e+004	   +5.827116e+001
+1.438672e+004	   +5.898233e+001
+1.440292e+004	   +5.822483e+001
+1.441914e+004	   +5.870853e+001
+1.443538e+004	   +5.818671e+001
+1.445163e+004	   +5.887378e+001
+1.446791e+004	   +5.843171e+001
+1.448420e+004	   +5.805404e+001
+1.450051e+004	   +5.819122e+001
+1.451684e+004	   +5.792494e+001
+1.453318e+004	   +5.903967e+001
+1.454955e+004	   +5.825986e+001
+1.456593e+004	   +5.812355e+001
+1.458233e+004	   +5.814635e+001
+1.459875e+004	   +5.838951e+001
+1.461519e+004	   +5.850924e+001
+1.463165e+004	   +5.790121e+001
+1.464813e+004	   +5.848720e+001
+1.466462e+004	   +5.879095e+001
+1.468113e+004	   +5.857100e+001
+1.469767e+004	   +5.876822e+001
+1.471421e+004	   +5.875587e+001
+1.473078e+004	   +5.914999e+001
+1.474737e+004	   +5.805749e+001
+1.476398e+004	   +5.871642e+001
+1.478060e+004	   +5.840999e+001
+1.479725e+004	   +5.866286e+001
+1.481391e+004	   +5.815104e+001
+1.483059e+004	   +5.863173e+001
+1.484729e+004	   +5.844818e+001
+1.486401e+004	   +5.776759e+001
+1.488075e+004	   +5.837880e+001
+1.489750e+004	   +5.828730e+001
+1.491428e+004	   +5.846305e+001
+1.493107e+004	   +5.828814e+001
+1.494788e+004	   +5.786663e+001
+1.496472e+004	   +5.916763e+001
+1.498157e+004	   +5.800237e+001
+1.499844e+004	   +5.881847e+001
+1.501533e+004	   +5.873635e+001
+1.503223e+004	   +5.786712e+001
+1.504916e+004	   +5.916005e+001
+1.506611e+004	   +5.853020e+001
+1.508307e+004	   +5.833028e+001
+1.510006e+004	   +5.847498e+001
+1.511706e+004	   +5.835491e+001
+1.513408e+004	   +5.879924e+001
+1.515112e+004	   +5.850068e+001
+1.516818e+004	   +5.829014e+001
+1.518526e+004	   +5.952652e+001
+1.520236e+004	   +5.868232e+001
+1.521948e+004	   +5.848603e+001
+1.523662e+004	   +5.822033e+001
+1.525378e+004	   +5.853708e+001
+1.527095e+004	   +5.853130e+001
+1.528815e+004	   +5.903830e+001
+1.530536e+004	   +5.898670e+001
+1.532260e+004	   +5.832485e+001
+1.533985e+004	   +5.877156e+001
+1.535713e+004	   +5.912401e+001
+1.537442e+004	   +5.855269e+001
+1.539173e+004	   +5.875686e+001
+1.540906e+004	   +5.819683e+001
+1.542641e+004	   +5.922423e+001
+1.544378e+004	   +5.867716e+001
+1.546117e+004	   +5.846918e+001
+1.547858e+004	   +5.827235e+001
+1.549601e+004	   +5.867750e+001
+1.551346e+004	   +5.825630e+001
+1.553093e+004	   +5.872327e+001
+1.554842e+004	   +5.849818e+001
+1.556593e+004	   +5.904890e+001
+1.558346e+004	   +5.891137e+001
+1.560100e+004	   +5.830305e+001
+1.561857e+004	   +5.834746e+001
+1.563616e+004	   +5.836341e+001
+1.565376e+004	   +5.857351e+001
+1.567139e+004	   +5.853429e+001
+1.568904e+004	   +5.847365e+001
+1.570671e+004	   +5.838013e+001
+1.572439e+004	   +5.822401e+001
+1.574210e+004	   +5.875076e+001
+1.575982e+004	   +5.898828e+001
+1.577757e+004	   +5.783128e+001
+1.579534e+004	   +5.887318e+001
+1.581312e+004	   +5.868211e+001
+1.583093e+004	   +5.896753e+001
+1.584875e+004	   +5.854314e+001
+1.586660e+004	   +5.853723e+001
+1.588447e+004	   +5.852067e+001
+1.590235e+004	   +5.843120e+001
+1.592026e+004	   +5.811670e+001
+1.593819e+004	   +5.787839e+001
+1.595613e+004	   +5.848285e+001
+1.597410e+004	   +5.880558e+001
+1.599209e+004	   +5.831002e+001
+1.601010e+004	   +5.841390e+001
+1.602813e+004	   +5.810653e+001
+1.604617e+004	   +5.819477e+001
+1.606424e+004	   +5.830428e+001
+1.608233e+004	   +5.817294e+001
+1.610044e+004	   +5.825198e+001
+1.611857e+004	   +5.826212e+001
+1.613672e+004	   +5.869709e+001
+1.615489e+004	   +5.828398e+001
+1.617308e+004	   +5.878867e+001
+1.619129e+004	   +5.809321e+001
+1.620953e+004	   +5.820266e+001
+1.622778e+004	   +5.787775e+001
+1.624605e+004	   +5.821137e+001
+1.626435e+004	   +5.859455e+001
+1.628266e+004	   +5.826103e+001
+1.630100e+004	   +5.851900e+001
+1.631935e+004	   +5.828368e+001
+1.633773e+004	   +5.864429e+001
+1.635612e+004	   +5.848484e+001
+1.637454e+004	   +5.878717e+001
+1.639298e+004	   +5.788956e+001
+1.641144e+004	   +5.797322e+001
+1.642992e+004	   +5.839478e+001
+1.644842e+004	   +5.828620e+001
+1.646694e+004	   +5.865272e+001
+1.648548e+004	   +5.819963e+001
+1.650405e+004	   +5.789008e+001
+1.652263e+004	   +5.804938e+001
+1.654124e+004	   +5.821999e+001
+1.655986e+004	   +5.821854e+001
+1.657851e+004	   +5.859225e+001
+1.659718e+004	   +5.810873e+001
+1.661587e+004	   +5.809883e+001
+1.663458e+004	   +5.798249e+001
+1.665331e+004	   +5.776229e+001
+1.667206e+004	   +5.748668e+001
+1.669083e+004	   +5.861700e+001
+1.670963e+004	   +5.841274e+001
+1.672845e+004	   +5.841103e+001
+1.674728e+004	   +5.820617e+001
+1.676614e+004	   +5.781751e+001
+1.678502e+004	   +5.812097e+001
+1.680392e+004	   +5.888243e+001
+1.682284e+004	   +5.784307e+001
+1.684179e+004	   +5.819550e+001
+1.686075e+004	   +5.831669e+001
+1.687974e+004	   +5.808282e+001
+1.689874e+004	   +5.825963e+001
+1.691777e+004	   +5.856601e+001
+1.693682e+004	   +5.798222e+001
+1.695589e+004	   +5.765625e+001
+1.697499e+004	   +5.823665e+001
+1.699410e+004	   +5.866038e+001
+1.701324e+004	   +5.760873e+001
+1.703239e+004	   +5.794766e+001
+1.705157e+004	   +5.832678e+001
+1.707077e+004	   +5.811898e+001
+1.709000e+004	   +5.813946e+001
+1.710924e+004	   +5.821711e+001
+1.712851e+004	   +5.859388e+001
+1.714779e+004	   +5.894874e+001
+1.716710e+004	   +5.740693e+001
+1.718643e+004	   +5.746493e+001
+1.720579e+004	   +5.898063e+001
+1.722516e+004	   +5.748503e+001
+1.724456e+004	   +5.828479e+001
+1.726397e+004	   +5.783790e+001
+1.728342e+004	   +5.823318e+001
+1.730288e+004	   +5.791239e+001
+1.732236e+004	   +5.779818e+001
+1.734187e+004	   +5.811637e+001
+1.736139e+004	   +5.822184e+001
+1.738094e+004	   +5.825716e+001
+1.740052e+004	   +5.822426e+001
+1.742011e+004	   +5.820332e+001
+1.743972e+004	   +5.843822e+001
+1.745936e+004	   +5.778176e+001
+1.747902e+004	   +5.750584e+001
+1.749871e+004	   +5.799826e+001
+1.751841e+004	   +5.821576e+001
+1.753813e+004	   +5.786741e+001
+1.755788e+004	   +5.832295e+001
+1.757765e+004	   +5.874883e+001
+1.759745e+004	   +5.848106e+001
+1.761726e+004	   +5.865422e+001
+1.763710e+004	   +5.808757e+001
+1.765696e+004	   +5.777073e+001
+1.767684e+004	   +5.826439e+001
+1.769675e+004	   +5.896688e+001
+1.771668e+004	   +5.808334e+001
+1.773663e+004	   +5.826719e+001
+1.775660e+004	   +5.768675e+001
+1.777659e+004	   +5.863435e+001
+1.779661e+004	   +5.832772e+001
+1.781665e+004	   +5.855022e+001
+1.783671e+004	   +5.872810e+001
+1.785680e+004	   +5.812321e+001
+1.787690e+004	   +5.808194e+001
+1.789704e+004	   +5.818399e+001
+1.791719e+004	   +5.893464e+001
+1.793736e+004	   +5.793140e+001
+1.795756e+004	   +5.823502e+001
+1.797778e+004	   +5.787703e+001
+1.799803e+004	   +5.832875e+001
+1.801829e+004	   +5.838208e+001
+1.803858e+004	   +5.870665e+001
+1.805889e+004	   +5.820207e+001
+1.807923e+004	   +5.834955e+001
+1.809959e+004	   +5.801998e+001
+1.811997e+004	   +5.858135e+001
+1.814037e+004	   +5.713132e+001
+1.816080e+004	   +5.817365e+001
+1.818125e+004	   +5.823767e+001
+1.820172e+004	   +5.775747e+001
+1.822222e+004	   +5.773627e+001
+1.824274e+004	   +5.835183e+001
+1.826328e+004	   +5.806752e+001
+1.828384e+004	   +5.817717e+001
+1.830443e+004	   +5.807448e+001
+1.832504e+004	   +5.927477e+001
+1.834568e+004	   +5.775899e+001
+1.836634e+004	   +5.817687e+001
+1.838702e+004	   +5.836932e+001
+1.840772e+004	   +5.868057e+001
+1.842845e+004	   +5.782401e+001
+1.844920e+004	   +5.807098e+001
+1.846997e+004	   +5.782008e+001
+1.849077e+004	   +5.771918e+001
+1.851160e+004	   +5.827275e+001
+1.853244e+004	   +5.792387e+001
+1.855331e+004	   +5.725697e+001
+1.857420e+004	   +5.813837e+001
+1.859512e+004	   +5.832322e+001
+1.861605e+004	   +5.851379e+001
+1.863702e+004	   +5.782811e+001
+1.865800e+004	   +5.718986e+001
+1.867901e+004	   +5.768823e+001
+1.870004e+004	   +5.772253e+001
+1.872110e+004	   +5.802886e+001
+1.874218e+004	   +5.815734e+001
+1.876329e+004	   +5.775153e+001
+1.878442e+004	   +5.823029e+001
+1.880557e+004	   +5.793752e+001
+1.882674e+004	   +5.829918e+001
+1.884794e+004	   +5.774657e+001
+1.886917e+004	   +5.785698e+001
+1.889041e+004	   +5.772988e+001
+1.891169e+004	   +5.753743e+001
+1.893298e+004	   +5.761387e+001
+1.895430e+004	   +5.769210e+001
+1.897564e+004	   +5.859232e+001
+1.899701e+004	   +5.778823e+001
+1.901840e+004	   +5.827411e+001
+1.903982e+004	   +5.732597e+001
+1.906126e+004	   +5.755315e+001
+1.908272e+004	   +5.770726e+001
+1.910421e+004	   +5.779545e+001
+1.912572e+004	   +5.738004e+001
+1.914726e+004	   +5.756034e+001
+1.916882e+004	   +5.727100e+001
+1.919040e+004	   +5.740461e+001
+1.921201e+004	   +5.762059e+001
+1.923365e+004	   +5.758657e+001
+1.925530e+004	   +5.729404e+001
+1.927699e+004	   +5.657772e+001
+1.929869e+004	   +5.705669e+001
+1.932042e+004	   +5.758920e+001
+1.934218e+004	   +5.744506e+001
+1.936396e+004	   +5.704401e+001
+1.938577e+004	   +5.735783e+001
+1.940759e+004	   +5.681304e+001
+1.942945e+004	   +5.639439e+001
+1.945133e+004	   +5.772882e+001
+1.947323e+004	   +5.735906e+001
+1.949516e+004	   +5.730574e+001
+1.951711e+004	   +5.746326e+001
+1.953909e+004	   +5.696103e+001
+1.956109e+004	   +5.825369e+001
+1.958312e+004	   +5.680532e+001
+1.960517e+004	   +5.741511e+001
+1.962724e+004	   +5.682167e+001
+1.964934e+004	   +5.642889e+001
+1.967147e+004	   +5.738945e+001
+1.969362e+004	   +5.643539e+001
+1.971580e+004	   +5.683262e+001
+1.973800e+004	   +5.695273e+001
+1.976022e+004	   +5.620219e+001
+1.978247e+004	   +5.670021e+001
+1.980475e+004	   +5.656275e+001
+1.982705e+004	   +5.737053e+001
+1.984938e+004	   +5.720932e+001
+1.987173e+004	   +5.677965e+001
+1.989410e+004	   +5.626449e+001
+1.991651e+004	   +5.738872e+001
+1.993893e+004	   +5.631585e+001
+1.996138e+004	   +5.695861e+001
+1.998386e+004	   +5.659654e+001
+2.000637e+004	   +5.669974e+001
+2.002889e+004	   +5.655389e+001
+2.005145e+004	   +5.603978e+001
+2.007403e+004	   +5.647157e+001
+2.009663e+004	   +5.603608e+001
+2.011926e+004	   +5.704248e+001
+2.014191e+004	   +5.682758e+001
+2.016459e+004	   +5.615438e+001
+2.018730e+004	   +5.674943e+001
+2.021003e+004	   +5.583344e+001
+2.023279e+004	   +5.615451e+001
+2.025557e+004	   +5.533215e+001
+2.027838e+004	   +5.515339e+001
+2.030121e+004	   +5.587954e+001
+2.032408e+004	   +5.606054e+001
+2.034696e+004	   +5.542149e+001
+2.036987e+004	   +5.540071e+001
+2.039281e+004	   +5.501068e+001
+2.041577e+004	   +5.535624e+001
+2.043876e+004	   +5.546135e+001
+2.046178e+004	   +5.535358e+001
+2.048482e+004	   +5.556501e+001
+2.050788e+004	   +5.538834e+001
+2.053098e+004	   +5.484722e+001
+2.055410e+004	   +5.482191e+001
+2.057724e+004	   +5.531576e+001
+2.060041e+004	   +5.527788e+001
+2.062361e+004	   +5.515213e+001
+2.064683e+004	   +5.479068e+001
+2.067008e+004	   +5.547359e+001
+2.069336e+004	   +5.522394e+001
+2.071666e+004	   +5.572821e+001
+2.073999e+004	   +5.521741e+001
+2.076334e+004	   +5.489308e+001
+2.078672e+004	   +5.565640e+001
+2.081013e+004	   +5.544318e+001
+2.083356e+004	   +5.553219e+001
+2.085702e+004	   +5.515681e+001
+2.088051e+004	   +5.536617e+001
+2.090402e+004	   +5.559150e+001
+2.092756e+004	   +5.608018e+001
+2.095112e+004	   +5.551611e+001
+2.097471e+004	   +5.593515e+001
+2.099833e+004	   +5.560842e+001
+2.102198e+004	   +5.602910e+001
+2.104565e+004	   +5.608770e+001
+2.106935e+004	   +5.618064e+001
+2.109307e+004	   +5.549371e+001
+2.111682e+004	   +5.582191e+001
+2.114060e+004	   +5.720242e+001
+2.116441e+004	   +5.656308e+001
+2.118824e+004	   +5.632462e+001
+2.121210e+004	   +5.635682e+001
+2.123598e+004	   +5.656565e+001
+2.125990e+004	   +5.633844e+001
+2.128384e+004	   +5.649551e+001
+2.130780e+004	   +5.635306e+001
+2.133179e+004	   +5.672575e+001
+2.135582e+004	   +5.574863e+001
+2.137986e+004	   +5.658313e+001
+2.140394e+004	   +5.653799e+001
+2.142804e+004	   +5.709357e+001
+2.145217e+004	   +5.642315e+001
+2.147632e+004	   +5.756293e+001
+2.150051e+004	   +5.610203e+001
+2.152472e+004	   +5.727429e+001
+2.154896e+004	   +5.678537e+001
+2.157322e+004	   +5.675998e+001
+2.159751e+004	   +5.643793e+001
+2.162183e+004	   +5.734301e+001
+2.164618e+004	   +5.691980e+001
+2.167055e+004	   +5.726822e+001
+2.169496e+004	   +5.541385e+001
+2.171939e+004	   +5.749026e+001
+2.174384e+004	   +5.609692e+001
+2.176833e+004	   +5.649093e+001
+2.179284e+004	   +5.766084e+001
+2.181738e+004	   +5.740237e+001
+2.184195e+004	   +5.623262e+001
+2.186654e+004	   +5.770719e+001
+2.189116e+004	   +5.643356e+001
+2.191581e+004	   +5.657809e+001
+2.194049e+004	   +5.649388e+001
+2.196520e+004	   +5.633052e+001
+2.198993e+004	   +5.630448e+001
+2.201469e+004	   +5.688185e+001
+2.203948e+004	   +5.664997e+001
+2.206430e+004	   +5.670414e+001
+2.208915e+004	   +5.686677e+001
+2.211402e+004	   +5.609029e+001
+2.213892e+004	   +5.681902e+001
+2.216385e+004	   +5.743499e+001
+2.218881e+004	   +5.588626e+001
+2.221379e+004	   +5.574658e+001
+2.223881e+004	   +5.499088e+001
+2.226385e+004	   +5.584022e+001
+2.228892e+004	   +5.663018e+001
+2.231402e+004	   +5.636980e+001
+2.233914e+004	   +5.702021e+001
+2.236430e+004	   +5.653304e+001
+2.238948e+004	   +5.717341e+001
+2.241469e+004	   +5.655485e+001
+2.243993e+004	   +5.668049e+001
+2.246520e+004	   +5.713519e+001
+2.249050e+004	   +5.704008e+001
+2.251582e+004	   +5.726463e+001
+2.254118e+004	   +5.628263e+001
+2.256656e+004	   +5.642362e+001
+2.259197e+004	   +5.594735e+001
+2.261741e+004	   +5.543974e+001
+2.264288e+004	   +5.570531e+001
+2.266838e+004	   +5.708250e+001
+2.269390e+004	   +5.581849e+001
+2.271946e+004	   +5.698824e+001
+2.274504e+004	   +5.714853e+001
+2.277065e+004	   +5.708803e+001
+2.279629e+004	   +5.600604e+001
+2.282196e+004	   +5.593478e+001
+2.284766e+004	   +5.687858e+001
+2.287338e+004	   +5.563431e+001
+2.289914e+004	   +5.641957e+001
+2.292493e+004	   +5.650819e+001
+2.295074e+004	   +5.636645e+001
+2.297658e+004	   +5.613316e+001
+2.300246e+004	   +5.650326e+001
+2.302836e+004	   +5.636918e+001
+2.305429e+004	   +5.623806e+001
+2.308025e+004	   +5.690831e+001
+2.310624e+004	   +5.653289e+001
+2.313226e+004	   +5.665922e+001
+2.315831e+004	   +5.611164e+001
+2.318438e+004	   +5.552835e+001
+2.321049e+004	   +5.647668e+001
+2.323663e+004	   +5.540998e+001
+2.326279e+004	   +5.545632e+001
+2.328899e+004	   +5.514672e+001
+2.331521e+004	   +5.607934e+001
+2.334146e+004	   +5.668890e+001
+2.336775e+004	   +5.592226e+001
+2.339406e+004	   +5.638369e+001
+2.342040e+004	   +5.567665e+001
+2.344678e+004	   +5.551235e+001
+2.347318e+004	   +5.639089e+001
+2.349961e+004	   +5.548275e+001
+2.352607e+004	   +5.581623e+001
+2.355256e+004	   +5.636823e+001
+2.357908e+004	   +5.587205e+001
+2.360563e+004	   +5.606091e+001
+2.363221e+004	   +5.545930e+001
+2.365883e+004	   +5.638282e+001
+2.368547e+004	   +5.509051e+001
+2.371214e+004	   +5.628335e+001
+2.373884e+004	   +5.553576e+001
+2.376557e+004	   +5.608257e+001
+2.379233e+004	   +5.677848e+001
+2.381912e+004	   +5.471319e+001
+2.384594e+004	   +5.554105e+001
+2.387279e+004	   +5.525201e+001
+2.389968e+004	   +5.581456e+001
+2.392659e+004	   +5.526262e+001
+2.395353e+004	   +5.565903e+001
+2.398050e+004	   +5.531712e+001
+2.400751e+004	   +5.518356e+001
+2.403454e+004	   +5.528537e+001
+2.406160e+004	   +5.422417e+001
+2.408870e+004	   +5.641742e+001
+2.411582e+004	   +5.581464e+001
+2.414298e+004	   +5.601106e+001
+2.417016e+004	   +5.581958e+001
+2.419738e+004	   +5.491698e+001
+2.422463e+004	   +5.603939e+001
+2.425191e+004	   +5.506449e+001
+2.427921e+004	   +5.640807e+001
+2.430655e+004	   +5.479184e+001
+2.433393e+004	   +5.637776e+001
+2.436133e+004	   +5.568585e+001
+2.438876e+004	   +5.537156e+001
+2.441622e+004	   +5.493453e+001
+2.444371e+004	   +5.502649e+001
+2.447124e+004	   +5.594720e+001
+2.449879e+004	   +5.512280e+001
+2.452638e+004	   +5.529915e+001
+2.455400e+004	   +5.623448e+001
+2.458165e+004	   +5.435791e+001
+2.460933e+004	   +5.536992e+001
+2.463704e+004	   +5.470678e+001
+2.466478e+004	   +5.579904e+001
+2.469255e+004	   +5.572055e+001
+2.472036e+004	   +5.552730e+001
+2.474820e+004	   +5.528854e+001
+2.477606e+004	   +5.562557e+001
+2.480396e+004	   +5.571092e+001
+2.483189e+004	   +5.631768e+001
+2.485985e+004	   +5.533286e+001
+2.488785e+004	   +5.612003e+001
+2.491587e+004	   +5.635831e+001
+2.494393e+004	   +5.472404e+001
+2.497202e+004	   +5.586182e+001
+2.500014e+004	   +5.531794e+001
+2.502829e+004	   +5.554164e+001
+2.505647e+004	   +5.484160e+001
+2.508469e+004	   +5.577718e+001
+2.511293e+004	   +5.560111e+001
+2.514121e+004	   +5.571112e+001
+2.516952e+004	   +5.553421e+001
+2.519786e+004	   +5.537353e+001
+2.522623e+004	   +5.412747e+001
+2.525464e+004	   +5.612687e+001
+2.528308e+004	   +5.517504e+001
+2.531155e+004	   +5.521534e+001
+2.534005e+004	   +5.517160e+001
+2.536858e+004	   +5.532086e+001
+2.539715e+004	   +5.451150e+001
+2.542575e+004	   +5.514722e+001
+2.545438e+004	   +5.497097e+001
+2.548304e+004	   +5.532589e+001
+2.551174e+004	   +5.473164e+001
+2.554046e+004	   +5.537223e+001
+2.556922e+004	   +5.472507e+001
+2.559802e+004	   +5.601901e+001
+2.562684e+004	   +5.535658e+001
+2.565570e+004	   +5.652014e+001
+2.568459e+004	   +5.629004e+001
+2.571351e+004	   +5.502342e+001
+2.574246e+004	   +5.409147e+001
+2.577145e+004	   +5.521020e+001
+2.580047e+004	   +5.543068e+001
+2.582952e+004	   +5.744106e+001
+2.585861e+004	   +5.594490e+001
+2.588772e+004	   +5.522839e+001
+2.591688e+004	   +5.554249e+001
+2.594606e+004	   +5.580844e+001
+2.597528e+004	   +5.509567e+001
+2.600453e+004	   +5.498101e+001
+2.603381e+004	   +5.491909e+001
+2.606312e+004	   +5.595812e+001
+2.609247e+004	   +5.540850e+001
+2.612185e+004	   +5.512110e+001
+2.615127e+004	   +5.439272e+001
+2.618071e+004	   +5.588494e+001
+2.621019e+004	   +5.510227e+001
+2.623971e+004	   +5.492885e+001
+2.626925e+004	   +5.502455e+001
+2.629883e+004	   +5.478791e+001
+2.632845e+004	   +5.554646e+001
+2.635810e+004	   +5.458329e+001
+2.638778e+004	   +5.484362e+001
+2.641749e+004	   +5.510596e+001
+2.644724e+004	   +5.473632e+001
+2.647702e+004	   +5.445525e+001
+2.650683e+004	   +5.499059e+001
+2.653668e+004	   +5.440693e+001
+2.656656e+004	   +5.473204e+001
+2.659647e+004	   +5.451254e+001
+2.662642e+004	   +5.480734e+001
+2.665641e+004	   +5.452357e+001
+2.668642e+004	   +5.412569e+001
+2.671647e+004	   +5.594826e+001
+2.674656e+004	   +5.427897e+001
+2.677667e+004	   +5.486698e+001
+2.680683e+004	   +5.510334e+001
+2.683701e+004	   +5.521566e+001
+2.686723e+004	   +5.601028e+001
+2.689748e+004	   +5.491528e+001
+2.692777e+004	   +5.518020e+001
+2.695809e+004	   +5.477697e+001
+2.698845e+004	   +5.354838e+001
+2.701884e+004	   +5.533663e+001
+2.704927e+004	   +5.447031e+001
+2.707972e+004	   +5.366147e+001
+2.711022e+004	   +5.445854e+001
+2.714074e+004	   +5.517017e+001
+2.717130e+004	   +5.510888e+001
+2.720190e+004	   +5.523204e+001
+2.723253e+004	   +5.455517e+001
+2.726320e+004	   +5.523950e+001
+2.729390e+004	   +5.454288e+001
+2.732463e+004	   +5.506866e+001
+2.735540e+004	   +5.614907e+001
+2.738620e+004	   +5.538806e+001
+2.741704e+004	   +5.414029e+001
+2.744791e+004	   +5.468398e+001
+2.747882e+004	   +5.371949e+001
+2.750976e+004	   +5.454803e+001
+2.754074e+004	   +5.669556e+001
+2.757175e+004	   +5.401907e+001
+2.760280e+004	   +5.525975e+001
+2.763388e+004	   +5.492748e+001
+2.766500e+004	   +5.416710e+001
+2.769615e+004	   +5.623215e+001
+2.772734e+004	   +5.489450e+001
+2.775856e+004	   +5.511820e+001
+2.778982e+004	   +5.458794e+001
+2.782111e+004	   +5.425045e+001
+2.785244e+004	   +5.455323e+001
+2.788380e+004	   +5.396556e+001
+2.791520e+004	   +5.436953e+001
+2.794663e+004	   +5.450373e+001
+2.797810e+004	   +5.512992e+001
+2.800961e+004	   +5.407447e+001
+2.804114e+004	   +5.537928e+001
+2.807272e+004	   +5.317341e+001
+2.810433e+004	   +5.509497e+001
+2.813598e+004	   +5.514838e+001
+2.816766e+004	   +5.533949e+001
+2.819938e+004	   +5.557861e+001
+2.823113e+004	   +5.306935e+001
+2.826292e+004	   +5.641042e+001
+2.829475e+004	   +5.320193e+001
+2.832661e+004	   +5.496305e+001
+2.835850e+004	   +5.357795e+001
+2.839044e+004	   +5.505420e+001
+2.842241e+004	   +5.522097e+001
+2.845441e+004	   +5.502836e+001
+2.848645e+004	   +5.550419e+001
+2.851853e+004	   +5.462136e+001
+2.855064e+004	   +5.405722e+001
+2.858279e+004	   +5.504787e+001
+2.861498e+004	   +5.523182e+001
+2.864720e+004	   +5.329205e+001
+2.867946e+004	   +5.431128e+001
+2.871175e+004	   +5.494666e+001
+2.874408e+004	   +5.633413e+001
+2.877645e+004	   +5.443469e+001
+2.880885e+004	   +5.316042e+001
+2.884129e+004	   +5.471995e+001
+2.887377e+004	   +5.583664e+001
+2.890628e+004	   +5.518938e+001
+2.893883e+004	   +5.552173e+001
+2.897142e+004	   +5.463798e+001
+2.900404e+004	   +5.432825e+001
+2.903670e+004	   +5.417794e+001
+2.906940e+004	   +5.465973e+001
+2.910213e+004	   +5.377021e+001
+2.913490e+004	   +5.516610e+001
+2.916771e+004	   +5.540641e+001
+2.920055e+004	   +5.495693e+001
+2.923343e+004	   +5.565608e+001
+2.926635e+004	   +5.427204e+001
+2.929930e+004	   +5.388745e+001
+2.933230e+004	   +5.476918e+001
+2.936533e+004	   +5.460528e+001
+2.939839e+004	   +5.467005e+001
+2.943150e+004	   +5.383115e+001
+2.946464e+004	   +5.376006e+001
+2.949782e+004	   +5.402523e+001
+2.953103e+004	   +5.409050e+001
+2.956429e+004	   +5.487620e+001
+2.959758e+004	   +5.446573e+001
+2.963090e+004	   +5.326443e+001
+2.966427e+004	   +5.538216e+001
+2.969767e+004	   +5.503985e+001
+2.973112e+004	   +5.469658e+001
+2.976459e+004	   +5.530698e+001
+2.979811e+004	   +5.412555e+001
+2.983166e+004	   +5.417296e+001
+2.986525e+004	   +5.450417e+001
+2.989888e+004	   +5.564327e+001
+2.993255e+004	   +5.404831e+001
+2.996626e+004	   +5.455035e+001
+3.000000e+004	   +5.398404e+001
