+1.000000e+003	   +2.632797e+001
+1.001664e+003	   +2.577103e+001
+1.003330e+003	   +2.703744e+001
+1.005000e+003	   +2.862755e+001
+1.006672e+003	   +2.746825e+001
+1.008346e+003	   +2.690611e+001
+1.010024e+003	   +2.679444e+001
+1.011705e+003	   +2.705249e+001
+1.013388e+003	   +2.680882e+001
+1.015074e+003	   +2.643842e+001
+1.016763e+003	   +2.749709e+001
+1.018454e+003	   +2.570880e+001
+1.020149e+003	   +2.686625e+001
+1.021846e+003	   +2.636844e+001
+1.023546e+003	   +2.657054e+001
+1.025249e+003	   +2.617587e+001
+1.026955e+003	   +2.625366e+001
+1.028663e+003	   +2.617977e+001
+1.030375e+003	   +2.655004e+001
+1.032089e+003	   +2.606898e+001
+1.033806e+003	   +2.681000e+001
+1.035526e+003	   +2.676002e+001
+1.037249e+003	   +2.711186e+001
+1.038975e+003	   +2.657142e+001
+1.040703e+003	   +2.603478e+001
+1.042435e+003	   +2.658016e+001
+1.044169e+003	   +2.672113e+001
+1.045906e+003	   +2.567275e+001
+1.047646e+003	   +2.663475e+001
+1.049390e+003	   +2.668228e+001
+1.051135e+003	   +2.702467e+001
+1.052884e+003	   +2.811997e+001
+1.054636e+003	   +2.754130e+001
+1.056391e+003	   +2.655885e+001
+1.058148e+003	   +2.624733e+001
+1.059909e+003	   +2.697318e+001
+1.061672e+003	   +2.500713e+001
+1.063438e+003	   +2.617247e+001
+1.065208e+003	   +2.651234e+001
+1.066980e+003	   +2.500474e+001
+1.068755e+003	   +2.442461e+001
+1.070533e+003	   +2.573701e+001
+1.072314e+003	   +2.594732e+001
+1.074099e+003	   +2.509311e+001
+1.075885e+003	   +2.883609e+001
+1.077676e+003	   +2.658640e+001
+1.079469e+003	   +2.530418e+001
+1.081264e+003	   +2.428253e+001
+1.083063e+003	   +2.708321e+001
+1.084865e+003	   +2.585690e+001
+1.086670e+003	   +2.737454e+001
+1.088478e+003	   +2.571651e+001
+1.090289e+003	   +2.641291e+001
+1.092103e+003	   +2.661473e+001
+1.093920e+003	   +2.590782e+001
+1.095740e+003	   +2.494974e+001
+1.097563e+003	   +2.608022e+001
+1.099389e+003	   +2.499060e+001
+1.101218e+003	   +2.443799e+001
+1.103050e+003	   +2.522934e+001
+1.104886e+003	   +2.492473e+001
+1.106724e+003	   +2.385299e+001
+1.108565e+003	   +2.610808e+001
+1.110410e+003	   +2.561610e+001
+1.112257e+003	   +2.500727e+001
+1.114108e+003	   +2.473707e+001
+1.115961e+003	   +2.525609e+001
+1.117818e+003	   +2.526863e+001
+1.119678e+003	   +2.613107e+001
+1.121540e+003	   +2.504210e+001
+1.123406e+003	   +2.520864e+001
+1.125276e+003	   +2.572072e+001
+1.127148e+003	   +2.706020e+001
+1.129023e+003	   +2.511006e+001
+1.130901e+003	   +2.424042e+001
+1.132783e+003	   +2.679098e+001
+1.134667e+003	   +2.540718e+001
+1.136555e+003	   +2.534771e+001
+1.138446e+003	   +2.541575e+001
+1.140340e+003	   +2.479967e+001
+1.142238e+003	   +2.435385e+001
+1.144138e+003	   +2.395186e+001
+1.146042e+003	   +2.453397e+001
+1.147948e+003	   +2.394992e+001
+1.149858e+003	   +2.375581e+001
+1.151771e+003	   +2.303246e+001
+1.153688e+003	   +2.504357e+001
+1.155607e+003	   +2.482482e+001
+1.157530e+003	   +2.392556e+001
+1.159455e+003	   +2.368426e+001
+1.161384e+003	   +2.322665e+001
+1.163317e+003	   +2.397282e+001
+1.165252e+003	   +2.578568e+001
+1.167191e+003	   +2.423035e+001
+1.169133e+003	   +2.502036e+001
+1.171078e+003	   +2.293667e+001
+1.173026e+003	   +2.364999e+001
+1.174978e+003	   +2.594572e+001
+1.176933e+003	   +2.220205e+001
+1.178891e+003	   +2.547594e+001
+1.180852e+003	   +2.578283e+001
+1.182817e+003	   +2.376363e+001
+1.184785e+003	   +2.473333e+001
+1.186756e+003	   +2.377577e+001
+1.188730e+003	   +2.553600e+001
+1.190708e+003	   +2.382618e+001
+1.192689e+003	   +2.301008e+001
+1.194674e+003	   +2.416539e+001
+1.196661e+003	   +2.332358e+001
+1.198652e+003	   +2.588073e+001
+1.200646e+003	   +2.197929e+001
+1.202644e+003	   +2.742849e+001
+1.204645e+003	   +2.212687e+001
+1.206649e+003	   +2.254232e+001
+1.208657e+003	   +2.109032e+001
+1.210668e+003	   +2.940374e+001
+1.212682e+003	   +2.197474e+001
+1.214699e+003	   +2.523901e+001
+1.216720e+003	   +2.414770e+001
+1.218745e+003	   +2.249199e+001
+1.220772e+003	   +2.424657e+001
+1.222803e+003	   +2.120440e+001
+1.224838e+003	   +2.147193e+001
+1.226876e+003	   +2.863600e+001
+1.228917e+003	   +2.564772e+001
+1.230961e+003	   +2.482626e+001
+1.233010e+003	   +2.233079e+001
+1.235061e+003	   +2.686728e+001
+1.237116e+003	   +2.247141e+001
+1.239174e+003	   +2.241449e+001
+1.241236e+003	   +2.360627e+001
+1.243301e+003	   +2.209006e+001
+1.245369e+003	   +2.424302e+001
+1.247441e+003	   +2.415310e+001
+1.249517e+003	   +2.407704e+001
+1.251596e+003	   +2.384411e+001
+1.253678e+003	   +2.403468e+001
+1.255764e+003	   +2.318945e+001
+1.257853e+003	   +2.506650e+001
+1.259946e+003	   +2.160740e+001
+1.262042e+003	   +2.274123e+001
+1.264142e+003	   +2.228102e+001
+1.266245e+003	   +2.307635e+001
+1.268352e+003	   +2.268616e+001
+1.270462e+003	   +2.247662e+001
+1.272576e+003	   +2.412477e+001
+1.274693e+003	   +2.403003e+001
+1.276814e+003	   +2.393273e+001
+1.278938e+003	   +2.210788e+001
+1.281066e+003	   +2.175905e+001
+1.283197e+003	   +2.264376e+001
+1.285332e+003	   +2.367635e+001
+1.287470e+003	   +2.283408e+001
+1.289612e+003	   +2.342536e+001
+1.291758e+003	   +2.370260e+001
+1.293907e+003	   +2.350909e+001
+1.296060e+003	   +2.174191e+001
+1.298216e+003	   +2.185222e+001
+1.300376e+003	   +2.320568e+001
+1.302540e+003	   +2.305602e+001
+1.304707e+003	   +2.178651e+001
+1.306877e+003	   +2.241405e+001
+1.309052e+003	   +2.321111e+001
+1.311230e+003	   +2.224154e+001
+1.313411e+003	   +2.185813e+001
+1.315596e+003	   +2.223684e+001
+1.317785e+003	   +2.303108e+001
+1.319978e+003	   +2.320096e+001
+1.322174e+003	   +2.294365e+001
+1.324374e+003	   +2.178862e+001
+1.326577e+003	   +2.252448e+001
+1.328784e+003	   +2.193150e+001
+1.330995e+003	   +2.268939e+001
+1.333209e+003	   +2.266899e+001
+1.335427e+003	   +2.202959e+001
+1.337649e+003	   +2.264597e+001
+1.339875e+003	   +2.168330e+001
+1.342104e+003	   +2.174714e+001
+1.344337e+003	   +2.304045e+001
+1.346573e+003	   +2.174783e+001
+1.348814e+003	   +2.261689e+001
+1.351058e+003	   +2.288619e+001
+1.353306e+003	   +2.211593e+001
+1.355557e+003	   +2.282839e+001
+1.357813e+003	   +2.386132e+001
+1.360072e+003	   +2.253723e+001
+1.362334e+003	   +2.151375e+001
+1.364601e+003	   +2.292128e+001
+1.366871e+003	   +2.036806e+001
+1.369146e+003	   +2.486434e+001
+1.371423e+003	   +1.901399e+001
+1.373705e+003	   +1.993167e+001
+1.375991e+003	   +1.809515e+001
+1.378280e+003	   +2.190427e+001
+1.380573e+003	   +1.992273e+001
+1.382870e+003	   +2.141015e+001
+1.385171e+003	   +2.208893e+001
+1.387475e+003	   +2.169905e+001
+1.389784e+003	   +2.200803e+001
+1.392096e+003	   +2.206936e+001
+1.394412e+003	   +2.168659e+001
+1.396732e+003	   +2.243250e+001
+1.399056e+003	   +2.176221e+001
+1.401384e+003	   +2.131731e+001
+1.403715e+003	   +2.147752e+001
+1.406050e+003	   +2.126001e+001
+1.408390e+003	   +2.131840e+001
+1.410733e+003	   +2.214894e+001
+1.413080e+003	   +2.120023e+001
+1.415431e+003	   +2.177463e+001
+1.417786e+003	   +2.083214e+001
+1.420145e+003	   +2.066270e+001
+1.422508e+003	   +2.114622e+001
+1.424874e+003	   +2.226951e+001
+1.427245e+003	   +2.087479e+001
+1.429620e+003	   +2.090619e+001
+1.431998e+003	   +1.993061e+001
+1.434380e+003	   +2.002749e+001
+1.436767e+003	   +1.945751e+001
+1.439157e+003	   +2.193479e+001
+1.441552e+003	   +1.996134e+001
+1.443950e+003	   +2.167274e+001
+1.446353e+003	   +2.036066e+001
+1.448759e+003	   +2.091984e+001
+1.451169e+003	   +2.141170e+001
+1.453584e+003	   +2.079487e+001
+1.456002e+003	   +2.094711e+001
+1.458424e+003	   +2.081509e+001
+1.460851e+003	   +2.121560e+001
+1.463281e+003	   +2.069195e+001
+1.465716e+003	   +2.070371e+001
+1.468154e+003	   +2.059863e+001
+1.470597e+003	   +2.201106e+001
+1.473044e+003	   +2.101417e+001
+1.475495e+003	   +2.066698e+001
+1.477949e+003	   +2.082156e+001
+1.480408e+003	   +2.015873e+001
+1.482871e+003	   +2.115360e+001
+1.485339e+003	   +2.081668e+001
+1.487810e+003	   +2.076940e+001
+1.490285e+003	   +2.119003e+001
+1.492765e+003	   +2.067321e+001
+1.495248e+003	   +2.024989e+001
+1.497736e+003	   +2.085744e+001
+1.500228e+003	   +1.985384e+001
+1.502724e+003	   +2.078884e+001
+1.505224e+003	   +1.960188e+001
+1.507728e+003	   +1.967588e+001
+1.510237e+003	   +1.983501e+001
+1.512749e+003	   +2.021758e+001
+1.515266e+003	   +2.054580e+001
+1.517787e+003	   +1.994403e+001
+1.520312e+003	   +2.051463e+001
+1.522842e+003	   +2.015268e+001
+1.525375e+003	   +1.985668e+001
+1.527913e+003	   +1.934980e+001
+1.530455e+003	   +1.998131e+001
+1.533002e+003	   +1.979814e+001
+1.535552e+003	   +1.987513e+001
+1.538107e+003	   +1.994040e+001
+1.540666e+003	   +1.995866e+001
+1.543229e+003	   +1.987335e+001
+1.545797e+003	   +1.912292e+001
+1.548369e+003	   +1.977197e+001
+1.550945e+003	   +1.903547e+001
+1.553525e+003	   +1.948592e+001
+1.556110e+003	   +1.928689e+001
+1.558699e+003	   +1.963087e+001
+1.561292e+003	   +1.961479e+001
+1.563890e+003	   +1.936270e+001
+1.566491e+003	   +1.891019e+001
+1.569098e+003	   +2.007260e+001
+1.571708e+003	   +1.948013e+001
+1.574323e+003	   +1.938955e+001
+1.576943e+003	   +1.901798e+001
+1.579566e+003	   +1.944363e+001
+1.582194e+003	   +1.935565e+001
+1.584826e+003	   +1.980113e+001
+1.587463e+003	   +1.877247e+001
+1.590104e+003	   +1.961744e+001
+1.592750e+003	   +1.915023e+001
+1.595400e+003	   +1.925356e+001
+1.598054e+003	   +1.940021e+001
+1.600713e+003	   +1.905335e+001
+1.603376e+003	   +1.943673e+001
+1.606044e+003	   +1.900192e+001
+1.608716e+003	   +1.900524e+001
+1.611392e+003	   +1.883925e+001
+1.614073e+003	   +1.888089e+001
+1.616759e+003	   +1.920037e+001
+1.619448e+003	   +1.891640e+001
+1.622143e+003	   +1.943268e+001
+1.624842e+003	   +1.851146e+001
+1.627545e+003	   +1.897756e+001
+1.630253e+003	   +1.933301e+001
+1.632965e+003	   +1.932376e+001
+1.635682e+003	   +1.825951e+001
+1.638403e+003	   +1.870122e+001
+1.641129e+003	   +1.832713e+001
+1.643860e+003	   +1.822879e+001
+1.646595e+003	   +1.884020e+001
+1.649334e+003	   +1.875669e+001
+1.652078e+003	   +1.910376e+001
+1.654827e+003	   +1.808680e+001
+1.657580e+003	   +1.871531e+001
+1.660338e+003	   +1.772951e+001
+1.663100e+003	   +1.865942e+001
+1.665867e+003	   +1.873697e+001
+1.668639e+003	   +1.813383e+001
+1.671415e+003	   +1.853646e+001
+1.674196e+003	   +1.882291e+001
+1.676981e+003	   +1.874458e+001
+1.679771e+003	   +1.816204e+001
+1.682566e+003	   +1.795488e+001
+1.685365e+003	   +1.846001e+001
+1.688169e+003	   +1.808846e+001
+1.690978e+003	   +1.833405e+001
+1.693792e+003	   +1.812907e+001
+1.696609e+003	   +1.812173e+001
+1.699432e+003	   +1.831980e+001
+1.702260e+003	   +1.817682e+001
+1.705092e+003	   +1.842405e+001
+1.707929e+003	   +1.788891e+001
+1.710770e+003	   +1.822655e+001
+1.713616e+003	   +1.776672e+001
+1.716468e+003	   +1.797833e+001
+1.719323e+003	   +1.819760e+001
+1.722184e+003	   +1.799718e+001
+1.725049e+003	   +1.810806e+001
+1.727919e+003	   +1.762196e+001
+1.730794e+003	   +1.768272e+001
+1.733674e+003	   +1.779508e+001
+1.736558e+003	   +1.784427e+001
+1.739447e+003	   +1.780937e+001
+1.742341e+003	   +1.786009e+001
+1.745240e+003	   +1.800346e+001
+1.748144e+003	   +1.779982e+001
+1.751052e+003	   +1.762868e+001
+1.753965e+003	   +1.777919e+001
+1.756884e+003	   +1.779095e+001
+1.759807e+003	   +1.760880e+001
+1.762734e+003	   +1.778823e+001
+1.765667e+003	   +1.747081e+001
+1.768605e+003	   +1.740274e+001
+1.771547e+003	   +1.737657e+001
+1.774495e+003	   +1.750856e+001
+1.777447e+003	   +1.725430e+001
+1.780404e+003	   +1.721784e+001
+1.783366e+003	   +1.715155e+001
+1.786333e+003	   +1.742060e+001
+1.789305e+003	   +1.724844e+001
+1.792282e+003	   +1.720456e+001
+1.795264e+003	   +1.754059e+001
+1.798251e+003	   +1.712023e+001
+1.801243e+003	   +1.699286e+001
+1.804240e+003	   +1.756261e+001
+1.807242e+003	   +1.643383e+001
+1.810248e+003	   +1.691263e+001
+1.813260e+003	   +1.701754e+001
+1.816277e+003	   +1.704842e+001
+1.819299e+003	   +1.666477e+001
+1.822326e+003	   +1.710622e+001
+1.825358e+003	   +1.702346e+001
+1.828395e+003	   +1.685584e+001
+1.831436e+003	   +1.695178e+001
+1.834484e+003	   +1.688577e+001
+1.837536e+003	   +1.689049e+001
+1.840593e+003	   +1.677114e+001
+1.843655e+003	   +1.687461e+001
+1.846722e+003	   +1.666459e+001
+1.849795e+003	   +1.675781e+001
+1.852873e+003	   +1.658649e+001
+1.855955e+003	   +1.653715e+001
+1.859043e+003	   +1.660651e+001
+1.862136e+003	   +1.662959e+001
+1.865234e+003	   +1.647328e+001
+1.868338e+003	   +1.669528e+001
+1.871446e+003	   +1.646491e+001
+1.874560e+003	   +1.645112e+001
+1.877678e+003	   +1.642537e+001
+1.880802e+003	   +1.657339e+001
+1.883932e+003	   +1.664245e+001
+1.887066e+003	   +1.635189e+001
+1.890205e+003	   +1.625634e+001
+1.893350e+003	   +1.633951e+001
+1.896500e+003	   +1.607549e+001
+1.899656e+003	   +1.656435e+001
+1.902816e+003	   +1.617906e+001
+1.905982e+003	   +1.607399e+001
+1.909153e+003	   +1.626162e+001
+1.912329e+003	   +1.616516e+001
+1.915511e+003	   +1.632332e+001
+1.918698e+003	   +1.628362e+001
+1.921890e+003	   +1.573352e+001
+1.925088e+003	   +1.610591e+001
+1.928291e+003	   +1.598067e+001
+1.931499e+003	   +1.599869e+001
+1.934712e+003	   +1.564019e+001
+1.937931e+003	   +1.602324e+001
+1.941155e+003	   +1.599493e+001
+1.944385e+003	   +1.585636e+001
+1.947620e+003	   +1.592028e+001
+1.950860e+003	   +1.566624e+001
+1.954106e+003	   +1.569641e+001
+1.957357e+003	   +1.564764e+001
+1.960614e+003	   +1.547905e+001
+1.963876e+003	   +1.570421e+001
+1.967143e+003	   +1.535817e+001
+1.970416e+003	   +1.557949e+001
+1.973694e+003	   +1.539188e+001
+1.976978e+003	   +1.562117e+001
+1.980267e+003	   +1.559832e+001
+1.983562e+003	   +1.590798e+001
+1.986862e+003	   +1.562032e+001
+1.990167e+003	   +1.539224e+001
+1.993479e+003	   +1.546574e+001
+1.996795e+003	   +1.536475e+001
+2.000117e+003	   +1.533900e+001
+2.003445e+003	   +1.525086e+001
+2.006778e+003	   +1.541992e+001
+2.010117e+003	   +1.537311e+001
+2.013462e+003	   +1.511591e+001
+2.016811e+003	   +1.510891e+001
+2.020167e+003	   +1.503344e+001
+2.023528e+003	   +1.518501e+001
+2.026895e+003	   +1.520135e+001
+2.030267e+003	   +1.524201e+001
+2.033645e+003	   +1.501660e+001
+2.037028e+003	   +1.509184e+001
+2.040417e+003	   +1.514540e+001
+2.043812e+003	   +1.504191e+001
+2.047212e+003	   +1.502949e+001
+2.050618e+003	   +1.488870e+001
+2.054030e+003	   +1.511194e+001
+2.057448e+003	   +1.504349e+001
+2.060871e+003	   +1.489108e+001
+2.064299e+003	   +1.487155e+001
+2.067734e+003	   +1.488765e+001
+2.071174e+003	   +1.474138e+001
+2.074620e+003	   +1.468432e+001
+2.078072e+003	   +1.462921e+001
+2.081529e+003	   +1.487328e+001
+2.084992e+003	   +1.465357e+001
+2.088461e+003	   +1.466823e+001
+2.091936e+003	   +1.466153e+001
+2.095416e+003	   +1.452702e+001
+2.098902e+003	   +1.446881e+001
+2.102394e+003	   +1.446497e+001
+2.105892e+003	   +1.450148e+001
+2.109396e+003	   +1.457956e+001
+2.112905e+003	   +1.458886e+001
+2.116421e+003	   +1.447465e+001
+2.119942e+003	   +1.432783e+001
+2.123469e+003	   +1.468036e+001
+2.127002e+003	   +1.441200e+001
+2.130541e+003	   +1.450074e+001
+2.134085e+003	   +1.433911e+001
+2.137636e+003	   +1.442864e+001
+2.141192e+003	   +1.416901e+001
+2.144755e+003	   +1.429665e+001
+2.148323e+003	   +1.415623e+001
+2.151897e+003	   +1.419299e+001
+2.155478e+003	   +1.418427e+001
+2.159064e+003	   +1.421213e+001
+2.162656e+003	   +1.298297e+001
+2.166254e+003	   +1.404984e+001
+2.169858e+003	   +1.411764e+001
+2.173468e+003	   +1.400412e+001
+2.177084e+003	   +1.402507e+001
+2.180706e+003	   +1.412036e+001
+2.184334e+003	   +1.396423e+001
+2.187969e+003	   +1.400913e+001
+2.191609e+003	   +1.384602e+001
+2.195255e+003	   +1.400160e+001
+2.198907e+003	   +1.387864e+001
+2.202566e+003	   +1.384179e+001
+2.206230e+003	   +1.375959e+001
+2.209901e+003	   +1.372444e+001
+2.213578e+003	   +1.366536e+001
+2.217261e+003	   +1.366138e+001
+2.220950e+003	   +1.395600e+001
+2.224645e+003	   +1.364779e+001
+2.228346e+003	   +1.372221e+001
+2.232053e+003	   +1.354581e+001
+2.235767e+003	   +1.356642e+001
+2.239487e+003	   +1.344387e+001
+2.243213e+003	   +1.341914e+001
+2.246945e+003	   +1.347954e+001
+2.250683e+003	   +1.347375e+001
+2.254428e+003	   +1.351449e+001
+2.258178e+003	   +1.345639e+001
+2.261936e+003	   +1.337608e+001
+2.265699e+003	   +1.336241e+001
+2.269468e+003	   +1.339768e+001
+2.273244e+003	   +1.335878e+001
+2.277026e+003	   +1.334803e+001
+2.280815e+003	   +1.336624e+001
+2.284609e+003	   +1.315546e+001
+2.288410e+003	   +1.328937e+001
+2.292218e+003	   +1.324568e+001
+2.296031e+003	   +1.316799e+001
+2.299851e+003	   +1.296729e+001
+2.303678e+003	   +1.288544e+001
+2.307510e+003	   +1.304690e+001
+2.311350e+003	   +1.291382e+001
+2.315195e+003	   +1.270811e+001
+2.319047e+003	   +1.295843e+001
+2.322905e+003	   +1.293175e+001
+2.326770e+003	   +1.298463e+001
+2.330641e+003	   +1.299683e+001
+2.334519e+003	   +1.275002e+001
+2.338403e+003	   +1.277917e+001
+2.342293e+003	   +1.283938e+001
+2.346190e+003	   +1.276748e+001
+2.350094e+003	   +1.263546e+001
+2.354004e+003	   +1.257281e+001
+2.357920e+003	   +1.267725e+001
+2.361843e+003	   +1.269130e+001
+2.365773e+003	   +1.270193e+001
+2.369709e+003	   +1.260545e+001
+2.373651e+003	   +1.248917e+001
+2.377601e+003	   +1.256740e+001
+2.381556e+003	   +1.255212e+001
+2.385519e+003	   +1.248174e+001
+2.389488e+003	   +1.237692e+001
+2.393463e+003	   +1.235249e+001
+2.397445e+003	   +1.243937e+001
+2.401434e+003	   +1.241465e+001
+2.405429e+003	   +1.251347e+001
+2.409431e+003	   +1.243248e+001
+2.413440e+003	   +1.235441e+001
+2.417455e+003	   +1.224730e+001
+2.421477e+003	   +1.218538e+001
+2.425506e+003	   +1.219835e+001
+2.429542e+003	   +1.216908e+001
+2.433583e+003	   +1.220835e+001
+2.437633e+003	   +1.207737e+001
+2.441688e+003	   +1.210242e+001
+2.445750e+003	   +1.206569e+001
+2.449820e+003	   +1.206913e+001
+2.453896e+003	   +1.199368e+001
+2.457978e+003	   +1.202453e+001
+2.462068e+003	   +1.204146e+001
+2.466164e+003	   +1.197786e+001
+2.470267e+003	   +1.199316e+001
+2.474377e+003	   +1.198264e+001
+2.478493e+003	   +1.191384e+001
+2.482617e+003	   +1.186728e+001
+2.486748e+003	   +1.178085e+001
+2.490885e+003	   +1.175737e+001
+2.495029e+003	   +1.172093e+001
+2.499180e+003	   +1.172564e+001
+2.503338e+003	   +1.167530e+001
+2.507503e+003	   +1.168618e+001
+2.511675e+003	   +1.162221e+001
+2.515854e+003	   +1.164600e+001
+2.520040e+003	   +1.160721e+001
+2.524232e+003	   +1.158858e+001
+2.528432e+003	   +1.148264e+001
+2.532638e+003	   +1.144237e+001
+2.536852e+003	   +1.144259e+001
+2.541073e+003	   +1.146565e+001
+2.545301e+003	   +1.146814e+001
+2.549535e+003	   +1.136837e+001
+2.553777e+003	   +1.133934e+001
+2.558026e+003	   +1.116967e+001
+2.562282e+003	   +1.137562e+001
+2.566545e+003	   +1.133484e+001
+2.570815e+003	   +1.123774e+001
+2.575092e+003	   +1.132866e+001
+2.579376e+003	   +1.121147e+001
+2.583668e+003	   +1.125583e+001
+2.587966e+003	   +1.120379e+001
+2.592272e+003	   +1.121667e+001
+2.596585e+003	   +1.115383e+001
+2.600905e+003	   +1.119850e+001
+2.605232e+003	   +1.105812e+001
+2.609567e+003	   +1.095059e+001
+2.613908e+003	   +1.096151e+001
+2.618257e+003	   +1.094223e+001
+2.622613e+003	   +1.088376e+001
+2.626977e+003	   +1.080197e+001
+2.631347e+003	   +1.080586e+001
+2.635725e+003	   +1.079896e+001
+2.640110e+003	   +1.084171e+001
+2.644503e+003	   +1.080868e+001
+2.648903e+003	   +1.083595e+001
+2.653310e+003	   +1.078980e+001
+2.657724e+003	   +1.075178e+001
+2.662146e+003	   +1.075458e+001
+2.666575e+003	   +1.069504e+001
+2.671012e+003	   +1.073824e+001
+2.675456e+003	   +1.068682e+001
+2.679907e+003	   +1.062897e+001
+2.684365e+003	   +1.056784e+001
+2.688832e+003	   +1.055399e+001
+2.693305e+003	   +1.050168e+001
+2.697786e+003	   +1.044932e+001
+2.702275e+003	   +1.044611e+001
+2.706771e+003	   +1.044587e+001
+2.711274e+003	   +1.036877e+001
+2.715785e+003	   +1.026252e+001
+2.720303e+003	   +1.029047e+001
+2.724829e+003	   +1.024417e+001
+2.729363e+003	   +1.022690e+001
+2.733903e+003	   +1.021176e+001
+2.738452e+003	   +1.023290e+001
+2.743008e+003	   +1.020161e+001
+2.747572e+003	   +1.018723e+001
+2.752143e+003	   +1.028386e+001
+2.756722e+003	   +1.017622e+001
+2.761308e+003	   +1.021814e+001
+2.765902e+003	   +1.013025e+001
+2.770504e+003	   +1.014144e+001
+2.775114e+003	   +1.007313e+001
+2.779731e+003	   +1.001308e+001
+2.784355e+003	   +9.970959e+000
+2.788988e+003	   +9.913104e+000
+2.793628e+003	   +9.930469e+000
+2.798276e+003	   +9.927954e+000
+2.802932e+003	   +9.843988e+000
+2.807595e+003	   +9.847060e+000
+2.812266e+003	   +9.864664e+000
+2.816945e+003	   +9.859140e+000
+2.821632e+003	   +9.778356e+000
+2.826326e+003	   +9.712958e+000
+2.831029e+003	   +9.636604e+000
+2.835739e+003	   +9.595511e+000
+2.840457e+003	   +9.597657e+000
+2.845182e+003	   +9.520952e+000
+2.849916e+003	   +9.496061e+000
+2.854657e+003	   +9.488193e+000
+2.859407e+003	   +9.493422e+000
+2.864164e+003	   +9.480048e+000
+2.868929e+003	   +9.421536e+000
+2.873703e+003	   +9.386530e+000
+2.878484e+003	   +9.418316e+000
+2.883273e+003	   +9.347970e+000
+2.888070e+003	   +9.412299e+000
+2.892875e+003	   +9.334764e+000
+2.897688e+003	   +9.302332e+000
+2.902509e+003	   +9.283036e+000
+2.907338e+003	   +9.322182e+000
+2.912175e+003	   +9.269357e+000
+2.917020e+003	   +9.213794e+000
+2.921873e+003	   +9.205880e+000
+2.926735e+003	   +9.177779e+000
+2.931604e+003	   +9.157047e+000
+2.936481e+003	   +9.135056e+000
+2.941367e+003	   +9.049986e+000
+2.946261e+003	   +9.055607e+000
+2.951163e+003	   +9.018478e+000
+2.956073e+003	   +9.020300e+000
+2.960991e+003	   +8.947563e+000
+2.965917e+003	   +8.959540e+000
+2.970852e+003	   +8.967101e+000
+2.975794e+003	   +9.002437e+000
+2.980745e+003	   +8.991685e+000
+2.985704e+003	   +8.922825e+000
+2.990672e+003	   +8.838770e+000
+2.995648e+003	   +8.806800e+000
+3.000632e+003	   +8.685587e+000
+3.005624e+003	   +8.666154e+000
+3.010625e+003	   +8.695306e+000
+3.015634e+003	   +8.626903e+000
+3.020651e+003	   +8.626775e+000
+3.025676e+003	   +8.665096e+000
+3.030710e+003	   +8.677587e+000
+3.035753e+003	   +8.586052e+000
+3.040803e+003	   +8.596239e+000
+3.045863e+003	   +8.575677e+000
+3.050930e+003	   +8.511409e+000
+3.056006e+003	   +8.648902e+000
+3.061090e+003	   +8.593430e+000
+3.066183e+003	   +8.527643e+000
+3.071285e+003	   +8.554874e+000
+3.076395e+003	   +8.419823e+000
+3.081513e+003	   +8.553537e+000
+3.086640e+003	   +8.420219e+000
+3.091775e+003	   +8.445440e+000
+3.096919e+003	   +8.371244e+000
+3.102072e+003	   +8.208363e+000
+3.107232e+003	   +8.266287e+000
+3.112402e+003	   +8.265901e+000
+3.117580e+003	   +8.266141e+000
+3.122767e+003	   +8.174090e+000
+3.127963e+003	   +8.113898e+000
+3.133167e+003	   +8.006497e+000
+3.138380e+003	   +8.036142e+000
+3.143601e+003	   +7.936738e+000
+3.148831e+003	   +7.961453e+000
+3.154070e+003	   +7.927063e+000
+3.159318e+003	   +8.089983e+000
+3.164574e+003	   +8.120699e+000
+3.169839e+003	   +8.063491e+000
+3.175113e+003	   +8.039310e+000
+3.180396e+003	   +7.943760e+000
+3.185687e+003	   +7.958098e+000
+3.190987e+003	   +7.899974e+000
+3.196296e+003	   +7.883958e+000
+3.201614e+003	   +7.825112e+000
+3.206940e+003	   +7.745114e+000
+3.212276e+003	   +7.680600e+000
+3.217621e+003	   +7.650130e+000
+3.222974e+003	   +7.614336e+000
+3.228336e+003	   +7.662117e+000
+3.233707e+003	   +7.670901e+000
+3.239087e+003	   +7.693309e+000
+3.244476e+003	   +7.663434e+000
+3.249874e+003	   +7.666860e+000
+3.255281e+003	   +7.638645e+000
+3.260697e+003	   +7.619483e+000
+3.266122e+003	   +7.549543e+000
+3.271556e+003	   +7.528026e+000
+3.276999e+003	   +7.397154e+000
+3.282451e+003	   +7.336992e+000
+3.287912e+003	   +7.308308e+000
+3.293383e+003	   +7.219321e+000
+3.298862e+003	   +7.258911e+000
+3.304351e+003	   +7.302565e+000
+3.309848e+003	   +7.298945e+000
+3.315355e+003	   +7.253767e+000
+3.320871e+003	   +7.216556e+000
+3.326396e+003	   +7.190571e+000
+3.331930e+003	   +7.169413e+000
+3.337474e+003	   +7.161096e+000
+3.343026e+003	   +7.116734e+000
+3.348588e+003	   +7.076684e+000
+3.354159e+003	   +7.044115e+000
+3.359740e+003	   +7.008866e+000
+3.365330e+003	   +7.017165e+000
+3.370929e+003	   +6.962371e+000
+3.376537e+003	   +6.945117e+000
+3.382155e+003	   +6.940821e+000
+3.387782e+003	   +6.896556e+000
+3.393418e+003	   +6.856394e+000
+3.399064e+003	   +6.789050e+000
+3.404719e+003	   +6.731594e+000
+3.410384e+003	   +6.645005e+000
+3.416058e+003	   +6.598537e+000
+3.421741e+003	   +6.585862e+000
+3.427434e+003	   +6.587255e+000
+3.433137e+003	   +6.655534e+000
+3.438849e+003	   +6.663916e+000
+3.444570e+003	   +6.653474e+000
+3.450301e+003	   +6.569194e+000
+3.456041e+003	   +6.556899e+000
+3.461791e+003	   +6.545516e+000
+3.467551e+003	   +6.537508e+000
+3.473320e+003	   +6.504171e+000
+3.479099e+003	   +6.472026e+000
+3.484887e+003	   +6.435158e+000
+3.490685e+003	   +6.442495e+000
+3.496492e+003	   +6.436903e+000
+3.502310e+003	   +6.437417e+000
+3.508137e+003	   +6.380476e+000
+3.513973e+003	   +6.375283e+000
+3.519820e+003	   +6.331646e+000
+3.525676e+003	   +6.268534e+000
+3.531542e+003	   +6.220079e+000
+3.537417e+003	   +6.170501e+000
+3.543303e+003	   +6.131671e+000
+3.549198e+003	   +6.065365e+000
+3.555103e+003	   +6.005775e+000
+3.561018e+003	   +5.961739e+000
+3.566942e+003	   +5.941839e+000
+3.572877e+003	   +5.918748e+000
+3.578821e+003	   +5.915783e+000
+3.584775e+003	   +5.884673e+000
+3.590740e+003	   +5.882866e+000
+3.596714e+003	   +5.877066e+000
+3.602698e+003	   +5.825284e+000
+3.608691e+003	   +5.821472e+000
+3.614696e+003	   +5.834449e+000
+3.620709e+003	   +5.820603e+000
+3.626733e+003	   +5.794877e+000
+3.632767e+003	   +5.758866e+000
+3.638811e+003	   +5.731378e+000
+3.644865e+003	   +5.686075e+000
+3.650929e+003	   +5.649149e+000
+3.657004e+003	   +5.595713e+000
+3.663088e+003	   +5.559456e+000
+3.669183e+003	   +5.528940e+000
+3.675287e+003	   +5.530697e+000
+3.681402e+003	   +5.536489e+000
+3.687527e+003	   +5.504975e+000
+3.693662e+003	   +5.501781e+000
+3.699807e+003	   +5.513578e+000
+3.705963e+003	   +5.476836e+000
+3.712128e+003	   +5.404970e+000
+3.718305e+003	   +5.295093e+000
+3.724491e+003	   +5.213434e+000
+3.730688e+003	   +5.154691e+000
+3.736895e+003	   +5.167744e+000
+3.743112e+003	   +5.174341e+000
+3.749339e+003	   +5.221489e+000
+3.755577e+003	   +5.281024e+000
+3.761825e+003	   +5.262578e+000
+3.768084e+003	   +5.225347e+000
+3.774354e+003	   +5.201105e+000
+3.780633e+003	   +5.177203e+000
+3.786923e+003	   +5.170449e+000
+3.793223e+003	   +5.147058e+000
+3.799534e+003	   +5.106847e+000
+3.805856e+003	   +5.038345e+000
+3.812188e+003	   +5.017252e+000
+3.818530e+003	   +4.932303e+000
+3.824884e+003	   +4.898063e+000
+3.831247e+003	   +4.847996e+000
+3.837621e+003	   +4.846796e+000
+3.844006e+003	   +4.830795e+000
+3.850402e+003	   +4.771741e+000
+3.856808e+003	   +4.735662e+000
+3.863224e+003	   +4.700388e+000
+3.869652e+003	   +4.687089e+000
+3.876090e+003	   +4.677012e+000
+3.882539e+003	   +4.661997e+000
+3.888998e+003	   +4.660565e+000
+3.895469e+003	   +4.651618e+000
+3.901950e+003	   +4.609115e+000
+3.908442e+003	   +4.542214e+000
+3.914944e+003	   +4.528169e+000
+3.921458e+003	   +4.510062e+000
+3.927982e+003	   +4.508951e+000
+3.934517e+003	   +4.458300e+000
+3.941063e+003	   +4.405091e+000
+3.947620e+003	   +4.357758e+000
+3.954188e+003	   +4.349431e+000
+3.960767e+003	   +4.330828e+000
+3.967356e+003	   +4.313099e+000
+3.973957e+003	   +4.300069e+000
+3.980569e+003	   +4.277154e+000
+3.987192e+003	   +4.224299e+000
+3.993825e+003	   +4.155911e+000
+4.000470e+003	   +4.081851e+000
+4.007126e+003	   +4.007003e+000
+4.013792e+003	   +3.951975e+000
+4.020470e+003	   +3.917459e+000
+4.027159e+003	   +3.909095e+000
+4.033860e+003	   +3.927039e+000
+4.040571e+003	   +3.979106e+000
+4.047293e+003	   +3.970847e+000
+4.054027e+003	   +3.935850e+000
+4.060772e+003	   +3.893425e+000
+4.067528e+003	   +3.881297e+000
+4.074295e+003	   +3.837477e+000
+4.081074e+003	   +3.790309e+000
+4.087864e+003	   +3.741377e+000
+4.094665e+003	   +3.665271e+000
+4.101478e+003	   +3.645730e+000
+4.108301e+003	   +3.609138e+000
+4.115137e+003	   +3.580837e+000
+4.121983e+003	   +3.595410e+000
+4.128841e+003	   +3.568375e+000
+4.135710e+003	   +3.516279e+000
+4.142591e+003	   +3.460264e+000
+4.149483e+003	   +3.414536e+000
+4.156387e+003	   +3.376728e+000
+4.163302e+003	   +3.338354e+000
+4.170229e+003	   +3.280792e+000
+4.177167e+003	   +3.216640e+000
+4.184117e+003	   +3.196111e+000
+4.191078e+003	   +3.221686e+000
+4.198051e+003	   +3.227741e+000
+4.205036e+003	   +3.268342e+000
+4.212032e+003	   +3.321815e+000
+4.219040e+003	   +3.320687e+000
+4.226059e+003	   +3.101130e+000
+4.233090e+003	   +3.267294e+000
+4.240133e+003	   +3.178844e+000
+4.247188e+003	   +3.054450e+000
+4.254253e+003	   +2.893717e+000
+4.261332e+003	   +2.832604e+000
+4.268421e+003	   +2.774243e+000
+4.275523e+003	   +2.768411e+000
+4.282636e+003	   +2.736906e+000
+4.289762e+003	   +2.802208e+000
+4.296898e+003	   +2.882274e+000
+4.304047e+003	   +2.921010e+000
+4.311208e+003	   +2.879970e+000
+4.318381e+003	   +2.810645e+000
+4.325566e+003	   +2.707115e+000
+4.332763e+003	   +2.620837e+000
+4.339971e+003	   +2.575346e+000
+4.347192e+003	   +2.538355e+000
+4.354424e+003	   +2.514095e+000
+4.361669e+003	   +2.515497e+000
+4.368926e+003	   +2.533605e+000
+4.376194e+003	   +2.544408e+000
+4.383476e+003	   +2.512677e+000
+4.390769e+003	   +2.465238e+000
+4.398074e+003	   +2.427611e+000
+4.405391e+003	   +2.395621e+000
+4.412720e+003	   +2.333867e+000
+4.420062e+003	   +2.290005e+000
+4.427416e+003	   +2.275458e+000
+4.434782e+003	   +2.248673e+000
+4.442160e+003	   +2.236736e+000
+4.449551e+003	   +2.228296e+000
+4.456954e+003	   +2.229040e+000
+4.464369e+003	   +2.185885e+000
+4.471796e+003	   +2.178322e+000
+4.479236e+003	   +2.154523e+000
+4.486689e+003	   +2.121999e+000
+4.494153e+003	   +2.100320e+000
+4.501631e+003	   +2.045253e+000
+4.509120e+003	   +2.010635e+000
+4.516622e+003	   +1.997727e+000
+4.524137e+003	   +1.954095e+000
+4.531664e+003	   +1.888811e+000
+4.539203e+003	   +1.901234e+000
+4.546755e+003	   +1.902095e+000
+4.554320e+003	   +1.958426e+000
+4.561897e+003	   +2.010158e+000
+4.569487e+003	   +2.063274e+000
+4.577090e+003	   +2.013161e+000
+4.584705e+003	   +1.962424e+000
+4.592333e+003	   +1.846856e+000
+4.599973e+003	   +1.704374e+000
+4.607626e+003	   +1.637747e+000
+4.615292e+003	   +1.640876e+000
+4.622971e+003	   +1.581622e+000
+4.630662e+003	   +1.551650e+000
+4.638367e+003	   +1.528206e+000
+4.646083e+003	   +1.524165e+000
+4.653813e+003	   +1.530838e+000
+4.661556e+003	   +1.663257e+000
+4.669312e+003	   +1.777011e+000
+4.677081e+003	   +1.790929e+000
+4.684862e+003	   +1.773276e+000
+4.692656e+003	   +1.751708e+000
+4.700464e+003	   +1.730623e+000
+4.708284e+003	   +1.718925e+000
+4.716118e+003	   +1.670834e+000
+4.723964e+003	   +1.596936e+000
+4.731823e+003	   +1.467358e+000
+4.739696e+003	   +1.314555e+000
+4.747582e+003	   +1.273299e+000
+4.755480e+003	   +1.255909e+000
+4.763392e+003	   +1.227393e+000
+4.771317e+003	   +1.199457e+000
+4.779256e+003	   +1.172770e+000
+4.787207e+003	   +1.133939e+000
+4.795172e+003	   +1.105688e+000
+4.803150e+003	   +1.077157e+000
+4.811141e+003	   +1.071438e+000
+4.819146e+003	   +1.106170e+000
+4.827164e+003	   +1.112327e+000
+4.835194e+003	   +1.109223e+000
+4.843239e+003	   +1.087818e+000
+4.851297e+003	   +1.063671e+000
+4.859368e+003	   +1.050604e+000
+4.867453e+003	   +1.105497e+000
+4.875551e+003	   +1.156258e+000
+4.883663e+003	   +1.162283e+000
+4.891788e+003	   +1.135395e+000
+4.899927e+003	   +1.126971e+000
+4.908079e+003	   +1.053993e+000
+4.916245e+003	   +9.499978e-001
+4.924424e+003	   +8.308041e-001
+4.932617e+003	   +8.002301e-001
+4.940824e+003	   +7.641178e-001
+4.949044e+003	   +7.461618e-001
+4.957278e+003	   +7.221927e-001
+4.965526e+003	   +7.024174e-001
+4.973787e+003	   +6.924409e-001
+4.982063e+003	   +7.093653e-001
+4.990351e+003	   +7.650125e-001
+4.998654e+003	   +8.170801e-001
+5.006970e+003	   +8.150852e-001
+5.015301e+003	   +7.988736e-001
+5.023645e+003	   +7.821293e-001
+5.032003e+003	   +7.190385e-001
+5.040375e+003	   +6.691576e-001
+5.048761e+003	   +6.275977e-001
+5.057161e+003	   +6.332337e-001
+5.065575e+003	   +5.942846e-001
+5.074002e+003	   +5.460322e-001
+5.082444e+003	   +4.839025e-001
+5.090900e+003	   +4.426717e-001
+5.099370e+003	   +4.063780e-001
+5.107854e+003	   +3.914084e-001
+5.116353e+003	   +3.776472e-001
+5.124865e+003	   +3.489291e-001
+5.133391e+003	   +3.218471e-002
+5.141932e+003	   +3.640006e-001
+5.150487e+003	   +3.743302e-001
+5.159056e+003	   +4.058727e-001
+5.167639e+003	   +4.155067e-001
+5.176237e+003	   +4.054015e-001
+5.184849e+003	   +3.906794e-001
+5.193475e+003	   +3.667217e-001
+5.202116e+003	   +3.535178e-001
+5.210771e+003	   +3.267942e-001
+5.219440e+003	   +2.960902e-001
+5.228124e+003	   +2.696975e-001
+5.236822e+003	   +2.387719e-001
+5.245535e+003	   +2.065859e-001
+5.254262e+003	   +1.809289e-001
+5.263004e+003	   +1.493594e-001
+5.271760e+003	   +1.432386e-001
+5.280531e+003	   +1.364601e-001
+5.289316e+003	   +1.272590e-001
+5.298117e+003	   +9.443381e-002
+5.306931e+003	   +2.912323e-002
+5.315761e+003	   -4.217564e-004
+5.324605e+003	   -2.202915e-002
+5.333463e+003	   -3.551082e-002
+5.342337e+003	   -4.841813e-002
+5.351226e+003	   -3.816294e-002
+5.360128e+003	   +4.892138e-002
+5.369046e+003	   +8.713838e-002
+5.377979e+003	   +9.875515e-002
+5.386927e+003	   +7.261961e-002
+5.395889e+003	   +3.358683e-002
+5.404867e+003	   -1.865204e-002
+5.413859e+003	   -6.301648e-002
+5.422866e+003	   -1.281847e-001
+5.431889e+003	   -1.694714e-001
+5.440926e+003	   -2.030344e-001
+5.449978e+003	   -2.021404e-001
+5.459045e+003	   -2.309160e-001
+5.468128e+003	   -2.583815e-001
+5.477226e+003	   -2.961609e-001
+5.486338e+003	   -3.162772e-001
+5.495466e+003	   -3.488400e-001
+5.504609e+003	   -3.647715e-001
+5.513768e+003	   -3.728777e-001
+5.522941e+003	   -3.855391e-001
+5.532130e+003	   -3.999815e-001
+5.541334e+003	   -4.184971e-001
+5.550553e+003	   -4.245613e-001
+5.559788e+003	   -4.375996e-001
+5.569038e+003	   -4.307669e-001
+5.578304e+003	   -4.511319e-001
+5.587584e+003	   -4.709562e-001
+5.596881e+003	   -4.848649e-001
+5.606192e+003	   -5.046980e-001
+5.615520e+003	   -4.931410e-001
+5.624863e+003	   -5.067031e-001
+5.634221e+003	   -5.029146e-001
+5.643595e+003	   -5.283633e-001
+5.652984e+003	   -5.519345e-001
+5.662390e+003	   -5.847737e-001
+5.671810e+003	   -5.986039e-001
+5.681247e+003	   -6.158517e-001
+5.690699e+003	   -6.317918e-001
+5.700167e+003	   -6.335791e-001
+5.709650e+003	   -6.562406e-001
+5.719150e+003	   -6.775435e-001
+5.728665e+003	   -6.988294e-001
+5.738196e+003	   -7.203472e-001
+5.747743e+003	   -7.350578e-001
+5.757306e+003	   -7.490325e-001
+5.766884e+003	   -7.625731e-001
+5.776479e+003	   -7.781113e-001
+5.786090e+003	   -7.838536e-001
+5.795716e+003	   -8.531897e-001
+5.805359e+003	   -7.990850e-001
+5.815018e+003	   -8.191721e-001
+5.824692e+003	   -8.356457e-001
+5.834383e+003	   -8.582394e-001
+5.844090e+003	   -8.684163e-001
+5.853813e+003	   -8.878559e-001
+5.863552e+003	   -9.048397e-001
+5.873308e+003	   -9.169057e-001
+5.883080e+003	   -9.284251e-001
+5.892868e+003	   -9.440994e-001
+5.902672e+003	   -9.582760e-001
+5.912492e+003	   -9.787706e-001
+5.922329e+003	   -9.964509e-001
+5.932183e+003	   -1.016249e+000
+5.942052e+003	   -1.034465e+000
+5.951938e+003	   -1.049861e+000
+5.961841e+003	   -1.057596e+000
+5.971760e+003	   -1.062844e+000
+5.981695e+003	   -1.078149e+000
+5.991647e+003	   -1.092845e+000
+6.001616e+003	   -1.105418e+000
+6.011601e+003	   -1.107733e+000
+6.021603e+003	   -1.123314e+000
+6.031621e+003	   -1.137274e+000
+6.041656e+003	   -1.150633e+000
+6.051708e+003	   -1.162498e+000
+6.061776e+003	   -1.159402e+000
+6.071862e+003	   -1.170934e+000
+6.081964e+003	   -1.187430e+000
+6.092083e+003	   -1.199808e+000
+6.102218e+003	   -1.228693e+000
+6.112371e+003	   -1.258340e+000
+6.122541e+003	   -1.286590e+000
+6.132727e+003	   -1.303412e+000
+6.142930e+003	   -1.315907e+000
+6.153150e+003	   -1.322150e+000
+6.163388e+003	   -1.331970e+000
+6.173642e+003	   -1.337885e+000
+6.183913e+003	   -1.313266e+000
+6.194202e+003	   -1.312767e+000
+6.204507e+003	   -1.355908e+000
+6.214830e+003	   -1.390731e+000
+6.225170e+003	   -1.384236e+000
+6.235527e+003	   -1.409733e+000
+6.245901e+003	   -1.437065e+000
+6.256293e+003	   -1.459550e+000
+6.266702e+003	   -1.480044e+000
+6.277128e+003	   -1.490476e+000
+6.287572e+003	   -1.501152e+000
+6.298033e+003	   -1.515977e+000
+6.308511e+003	   -1.532405e+000
+6.319007e+003	   -1.551054e+000
+6.329520e+003	   -1.573974e+000
+6.340051e+003	   -1.589294e+000
+6.350599e+003	   -1.606116e+000
+6.361165e+003	   -1.622879e+000
+6.371748e+003	   -1.638972e+000
+6.382349e+003	   -1.654104e+000
+6.392968e+003	   -1.664430e+000
+6.403604e+003	   -1.689238e+000
+6.414258e+003	   -1.701478e+000
+6.424930e+003	   -1.715528e+000
+6.435619e+003	   -1.730615e+000
+6.446326e+003	   -1.746871e+000
+6.457051e+003	   -1.753932e+000
+6.467794e+003	   -1.766310e+000
+6.478555e+003	   -1.771434e+000
+6.489333e+003	   -1.778755e+000
+6.500130e+003	   -1.788328e+000
+6.510945e+003	   -1.800265e+000
+6.521777e+003	   -1.812450e+000
+6.532628e+003	   -1.830065e+000
+6.543497e+003	   -1.845020e+000
+6.554383e+003	   -1.870781e+000
+6.565288e+003	   -1.888661e+000
+6.576211e+003	   -1.913933e+000
+6.587152e+003	   -1.940458e+000
+6.598112e+003	   -1.947364e+000
+6.609089e+003	   -1.954930e+000
+6.620085e+003	   -1.951633e+000
+6.631099e+003	   -1.962296e+000
+6.642132e+003	   -1.971995e+000
+6.653183e+003	   -1.978310e+000
+6.664252e+003	   -1.998543e+000
+6.675339e+003	   -2.031301e+000
+6.686445e+003	   -2.051803e+000
+6.697570e+003	   -2.079988e+000
+6.708713e+003	   -2.106732e+000
+6.719875e+003	   -2.118350e+000
+6.731055e+003	   -2.133170e+000
+6.742253e+003	   -2.130639e+000
+6.753471e+003	   -2.146711e+000
+6.764707e+003	   -2.170421e+000
+6.775962e+003	   -2.188868e+000
+6.787235e+003	   -2.190069e+000
+6.798527e+003	   -2.196623e+000
+6.809838e+003	   -2.208709e+000
+6.821168e+003	   -2.221306e+000
+6.832517e+003	   -2.236457e+000
+6.843885e+003	   -2.259258e+000
+6.855271e+003	   -2.271989e+000
+6.866677e+003	   -2.288163e+000
+6.878101e+003	   -2.315631e+000
+6.889544e+003	   -2.327729e+000
+6.901007e+003	   -2.333552e+000
+6.912488e+003	   -2.348015e+000
+6.923989e+003	   -2.358099e+000
+6.935509e+003	   -2.376470e+000
+6.947048e+003	   -2.393807e+000
+6.958606e+003	   -2.421427e+000
+6.970183e+003	   -2.457707e+000
+6.981780e+003	   -2.472638e+000
+6.993396e+003	   -2.476936e+000
+7.005031e+003	   -2.475937e+000
+7.016686e+003	   -2.489046e+000
+7.028359e+003	   -2.482951e+000
+7.040053e+003	   -2.476900e+000
+7.051766e+003	   -2.476137e+000
+7.063498e+003	   -2.483727e+000
+7.075250e+003	   -2.504742e+000
+7.087021e+003	   -2.536464e+000
+7.098813e+003	   -2.563830e+000
+7.110623e+003	   -2.589109e+000
+7.122454e+003	   -2.617664e+000
+7.134303e+003	   -2.635429e+000
+7.146173e+003	   -2.648382e+000
+7.158063e+003	   -2.659363e+000
+7.169972e+003	   -2.658312e+000
+7.181901e+003	   -2.664553e+000
+7.193850e+003	   -2.676166e+000
+7.205818e+003	   -2.690406e+000
+7.217807e+003	   -2.698607e+000
+7.229815e+003	   -2.720329e+000
+7.241844e+003	   -2.766011e+000
+7.253893e+003	   -2.799910e+000
+7.265961e+003	   -2.826336e+000
+7.278050e+003	   -2.842057e+000
+7.290159e+003	   -2.866446e+000
+7.302288e+003	   -2.889023e+000
+7.314437e+003	   -2.890147e+000
+7.326606e+003	   -2.880919e+000
+7.338796e+003	   -2.884996e+000
+7.351006e+003	   -2.884770e+000
+7.363236e+003	   -2.884789e+000
+7.375487e+003	   -2.890060e+000
+7.387758e+003	   -2.902958e+000
+7.400049e+003	   -2.907427e+000
+7.412361e+003	   -2.922366e+000
+7.424693e+003	   -2.946825e+000
+7.437046e+003	   -2.980140e+000
+7.449419e+003	   -3.012404e+000
+7.461813e+003	   -3.043136e+000
+7.474228e+003	   -3.032326e+000
+7.486663e+003	   -3.023899e+000
+7.499119e+003	   -3.031549e+000
+7.511596e+003	   -3.053427e+000
+7.524093e+003	   -3.053214e+000
+7.536611e+003	   -3.062802e+000
+7.549150e+003	   -3.074174e+000
+7.561710e+003	   -3.100262e+000
+7.574291e+003	   -3.127079e+000
+7.586893e+003	   -3.141280e+000
+7.599515e+003	   -3.161929e+000
+7.612159e+003	   -3.175043e+000
+7.624824e+003	   -3.193154e+000
+7.637509e+003	   -3.200541e+000
+7.650216e+003	   -3.213285e+000
+7.662944e+003	   -3.221518e+000
+7.675693e+003	   -3.237471e+000
+7.688464e+003	   -3.258104e+000
+7.701255e+003	   -3.267941e+000
+7.714068e+003	   -3.274186e+000
+7.726903e+003	   -3.293956e+000
+7.739758e+003	   -3.311150e+000
+7.752635e+003	   -3.322544e+000
+7.765534e+003	   -3.348348e+000
+7.778454e+003	   -3.374362e+000
+7.791395e+003	   -3.401882e+000
+7.804358e+003	   -3.430078e+000
+7.817342e+003	   -3.462704e+000
+7.830349e+003	   -3.488519e+000
+7.843376e+003	   -3.498123e+000
+7.856426e+003	   -3.503185e+000
+7.869497e+003	   -3.520845e+000
+7.882589e+003	   -3.488705e+000
+7.895704e+003	   -3.492787e+000
+7.908841e+003	   -3.509360e+000
+7.921999e+003	   -3.527424e+000
+7.935179e+003	   -3.541970e+000
+7.948381e+003	   -3.560822e+000
+7.961605e+003	   -3.578639e+000
+7.974852e+003	   -3.605684e+000
+7.988120e+003	   -3.626092e+000
+8.001410e+003	   -3.636006e+000
+8.014722e+003	   -3.652549e+000
+8.028057e+003	   -3.674591e+000
+8.041413e+003	   -3.704163e+000
+8.054792e+003	   -3.720455e+000
+8.068193e+003	   -3.739469e+000
+8.081617e+003	   -3.757106e+000
+8.095063e+003	   -3.769141e+000
+8.108531e+003	   -3.771259e+000
+8.122021e+003	   -3.775513e+000
+8.135534e+003	   -3.788766e+000
+8.149070e+003	   -3.804556e+000
+8.162627e+003	   -3.809794e+000
+8.176208e+003	   -3.817811e+000
+8.189811e+003	   -3.837801e+000
+8.203438e+003	   -3.841274e+000
+8.217086e+003	   -3.850903e+000
+8.230757e+003	   -3.869543e+000
+8.244450e+003	   -3.887360e+000
+8.258167e+003	   -3.905546e+000
+8.271906e+003	   -3.929337e+000
+8.285669e+003	   -3.960835e+000
+8.299454e+003	   -3.994325e+000
+8.313263e+003	   -4.028459e+000
+8.327094e+003	   -4.050512e+000
+8.340948e+003	   -4.062463e+000
+8.354825e+003	   -4.079502e+000
+8.368726e+003	   -4.094644e+000
+8.382648e+003	   -4.098240e+000
+8.396596e+003	   -4.093226e+000
+8.410565e+003	   -4.077600e+000
+8.424559e+003	   -4.071076e+000
+8.438574e+003	   -4.080035e+000
+8.452614e+003	   -4.097100e+000
+8.466678e+003	   -4.118605e+000
+8.480764e+003	   -4.141352e+000
+8.494874e+003	   -4.154913e+000
+8.509007e+003	   -4.171260e+000
+8.523164e+003	   -4.190113e+000
+8.537344e+003	   -4.215227e+000
+8.551548e+003	   -4.233024e+000
+8.565775e+003	   -4.258138e+000
+8.580027e+003	   -4.280223e+000
+8.594302e+003	   -4.294417e+000
+8.608601e+003	   -4.304338e+000
+8.622923e+003	   -4.321007e+000
+8.637270e+003	   -4.333757e+000
+8.651640e+003	   -4.347805e+000
+8.666034e+003	   -4.360997e+000
+8.680452e+003	   -4.384037e+000
+8.694895e+003	   -4.405984e+000
+8.709360e+003	   -4.437932e+000
+8.723851e+003	   -4.461313e+000
+8.738364e+003	   -4.470793e+000
+8.752903e+003	   -4.479049e+000
+8.767466e+003	   -4.489945e+000
+8.782053e+003	   -4.484620e+000
+8.796664e+003	   -4.469023e+000
+8.811299e+003	   -4.499137e+000
+8.825959e+003	   -4.535592e+000
+8.840643e+003	   -4.564498e+000
+8.855352e+003	   -4.590668e+000
+8.870085e+003	   -4.606656e+000
+8.884842e+003	   -4.621417e+000
+8.899624e+003	   -4.634442e+000
+8.914431e+003	   -4.656349e+000
+8.929263e+003	   -4.665769e+000
+8.944118e+003	   -4.675077e+000
+8.958999e+003	   -4.681746e+000
+8.973904e+003	   -4.691335e+000
+8.988835e+003	   -4.704072e+000
+9.003790e+003	   -4.725733e+000
+9.018771e+003	   -4.747251e+000
+9.033775e+003	   -4.756293e+000
+9.048805e+003	   -4.772878e+000
+9.063860e+003	   -4.778683e+000
+9.078940e+003	   -4.798289e+000
+9.094045e+003	   -4.820072e+000
+9.109175e+003	   -4.848522e+000
+9.124331e+003	   -4.871073e+000
+9.139511e+003	   -4.898112e+000
+9.154717e+003	   -4.920177e+000
+9.169948e+003	   -4.925205e+000
+9.185204e+003	   -4.929181e+000
+9.200486e+003	   -4.942411e+000
+9.215794e+003	   -4.968523e+000
+9.231126e+003	   -4.990104e+000
+9.246484e+003	   -5.012436e+000
+9.261868e+003	   -5.023670e+000
+9.277278e+003	   -5.032214e+000
+9.292713e+003	   -5.031649e+000
+9.308174e+003	   -5.047125e+000
+9.323660e+003	   -5.064775e+000
+9.339172e+003	   -5.077613e+000
+9.354710e+003	   -5.098982e+000
+9.370274e+003	   -5.126608e+000
+9.385864e+003	   -5.165944e+000
+9.401479e+003	   -5.177685e+000
+9.417121e+003	   -5.196671e+000
+9.432789e+003	   -5.211800e+000
+9.448482e+003	   -5.215876e+000
+9.464203e+003	   -5.220266e+000
+9.479949e+003	   -5.222699e+000
+9.495721e+003	   -5.256094e+000
+9.511520e+003	   -5.279574e+000
+9.527345e+003	   -5.295026e+000
+9.543195e+003	   -5.306979e+000
+9.559073e+003	   -5.332500e+000
+9.574977e+003	   -5.351416e+000
+9.590907e+003	   -5.362666e+000
+9.606864e+003	   -5.381445e+000
+9.622848e+003	   -5.406965e+000
+9.638857e+003	   -5.403352e+000
+9.654894e+003	   -5.398216e+000
+9.670957e+003	   -5.404553e+000
+9.687047e+003	   -5.424757e+000
+9.703164e+003	   -5.436360e+000
+9.719308e+003	   -5.448055e+000
+9.735479e+003	   -5.453377e+000
+9.751676e+003	   -5.463391e+000
+9.767899e+003	   -5.466918e+000
+9.784151e+003	   -5.475492e+000
+9.800430e+003	   -5.490180e+000
+9.816734e+003	   -5.520461e+000
+9.833067e+003	   -5.555103e+000
+9.849427e+003	   -5.610728e+000
+9.865814e+003	   -5.644055e+000
+9.882229e+003	   -5.656446e+000
+9.898670e+003	   -5.666374e+000
+9.915139e+003	   -5.656999e+000
+9.931635e+003	   -5.659146e+000
+9.948159e+003	   -5.656063e+000
+9.964710e+003	   -5.677121e+000
+9.981289e+003	   -5.695858e+000
+9.997895e+003	   -5.713181e+000
+1.001453e+004	   -5.731541e+000
+1.003119e+004	   -5.760393e+000
+1.004788e+004	   -5.777706e+000
+1.006460e+004	   -5.787707e+000
+1.008134e+004	   -5.775792e+000
+1.009812e+004	   -5.781561e+000
+1.011492e+004	   -5.795953e+000
+1.013174e+004	   -5.811192e+000
+1.014860e+004	   -5.822430e+000
+1.016549e+004	   -5.844475e+000
+1.018240e+004	   -5.860429e+000
+1.019934e+004	   -5.872962e+000
+1.021631e+004	   -5.893479e+000
+1.023331e+004	   -5.923625e+000
+1.025033e+004	   -5.952621e+000
+1.026739e+004	   -5.963785e+000
+1.028447e+004	   -5.965917e+000
+1.030158e+004	   -5.979285e+000
+1.031872e+004	   -5.985081e+000
+1.033589e+004	   -5.993207e+000
+1.035308e+004	   -5.999662e+000
+1.037031e+004	   -6.025108e+000
+1.038756e+004	   -6.043933e+000
+1.040484e+004	   -6.051674e+000
+1.042215e+004	   -6.065489e+000
+1.043949e+004	   -6.082500e+000
+1.045686e+004	   -6.106238e+000
+1.047426e+004	   -6.120569e+000
+1.049169e+004	   -6.135511e+000
+1.050914e+004	   -6.155627e+000
+1.052663e+004	   -6.173847e+000
+1.054414e+004	   -6.192786e+000
+1.056168e+004	   -6.215390e+000
+1.057925e+004	   -6.226961e+000
+1.059686e+004	   -6.243567e+000
+1.061449e+004	   -6.252907e+000
+1.063215e+004	   -6.273729e+000
+1.064983e+004	   -6.282863e+000
+1.066755e+004	   -6.295546e+000
+1.068530e+004	   -6.315951e+000
+1.070308e+004	   -6.344172e+000
+1.072089e+004	   -6.373426e+000
+1.073872e+004	   -6.390936e+000
+1.075659e+004	   -6.408287e+000
+1.077449e+004	   -6.435266e+000
+1.079241e+004	   -6.449598e+000
+1.081037e+004	   -6.459997e+000
+1.082835e+004	   -6.473541e+000
+1.084637e+004	   -6.473235e+000
+1.086442e+004	   -6.484325e+000
+1.088249e+004	   -6.495071e+000
+1.090060e+004	   -6.515006e+000
+1.091873e+004	   -6.535156e+000
+1.093690e+004	   -6.562406e+000
+1.095509e+004	   -6.586091e+000
+1.097332e+004	   -6.610713e+000
+1.099158e+004	   -6.627757e+000
+1.100987e+004	   -6.644999e+000
+1.102818e+004	   -6.661699e+000
+1.104653e+004	   -6.683744e+000
+1.106491e+004	   -6.695548e+000
+1.108332e+004	   -6.693779e+000
+1.110176e+004	   -6.704772e+000
+1.112023e+004	   -6.720993e+000
+1.113873e+004	   -6.734564e+000
+1.115726e+004	   -6.751483e+000
+1.117583e+004	   -6.767410e+000
+1.119442e+004	   -6.779426e+000
+1.121304e+004	   -6.792174e+000
+1.123170e+004	   -6.799137e+000
+1.125039e+004	   -6.816204e+000
+1.126910e+004	   -6.837797e+000
+1.128785e+004	   -6.859310e+000
+1.130663e+004	   -6.885406e+000
+1.132544e+004	   -6.904993e+000
+1.134429e+004	   -6.921173e+000
+1.136316e+004	   -6.941146e+000
+1.138207e+004	   -6.952462e+000
+1.140100e+004	   -6.964242e+000
+1.141997e+004	   -6.979011e+000
+1.143897e+004	   -6.991673e+000
+1.145800e+004	   -7.002355e+000
+1.147707e+004	   -7.027077e+000
+1.149616e+004	   -7.052759e+000
+1.151529e+004	   -7.074275e+000
+1.153445e+004	   -7.093772e+000
+1.155364e+004	   -7.111537e+000
+1.157286e+004	   -7.128161e+000
+1.159211e+004	   -7.134222e+000
+1.161140e+004	   -7.148694e+000
+1.163072e+004	   -7.160549e+000
+1.165007e+004	   -7.160372e+000
+1.166945e+004	   -7.174295e+000
+1.168887e+004	   -7.189576e+000
+1.170831e+004	   -7.207272e+000
+1.172779e+004	   -7.224894e+000
+1.174731e+004	   -7.243248e+000
+1.176685e+004	   -7.266077e+000
+1.178643e+004	   -7.286633e+000
+1.180604e+004	   -7.305183e+000
+1.182568e+004	   -7.322048e+000
+1.184535e+004	   -7.343136e+000
+1.186506e+004	   -7.363208e+000
+1.188480e+004	   -7.371298e+000
+1.190458e+004	   -7.390274e+000
+1.192438e+004	   -7.401014e+000
+1.194422e+004	   -7.415290e+000
+1.196409e+004	   -7.432418e+000
+1.198400e+004	   -7.444515e+000
+1.200394e+004	   -7.460481e+000
+1.202391e+004	   -7.483370e+000
+1.204391e+004	   -7.498289e+000
+1.206395e+004	   -7.509161e+000
+1.208402e+004	   -7.526979e+000
+1.210413e+004	   -7.545641e+000
+1.212427e+004	   -7.569146e+000
+1.214444e+004	   -7.596256e+000
+1.216464e+004	   -7.615897e+000
+1.218488e+004	   -7.630347e+000
+1.220515e+004	   -7.658145e+000
+1.222546e+004	   -7.675158e+000
+1.224580e+004	   -7.688390e+000
+1.226617e+004	   -7.695542e+000
+1.228658e+004	   -7.713072e+000
+1.230702e+004	   -7.717289e+000
+1.232750e+004	   -7.734977e+000
+1.234801e+004	   -7.758124e+000
+1.236855e+004	   -7.766657e+000
+1.238913e+004	   -7.781044e+000
+1.240974e+004	   -7.804809e+000
+1.243039e+004	   -7.820297e+000
+1.245107e+004	   -7.838776e+000
+1.247179e+004	   -7.855871e+000
+1.249254e+004	   -7.875424e+000
+1.251332e+004	   -7.894739e+000
+1.253414e+004	   -7.918615e+000
+1.255499e+004	   -7.935405e+000
+1.257588e+004	   -7.969067e+000
+1.259680e+004	   -7.976275e+000
+1.261776e+004	   -7.990953e+000
+1.263876e+004	   -8.008552e+000
+1.265978e+004	   -8.027773e+000
+1.268085e+004	   -8.037642e+000
+1.270194e+004	   -8.044083e+000
+1.272308e+004	   -8.054235e+000
+1.274424e+004	   -8.069982e+000
+1.276545e+004	   -8.097013e+000
+1.278669e+004	   -8.115783e+000
+1.280796e+004	   -8.132628e+000
+1.282927e+004	   -8.159261e+000
+1.285061e+004	   -8.201706e+000
+1.287199e+004	   -8.219732e+000
+1.289341e+004	   -8.278193e+000
+1.291486e+004	   -8.237747e+000
+1.293635e+004	   -8.245745e+000
+1.295787e+004	   -8.253078e+000
+1.297943e+004	   -8.276716e+000
+1.300102e+004	   -8.285915e+000
+1.302265e+004	   -8.292039e+000
+1.304432e+004	   -8.307962e+000
+1.306602e+004	   -8.315636e+000
+1.308776e+004	   -8.327564e+000
+1.310954e+004	   -8.344800e+000
+1.313135e+004	   -8.369092e+000
+1.315320e+004	   -8.396447e+000
+1.317508e+004	   -8.408519e+000
+1.319700e+004	   -8.429296e+000
+1.321896e+004	   -8.454672e+000
+1.324095e+004	   -8.484700e+000
+1.326298e+004	   -8.488163e+000
+1.328504e+004	   -8.492102e+000
+1.330715e+004	   -8.522865e+000
+1.332929e+004	   -8.535726e+000
+1.335146e+004	   -8.558714e+000
+1.337368e+004	   -8.571146e+000
+1.339593e+004	   -8.593391e+000
+1.341821e+004	   -8.620906e+000
+1.344054e+004	   -8.629805e+000
+1.346290e+004	   -8.633524e+000
+1.348530e+004	   -8.638829e+000
+1.350774e+004	   -8.660567e+000
+1.353021e+004	   -8.671415e+000
+1.355272e+004	   -8.690895e+000
+1.357527e+004	   -8.718563e+000
+1.359785e+004	   -8.753406e+000
+1.362048e+004	   -8.772823e+000
+1.364314e+004	   -8.791159e+000
+1.366584e+004	   -8.796254e+000
+1.368857e+004	   -8.813931e+000
+1.371135e+004	   -8.829302e+000
+1.373416e+004	   -8.851317e+000
+1.375701e+004	   -8.864378e+000
+1.377990e+004	   -8.883299e+000
+1.380282e+004	   -8.896069e+000
+1.382579e+004	   -8.913968e+000
+1.384879e+004	   -8.916922e+000
+1.387183e+004	   -8.921952e+000
+1.389491e+004	   -8.949549e+000
+1.391803e+004	   -8.984236e+000
+1.394119e+004	   -9.013840e+000
+1.396438e+004	   -9.039544e+000
+1.398761e+004	   -9.076480e+000
+1.401088e+004	   -9.116418e+000
+1.403420e+004	   -9.135653e+000
+1.405754e+004	   -9.158031e+000
+1.408093e+004	   -9.166393e+000
+1.410436e+004	   -9.184252e+000
+1.412783e+004	   -9.195851e+000
+1.415133e+004	   -9.204092e+000
+1.417488e+004	   -9.193324e+000
+1.419846e+004	   -9.201061e+000
+1.422208e+004	   -9.215652e+000
+1.424574e+004	   -9.223233e+000
+1.426945e+004	   -9.225862e+000
+1.429319e+004	   -9.243217e+000
+1.431697e+004	   -9.265784e+000
+1.434079e+004	   -9.294271e+000
+1.436465e+004	   -9.315372e+000
+1.438854e+004	   -9.360897e+000
+1.441248e+004	   -9.389043e+000
+1.443646e+004	   -9.402172e+000
+1.446048e+004	   -9.416453e+000
+1.448454e+004	   -9.417726e+000
+1.450864e+004	   -9.445582e+000
+1.453278e+004	   -9.446995e+000
+1.455696e+004	   -9.458839e+000
+1.458117e+004	   -9.465335e+000
+1.460543e+004	   -9.466917e+000
+1.462973e+004	   -9.478471e+000
+1.465407e+004	   -9.522299e+000
+1.467845e+004	   -9.527338e+000
+1.470288e+004	   -9.543011e+000
+1.472734e+004	   -9.558691e+000
+1.475184e+004	   -9.592103e+000
+1.477638e+004	   -9.594872e+000
+1.480097e+004	   -9.611662e+000
+1.482559e+004	   -9.624925e+000
+1.485026e+004	   -9.645734e+000
+1.487497e+004	   -9.660749e+000
+1.489971e+004	   -9.662774e+000
+1.492450e+004	   -9.691091e+000
+1.494933e+004	   -9.720840e+000
+1.497421e+004	   -9.710848e+000
+1.499912e+004	   -9.735894e+000
+1.502407e+004	   -9.736173e+000
+1.504907e+004	   -9.747400e+000
+1.507411e+004	   -9.750049e+000
+1.509919e+004	   -9.774898e+000
+1.512431e+004	   -9.796339e+000
+1.514947e+004	   -9.832965e+000
+1.517468e+004	   -9.853607e+000
+1.519992e+004	   -9.857490e+000
+1.522521e+004	   -9.863628e+000
+1.525054e+004	   -9.862323e+000
+1.527592e+004	   -9.882396e+000
+1.530133e+004	   -9.903122e+000
+1.532679e+004	   -9.925119e+000
+1.535229e+004	   -9.954880e+000
+1.537783e+004	   -9.968135e+000
+1.540342e+004	   -9.984676e+000
+1.542904e+004	   -1.000627e+001
+1.545471e+004	   -1.001714e+001
+1.548043e+004	   -1.002393e+001
+1.550618e+004	   -1.003198e+001
+1.553198e+004	   -1.004637e+001
+1.555782e+004	   -1.006357e+001
+1.558371e+004	   -1.007367e+001
+1.560963e+004	   -1.008037e+001
+1.563560e+004	   -1.009398e+001
+1.566162e+004	   -1.011443e+001
+1.568767e+004	   -1.012553e+001
+1.571377e+004	   -1.015043e+001
+1.573992e+004	   -1.017283e+001
+1.576611e+004	   -1.029917e+001
+1.579234e+004	   -1.019994e+001
+1.581861e+004	   -1.020181e+001
+1.584493e+004	   -1.020458e+001
+1.587129e+004	   -1.021254e+001
+1.589770e+004	   -1.023302e+001
+1.592415e+004	   -1.025519e+001
+1.595064e+004	   -1.027473e+001
+1.597718e+004	   -1.029242e+001
+1.600376e+004	   -1.031864e+001
+1.603039e+004	   -1.034654e+001
+1.605706e+004	   -1.036799e+001
+1.608377e+004	   -1.039419e+001
+1.611053e+004	   -1.042426e+001
+1.613733e+004	   -1.045165e+001
+1.616418e+004	   -1.047375e+001
+1.619108e+004	   -1.048527e+001
+1.621801e+004	   -1.050315e+001
+1.624500e+004	   -1.054525e+001
+1.627202e+004	   -1.052685e+001
+1.629910e+004	   -1.053439e+001
+1.632621e+004	   -1.056296e+001
+1.635338e+004	   -1.058117e+001
+1.638058e+004	   -1.059653e+001
+1.640784e+004	   -1.061576e+001
+1.643514e+004	   -1.063915e+001
+1.646248e+004	   -1.065606e+001
+1.648987e+004	   -1.067624e+001
+1.651730e+004	   -1.068718e+001
+1.654479e+004	   -1.071946e+001
+1.657231e+004	   -1.073992e+001
+1.659988e+004	   -1.075503e+001
+1.662750e+004	   -1.078299e+001
+1.665517e+004	   -1.079397e+001
+1.668288e+004	   -1.080434e+001
+1.671063e+004	   -1.081097e+001
+1.673843e+004	   -1.080439e+001
+1.676628e+004	   -1.085479e+001
+1.679418e+004	   -1.088640e+001
+1.682212e+004	   -1.091540e+001
+1.685011e+004	   -1.092863e+001
+1.687814e+004	   -1.095245e+001
+1.690622e+004	   -1.097494e+001
+1.693435e+004	   -1.099490e+001
+1.696252e+004	   -1.101011e+001
+1.699074e+004	   -1.102575e+001
+1.701901e+004	   -1.103559e+001
+1.704733e+004	   -1.104893e+001
+1.707569e+004	   -1.106080e+001
+1.710410e+004	   -1.106142e+001
+1.713256e+004	   -1.107973e+001
+1.716106e+004	   -1.109804e+001
+1.718961e+004	   -1.111347e+001
+1.721821e+004	   -1.113530e+001
+1.724686e+004	   -1.116378e+001
+1.727555e+004	   -1.117796e+001
+1.730430e+004	   -1.120314e+001
+1.733309e+004	   -1.122513e+001
+1.736192e+004	   -1.124113e+001
+1.739081e+004	   -1.127286e+001
+1.741974e+004	   -1.130074e+001
+1.744873e+004	   -1.131417e+001
+1.747776e+004	   -1.132851e+001
+1.750683e+004	   -1.133546e+001
+1.753596e+004	   -1.134947e+001
+1.756514e+004	   -1.136835e+001
+1.759436e+004	   -1.139004e+001
+1.762363e+004	   -1.139650e+001
+1.765296e+004	   -1.142783e+001
+1.768232e+004	   -1.144009e+001
+1.771174e+004	   -1.144839e+001
+1.774121e+004	   -1.146445e+001
+1.777073e+004	   -1.147715e+001
+1.780029e+004	   -1.148567e+001
+1.782991e+004	   -1.148796e+001
+1.785957e+004	   -1.149681e+001
+1.788929e+004	   -1.151903e+001
+1.791905e+004	   -1.154253e+001
+1.794886e+004	   -1.156809e+001
+1.797873e+004	   -1.158856e+001
+1.800864e+004	   -1.160636e+001
+1.803860e+004	   -1.163399e+001
+1.806861e+004	   -1.165182e+001
+1.809867e+004	   -1.167066e+001
+1.812879e+004	   -1.168316e+001
+1.815895e+004	   -1.170294e+001
+1.818916e+004	   -1.172395e+001
+1.821942e+004	   -1.172483e+001
+1.824973e+004	   -1.174767e+001
+1.828010e+004	   -1.176579e+001
+1.831051e+004	   -1.177744e+001
+1.834097e+004	   -1.180431e+001
+1.837149e+004	   -1.182744e+001
+1.840205e+004	   -1.184697e+001
+1.843267e+004	   -1.186399e+001
+1.846334e+004	   -1.187644e+001
+1.849406e+004	   -1.189162e+001
+1.852482e+004	   -1.191185e+001
+1.855565e+004	   -1.192844e+001
+1.858652e+004	   -1.193847e+001
+1.861744e+004	   -1.194810e+001
+1.864842e+004	   -1.195563e+001
+1.867944e+004	   -1.196893e+001
+1.871052e+004	   -1.198003e+001
+1.874165e+004	   -1.199246e+001
+1.877283e+004	   -1.200573e+001
+1.880406e+004	   -1.202187e+001
+1.883535e+004	   -1.202327e+001
+1.886669e+004	   -1.204321e+001
+1.889808e+004	   -1.205570e+001
+1.892952e+004	   -1.207463e+001
+1.896101e+004	   -1.209495e+001
+1.899256e+004	   -1.211115e+001
+1.902416e+004	   -1.211968e+001
+1.905581e+004	   -1.214014e+001
+1.908751e+004	   -1.215877e+001
+1.911927e+004	   -1.216390e+001
+1.915108e+004	   -1.217914e+001
+1.918294e+004	   -1.218763e+001
+1.921486e+004	   -1.219737e+001
+1.924682e+004	   -1.221528e+001
+1.927885e+004	   -1.222359e+001
+1.931092e+004	   -1.224131e+001
+1.934305e+004	   -1.226028e+001
+1.937523e+004	   -1.227676e+001
+1.940747e+004	   -1.228976e+001
+1.943976e+004	   -1.231313e+001
+1.947210e+004	   -1.233842e+001
+1.950450e+004	   -1.236419e+001
+1.953695e+004	   -1.237763e+001
+1.956945e+004	   -1.238855e+001
+1.960201e+004	   -1.241615e+001
+1.963462e+004	   -1.240298e+001
+1.966729e+004	   -1.244822e+001
+1.970001e+004	   -1.246195e+001
+1.973279e+004	   -1.248819e+001
+1.976562e+004	   -1.249971e+001
+1.979850e+004	   -1.251187e+001
+1.983144e+004	   -1.252387e+001
+1.986444e+004	   -1.253509e+001
+1.989749e+004	   -1.254226e+001
+1.993059e+004	   -1.255998e+001
+1.996375e+004	   -1.256960e+001
+1.999696e+004	   -1.257488e+001
+2.003023e+004	   -1.258414e+001
+2.006356e+004	   -1.259669e+001
+2.009694e+004	   -1.261143e+001
+2.013038e+004	   -1.263469e+001
+2.016387e+004	   -1.267879e+001
+2.019742e+004	   -1.270241e+001
+2.023102e+004	   -1.271009e+001
+2.026468e+004	   -1.274247e+001
+2.029839e+004	   -1.278214e+001
+2.033217e+004	   -1.281671e+001
+2.036599e+004	   -1.285830e+001
+2.039988e+004	   -1.290586e+001
+2.043382e+004	   -1.295755e+001
+2.046781e+004	   -1.301570e+001
+2.050187e+004	   -1.306909e+001
+2.053598e+004	   -1.311447e+001
+2.057014e+004	   -1.318172e+001
+2.060437e+004	   -1.324223e+001
+2.063865e+004	   -1.329769e+001
+2.067298e+004	   -1.334997e+001
+2.070738e+004	   -1.338875e+001
+2.074183e+004	   -1.341807e+001
+2.077634e+004	   -1.344737e+001
+2.081091e+004	   -1.346533e+001
+2.084553e+004	   -1.346994e+001
+2.088021e+004	   -1.348046e+001
+2.091495e+004	   -1.349300e+001
+2.094975e+004	   -1.351218e+001
+2.098461e+004	   -1.353735e+001
+2.101952e+004	   -1.353851e+001
+2.105449e+004	   -1.356032e+001
+2.108952e+004	   -1.357179e+001
+2.112461e+004	   -1.360661e+001
+2.115975e+004	   -1.361761e+001
+2.119496e+004	   -1.362817e+001
+2.123022e+004	   -1.364311e+001
+2.126554e+004	   -1.364884e+001
+2.130092e+004	   -1.365932e+001
+2.133636e+004	   -1.367371e+001
+2.137186e+004	   -1.368535e+001
+2.140742e+004	   -1.371105e+001
+2.144303e+004	   -1.372437e+001
+2.147871e+004	   -1.374599e+001
+2.151444e+004	   -1.375823e+001
+2.155024e+004	   -1.376577e+001
+2.158609e+004	   -1.378391e+001
+2.162201e+004	   -1.379335e+001
+2.165798e+004	   -1.381419e+001
+2.169401e+004	   -1.381716e+001
+2.173011e+004	   -1.384735e+001
+2.176626e+004	   -1.385156e+001
+2.180247e+004	   -1.388620e+001
+2.183875e+004	   -1.389833e+001
+2.187508e+004	   -1.390978e+001
+2.191148e+004	   -1.392184e+001
+2.194793e+004	   -1.392608e+001
+2.198445e+004	   -1.394744e+001
+2.202102e+004	   -1.395701e+001
+2.205766e+004	   -1.397294e+001
+2.209436e+004	   -1.399846e+001
+2.213112e+004	   -1.401698e+001
+2.216794e+004	   -1.403333e+001
+2.220482e+004	   -1.405719e+001
+2.224176e+004	   -1.407161e+001
+2.227877e+004	   -1.409264e+001
+2.231584e+004	   -1.411350e+001
+2.235296e+004	   -1.412860e+001
+2.239015e+004	   -1.413259e+001
+2.242740e+004	   -1.416059e+001
+2.246472e+004	   -1.417398e+001
+2.250209e+004	   -1.418210e+001
+2.253953e+004	   -1.419086e+001
+2.257703e+004	   -1.421449e+001
+2.261459e+004	   -1.424224e+001
+2.265222e+004	   -1.425243e+001
+2.268991e+004	   -1.428654e+001
+2.272766e+004	   -1.428788e+001
+2.276547e+004	   -1.430996e+001
+2.280335e+004	   -1.434569e+001
+2.284129e+004	   -1.436412e+001
+2.287929e+004	   -1.436422e+001
+2.291735e+004	   -1.438364e+001
+2.295548e+004	   -1.439906e+001
+2.299367e+004	   -1.441643e+001
+2.303193e+004	   -1.443987e+001
+2.307025e+004	   -1.445729e+001
+2.310863e+004	   -1.447754e+001
+2.314708e+004	   -1.450089e+001
+2.318559e+004	   -1.451688e+001
+2.322416e+004	   -1.454203e+001
+2.326280e+004	   -1.455761e+001
+2.330151e+004	   -1.459138e+001
+2.334027e+004	   -1.460918e+001
+2.337911e+004	   -1.460908e+001
+2.341800e+004	   -1.464303e+001
+2.345696e+004	   -1.465725e+001
+2.349599e+004	   -1.467152e+001
+2.353508e+004	   -1.469740e+001
+2.357424e+004	   -1.470370e+001
+2.361346e+004	   -1.472618e+001
+2.365275e+004	   -1.473885e+001
+2.369210e+004	   -1.476234e+001
+2.373152e+004	   -1.478149e+001
+2.377100e+004	   -1.481184e+001
+2.381055e+004	   -1.482849e+001
+2.385016e+004	   -1.485328e+001
+2.388985e+004	   -1.487448e+001
+2.392959e+004	   -1.489320e+001
+2.396940e+004	   -1.491710e+001
+2.400928e+004	   -1.494227e+001
+2.404923e+004	   -1.497563e+001
+2.408924e+004	   -1.499892e+001
+2.412932e+004	   -1.501185e+001
+2.416946e+004	   -1.503979e+001
+2.420968e+004	   -1.503092e+001
+2.424996e+004	   -1.505969e+001
+2.429030e+004	   -1.506684e+001
+2.433071e+004	   -1.509042e+001
+2.437119e+004	   -1.511285e+001
+2.441174e+004	   -1.513783e+001
+2.445236e+004	   -1.514843e+001
+2.449304e+004	   -1.518090e+001
+2.453379e+004	   -1.517943e+001
+2.457461e+004	   -1.519258e+001
+2.461549e+004	   -1.522507e+001
+2.465645e+004	   -1.523764e+001
+2.469747e+004	   -1.526264e+001
+2.473856e+004	   -1.529049e+001
+2.477972e+004	   -1.530491e+001
+2.482095e+004	   -1.532524e+001
+2.486224e+004	   -1.534952e+001
+2.490361e+004	   -1.536312e+001
+2.494504e+004	   -1.538979e+001
+2.498654e+004	   -1.540495e+001
+2.502811e+004	   -1.541682e+001
+2.506975e+004	   -1.545269e+001
+2.511146e+004	   -1.547216e+001
+2.515324e+004	   -1.549530e+001
+2.519509e+004	   -1.551341e+001
+2.523701e+004	   -1.553283e+001
+2.527900e+004	   -1.554842e+001
+2.532105e+004	   -1.556915e+001
+2.536318e+004	   -1.559335e+001
+2.540538e+004	   -1.561451e+001
+2.544765e+004	   -1.563329e+001
+2.548999e+004	   -1.564933e+001
+2.553239e+004	   -1.566786e+001
+2.557488e+004	   -1.569580e+001
+2.561742e+004	   -1.572700e+001
+2.566004e+004	   -1.576060e+001
+2.570274e+004	   -1.579389e+001
+2.574550e+004	   -1.582062e+001
+2.578833e+004	   -1.583190e+001
+2.583124e+004	   -1.586870e+001
+2.587422e+004	   -1.586926e+001
+2.591726e+004	   -1.588573e+001
+2.596038e+004	   -1.589206e+001
+2.600358e+004	   -1.592663e+001
+2.604684e+004	   -1.593036e+001
+2.609017e+004	   -1.594540e+001
+2.613358e+004	   -1.599080e+001
+2.617706e+004	   -1.599476e+001
+2.622061e+004	   -1.603265e+001
+2.626424e+004	   -1.604922e+001
+2.630794e+004	   -1.607712e+001
+2.635171e+004	   -1.609024e+001
+2.639555e+004	   -1.611602e+001
+2.643946e+004	   -1.612914e+001
+2.648345e+004	   -1.615498e+001
+2.652751e+004	   -1.616928e+001
+2.657165e+004	   -1.620120e+001
+2.661586e+004	   -1.622599e+001
+2.666014e+004	   -1.625453e+001
+2.670449e+004	   -1.624525e+001
+2.674892e+004	   -1.627241e+001
+2.679343e+004	   -1.629696e+001
+2.683800e+004	   -1.632531e+001
+2.688266e+004	   -1.634891e+001
+2.692738e+004	   -1.636012e+001
+2.697218e+004	   -1.638509e+001
+2.701706e+004	   -1.642128e+001
+2.706201e+004	   -1.645907e+001
+2.710703e+004	   -1.647724e+001
+2.715213e+004	   -1.649022e+001
+2.719730e+004	   -1.648678e+001
+2.724255e+004	   -1.650378e+001
+2.728788e+004	   -1.652240e+001
+2.733328e+004	   -1.653949e+001
+2.737876e+004	   -1.656235e+001
+2.742431e+004	   -1.659520e+001
+2.746993e+004	   -1.660965e+001
+2.751564e+004	   -1.662355e+001
+2.756142e+004	   -1.664785e+001
+2.760727e+004	   -1.667043e+001
+2.765320e+004	   -1.669180e+001
+2.769921e+004	   -1.672318e+001
+2.774529e+004	   -1.671847e+001
+2.779146e+004	   -1.673285e+001
+2.783769e+004	   -1.677308e+001
+2.788401e+004	   -1.679712e+001
+2.793040e+004	   -1.682215e+001
+2.797687e+004	   -1.684942e+001
+2.802342e+004	   -1.687077e+001
+2.807004e+004	   -1.688914e+001
+2.811674e+004	   -1.692899e+001
+2.816352e+004	   -1.695763e+001
+2.821038e+004	   -1.699973e+001
+2.825731e+004	   -1.701134e+001
+2.830433e+004	   -1.703787e+001
+2.835142e+004	   -1.705732e+001
+2.839859e+004	   -1.706405e+001
+2.844583e+004	   -1.709142e+001
+2.849316e+004	   -1.711133e+001
+2.854057e+004	   -1.712762e+001
+2.858805e+004	   -1.715243e+001
+2.863561e+004	   -1.716053e+001
+2.868326e+004	   -1.718385e+001
+2.873098e+004	   -1.721113e+001
+2.877878e+004	   -1.725023e+001
+2.882666e+004	   -1.726006e+001
+2.887462e+004	   -1.728561e+001
+2.892266e+004	   -1.729377e+001
+2.897078e+004	   -1.731731e+001
+2.901898e+004	   -1.735066e+001
+2.906726e+004	   -1.738067e+001
+2.911562e+004	   -1.740042e+001
+2.916406e+004	   -1.743481e+001
+2.921258e+004	   -1.744506e+001
+2.926119e+004	   -1.746470e+001
+2.930987e+004	   -1.749267e+001
+2.935863e+004	   -1.759762e+001
+2.940748e+004	   -1.755982e+001
+2.945640e+004	   -1.758563e+001
+2.950541e+004	   -1.757557e+001
+2.955450e+004	   -1.761630e+001
+2.960367e+004	   -1.761350e+001
+2.965293e+004	   -1.765034e+001
+2.970226e+004	   -1.768498e+001
+2.975168e+004	   -1.769726e+001
+2.980118e+004	   -1.773326e+001
+2.985076e+004	   -1.774825e+001
+2.990042e+004	   -1.776743e+001
+2.995017e+004	   -1.779720e+001
+3.000000e+004	   -1.782158e+001
