+1.000000e+002	   +2.135046e-003
+1.010000e+002	   +2.716654e-003
+1.020000e+002	   +3.194428e-003
+1.030000e+002	   +3.012580e-003
+1.040000e+002	   +3.515597e-003
+1.050000e+002	   +3.933555e-003
+1.060000e+002	   +3.122600e-003
+1.070000e+002	   +2.834748e-003
+1.080000e+002	   +2.654612e-003
+1.090000e+002	   +2.872234e-003
+1.100000e+002	   +3.494101e-003
+1.110000e+002	   +3.528557e-003
+1.120000e+002	   +3.104465e-003
+1.130000e+002	   +2.593940e-003
+1.140000e+002	   +2.089454e-003
+1.150000e+002	   +1.948229e-003
+1.160000e+002	   +1.877411e-003
+1.170000e+002	   +1.885263e-003
+1.180000e+002	   +2.226205e-003
+1.190000e+002	   +3.949498e-003
+1.200000e+002	   +5.202434e-003
+1.210000e+002	   +3.946301e-003
+1.220000e+002	   +2.648395e-003
+1.230000e+002	   +2.944312e-003
+1.240000e+002	   +4.033906e-003
+1.250000e+002	   +4.909493e-003
+1.260000e+002	   +4.720475e-003
+1.270000e+002	   +4.673949e-003
+1.280000e+002	   +5.366511e-003
+1.290000e+002	   +6.574721e-003
+1.300000e+002	   +8.910084e-003
+1.310000e+002	   +1.136266e-002
+1.320000e+002	   +1.114154e-002
+1.330000e+002	   +7.314933e-003
+1.340000e+002	   +4.137444e-003
+1.350000e+002	   +2.460096e-003
+1.360000e+002	   +1.403228e-003
+1.370000e+002	   +9.900202e-004
+1.380000e+002	   +8.804627e-004
+1.390000e+002	   +7.776224e-004
+1.400000e+002	   +8.639097e-004
+1.410000e+002	   +1.119297e-003
+1.420000e+002	   +1.418709e-003
+1.430000e+002	   +1.613587e-003
+1.440000e+002	   +1.905215e-003
+1.450000e+002	   +2.699980e-003
+1.460000e+002	   +3.099719e-003
+1.470000e+002	   +2.401593e-003
+1.480000e+002	   +1.605705e-003
+1.490000e+002	   +1.313373e-003
+1.500000e+002	   +1.251370e-003
+1.510000e+002	   +9.736291e-004
+1.520000e+002	   +6.643326e-004
+1.530000e+002	   +4.588182e-004
+1.540000e+002	   +3.377610e-004
+1.550000e+002	   +2.872008e-004
+1.560000e+002	   +2.391647e-004
+1.570000e+002	   +2.529367e-004
+1.580000e+002	   +2.954490e-004
+1.590000e+002	   +2.941419e-004
+1.600000e+002	   +2.798255e-004
+1.610000e+002	   +2.374052e-004
+1.620000e+002	   +2.426544e-004
+1.630000e+002	   +2.858653e-004
+1.640000e+002	   +3.048728e-004
+1.650000e+002	   +3.224003e-004
+1.660000e+002	   +3.242616e-004
+1.670000e+002	   +2.914516e-004
+1.680000e+002	   +2.620560e-004
+1.690000e+002	   +2.470604e-004
+1.700000e+002	   +2.524816e-004
+1.710000e+002	   +2.686857e-004
+1.720000e+002	   +2.496391e-004
+1.730000e+002	   +2.313631e-004
+1.740000e+002	   +2.469430e-004
+1.750000e+002	   +2.546379e-004
+1.760000e+002	   +2.795275e-004
+1.770000e+002	   +3.148130e-004
+1.780000e+002	   +3.705009e-004
+1.790000e+002	   +4.184954e-004
+1.800000e+002	   +3.873972e-004
+1.810000e+002	   +3.517068e-004
+1.820000e+002	   +3.461073e-004
+1.830000e+002	   +4.167134e-004
+1.840000e+002	   +4.608202e-004
+1.850000e+002	   +4.220196e-004
+1.860000e+002	   +3.800418e-004
+1.870000e+002	   +4.007945e-004
+1.880000e+002	   +4.253921e-004
+1.890000e+002	   +4.151352e-004
+1.900000e+002	   +3.885770e-004
+1.910000e+002	   +3.898641e-004
+1.920000e+002	   +3.672709e-004
+1.930000e+002	   +3.201405e-004
+1.940000e+002	   +3.353055e-004
+1.950000e+002	   +3.692754e-004
+1.960000e+002	   +4.046497e-004
+1.970000e+002	   +4.301022e-004
+1.980000e+002	   +4.147835e-004
+1.990000e+002	   +4.007595e-004
+2.000000e+002	   +4.446911e-004
+2.010000e+002	   +4.874902e-004
+2.020000e+002	   +4.375913e-004
+2.030000e+002	   +3.537116e-004
+2.040000e+002	   +2.894100e-004
+2.050000e+002	   +3.041944e-004
+2.060000e+002	   +3.374181e-004
+2.070000e+002	   +3.247656e-004
+2.080000e+002	   +3.169967e-004
+2.090000e+002	   +3.770340e-004
+2.100000e+002	   +4.408660e-004
+2.110000e+002	   +4.397722e-004
+2.120000e+002	   +4.474325e-004
+2.130000e+002	   +3.893649e-004
+2.140000e+002	   +3.268882e-004
+2.150000e+002	   +3.296789e-004
+2.160000e+002	   +3.333236e-004
+2.170000e+002	   +2.989955e-004
+2.180000e+002	   +2.493258e-004
+2.190000e+002	   +2.696219e-004
+2.200000e+002	   +4.495388e-004
+2.210000e+002	   +6.471236e-004
+2.220000e+002	   +5.739530e-004
+2.230000e+002	   +3.351185e-004
+2.240000e+002	   +2.764363e-004
+2.250000e+002	   +2.840345e-004
+2.260000e+002	   +3.298257e-004
+2.270000e+002	   +4.019603e-004
+2.280000e+002	   +4.535411e-004
+2.290000e+002	   +4.393270e-004
+2.300000e+002	   +4.158412e-004
+2.310000e+002	   +4.290544e-004
+2.320000e+002	   +4.632128e-004
+2.330000e+002	   +4.597067e-004
+2.340000e+002	   +3.707945e-004
+2.350000e+002	   +2.800694e-004
+2.360000e+002	   +2.523812e-004
+2.370000e+002	   +2.232756e-004
+2.380000e+002	   +2.455335e-004
+2.390000e+002	   +3.254648e-004
+2.400000e+002	   +3.914974e-004
+2.410000e+002	   +3.156086e-004
+2.420000e+002	   +2.483149e-004
+2.430000e+002	   +2.566217e-004
+2.440000e+002	   +2.578046e-004
+2.450000e+002	   +2.744685e-004
+2.460000e+002	   +2.631967e-004
+2.470000e+002	   +2.474079e-004
+2.480000e+002	   +2.577480e-004
+2.490000e+002	   +2.205533e-004
+2.500000e+002	   +1.929125e-004
+2.510000e+002	   +2.169190e-004
+2.520000e+002	   +2.278577e-004
+2.530000e+002	   +2.215246e-004
+2.540000e+002	   +2.116322e-004
+2.550000e+002	   +2.105766e-004
+2.560000e+002	   +2.139393e-004
+2.570000e+002	   +2.666890e-004
+2.580000e+002	   +5.809537e-004
+2.590000e+002	   +7.465269e-004
+2.600000e+002	   +5.063172e-004
+2.610000e+002	   +2.825758e-004
+2.620000e+002	   +2.408146e-004
+2.630000e+002	   +2.617930e-004
+2.640000e+002	   +3.255306e-004
+2.650000e+002	   +3.645678e-004
+2.660000e+002	   +3.922325e-004
+2.670000e+002	   +3.811245e-004
+2.680000e+002	   +3.977958e-004
+2.690000e+002	   +4.124069e-004
+2.700000e+002	   +3.571165e-004
+2.710000e+002	   +3.868485e-004
+2.720000e+002	   +4.342870e-004
+2.730000e+002	   +4.711254e-004
+2.740000e+002	   +5.215903e-004
+2.750000e+002	   +4.652833e-004
+2.760000e+002	   +3.588595e-004
+2.770000e+002	   +3.673079e-004
+2.780000e+002	   +4.199488e-004
+2.790000e+002	   +3.874208e-004
+2.800000e+002	   +3.182882e-004
+2.810000e+002	   +3.349190e-004
+2.820000e+002	   +3.325992e-004
+2.830000e+002	   +3.304162e-004
+2.840000e+002	   +3.047927e-004
+2.850000e+002	   +2.878402e-004
+2.860000e+002	   +3.542382e-004
+2.870000e+002	   +3.600500e-004
+2.880000e+002	   +3.182979e-004
+2.890000e+002	   +3.121320e-004
+2.900000e+002	   +3.092086e-004
+2.910000e+002	   +3.297296e-004
+2.920000e+002	   +3.208996e-004
+2.930000e+002	   +3.376984e-004
+2.940000e+002	   +4.020800e-004
+2.950000e+002	   +4.384108e-004
+2.960000e+002	   +6.119138e-004
+2.970000e+002	   +9.690331e-004
+2.980000e+002	   +9.452462e-004
+2.990000e+002	   +7.450570e-004
+3.000000e+002	   +7.045508e-004
+3.010000e+002	   +6.216245e-004
+3.020000e+002	   +5.573379e-004
+3.030000e+002	   +5.206513e-004
+3.040000e+002	   +5.910923e-004
+3.050000e+002	   +6.705980e-004
+3.060000e+002	   +6.557476e-004
+3.070000e+002	   +6.700986e-004
+3.080000e+002	   +6.441795e-004
+3.090000e+002	   +5.094151e-004
+3.100000e+002	   +4.217247e-004
+3.110000e+002	   +3.874442e-004
+3.120000e+002	   +3.956494e-004
+3.130000e+002	   +4.334122e-004
+3.140000e+002	   +4.476797e-004
+3.150000e+002	   +4.174191e-004
+3.160000e+002	   +3.588980e-004
+3.170000e+002	   +3.559772e-004
+3.180000e+002	   +3.542345e-004
+3.190000e+002	   +3.480791e-004
+3.200000e+002	   +3.408542e-004
+3.210000e+002	   +3.653464e-004
+3.220000e+002	   +3.771062e-004
+3.230000e+002	   +3.516450e-004
+3.240000e+002	   +3.165034e-004
+3.250000e+002	   +3.601084e-004
+3.260000e+002	   +4.018502e-004
+3.270000e+002	   +4.232762e-004
+3.280000e+002	   +4.141293e-004
+3.290000e+002	   +4.469179e-004
+3.300000e+002	   +5.089918e-004
+3.310000e+002	   +5.112165e-004
+3.320000e+002	   +4.797985e-004
+3.330000e+002	   +4.542737e-004
+3.340000e+002	   +4.031869e-004
+3.350000e+002	   +3.545884e-004
+3.360000e+002	   +3.070663e-004
+3.370000e+002	   +2.673033e-004
+3.380000e+002	   +3.353696e-004
+3.390000e+002	   +4.377432e-004
+3.400000e+002	   +5.443601e-004
+3.410000e+002	   +7.238617e-004
+3.420000e+002	   +6.957753e-004
+3.430000e+002	   +4.988296e-004
+3.440000e+002	   +4.595949e-004
+3.450000e+002	   +5.121310e-004
+3.460000e+002	   +5.839726e-004
+3.470000e+002	   +5.972395e-004
+3.480000e+002	   +6.993819e-004
+3.490000e+002	   +7.676303e-004
+3.500000e+002	   +7.471985e-004
+3.510000e+002	   +6.614010e-004
+3.520000e+002	   +5.398553e-004
+3.530000e+002	   +5.222645e-004
+3.540000e+002	   +4.685515e-004
+3.550000e+002	   +4.703286e-004
+3.560000e+002	   +5.219999e-004
+3.570000e+002	   +5.158889e-004
+3.580000e+002	   +5.359395e-004
+3.590000e+002	   +7.022243e-004
+3.600000e+002	   +8.061280e-004
+3.610000e+002	   +6.751163e-004
+3.620000e+002	   +5.777269e-004
+3.630000e+002	   +6.074756e-004
+3.640000e+002	   +6.309407e-004
+3.650000e+002	   +6.163926e-004
+3.660000e+002	   +5.954324e-004
+3.670000e+002	   +5.693276e-004
+3.680000e+002	   +5.527123e-004
+3.690000e+002	   +5.262807e-004
+3.700000e+002	   +6.396326e-004
+3.710000e+002	   +1.038488e-003
+3.720000e+002	   +1.337204e-003
+3.730000e+002	   +1.277939e-003
+3.740000e+002	   +1.003331e-003
+3.750000e+002	   +6.711063e-004
+3.760000e+002	   +5.114831e-004
+3.770000e+002	   +6.243400e-004
+3.780000e+002	   +8.415281e-004
+3.790000e+002	   +7.457830e-004
+3.800000e+002	   +5.287518e-004
+3.810000e+002	   +4.396416e-004
+3.820000e+002	   +4.116989e-004
+3.830000e+002	   +4.137880e-004
+3.840000e+002	   +4.668507e-004
+3.850000e+002	   +5.443575e-004
+3.860000e+002	   +5.814285e-004
+3.870000e+002	   +6.186517e-004
+3.880000e+002	   +6.333244e-004
+3.890000e+002	   +5.893533e-004
+3.900000e+002	   +4.638118e-004
+3.910000e+002	   +4.308475e-004
+3.920000e+002	   +5.078166e-004
+3.930000e+002	   +5.679824e-004
+3.940000e+002	   +5.627549e-004
+3.950000e+002	   +5.327096e-004
+3.960000e+002	   +5.397946e-004
+3.970000e+002	   +5.401020e-004
+3.980000e+002	   +4.818463e-004
+3.990000e+002	   +4.142717e-004
+4.000000e+002	   +4.555481e-004
+4.010000e+002	   +5.225183e-004
+4.020000e+002	   +5.327037e-004
+4.030000e+002	   +4.398971e-004
+4.040000e+002	   +3.611727e-004
+4.050000e+002	   +3.422262e-004
+4.060000e+002	   +3.227743e-004
+4.070000e+002	   +4.003525e-004
+4.080000e+002	   +5.039750e-004
+4.090000e+002	   +5.040968e-004
+4.100000e+002	   +4.768800e-004
+4.110000e+002	   +4.956865e-004
+4.120000e+002	   +4.653168e-004
+4.130000e+002	   +4.196388e-004
+4.140000e+002	   +4.814161e-004
+4.150000e+002	   +5.718734e-004
+4.160000e+002	   +6.011332e-004
+4.170000e+002	   +6.352751e-004
+4.180000e+002	   +6.674555e-004
+4.190000e+002	   +7.452698e-004
+4.200000e+002	   +7.626775e-004
+4.210000e+002	   +6.496391e-004
+4.220000e+002	   +5.781006e-004
+4.230000e+002	   +5.658065e-004
+4.240000e+002	   +5.617816e-004
+4.250000e+002	   +5.967577e-004
+4.260000e+002	   +5.508148e-004
+4.270000e+002	   +4.542324e-004
+4.280000e+002	   +5.207972e-004
+4.290000e+002	   +6.846480e-004
+4.300000e+002	   +6.991934e-004
+4.310000e+002	   +5.916559e-004
+4.320000e+002	   +5.328260e-004
+4.330000e+002	   +5.566725e-004
+4.340000e+002	   +5.641877e-004
+4.350000e+002	   +5.572736e-004
+4.360000e+002	   +5.684497e-004
+4.370000e+002	   +5.764413e-004
+4.380000e+002	   +5.587462e-004
+4.390000e+002	   +5.008171e-004
+4.400000e+002	   +4.537187e-004
+4.410000e+002	   +5.136600e-004
+4.420000e+002	   +5.654494e-004
+4.430000e+002	   +5.322185e-004
+4.440000e+002	   +5.287906e-004
+4.450000e+002	   +5.326879e-004
+4.460000e+002	   +5.162370e-004
+4.470000e+002	   +5.354628e-004
+4.480000e+002	   +5.517976e-004
+4.490000e+002	   +5.353293e-004
+4.500000e+002	   +5.538224e-004
+4.510000e+002	   +5.860132e-004
+4.520000e+002	   +5.567590e-004
+4.530000e+002	   +5.001203e-004
+4.540000e+002	   +5.642438e-004
+4.550000e+002	   +6.430069e-004
+4.560000e+002	   +6.176730e-004
+4.570000e+002	   +5.903876e-004
+4.580000e+002	   +5.807051e-004
+4.590000e+002	   +6.657871e-004
+4.600000e+002	   +7.166708e-004
+4.610000e+002	   +7.017152e-004
+4.620000e+002	   +7.679797e-004
+4.630000e+002	   +8.154717e-004
+4.640000e+002	   +8.633152e-004
+4.650000e+002	   +8.794082e-004
+4.660000e+002	   +8.134583e-004
+4.670000e+002	   +8.645540e-004
+4.680000e+002	   +9.669123e-004
+4.690000e+002	   +9.510598e-004
+4.700000e+002	   +9.544439e-004
+4.710000e+002	   +9.792006e-004
+4.720000e+002	   +9.978043e-004
+4.730000e+002	   +1.044464e-003
+4.740000e+002	   +9.271565e-004
+4.750000e+002	   +9.069835e-004
+4.760000e+002	   +9.105871e-004
+4.770000e+002	   +9.240655e-004
+4.780000e+002	   +9.449655e-004
+4.790000e+002	   +1.327192e-003
+4.800000e+002	   +1.618148e-003
+4.810000e+002	   +1.146868e-003
+4.820000e+002	   +8.516518e-004
+4.830000e+002	   +9.480041e-004
+4.840000e+002	   +1.064359e-003
+4.850000e+002	   +1.198586e-003
+4.860000e+002	   +1.195053e-003
+4.870000e+002	   +1.173894e-003
+4.880000e+002	   +1.231181e-003
+4.890000e+002	   +1.318070e-003
+4.900000e+002	   +1.297134e-003
+4.910000e+002	   +1.462703e-003
+4.920000e+002	   +1.431405e-003
+4.930000e+002	   +1.185904e-003
+4.940000e+002	   +1.267833e-003
+4.950000e+002	   +1.568549e-003
+4.960000e+002	   +1.614836e-003
+4.970000e+002	   +1.678543e-003
+4.980000e+002	   +2.198806e-003
+4.990000e+002	   +2.355608e-003
+5.000000e+002	   +2.360242e-003
+5.010000e+002	   +2.412856e-003
+5.020000e+002	   +2.310075e-003
+5.030000e+002	   +2.198244e-003
+5.040000e+002	   +2.232775e-003
+5.050000e+002	   +2.096596e-003
+5.060000e+002	   +2.019105e-003
+5.070000e+002	   +2.051434e-003
+5.080000e+002	   +1.898626e-003
+5.090000e+002	   +1.656707e-003
+5.100000e+002	   +1.602832e-003
+5.110000e+002	   +1.729915e-003
+5.120000e+002	   +1.901331e-003
+5.130000e+002	   +1.999772e-003
+5.140000e+002	   +2.091012e-003
+5.150000e+002	   +2.126035e-003
+5.160000e+002	   +1.993973e-003
+5.170000e+002	   +1.493563e-003
+5.180000e+002	   +1.254404e-003
+5.190000e+002	   +1.269778e-003
+5.200000e+002	   +1.085152e-003
+5.210000e+002	   +8.558489e-004
+5.220000e+002	   +9.247420e-004
+5.230000e+002	   +9.800713e-004
+5.240000e+002	   +1.139704e-003
+5.250000e+002	   +1.377084e-003
+5.260000e+002	   +1.418795e-003
+5.270000e+002	   +1.339123e-003
+5.280000e+002	   +1.391346e-003
+5.290000e+002	   +1.486464e-003
+5.300000e+002	   +1.569439e-003
+5.310000e+002	   +1.636537e-003
+5.320000e+002	   +1.563782e-003
+5.330000e+002	   +1.406089e-003
+5.340000e+002	   +1.409576e-003
+5.350000e+002	   +1.530338e-003
+5.360000e+002	   +1.630306e-003
+5.370000e+002	   +1.477429e-003
+5.380000e+002	   +1.333621e-003
+5.390000e+002	   +1.216169e-003
+5.400000e+002	   +8.948476e-004
+5.410000e+002	   +7.537893e-004
+5.420000e+002	   +8.607900e-004
+5.430000e+002	   +8.883909e-004
+5.440000e+002	   +8.759813e-004
+5.450000e+002	   +7.739440e-004
+5.460000e+002	   +6.786342e-004
+5.470000e+002	   +7.624844e-004
+5.480000e+002	   +8.781293e-004
+5.490000e+002	   +9.272624e-004
+5.500000e+002	   +1.089861e-003
+5.510000e+002	   +1.360587e-003
+5.520000e+002	   +1.516762e-003
+5.530000e+002	   +1.613942e-003
+5.540000e+002	   +1.891891e-003
+5.550000e+002	   +2.012078e-003
+5.560000e+002	   +2.078155e-003
+5.570000e+002	   +2.149839e-003
+5.580000e+002	   +2.428281e-003
+5.590000e+002	   +2.581154e-003
+5.600000e+002	   +2.474151e-003
+5.610000e+002	   +2.892993e-003
+5.620000e+002	   +3.581638e-003
+5.630000e+002	   +4.008064e-003
+5.640000e+002	   +3.781459e-003
+5.650000e+002	   +4.228684e-003
+5.660000e+002	   +4.663394e-003
+5.670000e+002	   +4.104793e-003
+5.680000e+002	   +3.585689e-003
+5.690000e+002	   +2.759138e-003
+5.700000e+002	   +2.593868e-003
+5.710000e+002	   +2.679977e-003
+5.720000e+002	   +2.639462e-003
+5.730000e+002	   +2.306202e-003
+5.740000e+002	   +1.857166e-003
+5.750000e+002	   +1.627287e-003
+5.760000e+002	   +1.379710e-003
+5.770000e+002	   +1.074463e-003
+5.780000e+002	   +1.028438e-003
+5.790000e+002	   +1.208405e-003
+5.800000e+002	   +1.229193e-003
+5.810000e+002	   +1.268625e-003
+5.820000e+002	   +1.277405e-003
+5.830000e+002	   +1.038702e-003
+5.840000e+002	   +8.854286e-004
+5.850000e+002	   +8.516285e-004
+5.860000e+002	   +9.293907e-004
+5.870000e+002	   +8.895500e-004
+5.880000e+002	   +8.414648e-004
+5.890000e+002	   +7.716204e-004
+5.900000e+002	   +6.831721e-004
+5.910000e+002	   +5.823418e-004
+5.920000e+002	   +6.015567e-004
+5.930000e+002	   +7.310473e-004
+5.940000e+002	   +8.284154e-004
+5.950000e+002	   +7.738998e-004
+5.960000e+002	   +6.050081e-004
+5.970000e+002	   +5.747296e-004
+5.980000e+002	   +6.641685e-004
+5.990000e+002	   +7.634327e-004
+6.000000e+002	   +9.002534e-004
+6.010000e+002	   +9.141021e-004
+6.020000e+002	   +7.894148e-004
+6.030000e+002	   +6.758940e-004
+6.040000e+002	   +6.545053e-004
+6.050000e+002	   +6.271913e-004
+6.060000e+002	   +5.616808e-004
+6.070000e+002	   +4.968471e-004
+6.080000e+002	   +5.291873e-004
+6.090000e+002	   +6.094734e-004
+6.100000e+002	   +5.965098e-004
+6.110000e+002	   +5.651813e-004
+6.120000e+002	   +5.819982e-004
+6.130000e+002	   +6.663133e-004
+6.140000e+002	   +6.660632e-004
+6.150000e+002	   +6.898110e-004
+6.160000e+002	   +7.361075e-004
+6.170000e+002	   +7.328487e-004
+6.180000e+002	   +7.334867e-004
+6.190000e+002	   +7.922733e-004
+6.200000e+002	   +9.288566e-004
+6.210000e+002	   +1.062579e-003
+6.220000e+002	   +1.063059e-003
+6.230000e+002	   +9.645435e-004
+6.240000e+002	   +8.309050e-004
+6.250000e+002	   +6.732517e-004
+6.260000e+002	   +6.721696e-004
+6.270000e+002	   +6.937614e-004
+6.280000e+002	   +6.520916e-004
+6.290000e+002	   +5.551481e-004
+6.300000e+002	   +4.523565e-004
+6.310000e+002	   +4.544044e-004
+6.320000e+002	   +4.784586e-004
+6.330000e+002	   +4.664907e-004
+6.340000e+002	   +4.553314e-004
+6.350000e+002	   +4.075705e-004
+6.360000e+002	   +3.466319e-004
+6.370000e+002	   +4.338624e-004
+6.380000e+002	   +5.004301e-004
+6.390000e+002	   +5.433137e-004
+6.400000e+002	   +5.252586e-004
+6.410000e+002	   +4.341380e-004
+6.420000e+002	   +3.822923e-004
+6.430000e+002	   +4.709984e-004
+6.440000e+002	   +4.798014e-004
+6.450000e+002	   +5.158452e-004
+6.460000e+002	   +6.335240e-004
+6.470000e+002	   +6.930553e-004
+6.480000e+002	   +6.766978e-004
+6.490000e+002	   +6.377953e-004
+6.500000e+002	   +5.395765e-004
+6.510000e+002	   +4.821829e-004
+6.520000e+002	   +4.934794e-004
+6.530000e+002	   +5.143078e-004
+6.540000e+002	   +5.553837e-004
+6.550000e+002	   +5.805288e-004
+6.560000e+002	   +5.777852e-004
+6.570000e+002	   +6.178904e-004
+6.580000e+002	   +6.854464e-004
+6.590000e+002	   +7.142737e-004
+6.600000e+002	   +7.578797e-004
+6.610000e+002	   +7.008755e-004
+6.620000e+002	   +6.266327e-004
+6.630000e+002	   +5.878772e-004
+6.640000e+002	   +5.293373e-004
+6.650000e+002	   +4.835327e-004
+6.660000e+002	   +4.708190e-004
+6.670000e+002	   +5.221810e-004
+6.680000e+002	   +7.115865e-004
+6.690000e+002	   +8.128709e-004
+6.700000e+002	   +7.930435e-004
+6.710000e+002	   +8.102080e-004
+6.720000e+002	   +8.713224e-004
+6.730000e+002	   +9.971166e-004
+6.740000e+002	   +1.059801e-003
+6.750000e+002	   +1.022907e-003
+6.760000e+002	   +9.046513e-004
+6.770000e+002	   +9.620311e-004
+6.780000e+002	   +1.060743e-003
+6.790000e+002	   +1.097589e-003
+6.800000e+002	   +1.162386e-003
+6.810000e+002	   +1.076484e-003
+6.820000e+002	   +1.044211e-003
+6.830000e+002	   +1.148553e-003
+6.840000e+002	   +1.248983e-003
+6.850000e+002	   +1.271886e-003
+6.860000e+002	   +1.056819e-003
+6.870000e+002	   +9.971395e-004
+6.880000e+002	   +9.454756e-004
+6.890000e+002	   +8.202269e-004
+6.900000e+002	   +8.223581e-004
+6.910000e+002	   +8.511867e-004
+6.920000e+002	   +9.948780e-004
+6.930000e+002	   +1.235253e-003
+6.940000e+002	   +1.230716e-003
+6.950000e+002	   +1.068402e-003
+6.960000e+002	   +8.675107e-004
+6.970000e+002	   +8.397744e-004
+6.980000e+002	   +9.925159e-004
+6.990000e+002	   +1.028702e-003
+7.000000e+002	   +1.019441e-003
+7.010000e+002	   +1.228956e-003
+7.020000e+002	   +1.339093e-003
+7.030000e+002	   +1.177659e-003
+7.040000e+002	   +1.083431e-003
+7.050000e+002	   +1.180401e-003
+7.060000e+002	   +1.182718e-003
+7.070000e+002	   +1.091540e-003
+7.080000e+002	   +9.745526e-004
+7.090000e+002	   +9.994950e-004
+7.100000e+002	   +1.122251e-003
+7.110000e+002	   +1.168879e-003
+7.120000e+002	   +1.133183e-003
+7.130000e+002	   +1.029095e-003
+7.140000e+002	   +8.459683e-004
+7.150000e+002	   +8.632503e-004
+7.160000e+002	   +1.005034e-003
+7.170000e+002	   +1.007354e-003
+7.180000e+002	   +1.000421e-003
+7.190000e+002	   +9.589223e-004
+7.200000e+002	   +9.898550e-004
+7.210000e+002	   +9.967728e-004
+7.220000e+002	   +9.896063e-004
+7.230000e+002	   +1.030267e-003
+7.240000e+002	   +1.005339e-003
+7.250000e+002	   +1.019799e-003
+7.260000e+002	   +1.082203e-003
+7.270000e+002	   +9.246435e-004
+7.280000e+002	   +8.899515e-004
+7.290000e+002	   +9.179834e-004
+7.300000e+002	   +8.987818e-004
+7.310000e+002	   +8.411586e-004
+7.320000e+002	   +8.616599e-004
+7.330000e+002	   +1.174984e-003
+7.340000e+002	   +1.286391e-003
+7.350000e+002	   +9.408234e-004
+7.360000e+002	   +8.446476e-004
+7.370000e+002	   +8.954757e-004
+7.380000e+002	   +8.644582e-004
+7.390000e+002	   +8.224579e-004
+7.400000e+002	   +8.592465e-004
+7.410000e+002	   +1.003973e-003
+7.420000e+002	   +1.144451e-003
+7.430000e+002	   +1.091458e-003
+7.440000e+002	   +1.010515e-003
+7.450000e+002	   +1.139819e-003
+7.460000e+002	   +1.144760e-003
+7.470000e+002	   +1.095467e-003
+7.480000e+002	   +1.028950e-003
+7.490000e+002	   +9.840446e-004
+7.500000e+002	   +1.053015e-003
+7.510000e+002	   +1.110142e-003
+7.520000e+002	   +1.091484e-003
+7.530000e+002	   +1.091957e-003
+7.540000e+002	   +9.949801e-004
+7.550000e+002	   +1.016966e-003
+7.560000e+002	   +1.021106e-003
+7.570000e+002	   +9.691273e-004
+7.580000e+002	   +9.355376e-004
+7.590000e+002	   +8.530209e-004
+7.600000e+002	   +8.045108e-004
+7.610000e+002	   +8.756246e-004
+7.620000e+002	   +9.468733e-004
+7.630000e+002	   +9.387618e-004
+7.640000e+002	   +1.094900e-003
+7.650000e+002	   +1.285772e-003
+7.660000e+002	   +1.270182e-003
+7.670000e+002	   +9.751954e-004
+7.680000e+002	   +6.866060e-004
+7.690000e+002	   +6.490035e-004
+7.700000e+002	   +6.329573e-004
+7.710000e+002	   +6.623999e-004
+7.720000e+002	   +6.542949e-004
+7.730000e+002	   +6.655061e-004
+7.740000e+002	   +6.444363e-004
+7.750000e+002	   +5.939209e-004
+7.760000e+002	   +6.091690e-004
+7.770000e+002	   +7.588156e-004
+7.780000e+002	   +8.787601e-004
+7.790000e+002	   +8.852595e-004
+7.800000e+002	   +8.558640e-004
+7.810000e+002	   +7.336191e-004
+7.820000e+002	   +6.679680e-004
+7.830000e+002	   +7.434105e-004
+7.840000e+002	   +7.273352e-004
+7.850000e+002	   +7.658763e-004
+7.860000e+002	   +8.443486e-004
+7.870000e+002	   +8.582622e-004
+7.880000e+002	   +7.906994e-004
+7.890000e+002	   +7.123968e-004
+7.900000e+002	   +6.983783e-004
+7.910000e+002	   +7.229559e-004
+7.920000e+002	   +8.157211e-004
+7.930000e+002	   +8.684080e-004
+7.940000e+002	   +9.429905e-004
+7.950000e+002	   +1.146331e-003
+7.960000e+002	   +1.115940e-003
+7.970000e+002	   +1.003563e-003
+7.980000e+002	   +9.601702e-004
+7.990000e+002	   +9.245466e-004
+8.000000e+002	   +8.230365e-004
+8.010000e+002	   +7.604340e-004
+8.020000e+002	   +8.880286e-004
+8.030000e+002	   +9.294008e-004
+8.040000e+002	   +8.311048e-004
+8.050000e+002	   +8.155765e-004
+8.060000e+002	   +8.084436e-004
+8.070000e+002	   +7.057884e-004
+8.080000e+002	   +6.995513e-004
+8.090000e+002	   +8.242234e-004
+8.100000e+002	   +8.125233e-004
+8.110000e+002	   +7.988616e-004
+8.120000e+002	   +8.823833e-004
+8.130000e+002	   +8.897918e-004
+8.140000e+002	   +9.338627e-004
+8.150000e+002	   +1.031143e-003
+8.160000e+002	   +1.213469e-003
+8.170000e+002	   +1.487969e-003
+8.180000e+002	   +1.554528e-003
+8.190000e+002	   +1.453896e-003
+8.200000e+002	   +1.180505e-003
+8.210000e+002	   +1.008332e-003
+8.220000e+002	   +1.077726e-003
+8.230000e+002	   +1.075304e-003
+8.240000e+002	   +1.091356e-003
+8.250000e+002	   +1.207380e-003
+8.260000e+002	   +1.249765e-003
+8.270000e+002	   +1.306643e-003
+8.280000e+002	   +1.275580e-003
+8.290000e+002	   +1.220123e-003
+8.300000e+002	   +1.243934e-003
+8.310000e+002	   +1.124468e-003
+8.320000e+002	   +1.039300e-003
+8.330000e+002	   +1.325311e-003
+8.340000e+002	   +1.420961e-003
+8.350000e+002	   +1.263282e-003
+8.360000e+002	   +1.146556e-003
+8.370000e+002	   +1.068314e-003
+8.380000e+002	   +1.075044e-003
+8.390000e+002	   +1.169326e-003
+8.400000e+002	   +1.237957e-003
+8.410000e+002	   +1.296975e-003
+8.420000e+002	   +1.486742e-003
+8.430000e+002	   +1.536108e-003
+8.440000e+002	   +1.456459e-003
+8.450000e+002	   +1.535309e-003
+8.460000e+002	   +1.608215e-003
+8.470000e+002	   +2.158804e-003
+8.480000e+002	   +4.254872e-003
+8.490000e+002	   +6.785388e-003
+8.500000e+002	   +7.334266e-003
+8.510000e+002	   +5.036511e-003
+8.520000e+002	   +2.295034e-003
+8.530000e+002	   +1.272291e-003
+8.540000e+002	   +1.233181e-003
+8.550000e+002	   +1.241381e-003
+8.560000e+002	   +1.330883e-003
+8.570000e+002	   +1.317394e-003
+8.580000e+002	   +1.521335e-003
+8.590000e+002	   +1.846359e-003
+8.600000e+002	   +1.870583e-003
+8.610000e+002	   +1.822046e-003
+8.620000e+002	   +1.843511e-003
+8.630000e+002	   +1.700785e-003
+8.640000e+002	   +1.637037e-003
+8.650000e+002	   +1.522305e-003
+8.660000e+002	   +1.394468e-003
+8.670000e+002	   +1.377897e-003
+8.680000e+002	   +1.506188e-003
+8.690000e+002	   +1.567780e-003
+8.700000e+002	   +1.594782e-003
+8.710000e+002	   +1.490068e-003
+8.720000e+002	   +1.430139e-003
+8.730000e+002	   +1.586890e-003
+8.740000e+002	   +1.682033e-003
+8.750000e+002	   +1.773578e-003
+8.760000e+002	   +2.111427e-003
+8.770000e+002	   +2.409511e-003
+8.780000e+002	   +2.479425e-003
+8.790000e+002	   +2.341355e-003
+8.800000e+002	   +2.145477e-003
+8.810000e+002	   +2.156296e-003
+8.820000e+002	   +2.065837e-003
+8.830000e+002	   +2.199209e-003
+8.840000e+002	   +2.234041e-003
+8.850000e+002	   +2.256449e-003
+8.860000e+002	   +2.315651e-003
+8.870000e+002	   +2.124247e-003
+8.880000e+002	   +1.918897e-003
+8.890000e+002	   +1.855642e-003
+8.900000e+002	   +1.690150e-003
+8.910000e+002	   +2.023079e-003
+8.920000e+002	   +2.696993e-003
+8.930000e+002	   +2.431258e-003
+8.940000e+002	   +1.691128e-003
+8.950000e+002	   +1.468548e-003
+8.960000e+002	   +1.409891e-003
+8.970000e+002	   +1.409922e-003
+8.980000e+002	   +1.322532e-003
+8.990000e+002	   +1.160933e-003
+9.000000e+002	   +1.073370e-003
