+1.000000e-001	   +3.670252e+001
+5.146724e+002	   +2.813795e+001
+1.029245e+003	   +2.250804e+001
+1.543817e+003	   +1.911613e+001
+2.058389e+003	   +1.667102e+001
+2.572962e+003	   +1.480743e+001
+3.087534e+003	   +1.331440e+001
+3.602106e+003	   +1.210211e+001
+4.116679e+003	   +1.097315e+001
+4.631251e+003	   +1.007161e+001
+5.145824e+003	   +9.250166e+000
+5.660396e+003	   +8.520254e+000
+6.174968e+003	   +7.897509e+000
+6.689541e+003	   +7.283011e+000
+7.204113e+003	   +6.721452e+000
+7.718686e+003	   +6.248121e+000
+8.233258e+003	   +5.815735e+000
+8.747830e+003	   +5.339835e+000
+9.262402e+003	   +4.956118e+000
+9.776975e+003	   +4.576016e+000
+1.029155e+004	   +4.237906e+000
+1.080612e+004	   +3.924348e+000
+1.132069e+004	   +3.607299e+000
+1.183526e+004	   +3.309739e+000
+1.234984e+004	   +3.013498e+000
+1.286441e+004	   +2.769891e+000
+1.337898e+004	   +2.548678e+000
+1.389355e+004	   +2.307190e+000
+1.440813e+004	   +2.047437e+000
+1.492270e+004	   +1.868611e+000
+1.543727e+004	   +1.656057e+000
+1.595184e+004	   +1.505857e+000
+1.646642e+004	   +1.270446e+000
+1.698099e+004	   +1.128064e+000
+1.749556e+004	   +9.435043e-001
+1.801013e+004	   +7.936093e-001
+1.852471e+004	   +6.163016e-001
+1.903928e+004	   +4.482206e-001
+1.955385e+004	   +3.355634e-001
+2.006842e+004	   +2.104266e-001
+2.058299e+004	   +4.096490e-002
+2.109757e+004	   -1.015792e-001
+2.161214e+004	   -2.219115e-001
+2.212671e+004	   -3.634147e-001
+2.264128e+004	   -4.670496e-001
+2.315586e+004	   -6.409000e-001
+2.367043e+004	   -7.510049e-001
+2.418500e+004	   -8.961052e-001
+2.469957e+004	   -1.017128e+000
+2.521414e+004	   -1.111374e+000
+2.572872e+004	   -1.256966e+000
+2.624329e+004	   -1.388926e+000
+2.675786e+004	   -1.517249e+000
+2.727244e+004	   -1.633176e+000
+2.778701e+004	   -1.783972e+000
+2.830158e+004	   -1.885979e+000
+2.881615e+004	   -2.060287e+000
+2.933072e+004	   -2.174553e+000
+2.984530e+004	   -2.291803e+000
+3.035987e+004	   -2.458077e+000
+3.087444e+004	   -2.638689e+000
+3.138901e+004	   -2.765759e+000
+3.190359e+004	   -2.888542e+000
+3.241816e+004	   -3.083340e+000
+3.293273e+004	   -3.195243e+000
+3.344730e+004	   -3.379835e+000
+3.396188e+004	   -3.543783e+000
+3.447645e+004	   -3.724244e+000
+3.499102e+004	   -3.885940e+000
+3.550559e+004	   -4.083189e+000
+3.602016e+004	   -4.199608e+000
+3.653474e+004	   -4.506578e+000
+3.704931e+004	   -4.625117e+000
+3.756388e+004	   -4.895366e+000
+3.807845e+004	   -5.041760e+000
+3.859303e+004	   -5.332957e+000
+3.910760e+004	   -5.469513e+000
+3.962217e+004	   -5.788556e+000
+4.013674e+004	   -5.808447e+000
+4.065132e+004	   -6.203383e+000
+4.116589e+004	   -6.236506e+000
+4.168046e+004	   -6.591875e+000
+4.219503e+004	   -6.699150e+000
+4.270961e+004	   -6.910755e+000
+4.322418e+004	   -7.026336e+000
+4.373875e+004	   -7.179826e+000
+4.425332e+004	   -7.191857e+000
+4.476789e+004	   -7.410535e+000
+4.528247e+004	   -7.368274e+000
+4.579704e+004	   -7.482889e+000
+4.631161e+004	   -7.418677e+000
+4.682618e+004	   -7.445910e+000
+4.734076e+004	   -7.057413e+000
+4.785533e+004	   -7.178173e+000
+4.836990e+004	   -7.069250e+000
+4.888447e+004	   -6.911918e+000
+4.939905e+004	   -6.816506e+000
+4.991362e+004	   -6.597897e+000
+5.042819e+004	   -6.452844e+000
+5.094276e+004	   -6.236559e+000
+5.145734e+004	   -6.030668e+000
+5.197191e+004	   -5.820481e+000
+5.248648e+004	   -5.693519e+000
+5.300105e+004	   -5.479424e+000
+5.351563e+004	   -5.378508e+000
+5.403020e+004	   -5.088893e+000
+5.454477e+004	   -4.986246e+000
+5.505934e+004	   -4.741572e+000
+5.557391e+004	   -4.528219e+000
+5.608849e+004	   -4.431748e+000
+5.660306e+004	   -4.367671e+000
+5.711763e+004	   -4.127148e+000
+5.763220e+004	   -4.087935e+000
+5.814678e+004	   -3.873811e+000
+5.866135e+004	   -3.783122e+000
+5.917592e+004	   -3.857530e+000
+5.969049e+004	   -3.596045e+000
+6.020507e+004	   -3.464076e+000
+6.071964e+004	   -3.315505e+000
+6.123421e+004	   -3.309319e+000
+6.174878e+004	   -3.218832e+000
+6.226336e+004	   -3.107732e+000
+6.277793e+004	   -3.057846e+000
+6.329250e+004	   -2.994224e+000
+6.380707e+004	   -2.945966e+000
+6.432164e+004	   -2.886036e+000
+6.483621e+004	   -2.770853e+000
+6.535079e+004	   -2.752386e+000
+6.586536e+004	   -2.695602e+000
+6.637994e+004	   -2.674659e+000
+6.689451e+004	   -2.648402e+000
+6.740908e+004	   -2.601486e+000
+6.792365e+004	   -2.585826e+000
+6.843823e+004	   -2.554835e+000
+6.895280e+004	   -2.500961e+000
+6.946737e+004	   -2.448566e+000
+6.998194e+004	   -2.399704e+000
+7.049652e+004	   -2.405447e+000
+7.101109e+004	   -2.365062e+000
+7.152566e+004	   -2.403379e+000
+7.204023e+004	   -2.383103e+000
+7.255480e+004	   -2.343836e+000
+7.306938e+004	   -2.315924e+000
+7.358395e+004	   -2.310585e+000
+7.409852e+004	   -2.295810e+000
+7.461309e+004	   -2.320081e+000
+7.512766e+004	   -2.290100e+000
+7.564223e+004	   -2.281700e+000
+7.615680e+004	   -2.249460e+000
+7.667138e+004	   -2.267333e+000
+7.718595e+004	   -2.265596e+000
+7.770052e+004	   -2.246269e+000
+7.821510e+004	   -2.255959e+000
+7.872967e+004	   -2.224973e+000
+7.924424e+004	   -2.227851e+000
+7.975881e+004	   -2.235652e+000
+8.027339e+004	   -2.234789e+000
+8.078796e+004	   -2.248717e+000
+8.130253e+004	   -2.228862e+000
+8.181710e+004	   -2.250159e+000
+8.233168e+004	   -2.262944e+000
+8.284625e+004	   -2.258157e+000
+8.336082e+004	   -2.259742e+000
+8.387539e+004	   -2.229338e+000
+8.438997e+004	   -2.230820e+000
+8.490454e+004	   -2.264048e+000
+8.541911e+004	   -2.249317e+000
+8.593368e+004	   -2.265072e+000
+8.644826e+004	   -2.275536e+000
+8.696283e+004	   -2.288932e+000
+8.747740e+004	   -2.290702e+000
+8.799197e+004	   -2.298133e+000
+8.850655e+004	   -2.336300e+000
+8.902112e+004	   -2.302564e+000
+8.953569e+004	   -2.304217e+000
+9.005027e+004	   -2.332566e+000
+9.056484e+004	   -2.315861e+000
+9.107941e+004	   -2.349311e+000
+9.159398e+004	   -2.342083e+000
+9.210855e+004	   -2.348037e+000
+9.262313e+004	   -2.392108e+000
+9.313770e+004	   -2.365178e+000
+9.365227e+004	   -2.410161e+000
+9.416684e+004	   -2.368837e+000
+9.468141e+004	   -2.360441e+000
+9.519598e+004	   -2.475644e+000
+9.571055e+004	   -2.387814e+000
+9.622513e+004	   -2.469238e+000
+9.673970e+004	   -2.438777e+000
+9.725427e+004	   -2.459426e+000
+9.776884e+004	   -2.511281e+000
+9.828342e+004	   -2.509064e+000
+9.879799e+004	   -2.470517e+000
+9.931256e+004	   -2.504431e+000
+9.982713e+004	   -2.468067e+000
+1.003417e+005	   -2.519946e+000
+1.008563e+005	   -2.559030e+000
+1.013709e+005	   -2.502383e+000
+1.018854e+005	   -2.569225e+000
+1.024000e+005	   -2.599995e+000
