+9.000000e+003	   +2.233896e-005
+9.001000e+003	   +1.998644e-005
+9.002000e+003	   +1.817869e-005
+9.003000e+003	   +1.781117e-005
+9.004000e+003	   +1.844401e-005
+9.005000e+003	   +1.922101e-005
+9.006000e+003	   +1.725571e-005
+9.007000e+003	   +1.830340e-005
+9.008000e+003	   +2.115835e-005
+9.009000e+003	   +2.164008e-005
+9.010000e+003	   +2.007695e-005
+9.011000e+003	   +1.710957e-005
+9.012000e+003	   +1.713072e-005
+9.013000e+003	   +1.900700e-005
+9.014000e+003	   +1.987532e-005
+9.015000e+003	   +1.983209e-005
+9.016000e+003	   +1.665700e-005
+9.017000e+003	   +1.673384e-005
+9.018000e+003	   +1.635037e-005
+9.019000e+003	   +1.682603e-005
+9.020000e+003	   +1.695399e-005
+9.021000e+003	   +1.731724e-005
+9.022000e+003	   +1.580756e-005
+9.023000e+003	   +1.656602e-005
+9.024000e+003	   +1.974074e-005
+9.025000e+003	   +1.878645e-005
+9.026000e+003	   +1.905332e-005
+9.027000e+003	   +1.967263e-005
+9.028000e+003	   +1.912519e-005
+9.029000e+003	   +1.818104e-005
+9.030000e+003	   +1.719026e-005
+9.031000e+003	   +1.666691e-005
+9.032000e+003	   +1.482100e-005
+9.033000e+003	   +1.479789e-005
+9.034000e+003	   +1.579780e-005
+9.035000e+003	   +1.570443e-005
+9.036000e+003	   +1.663711e-005
+9.037000e+003	   +1.979081e-005
+9.038000e+003	   +1.973272e-005
+9.039000e+003	   +1.637702e-005
+9.040000e+003	   +1.767236e-005
+9.041000e+003	   +1.926737e-005
+9.042000e+003	   +1.902832e-005
+9.043000e+003	   +1.816450e-005
+9.044000e+003	   +1.826014e-005
+9.045000e+003	   +1.933552e-005
+9.046000e+003	   +1.867896e-005
+9.047000e+003	   +1.902416e-005
+9.048000e+003	   +2.108713e-005
+9.049000e+003	   +1.979272e-005
+9.050000e+003	   +1.656384e-005
+9.051000e+003	   +1.646874e-005
+9.052000e+003	   +2.022463e-005
+9.053000e+003	   +2.166077e-005
+9.054000e+003	   +1.909841e-005
+9.055000e+003	   +1.886009e-005
+9.056000e+003	   +1.978566e-005
+9.057000e+003	   +1.788569e-005
+9.058000e+003	   +1.829936e-005
+9.059000e+003	   +1.999439e-005
+9.060000e+003	   +2.091829e-005
+9.061000e+003	   +1.930428e-005
+9.062000e+003	   +1.850795e-005
+9.063000e+003	   +1.893002e-005
+9.064000e+003	   +2.098675e-005
+9.065000e+003	   +2.014316e-005
+9.066000e+003	   +1.843148e-005
+9.067000e+003	   +1.909162e-005
+9.068000e+003	   +1.798032e-005
+9.069000e+003	   +2.006963e-005
+9.070000e+003	   +2.139899e-005
+9.071000e+003	   +2.076075e-005
+9.072000e+003	   +1.919413e-005
+9.073000e+003	   +1.588776e-005
+9.074000e+003	   +1.551167e-005
+9.075000e+003	   +1.751158e-005
+9.076000e+003	   +1.878515e-005
+9.077000e+003	   +1.870158e-005
+9.078000e+003	   +1.732759e-005
+9.079000e+003	   +1.732051e-005
+9.080000e+003	   +1.782433e-005
+9.081000e+003	   +1.957517e-005
+9.082000e+003	   +2.108310e-005
+9.083000e+003	   +1.862715e-005
+9.084000e+003	   +1.934345e-005
+9.085000e+003	   +2.175481e-005
+9.086000e+003	   +2.090874e-005
+9.087000e+003	   +2.091948e-005
+9.088000e+003	   +2.065480e-005
+9.089000e+003	   +2.054362e-005
+9.090000e+003	   +2.249908e-005
+9.091000e+003	   +2.439233e-005
+9.092000e+003	   +2.351890e-005
+9.093000e+003	   +1.973259e-005
+9.094000e+003	   +1.800830e-005
+9.095000e+003	   +1.892582e-005
+9.096000e+003	   +2.000356e-005
+9.097000e+003	   +1.997782e-005
+9.098000e+003	   +1.773271e-005
+9.099000e+003	   +1.908676e-005
+9.100000e+003	   +2.057868e-005
+9.101000e+003	   +1.873405e-005
+9.102000e+003	   +1.726704e-005
+9.103000e+003	   +2.019055e-005
+9.104000e+003	   +2.182197e-005
+9.105000e+003	   +2.113906e-005
+9.106000e+003	   +1.769064e-005
+9.107000e+003	   +1.594627e-005
+9.108000e+003	   +1.689019e-005
+9.109000e+003	   +1.803321e-005
+9.110000e+003	   +1.956563e-005
+9.111000e+003	   +2.104603e-005
+9.112000e+003	   +1.944829e-005
+9.113000e+003	   +1.618455e-005
+9.114000e+003	   +1.871717e-005
+9.115000e+003	   +2.008138e-005
+9.116000e+003	   +1.789215e-005
+9.117000e+003	   +1.868696e-005
+9.118000e+003	   +1.983429e-005
+9.119000e+003	   +1.860346e-005
+9.120000e+003	   +1.750373e-005
+9.121000e+003	   +1.985730e-005
+9.122000e+003	   +2.245557e-005
+9.123000e+003	   +2.135339e-005
+9.124000e+003	   +1.925976e-005
+9.125000e+003	   +1.779819e-005
+9.126000e+003	   +1.593111e-005
+9.127000e+003	   +1.433222e-005
+9.128000e+003	   +1.640563e-005
+9.129000e+003	   +1.873318e-005
+9.130000e+003	   +1.935460e-005
+9.131000e+003	   +2.148575e-005
+9.132000e+003	   +2.184647e-005
+9.133000e+003	   +2.156258e-005
+9.134000e+003	   +2.121635e-005
+9.135000e+003	   +2.084215e-005
+9.136000e+003	   +2.113293e-005
+9.137000e+003	   +2.026134e-005
+9.138000e+003	   +1.799385e-005
+9.139000e+003	   +1.723774e-005
+9.140000e+003	   +1.856722e-005
+9.141000e+003	   +1.664943e-005
+9.142000e+003	   +1.593358e-005
+9.143000e+003	   +1.558304e-005
+9.144000e+003	   +1.401749e-005
+9.145000e+003	   +1.700828e-005
+9.146000e+003	   +1.852383e-005
+9.147000e+003	   +1.657638e-005
+9.148000e+003	   +1.704902e-005
+9.149000e+003	   +1.614739e-005
+9.150000e+003	   +1.740458e-005
+9.151000e+003	   +1.861739e-005
+9.152000e+003	   +1.728255e-005
+9.153000e+003	   +1.673862e-005
+9.154000e+003	   +1.835865e-005
+9.155000e+003	   +1.699148e-005
+9.156000e+003	   +1.527640e-005
+9.157000e+003	   +1.768371e-005
+9.158000e+003	   +1.835623e-005
+9.159000e+003	   +1.686693e-005
+9.160000e+003	   +1.823494e-005
+9.161000e+003	   +1.767360e-005
+9.162000e+003	   +1.782964e-005
+9.163000e+003	   +2.108014e-005
+9.164000e+003	   +2.099606e-005
+9.165000e+003	   +1.901015e-005
+9.166000e+003	   +1.671129e-005
+9.167000e+003	   +1.656675e-005
+9.168000e+003	   +2.037843e-005
+9.169000e+003	   +2.213487e-005
+9.170000e+003	   +2.108417e-005
+9.171000e+003	   +1.789919e-005
+9.172000e+003	   +1.587254e-005
+9.173000e+003	   +1.938876e-005
+9.174000e+003	   +2.137504e-005
+9.175000e+003	   +1.908584e-005
+9.176000e+003	   +1.684086e-005
+9.177000e+003	   +1.686556e-005
+9.178000e+003	   +1.569586e-005
+9.179000e+003	   +1.547432e-005
+9.180000e+003	   +1.871978e-005
+9.181000e+003	   +2.127971e-005
+9.182000e+003	   +1.988986e-005
+9.183000e+003	   +1.849426e-005
+9.184000e+003	   +1.931749e-005
+9.185000e+003	   +2.108750e-005
+9.186000e+003	   +2.046103e-005
+9.187000e+003	   +1.828960e-005
+9.188000e+003	   +1.524589e-005
+9.189000e+003	   +1.498614e-005
+9.190000e+003	   +1.774844e-005
+9.191000e+003	   +2.183256e-005
+9.192000e+003	   +2.259173e-005
+9.193000e+003	   +1.986267e-005
+9.194000e+003	   +1.782944e-005
+9.195000e+003	   +1.769340e-005
+9.196000e+003	   +1.877094e-005
+9.197000e+003	   +1.994111e-005
+9.198000e+003	   +2.183853e-005
+9.199000e+003	   +2.404772e-005
+9.200000e+003	   +2.235137e-005
+9.201000e+003	   +1.861533e-005
+9.202000e+003	   +1.596864e-005
+9.203000e+003	   +1.694506e-005
+9.204000e+003	   +1.800257e-005
+9.205000e+003	   +1.623048e-005
+9.206000e+003	   +1.664424e-005
+9.207000e+003	   +1.766172e-005
+9.208000e+003	   +1.854092e-005
+9.209000e+003	   +1.983222e-005
+9.210000e+003	   +2.184738e-005
+9.211000e+003	   +2.240117e-005
+9.212000e+003	   +2.218741e-005
+9.213000e+003	   +2.020656e-005
+9.214000e+003	   +1.827270e-005
+9.215000e+003	   +2.143040e-005
+9.216000e+003	   +2.328176e-005
+9.217000e+003	   +2.240085e-005
+9.218000e+003	   +1.975295e-005
+9.219000e+003	   +1.581958e-005
+9.220000e+003	   +1.528039e-005
+9.221000e+003	   +1.742588e-005
+9.222000e+003	   +1.807519e-005
+9.223000e+003	   +1.818819e-005
+9.224000e+003	   +1.875873e-005
+9.225000e+003	   +1.847512e-005
+9.226000e+003	   +1.729072e-005
+9.227000e+003	   +1.789483e-005
+9.228000e+003	   +2.124003e-005
+9.229000e+003	   +2.470501e-005
+9.230000e+003	   +2.225582e-005
+9.231000e+003	   +1.602615e-005
+9.232000e+003	   +1.885870e-005
+9.233000e+003	   +2.198217e-005
+9.234000e+003	   +2.194178e-005
+9.235000e+003	   +2.127467e-005
+9.236000e+003	   +1.944997e-005
+9.237000e+003	   +1.926530e-005
+9.238000e+003	   +2.095622e-005
+9.239000e+003	   +2.268293e-005
+9.240000e+003	   +2.008914e-005
+9.241000e+003	   +1.687510e-005
+9.242000e+003	   +1.516224e-005
+9.243000e+003	   +1.580801e-005
+9.244000e+003	   +1.478196e-005
+9.245000e+003	   +1.805938e-005
+9.246000e+003	   +1.973840e-005
+9.247000e+003	   +1.857697e-005
+9.248000e+003	   +1.790041e-005
+9.249000e+003	   +1.943018e-005
+9.250000e+003	   +1.950508e-005
+9.251000e+003	   +1.826421e-005
+9.252000e+003	   +1.726994e-005
+9.253000e+003	   +1.621568e-005
+9.254000e+003	   +1.809863e-005
+9.255000e+003	   +1.816715e-005
+9.256000e+003	   +1.678970e-005
+9.257000e+003	   +1.583748e-005
+9.258000e+003	   +1.731929e-005
+9.259000e+003	   +1.919950e-005
+9.260000e+003	   +1.897184e-005
+9.261000e+003	   +1.889806e-005
+9.262000e+003	   +2.009710e-005
+9.263000e+003	   +2.189721e-005
+9.264000e+003	   +2.029314e-005
+9.265000e+003	   +1.897060e-005
+9.266000e+003	   +1.874821e-005
+9.267000e+003	   +2.004624e-005
+9.268000e+003	   +2.204920e-005
+9.269000e+003	   +2.088898e-005
+9.270000e+003	   +1.924669e-005
+9.271000e+003	   +1.732692e-005
+9.272000e+003	   +1.710985e-005
+9.273000e+003	   +1.730777e-005
+9.274000e+003	   +1.669611e-005
+9.275000e+003	   +1.614611e-005
+9.276000e+003	   +1.716453e-005
+9.277000e+003	   +1.905671e-005
+9.278000e+003	   +1.807184e-005
+9.279000e+003	   +1.637808e-005
+9.280000e+003	   +1.753201e-005
+9.281000e+003	   +2.065503e-005
+9.282000e+003	   +2.082058e-005
+9.283000e+003	   +1.870618e-005
+9.284000e+003	   +1.763938e-005
+9.285000e+003	   +1.675169e-005
+9.286000e+003	   +1.741433e-005
+9.287000e+003	   +1.774176e-005
+9.288000e+003	   +1.830840e-005
+9.289000e+003	   +1.811264e-005
+9.290000e+003	   +1.727759e-005
+9.291000e+003	   +1.657687e-005
+9.292000e+003	   +1.824515e-005
+9.293000e+003	   +2.053674e-005
+9.294000e+003	   +2.255139e-005
+9.295000e+003	   +2.069653e-005
+9.296000e+003	   +1.735195e-005
+9.297000e+003	   +1.585061e-005
+9.298000e+003	   +1.732218e-005
+9.299000e+003	   +1.819962e-005
+9.300000e+003	   +1.768936e-005
+9.301000e+003	   +1.753297e-005
+9.302000e+003	   +1.666790e-005
+9.303000e+003	   +1.892603e-005
+9.304000e+003	   +2.130903e-005
+9.305000e+003	   +2.105347e-005
+9.306000e+003	   +1.968985e-005
+9.307000e+003	   +1.861130e-005
+9.308000e+003	   +2.040389e-005
+9.309000e+003	   +2.200864e-005
+9.310000e+003	   +2.091289e-005
+9.311000e+003	   +1.739285e-005
+9.312000e+003	   +1.436983e-005
+9.313000e+003	   +1.491965e-005
+9.314000e+003	   +1.782619e-005
+9.315000e+003	   +2.003262e-005
+9.316000e+003	   +1.919547e-005
+9.317000e+003	   +2.066980e-005
+9.318000e+003	   +1.983085e-005
+9.319000e+003	   +1.566693e-005
+9.320000e+003	   +1.635944e-005
+9.321000e+003	   +1.443061e-005
+9.322000e+003	   +1.350304e-005
+9.323000e+003	   +1.696369e-005
+9.324000e+003	   +1.862805e-005
+9.325000e+003	   +1.826395e-005
+9.326000e+003	   +2.001598e-005
+9.327000e+003	   +2.175068e-005
+9.328000e+003	   +2.005461e-005
+9.329000e+003	   +1.942150e-005
+9.330000e+003	   +1.895007e-005
+9.331000e+003	   +1.760370e-005
+9.332000e+003	   +1.927507e-005
+9.333000e+003	   +1.985194e-005
+9.334000e+003	   +2.081907e-005
+9.335000e+003	   +1.907725e-005
+9.336000e+003	   +1.613177e-005
+9.337000e+003	   +1.732981e-005
+9.338000e+003	   +2.213983e-005
+9.339000e+003	   +2.434190e-005
+9.340000e+003	   +2.296323e-005
+9.341000e+003	   +1.831363e-005
+9.342000e+003	   +1.994041e-005
+9.343000e+003	   +2.560505e-005
+9.344000e+003	   +2.586120e-005
+9.345000e+003	   +2.309007e-005
+9.346000e+003	   +2.236664e-005
+9.347000e+003	   +1.969554e-005
+9.348000e+003	   +1.563696e-005
+9.349000e+003	   +1.657525e-005
+9.350000e+003	   +1.795751e-005
+9.351000e+003	   +1.755154e-005
+9.352000e+003	   +1.686484e-005
+9.353000e+003	   +1.602833e-005
+9.354000e+003	   +1.772358e-005
+9.355000e+003	   +1.943652e-005
+9.356000e+003	   +1.762827e-005
+9.357000e+003	   +1.626866e-005
+9.358000e+003	   +2.005692e-005
+9.359000e+003	   +2.157885e-005
+9.360000e+003	   +1.883687e-005
+9.361000e+003	   +1.635700e-005
+9.362000e+003	   +1.759008e-005
+9.363000e+003	   +1.848027e-005
+9.364000e+003	   +1.887127e-005
+9.365000e+003	   +1.953728e-005
+9.366000e+003	   +2.108991e-005
+9.367000e+003	   +2.146182e-005
+9.368000e+003	   +2.030388e-005
+9.369000e+003	   +1.817709e-005
+9.370000e+003	   +1.678072e-005
+9.371000e+003	   +1.651994e-005
+9.372000e+003	   +1.515594e-005
+9.373000e+003	   +1.418755e-005
+9.374000e+003	   +1.642984e-005
+9.375000e+003	   +1.979430e-005
+9.376000e+003	   +2.092821e-005
+9.377000e+003	   +1.935640e-005
+9.378000e+003	   +1.591648e-005
+9.379000e+003	   +1.786660e-005
+9.380000e+003	   +1.860744e-005
+9.381000e+003	   +2.036260e-005
+9.382000e+003	   +2.049741e-005
+9.383000e+003	   +1.861394e-005
+9.384000e+003	   +1.783845e-005
+9.385000e+003	   +1.955659e-005
+9.386000e+003	   +2.137084e-005
+9.387000e+003	   +2.179070e-005
+9.388000e+003	   +2.401951e-005
+9.389000e+003	   +2.403685e-005
+9.390000e+003	   +2.059292e-005
+9.391000e+003	   +1.768750e-005
+9.392000e+003	   +1.950617e-005
+9.393000e+003	   +1.851626e-005
+9.394000e+003	   +1.568261e-005
+9.395000e+003	   +1.642351e-005
+9.396000e+003	   +1.865998e-005
+9.397000e+003	   +2.007593e-005
+9.398000e+003	   +1.847830e-005
+9.399000e+003	   +1.751911e-005
+9.400000e+003	   +1.697653e-005
+9.401000e+003	   +1.634818e-005
+9.402000e+003	   +1.748904e-005
+9.403000e+003	   +2.133324e-005
+9.404000e+003	   +2.232361e-005
+9.405000e+003	   +2.254035e-005
+9.406000e+003	   +2.110006e-005
+9.407000e+003	   +1.869302e-005
+9.408000e+003	   +1.655626e-005
+9.409000e+003	   +1.739487e-005
+9.410000e+003	   +1.889219e-005
+9.411000e+003	   +1.789229e-005
+9.412000e+003	   +1.810049e-005
+9.413000e+003	   +1.954019e-005
+9.414000e+003	   +1.972090e-005
+9.415000e+003	   +2.112405e-005
+9.416000e+003	   +2.106702e-005
+9.417000e+003	   +1.932330e-005
+9.418000e+003	   +1.814885e-005
+9.419000e+003	   +1.878024e-005
+9.420000e+003	   +2.019121e-005
+9.421000e+003	   +1.944382e-005
+9.422000e+003	   +1.749522e-005
+9.423000e+003	   +1.626040e-005
+9.424000e+003	   +1.518106e-005
+9.425000e+003	   +1.485550e-005
+9.426000e+003	   +1.643024e-005
+9.427000e+003	   +1.621169e-005
+9.428000e+003	   +1.752296e-005
+9.429000e+003	   +1.928379e-005
+9.430000e+003	   +1.865437e-005
+9.431000e+003	   +1.984133e-005
+9.432000e+003	   +2.261002e-005
+9.433000e+003	   +1.976227e-005
+9.434000e+003	   +1.645663e-005
+9.435000e+003	   +1.828524e-005
+9.436000e+003	   +1.806065e-005
+9.437000e+003	   +1.904111e-005
+9.438000e+003	   +2.063220e-005
+9.439000e+003	   +2.017043e-005
+9.440000e+003	   +2.041937e-005
+9.441000e+003	   +2.053133e-005
+9.442000e+003	   +2.028739e-005
+9.443000e+003	   +2.131738e-005
+9.444000e+003	   +2.105594e-005
+9.445000e+003	   +2.001503e-005
+9.446000e+003	   +1.939943e-005
+9.447000e+003	   +1.863224e-005
+9.448000e+003	   +1.891193e-005
+9.449000e+003	   +1.958883e-005
+9.450000e+003	   +1.944472e-005
+9.451000e+003	   +1.928019e-005
+9.452000e+003	   +1.986201e-005
+9.453000e+003	   +2.053385e-005
+9.454000e+003	   +1.963866e-005
+9.455000e+003	   +2.128097e-005
+9.456000e+003	   +2.137215e-005
+9.457000e+003	   +1.874477e-005
+9.458000e+003	   +1.705117e-005
+9.459000e+003	   +1.685493e-005
+9.460000e+003	   +1.892025e-005
+9.461000e+003	   +1.840968e-005
+9.462000e+003	   +1.809128e-005
+9.463000e+003	   +2.138720e-005
+9.464000e+003	   +2.189783e-005
+9.465000e+003	   +1.923334e-005
+9.466000e+003	   +1.902370e-005
+9.467000e+003	   +1.946674e-005
+9.468000e+003	   +2.042780e-005
+9.469000e+003	   +2.016219e-005
+9.470000e+003	   +1.837063e-005
+9.471000e+003	   +1.821201e-005
+9.472000e+003	   +1.992205e-005
+9.473000e+003	   +2.257073e-005
+9.474000e+003	   +2.284948e-005
+9.475000e+003	   +2.136239e-005
+9.476000e+003	   +2.058819e-005
+9.477000e+003	   +2.186778e-005
+9.478000e+003	   +2.260004e-005
+9.479000e+003	   +2.048449e-005
+9.480000e+003	   +1.962947e-005
+9.481000e+003	   +1.965952e-005
+9.482000e+003	   +1.750915e-005
+9.483000e+003	   +1.658298e-005
+9.484000e+003	   +1.547336e-005
+9.485000e+003	   +1.638031e-005
+9.486000e+003	   +1.792958e-005
+9.487000e+003	   +1.893588e-005
+9.488000e+003	   +2.259694e-005
+9.489000e+003	   +2.367838e-005
+9.490000e+003	   +2.299151e-005
+9.491000e+003	   +2.409043e-005
+9.492000e+003	   +2.211340e-005
+9.493000e+003	   +1.998545e-005
+9.494000e+003	   +1.925335e-005
+9.495000e+003	   +1.956194e-005
+9.496000e+003	   +2.215812e-005
+9.497000e+003	   +2.282871e-005
+9.498000e+003	   +2.059237e-005
+9.499000e+003	   +1.907046e-005
+9.500000e+003	   +1.955648e-005
+9.501000e+003	   +1.763297e-005
+9.502000e+003	   +1.638776e-005
+9.503000e+003	   +1.863777e-005
+9.504000e+003	   +1.659728e-005
+9.505000e+003	   +1.423974e-005
+9.506000e+003	   +1.582931e-005
+9.507000e+003	   +1.683388e-005
+9.508000e+003	   +1.663185e-005
+9.509000e+003	   +1.660357e-005
+9.510000e+003	   +1.619796e-005
+9.511000e+003	   +1.815391e-005
+9.512000e+003	   +2.025298e-005
+9.513000e+003	   +1.776379e-005
+9.514000e+003	   +1.553983e-005
+9.515000e+003	   +1.966125e-005
+9.516000e+003	   +2.194176e-005
+9.517000e+003	   +2.180305e-005
+9.518000e+003	   +1.917538e-005
+9.519000e+003	   +1.802232e-005
+9.520000e+003	   +1.769315e-005
+9.521000e+003	   +1.486418e-005
+9.522000e+003	   +1.792007e-005
+9.523000e+003	   +2.252451e-005
+9.524000e+003	   +2.179422e-005
+9.525000e+003	   +1.964616e-005
+9.526000e+003	   +1.806333e-005
+9.527000e+003	   +1.642010e-005
+9.528000e+003	   +2.142116e-005
+9.529000e+003	   +2.393393e-005
+9.530000e+003	   +2.044872e-005
+9.531000e+003	   +1.954766e-005
+9.532000e+003	   +1.864436e-005
+9.533000e+003	   +1.740555e-005
+9.534000e+003	   +1.728567e-005
+9.535000e+003	   +1.947442e-005
+9.536000e+003	   +2.219352e-005
+9.537000e+003	   +2.078477e-005
+9.538000e+003	   +2.075510e-005
+9.539000e+003	   +1.967150e-005
+9.540000e+003	   +2.030847e-005
+9.541000e+003	   +2.161764e-005
+9.542000e+003	   +2.036957e-005
+9.543000e+003	   +1.829594e-005
+9.544000e+003	   +1.890383e-005
+9.545000e+003	   +1.878354e-005
+9.546000e+003	   +1.861153e-005
+9.547000e+003	   +1.739728e-005
+9.548000e+003	   +1.526993e-005
+9.549000e+003	   +1.468726e-005
+9.550000e+003	   +1.703001e-005
+9.551000e+003	   +1.776178e-005
+9.552000e+003	   +1.549553e-005
+9.553000e+003	   +1.668200e-005
+9.554000e+003	   +1.752356e-005
+9.555000e+003	   +1.732622e-005
+9.556000e+003	   +1.933234e-005
+9.557000e+003	   +1.924638e-005
+9.558000e+003	   +1.860509e-005
+9.559000e+003	   +1.935736e-005
+9.560000e+003	   +1.880048e-005
+9.561000e+003	   +1.880684e-005
+9.562000e+003	   +2.085925e-005
+9.563000e+003	   +2.138581e-005
+9.564000e+003	   +1.936344e-005
+9.565000e+003	   +1.700104e-005
+9.566000e+003	   +1.721842e-005
+9.567000e+003	   +1.726573e-005
+9.568000e+003	   +1.787248e-005
+9.569000e+003	   +1.983447e-005
+9.570000e+003	   +1.995872e-005
+9.571000e+003	   +1.923681e-005
+9.572000e+003	   +1.814162e-005
+9.573000e+003	   +1.809459e-005
+9.574000e+003	   +1.805641e-005
+9.575000e+003	   +1.869681e-005
+9.576000e+003	   +2.067214e-005
+9.577000e+003	   +1.946991e-005
+9.578000e+003	   +1.788514e-005
+9.579000e+003	   +1.744184e-005
+9.580000e+003	   +1.675647e-005
+9.581000e+003	   +1.828378e-005
+9.582000e+003	   +1.922861e-005
+9.583000e+003	   +1.886723e-005
+9.584000e+003	   +1.921975e-005
+9.585000e+003	   +1.749766e-005
+9.586000e+003	   +1.580224e-005
+9.587000e+003	   +1.485660e-005
+9.588000e+003	   +1.719756e-005
+9.589000e+003	   +1.987333e-005
+9.590000e+003	   +1.856353e-005
+9.591000e+003	   +1.715764e-005
+9.592000e+003	   +1.926500e-005
+9.593000e+003	   +2.159885e-005
+9.594000e+003	   +2.009364e-005
+9.595000e+003	   +2.165827e-005
+9.596000e+003	   +2.343152e-005
+9.597000e+003	   +2.188606e-005
+9.598000e+003	   +2.024898e-005
+9.599000e+003	   +2.115982e-005
+9.600000e+003	   +2.285495e-005
+9.601000e+003	   +2.038179e-005
+9.602000e+003	   +1.672291e-005
+9.603000e+003	   +1.851663e-005
+9.604000e+003	   +2.202498e-005
+9.605000e+003	   +2.071801e-005
+9.606000e+003	   +1.711963e-005
+9.607000e+003	   +1.548240e-005
+9.608000e+003	   +1.555649e-005
+9.609000e+003	   +1.492828e-005
+9.610000e+003	   +1.702955e-005
+9.611000e+003	   +2.120012e-005
+9.612000e+003	   +2.074182e-005
+9.613000e+003	   +2.039522e-005
+9.614000e+003	   +2.112801e-005
+9.615000e+003	   +2.027639e-005
+9.616000e+003	   +1.897887e-005
+9.617000e+003	   +1.826175e-005
+9.618000e+003	   +1.775205e-005
+9.619000e+003	   +1.749904e-005
+9.620000e+003	   +1.587118e-005
+9.621000e+003	   +1.738399e-005
+9.622000e+003	   +1.831928e-005
+9.623000e+003	   +1.791539e-005
+9.624000e+003	   +1.822939e-005
+9.625000e+003	   +1.650890e-005
+9.626000e+003	   +1.649156e-005
+9.627000e+003	   +1.969631e-005
+9.628000e+003	   +2.165083e-005
+9.629000e+003	   +2.049736e-005
+9.630000e+003	   +1.870462e-005
+9.631000e+003	   +1.900992e-005
+9.632000e+003	   +1.905748e-005
+9.633000e+003	   +1.854536e-005
+9.634000e+003	   +1.628536e-005
+9.635000e+003	   +1.432421e-005
+9.636000e+003	   +1.870377e-005
+9.637000e+003	   +2.252936e-005
+9.638000e+003	   +2.003412e-005
+9.639000e+003	   +1.825108e-005
+9.640000e+003	   +1.887741e-005
+9.641000e+003	   +1.799849e-005
+9.642000e+003	   +1.662652e-005
+9.643000e+003	   +1.572150e-005
+9.644000e+003	   +1.685747e-005
+9.645000e+003	   +1.917672e-005
+9.646000e+003	   +1.945935e-005
+9.647000e+003	   +1.912489e-005
+9.648000e+003	   +1.974915e-005
+9.649000e+003	   +2.110170e-005
+9.650000e+003	   +1.974551e-005
+9.651000e+003	   +1.874753e-005
+9.652000e+003	   +2.020332e-005
+9.653000e+003	   +2.027977e-005
+9.654000e+003	   +1.966762e-005
+9.655000e+003	   +1.990580e-005
+9.656000e+003	   +1.993021e-005
+9.657000e+003	   +1.912359e-005
+9.658000e+003	   +1.981409e-005
+9.659000e+003	   +2.057723e-005
+9.660000e+003	   +1.963758e-005
+9.661000e+003	   +1.972835e-005
+9.662000e+003	   +1.949827e-005
+9.663000e+003	   +1.853685e-005
+9.664000e+003	   +1.871986e-005
+9.665000e+003	   +1.892109e-005
+9.666000e+003	   +1.982051e-005
+9.667000e+003	   +1.900393e-005
+9.668000e+003	   +1.870511e-005
+9.669000e+003	   +1.926841e-005
+9.670000e+003	   +1.881488e-005
+9.671000e+003	   +1.806632e-005
+9.672000e+003	   +1.959192e-005
+9.673000e+003	   +1.953296e-005
+9.674000e+003	   +1.718450e-005
+9.675000e+003	   +1.700412e-005
+9.676000e+003	   +1.734635e-005
+9.677000e+003	   +1.855585e-005
+9.678000e+003	   +1.966984e-005
+9.679000e+003	   +2.070462e-005
+9.680000e+003	   +1.943356e-005
+9.681000e+003	   +1.828008e-005
+9.682000e+003	   +1.757165e-005
+9.683000e+003	   +1.998681e-005
+9.684000e+003	   +2.146083e-005
+9.685000e+003	   +2.110117e-005
+9.686000e+003	   +2.207735e-005
+9.687000e+003	   +2.260714e-005
+9.688000e+003	   +1.994067e-005
+9.689000e+003	   +1.593916e-005
+9.690000e+003	   +1.602383e-005
+9.691000e+003	   +1.889953e-005
+9.692000e+003	   +1.950814e-005
+9.693000e+003	   +2.083128e-005
+9.694000e+003	   +2.083741e-005
+9.695000e+003	   +2.013304e-005
+9.696000e+003	   +2.058152e-005
+9.697000e+003	   +1.936791e-005
+9.698000e+003	   +1.877130e-005
+9.699000e+003	   +1.915793e-005
+9.700000e+003	   +1.907410e-005
+9.701000e+003	   +1.931403e-005
+9.702000e+003	   +1.947414e-005
+9.703000e+003	   +2.081761e-005
+9.704000e+003	   +1.897576e-005
+9.705000e+003	   +1.767414e-005
+9.706000e+003	   +1.890433e-005
+9.707000e+003	   +1.876497e-005
+9.708000e+003	   +1.920865e-005
+9.709000e+003	   +1.907415e-005
+9.710000e+003	   +1.741414e-005
+9.711000e+003	   +1.804902e-005
+9.712000e+003	   +1.922612e-005
+9.713000e+003	   +1.886866e-005
+9.714000e+003	   +1.795046e-005
+9.715000e+003	   +1.876623e-005
+9.716000e+003	   +1.966734e-005
+9.717000e+003	   +2.029817e-005
+9.718000e+003	   +1.949046e-005
+9.719000e+003	   +1.948111e-005
+9.720000e+003	   +1.793539e-005
+9.721000e+003	   +1.708770e-005
+9.722000e+003	   +1.738101e-005
+9.723000e+003	   +1.607747e-005
+9.724000e+003	   +1.760768e-005
+9.725000e+003	   +1.828604e-005
+9.726000e+003	   +1.752190e-005
+9.727000e+003	   +1.825493e-005
+9.728000e+003	   +1.879739e-005
+9.729000e+003	   +1.647591e-005
+9.730000e+003	   +1.678691e-005
+9.731000e+003	   +1.965896e-005
+9.732000e+003	   +2.308067e-005
+9.733000e+003	   +2.393314e-005
+9.734000e+003	   +2.175990e-005
+9.735000e+003	   +2.064013e-005
+9.736000e+003	   +2.043379e-005
+9.737000e+003	   +2.031960e-005
+9.738000e+003	   +1.819460e-005
+9.739000e+003	   +1.814457e-005
+9.740000e+003	   +1.813999e-005
+9.741000e+003	   +1.733160e-005
+9.742000e+003	   +1.861531e-005
+9.743000e+003	   +1.933192e-005
+9.744000e+003	   +2.033436e-005
+9.745000e+003	   +2.166895e-005
+9.746000e+003	   +1.883306e-005
+9.747000e+003	   +1.577854e-005
+9.748000e+003	   +1.435458e-005
+9.749000e+003	   +1.441797e-005
+9.750000e+003	   +1.743246e-005
+9.751000e+003	   +2.024834e-005
+9.752000e+003	   +1.927719e-005
+9.753000e+003	   +1.698139e-005
+9.754000e+003	   +1.715881e-005
+9.755000e+003	   +1.932954e-005
+9.756000e+003	   +2.002479e-005
+9.757000e+003	   +1.938840e-005
+9.758000e+003	   +1.793688e-005
+9.759000e+003	   +1.730321e-005
+9.760000e+003	   +1.801749e-005
+9.761000e+003	   +1.800753e-005
+9.762000e+003	   +1.734917e-005
+9.763000e+003	   +1.593754e-005
+9.764000e+003	   +1.504271e-005
+9.765000e+003	   +1.648937e-005
+9.766000e+003	   +1.802844e-005
+9.767000e+003	   +1.810065e-005
+9.768000e+003	   +1.867341e-005
+9.769000e+003	   +1.884734e-005
+9.770000e+003	   +1.794451e-005
+9.771000e+003	   +1.800766e-005
+9.772000e+003	   +2.016450e-005
+9.773000e+003	   +1.980631e-005
+9.774000e+003	   +1.750475e-005
+9.775000e+003	   +1.723753e-005
+9.776000e+003	   +1.853551e-005
+9.777000e+003	   +2.077756e-005
+9.778000e+003	   +2.160659e-005
+9.779000e+003	   +2.138290e-005
+9.780000e+003	   +2.202779e-005
+9.781000e+003	   +2.260548e-005
+9.782000e+003	   +2.166790e-005
+9.783000e+003	   +1.902466e-005
+9.784000e+003	   +1.869628e-005
+9.785000e+003	   +2.094681e-005
+9.786000e+003	   +2.176127e-005
+9.787000e+003	   +2.072538e-005
+9.788000e+003	   +1.931473e-005
+9.789000e+003	   +1.808258e-005
+9.790000e+003	   +1.757991e-005
+9.791000e+003	   +1.575072e-005
+9.792000e+003	   +1.305265e-005
+9.793000e+003	   +1.634987e-005
+9.794000e+003	   +1.994606e-005
+9.795000e+003	   +2.075654e-005
+9.796000e+003	   +2.008566e-005
+9.797000e+003	   +1.835159e-005
+9.798000e+003	   +1.747944e-005
+9.799000e+003	   +1.900072e-005
+9.800000e+003	   +2.028968e-005
