+1.220000e+004	   +1.971942e-005
+1.220100e+004	   +1.840062e-005
+1.220200e+004	   +1.680067e-005
+1.220300e+004	   +1.676875e-005
+1.220400e+004	   +1.532219e-005
+1.220500e+004	   +1.669503e-005
+1.220600e+004	   +1.955891e-005
+1.220700e+004	   +2.036825e-005
+1.220800e+004	   +1.856604e-005
+1.220900e+004	   +1.855208e-005
+1.221000e+004	   +1.816705e-005
+1.221100e+004	   +1.740145e-005
+1.221200e+004	   +1.595606e-005
+1.221300e+004	   +1.612797e-005
+1.221400e+004	   +1.858386e-005
+1.221500e+004	   +1.917715e-005
+1.221600e+004	   +2.061065e-005
+1.221700e+004	   +2.241000e-005
+1.221800e+004	   +2.273556e-005
+1.221900e+004	   +2.121737e-005
+1.222000e+004	   +1.772498e-005
+1.222100e+004	   +1.737104e-005
+1.222200e+004	   +1.841434e-005
+1.222300e+004	   +1.934194e-005
+1.222400e+004	   +2.107084e-005
+1.222500e+004	   +1.958457e-005
+1.222600e+004	   +1.953065e-005
+1.222700e+004	   +1.914513e-005
+1.222800e+004	   +1.934623e-005
+1.222900e+004	   +1.953202e-005
+1.223000e+004	   +1.764056e-005
+1.223100e+004	   +1.729909e-005
+1.223200e+004	   +1.985170e-005
+1.223300e+004	   +1.929148e-005
+1.223400e+004	   +1.727320e-005
+1.223500e+004	   +1.593680e-005
+1.223600e+004	   +1.647829e-005
+1.223700e+004	   +1.852013e-005
+1.223800e+004	   +1.960585e-005
+1.223900e+004	   +1.928123e-005
+1.224000e+004	   +1.814638e-005
+1.224100e+004	   +1.715346e-005
+1.224200e+004	   +1.677917e-005
+1.224300e+004	   +1.796187e-005
+1.224400e+004	   +1.875241e-005
+1.224500e+004	   +1.922312e-005
+1.224600e+004	   +1.853754e-005
+1.224700e+004	   +1.853658e-005
+1.224800e+004	   +1.875784e-005
+1.224900e+004	   +1.890385e-005
+1.225000e+004	   +1.851476e-005
+1.225100e+004	   +1.763605e-005
+1.225200e+004	   +1.753632e-005
+1.225300e+004	   +1.817252e-005
+1.225400e+004	   +1.947829e-005
+1.225500e+004	   +1.927941e-005
+1.225600e+004	   +1.842779e-005
+1.225700e+004	   +1.784820e-005
+1.225800e+004	   +1.924312e-005
+1.225900e+004	   +1.955054e-005
+1.226000e+004	   +1.775421e-005
+1.226100e+004	   +1.728005e-005
+1.226200e+004	   +1.823344e-005
+1.226300e+004	   +1.934139e-005
+1.226400e+004	   +1.683028e-005
+1.226500e+004	   +1.632273e-005
+1.226600e+004	   +1.709269e-005
+1.226700e+004	   +1.831596e-005
+1.226800e+004	   +2.028338e-005
+1.226900e+004	   +2.097839e-005
+1.227000e+004	   +2.054398e-005
+1.227100e+004	   +2.002200e-005
+1.227200e+004	   +2.018567e-005
+1.227300e+004	   +2.036235e-005
+1.227400e+004	   +1.919408e-005
+1.227500e+004	   +2.012062e-005
+1.227600e+004	   +2.102550e-005
+1.227700e+004	   +1.983470e-005
+1.227800e+004	   +1.782412e-005
+1.227900e+004	   +1.696159e-005
+1.228000e+004	   +1.766258e-005
+1.228100e+004	   +1.916410e-005
+1.228200e+004	   +1.994670e-005
+1.228300e+004	   +2.048083e-005
+1.228400e+004	   +1.964385e-005
+1.228500e+004	   +1.935936e-005
+1.228600e+004	   +1.978540e-005
+1.228700e+004	   +1.846054e-005
+1.228800e+004	   +1.895028e-005
+1.228900e+004	   +1.859944e-005
+1.229000e+004	   +1.939282e-005
+1.229100e+004	   +2.051508e-005
+1.229200e+004	   +1.942690e-005
+1.229300e+004	   +1.732829e-005
+1.229400e+004	   +1.742173e-005
+1.229500e+004	   +2.037226e-005
+1.229600e+004	   +2.157714e-005
+1.229700e+004	   +2.013708e-005
+1.229800e+004	   +1.752806e-005
+1.229900e+004	   +1.786093e-005
+1.230000e+004	   +1.808415e-005
+1.230100e+004	   +1.764103e-005
+1.230200e+004	   +1.964280e-005
+1.230300e+004	   +2.034456e-005
+1.230400e+004	   +1.910789e-005
+1.230500e+004	   +1.743591e-005
+1.230600e+004	   +1.561684e-005
+1.230700e+004	   +1.683211e-005
+1.230800e+004	   +1.800144e-005
+1.230900e+004	   +1.946561e-005
+1.231000e+004	   +1.889236e-005
+1.231100e+004	   +1.845412e-005
+1.231200e+004	   +2.034981e-005
+1.231300e+004	   +2.117927e-005
+1.231400e+004	   +2.107327e-005
+1.231500e+004	   +1.951095e-005
+1.231600e+004	   +2.049878e-005
+1.231700e+004	   +1.986288e-005
+1.231800e+004	   +1.840105e-005
+1.231900e+004	   +1.953144e-005
+1.232000e+004	   +2.076994e-005
+1.232100e+004	   +1.949992e-005
+1.232200e+004	   +1.826341e-005
+1.232300e+004	   +1.761409e-005
+1.232400e+004	   +1.829663e-005
+1.232500e+004	   +1.811594e-005
+1.232600e+004	   +1.740347e-005
+1.232700e+004	   +1.647757e-005
+1.232800e+004	   +1.775688e-005
+1.232900e+004	   +1.918229e-005
+1.233000e+004	   +1.981975e-005
+1.233100e+004	   +1.915303e-005
+1.233200e+004	   +1.794005e-005
+1.233300e+004	   +1.783273e-005
+1.233400e+004	   +1.791144e-005
+1.233500e+004	   +1.766271e-005
+1.233600e+004	   +1.849826e-005
+1.233700e+004	   +1.844387e-005
+1.233800e+004	   +1.855336e-005
+1.233900e+004	   +1.898182e-005
+1.234000e+004	   +1.950724e-005
+1.234100e+004	   +1.854399e-005
+1.234200e+004	   +1.779188e-005
+1.234300e+004	   +1.876254e-005
+1.234400e+004	   +1.810073e-005
+1.234500e+004	   +1.702874e-005
+1.234600e+004	   +1.723064e-005
+1.234700e+004	   +1.819168e-005
+1.234800e+004	   +1.726376e-005
+1.234900e+004	   +1.522252e-005
+1.235000e+004	   +1.603157e-005
+1.235100e+004	   +1.864386e-005
+1.235200e+004	   +1.841236e-005
+1.235300e+004	   +1.905185e-005
+1.235400e+004	   +1.950427e-005
+1.235500e+004	   +1.934833e-005
+1.235600e+004	   +1.863001e-005
+1.235700e+004	   +1.834640e-005
+1.235800e+004	   +1.964077e-005
+1.235900e+004	   +1.831150e-005
+1.236000e+004	   +1.593586e-005
+1.236100e+004	   +1.462179e-005
+1.236200e+004	   +1.637475e-005
+1.236300e+004	   +1.847954e-005
+1.236400e+004	   +1.819626e-005
+1.236500e+004	   +1.688867e-005
+1.236600e+004	   +1.845809e-005
+1.236700e+004	   +1.921738e-005
+1.236800e+004	   +1.741777e-005
+1.236900e+004	   +1.789043e-005
+1.237000e+004	   +1.880182e-005
+1.237100e+004	   +1.942084e-005
+1.237200e+004	   +1.952595e-005
+1.237300e+004	   +2.132516e-005
+1.237400e+004	   +2.089593e-005
+1.237500e+004	   +1.844925e-005
+1.237600e+004	   +1.689623e-005
+1.237700e+004	   +1.751069e-005
+1.237800e+004	   +1.876752e-005
+1.237900e+004	   +1.825441e-005
+1.238000e+004	   +1.793952e-005
+1.238100e+004	   +1.807952e-005
+1.238200e+004	   +1.877828e-005
+1.238300e+004	   +1.954888e-005
+1.238400e+004	   +2.030063e-005
+1.238500e+004	   +2.247323e-005
+1.238600e+004	   +2.238227e-005
+1.238700e+004	   +1.867429e-005
+1.238800e+004	   +1.607036e-005
+1.238900e+004	   +1.571938e-005
+1.239000e+004	   +1.663708e-005
+1.239100e+004	   +1.673504e-005
+1.239200e+004	   +1.563286e-005
+1.239300e+004	   +1.418210e-005
+1.239400e+004	   +1.622115e-005
+1.239500e+004	   +1.930612e-005
+1.239600e+004	   +1.978894e-005
+1.239700e+004	   +1.994882e-005
+1.239800e+004	   +1.995044e-005
+1.239900e+004	   +1.825942e-005
+1.240000e+004	   +1.815796e-005
+1.240100e+004	   +1.942590e-005
+1.240200e+004	   +1.754190e-005
+1.240300e+004	   +1.599095e-005
+1.240400e+004	   +1.613300e-005
+1.240500e+004	   +1.850305e-005
+1.240600e+004	   +1.894926e-005
+1.240700e+004	   +1.915604e-005
+1.240800e+004	   +2.022863e-005
+1.240900e+004	   +1.998096e-005
+1.241000e+004	   +2.056673e-005
+1.241100e+004	   +2.189589e-005
+1.241200e+004	   +2.231913e-005
+1.241300e+004	   +2.302233e-005
+1.241400e+004	   +2.277431e-005
+1.241500e+004	   +2.060965e-005
+1.241600e+004	   +2.026490e-005
+1.241700e+004	   +2.056919e-005
+1.241800e+004	   +1.880308e-005
+1.241900e+004	   +1.661272e-005
+1.242000e+004	   +1.735340e-005
+1.242100e+004	   +2.030925e-005
+1.242200e+004	   +2.150978e-005
+1.242300e+004	   +2.070448e-005
+1.242400e+004	   +2.080934e-005
+1.242500e+004	   +2.271231e-005
+1.242600e+004	   +2.226164e-005
+1.242700e+004	   +1.960234e-005
+1.242800e+004	   +1.800326e-005
+1.242900e+004	   +1.724203e-005
+1.243000e+004	   +1.728829e-005
+1.243100e+004	   +1.790688e-005
+1.243200e+004	   +1.878402e-005
+1.243300e+004	   +1.970657e-005
+1.243400e+004	   +1.906347e-005
+1.243500e+004	   +1.945781e-005
+1.243600e+004	   +1.973532e-005
+1.243700e+004	   +1.825587e-005
+1.243800e+004	   +1.563863e-005
+1.243900e+004	   +1.411777e-005
+1.244000e+004	   +1.729455e-005
+1.244100e+004	   +2.084256e-005
+1.244200e+004	   +2.066991e-005
+1.244300e+004	   +1.836119e-005
+1.244400e+004	   +1.660443e-005
+1.244500e+004	   +1.772946e-005
+1.244600e+004	   +1.734748e-005
+1.244700e+004	   +1.830270e-005
+1.244800e+004	   +1.897207e-005
+1.244900e+004	   +2.060355e-005
+1.245000e+004	   +2.140632e-005
+1.245100e+004	   +2.041919e-005
+1.245200e+004	   +1.992837e-005
+1.245300e+004	   +1.985460e-005
+1.245400e+004	   +1.928661e-005
+1.245500e+004	   +1.622339e-005
+1.245600e+004	   +1.753959e-005
+1.245700e+004	   +1.960770e-005
+1.245800e+004	   +1.895304e-005
+1.245900e+004	   +1.720128e-005
+1.246000e+004	   +1.831757e-005
+1.246100e+004	   +1.869006e-005
+1.246200e+004	   +1.855253e-005
+1.246300e+004	   +1.951974e-005
+1.246400e+004	   +1.909296e-005
+1.246500e+004	   +1.774550e-005
+1.246600e+004	   +1.789834e-005
+1.246700e+004	   +1.795314e-005
+1.246800e+004	   +1.862318e-005
+1.246900e+004	   +1.877148e-005
+1.247000e+004	   +1.773037e-005
+1.247100e+004	   +1.948586e-005
+1.247200e+004	   +2.168401e-005
+1.247300e+004	   +2.074241e-005
+1.247400e+004	   +1.936780e-005
+1.247500e+004	   +1.924942e-005
+1.247600e+004	   +1.832045e-005
+1.247700e+004	   +1.881688e-005
+1.247800e+004	   +2.056214e-005
+1.247900e+004	   +1.967988e-005
+1.248000e+004	   +1.700136e-005
+1.248100e+004	   +1.610919e-005
+1.248200e+004	   +1.693155e-005
+1.248300e+004	   +1.611641e-005
+1.248400e+004	   +1.695732e-005
+1.248500e+004	   +1.863028e-005
+1.248600e+004	   +2.107084e-005
+1.248700e+004	   +2.233425e-005
+1.248800e+004	   +2.113973e-005
+1.248900e+004	   +1.941044e-005
+1.249000e+004	   +1.799444e-005
+1.249100e+004	   +1.930477e-005
+1.249200e+004	   +2.086697e-005
+1.249300e+004	   +2.184565e-005
+1.249400e+004	   +2.135639e-005
+1.249500e+004	   +2.085318e-005
+1.249600e+004	   +1.997370e-005
+1.249700e+004	   +1.991346e-005
+1.249800e+004	   +1.972733e-005
+1.249900e+004	   +1.989899e-005
+1.250000e+004	   +1.806995e-005
+1.250100e+004	   +1.721510e-005
+1.250200e+004	   +1.778258e-005
+1.250300e+004	   +1.848007e-005
+1.250400e+004	   +1.879534e-005
+1.250500e+004	   +1.983610e-005
+1.250600e+004	   +1.939512e-005
+1.250700e+004	   +1.767660e-005
+1.250800e+004	   +1.976653e-005
+1.250900e+004	   +2.139620e-005
+1.251000e+004	   +2.109973e-005
+1.251100e+004	   +1.991945e-005
+1.251200e+004	   +1.998414e-005
+1.251300e+004	   +2.181286e-005
+1.251400e+004	   +2.347484e-005
+1.251500e+004	   +2.138335e-005
+1.251600e+004	   +1.841071e-005
+1.251700e+004	   +1.785618e-005
+1.251800e+004	   +1.976876e-005
+1.251900e+004	   +1.965046e-005
+1.252000e+004	   +1.638520e-005
+1.252100e+004	   +1.637826e-005
+1.252200e+004	   +1.832182e-005
+1.252300e+004	   +1.995410e-005
+1.252400e+004	   +1.912794e-005
+1.252500e+004	   +1.844533e-005
+1.252600e+004	   +1.956552e-005
+1.252700e+004	   +1.764947e-005
+1.252800e+004	   +1.611473e-005
+1.252900e+004	   +1.774166e-005
+1.253000e+004	   +1.890346e-005
+1.253100e+004	   +1.896345e-005
+1.253200e+004	   +2.124759e-005
+1.253300e+004	   +2.058858e-005
+1.253400e+004	   +1.799563e-005
+1.253500e+004	   +1.812296e-005
+1.253600e+004	   +1.975885e-005
+1.253700e+004	   +1.998561e-005
+1.253800e+004	   +1.918483e-005
+1.253900e+004	   +1.903252e-005
+1.254000e+004	   +1.881799e-005
+1.254100e+004	   +1.876915e-005
+1.254200e+004	   +2.019354e-005
+1.254300e+004	   +2.050785e-005
+1.254400e+004	   +1.878466e-005
+1.254500e+004	   +1.764151e-005
+1.254600e+004	   +1.904196e-005
+1.254700e+004	   +2.030236e-005
+1.254800e+004	   +1.863920e-005
+1.254900e+004	   +1.792194e-005
+1.255000e+004	   +1.865648e-005
+1.255100e+004	   +2.016600e-005
+1.255200e+004	   +1.997716e-005
+1.255300e+004	   +1.805383e-005
+1.255400e+004	   +1.691847e-005
+1.255500e+004	   +1.854416e-005
+1.255600e+004	   +1.890412e-005
+1.255700e+004	   +1.766677e-005
+1.255800e+004	   +1.728616e-005
+1.255900e+004	   +1.881483e-005
+1.256000e+004	   +2.040398e-005
+1.256100e+004	   +1.779899e-005
+1.256200e+004	   +1.616663e-005
+1.256300e+004	   +1.878298e-005
+1.256400e+004	   +2.050706e-005
+1.256500e+004	   +1.930858e-005
+1.256600e+004	   +1.874236e-005
+1.256700e+004	   +1.807440e-005
+1.256800e+004	   +1.898708e-005
+1.256900e+004	   +2.052678e-005
+1.257000e+004	   +2.055479e-005
+1.257100e+004	   +2.118137e-005
+1.257200e+004	   +2.083215e-005
+1.257300e+004	   +1.978992e-005
+1.257400e+004	   +2.004336e-005
+1.257500e+004	   +1.902493e-005
+1.257600e+004	   +1.762047e-005
+1.257700e+004	   +1.712088e-005
+1.257800e+004	   +1.707049e-005
+1.257900e+004	   +1.752681e-005
+1.258000e+004	   +1.932735e-005
+1.258100e+004	   +2.101091e-005
+1.258200e+004	   +2.234504e-005
+1.258300e+004	   +2.007651e-005
+1.258400e+004	   +1.658622e-005
+1.258500e+004	   +1.799103e-005
+1.258600e+004	   +1.800235e-005
+1.258700e+004	   +1.794715e-005
+1.258800e+004	   +1.989093e-005
+1.258900e+004	   +2.144048e-005
+1.259000e+004	   +1.982014e-005
+1.259100e+004	   +1.795138e-005
+1.259200e+004	   +2.032951e-005
+1.259300e+004	   +2.112973e-005
+1.259400e+004	   +1.948026e-005
+1.259500e+004	   +1.946520e-005
+1.259600e+004	   +2.048692e-005
+1.259700e+004	   +1.973829e-005
+1.259800e+004	   +1.801401e-005
+1.259900e+004	   +1.599396e-005
+1.260000e+004	   +1.611085e-005
+1.260100e+004	   +1.747380e-005
+1.260200e+004	   +1.737796e-005
+1.260300e+004	   +1.627787e-005
+1.260400e+004	   +1.879016e-005
+1.260500e+004	   +2.081194e-005
+1.260600e+004	   +2.006031e-005
+1.260700e+004	   +1.875595e-005
+1.260800e+004	   +1.669198e-005
+1.260900e+004	   +1.937029e-005
+1.261000e+004	   +2.189305e-005
+1.261100e+004	   +2.158814e-005
+1.261200e+004	   +1.952509e-005
+1.261300e+004	   +1.967788e-005
+1.261400e+004	   +2.259158e-005
+1.261500e+004	   +2.229361e-005
+1.261600e+004	   +1.976653e-005
+1.261700e+004	   +1.864925e-005
+1.261800e+004	   +1.837760e-005
+1.261900e+004	   +1.718482e-005
+1.262000e+004	   +1.799342e-005
+1.262100e+004	   +1.888526e-005
+1.262200e+004	   +1.914075e-005
+1.262300e+004	   +1.993636e-005
+1.262400e+004	   +2.092653e-005
+1.262500e+004	   +2.160476e-005
+1.262600e+004	   +2.279688e-005
+1.262700e+004	   +2.218582e-005
+1.262800e+004	   +2.031414e-005
+1.262900e+004	   +2.107431e-005
+1.263000e+004	   +2.394126e-005
+1.263100e+004	   +2.268716e-005
+1.263200e+004	   +2.006855e-005
+1.263300e+004	   +1.818234e-005
+1.263400e+004	   +1.675463e-005
+1.263500e+004	   +1.752371e-005
+1.263600e+004	   +2.009368e-005
+1.263700e+004	   +1.976451e-005
+1.263800e+004	   +1.818176e-005
+1.263900e+004	   +1.912502e-005
+1.264000e+004	   +1.996955e-005
+1.264100e+004	   +1.932869e-005
+1.264200e+004	   +1.921840e-005
+1.264300e+004	   +1.829279e-005
+1.264400e+004	   +1.739932e-005
+1.264500e+004	   +1.808883e-005
+1.264600e+004	   +1.732785e-005
+1.264700e+004	   +1.737910e-005
+1.264800e+004	   +1.892408e-005
+1.264900e+004	   +1.881512e-005
+1.265000e+004	   +1.870390e-005
+1.265100e+004	   +1.927435e-005
+1.265200e+004	   +1.990294e-005
+1.265300e+004	   +1.943646e-005
+1.265400e+004	   +1.895088e-005
+1.265500e+004	   +1.886829e-005
+1.265600e+004	   +2.019487e-005
+1.265700e+004	   +2.170879e-005
+1.265800e+004	   +1.911138e-005
+1.265900e+004	   +1.662437e-005
+1.266000e+004	   +1.683239e-005
+1.266100e+004	   +1.807726e-005
+1.266200e+004	   +1.877701e-005
+1.266300e+004	   +1.739438e-005
+1.266400e+004	   +1.661935e-005
+1.266500e+004	   +1.830257e-005
+1.266600e+004	   +1.837129e-005
+1.266700e+004	   +1.876598e-005
+1.266800e+004	   +1.979476e-005
+1.266900e+004	   +2.134319e-005
+1.267000e+004	   +2.175548e-005
+1.267100e+004	   +2.010565e-005
+1.267200e+004	   +1.981810e-005
+1.267300e+004	   +1.972291e-005
+1.267400e+004	   +1.965989e-005
+1.267500e+004	   +1.842585e-005
+1.267600e+004	   +1.849292e-005
+1.267700e+004	   +1.972895e-005
+1.267800e+004	   +2.072186e-005
+1.267900e+004	   +1.946140e-005
+1.268000e+004	   +1.782549e-005
+1.268100e+004	   +1.867189e-005
+1.268200e+004	   +1.831277e-005
+1.268300e+004	   +1.770784e-005
+1.268400e+004	   +1.854650e-005
+1.268500e+004	   +1.736082e-005
+1.268600e+004	   +1.660259e-005
+1.268700e+004	   +1.793720e-005
+1.268800e+004	   +1.920209e-005
+1.268900e+004	   +1.859747e-005
+1.269000e+004	   +1.744924e-005
+1.269100e+004	   +1.848752e-005
+1.269200e+004	   +1.865240e-005
+1.269300e+004	   +1.745602e-005
+1.269400e+004	   +1.809727e-005
+1.269500e+004	   +1.830611e-005
+1.269600e+004	   +1.804680e-005
+1.269700e+004	   +1.963383e-005
+1.269800e+004	   +2.055481e-005
+1.269900e+004	   +1.899294e-005
+1.270000e+004	   +1.823041e-005
+1.270100e+004	   +1.892923e-005
+1.270200e+004	   +1.923520e-005
+1.270300e+004	   +1.847204e-005
+1.270400e+004	   +1.736757e-005
+1.270500e+004	   +1.668070e-005
+1.270600e+004	   +1.791608e-005
+1.270700e+004	   +1.890647e-005
+1.270800e+004	   +1.967036e-005
+1.270900e+004	   +1.891195e-005
+1.271000e+004	   +1.835381e-005
+1.271100e+004	   +1.816855e-005
+1.271200e+004	   +1.707984e-005
+1.271300e+004	   +1.659122e-005
+1.271400e+004	   +1.772546e-005
+1.271500e+004	   +1.593325e-005
+1.271600e+004	   +1.428284e-005
+1.271700e+004	   +1.704904e-005
+1.271800e+004	   +1.993450e-005
+1.271900e+004	   +2.032398e-005
+1.272000e+004	   +2.053674e-005
+1.272100e+004	   +1.963963e-005
+1.272200e+004	   +1.912741e-005
+1.272300e+004	   +2.042063e-005
+1.272400e+004	   +1.783477e-005
+1.272500e+004	   +1.685641e-005
+1.272600e+004	   +1.900328e-005
+1.272700e+004	   +2.183601e-005
+1.272800e+004	   +2.220398e-005
+1.272900e+004	   +2.040808e-005
+1.273000e+004	   +2.020401e-005
+1.273100e+004	   +2.141824e-005
+1.273200e+004	   +2.019636e-005
+1.273300e+004	   +2.102321e-005
+1.273400e+004	   +2.254079e-005
+1.273500e+004	   +2.096128e-005
+1.273600e+004	   +1.883747e-005
+1.273700e+004	   +1.910112e-005
+1.273800e+004	   +2.054393e-005
+1.273900e+004	   +1.916063e-005
+1.274000e+004	   +1.698844e-005
+1.274100e+004	   +1.630675e-005
+1.274200e+004	   +1.730316e-005
+1.274300e+004	   +1.955249e-005
+1.274400e+004	   +1.970012e-005
+1.274500e+004	   +1.878101e-005
+1.274600e+004	   +1.950322e-005
+1.274700e+004	   +1.802668e-005
+1.274800e+004	   +1.725618e-005
+1.274900e+004	   +1.785601e-005
+1.275000e+004	   +1.764746e-005
+1.275100e+004	   +1.760631e-005
+1.275200e+004	   +1.867049e-005
+1.275300e+004	   +1.954689e-005
+1.275400e+004	   +1.933030e-005
+1.275500e+004	   +1.957367e-005
+1.275600e+004	   +1.762834e-005
+1.275700e+004	   +1.677774e-005
+1.275800e+004	   +1.695943e-005
+1.275900e+004	   +1.493586e-005
+1.276000e+004	   +1.689970e-005
+1.276100e+004	   +1.993783e-005
+1.276200e+004	   +1.984403e-005
+1.276300e+004	   +1.825239e-005
+1.276400e+004	   +1.832294e-005
+1.276500e+004	   +1.809509e-005
+1.276600e+004	   +1.759298e-005
+1.276700e+004	   +1.808212e-005
+1.276800e+004	   +1.953564e-005
+1.276900e+004	   +1.923822e-005
+1.277000e+004	   +1.725675e-005
+1.277100e+004	   +1.774509e-005
+1.277200e+004	   +1.958414e-005
+1.277300e+004	   +1.990058e-005
+1.277400e+004	   +1.983370e-005
+1.277500e+004	   +2.023185e-005
+1.277600e+004	   +2.052914e-005
+1.277700e+004	   +2.174099e-005
+1.277800e+004	   +2.044243e-005
+1.277900e+004	   +1.714926e-005
+1.278000e+004	   +1.640203e-005
+1.278100e+004	   +1.844198e-005
+1.278200e+004	   +1.950221e-005
+1.278300e+004	   +1.985290e-005
+1.278400e+004	   +1.982815e-005
+1.278500e+004	   +1.928460e-005
+1.278600e+004	   +2.249495e-005
+1.278700e+004	   +2.320143e-005
+1.278800e+004	   +1.831651e-005
+1.278900e+004	   +1.833608e-005
+1.279000e+004	   +1.991553e-005
+1.279100e+004	   +1.927336e-005
+1.279200e+004	   +1.925724e-005
+1.279300e+004	   +1.882525e-005
+1.279400e+004	   +1.865590e-005
+1.279500e+004	   +2.130402e-005
+1.279600e+004	   +2.088675e-005
+1.279700e+004	   +1.738672e-005
+1.279800e+004	   +1.755797e-005
+1.279900e+004	   +1.864919e-005
+1.280000e+004	   +1.844504e-005
+1.280100e+004	   +2.015573e-005
+1.280200e+004	   +2.154944e-005
+1.280300e+004	   +2.022569e-005
+1.280400e+004	   +1.838437e-005
+1.280500e+004	   +1.744386e-005
+1.280600e+004	   +1.773348e-005
+1.280700e+004	   +1.933935e-005
+1.280800e+004	   +1.851933e-005
+1.280900e+004	   +1.729827e-005
+1.281000e+004	   +1.655190e-005
+1.281100e+004	   +1.873462e-005
+1.281200e+004	   +2.211209e-005
+1.281300e+004	   +2.275017e-005
+1.281400e+004	   +2.007825e-005
+1.281500e+004	   +1.770796e-005
+1.281600e+004	   +1.707847e-005
+1.281700e+004	   +1.815898e-005
+1.281800e+004	   +1.786079e-005
+1.281900e+004	   +1.741507e-005
+1.282000e+004	   +1.773454e-005
+1.282100e+004	   +1.855835e-005
+1.282200e+004	   +1.954423e-005
+1.282300e+004	   +1.991208e-005
+1.282400e+004	   +1.887600e-005
+1.282500e+004	   +1.618489e-005
+1.282600e+004	   +1.687584e-005
+1.282700e+004	   +1.926428e-005
+1.282800e+004	   +1.926690e-005
+1.282900e+004	   +1.801219e-005
+1.283000e+004	   +1.871172e-005
+1.283100e+004	   +1.883875e-005
+1.283200e+004	   +1.930256e-005
+1.283300e+004	   +1.929409e-005
+1.283400e+004	   +1.806234e-005
+1.283500e+004	   +1.904598e-005
+1.283600e+004	   +1.872255e-005
+1.283700e+004	   +1.767414e-005
+1.283800e+004	   +1.678256e-005
+1.283900e+004	   +1.719566e-005
+1.284000e+004	   +1.839287e-005
+1.284100e+004	   +1.962338e-005
+1.284200e+004	   +2.048227e-005
+1.284300e+004	   +2.117253e-005
+1.284400e+004	   +1.904822e-005
+1.284500e+004	   +1.823822e-005
+1.284600e+004	   +1.817651e-005
+1.284700e+004	   +1.848618e-005
+1.284800e+004	   +2.154537e-005
+1.284900e+004	   +2.362520e-005
+1.285000e+004	   +2.016000e-005
+1.285100e+004	   +1.555716e-005
+1.285200e+004	   +1.640953e-005
+1.285300e+004	   +1.933722e-005
+1.285400e+004	   +1.901689e-005
+1.285500e+004	   +1.853036e-005
+1.285600e+004	   +1.883470e-005
+1.285700e+004	   +1.880517e-005
+1.285800e+004	   +1.926153e-005
+1.285900e+004	   +1.871456e-005
+1.286000e+004	   +1.762037e-005
+1.286100e+004	   +1.818609e-005
+1.286200e+004	   +1.970743e-005
+1.286300e+004	   +2.001411e-005
+1.286400e+004	   +2.040796e-005
+1.286500e+004	   +1.926536e-005
+1.286600e+004	   +1.835302e-005
+1.286700e+004	   +1.791879e-005
+1.286800e+004	   +1.860505e-005
+1.286900e+004	   +1.889202e-005
+1.287000e+004	   +1.895277e-005
+1.287100e+004	   +1.873388e-005
+1.287200e+004	   +1.849200e-005
+1.287300e+004	   +1.912933e-005
+1.287400e+004	   +1.771124e-005
+1.287500e+004	   +1.650678e-005
+1.287600e+004	   +1.790658e-005
+1.287700e+004	   +1.838525e-005
+1.287800e+004	   +1.883313e-005
+1.287900e+004	   +1.795454e-005
+1.288000e+004	   +1.969272e-005
+1.288100e+004	   +2.205152e-005
+1.288200e+004	   +2.183853e-005
+1.288300e+004	   +2.077888e-005
+1.288400e+004	   +1.970044e-005
+1.288500e+004	   +1.895629e-005
+1.288600e+004	   +1.825297e-005
+1.288700e+004	   +1.888539e-005
+1.288800e+004	   +2.057411e-005
+1.288900e+004	   +1.958237e-005
+1.289000e+004	   +1.774928e-005
+1.289100e+004	   +1.881967e-005
+1.289200e+004	   +1.921312e-005
+1.289300e+004	   +1.950842e-005
+1.289400e+004	   +2.019622e-005
+1.289500e+004	   +2.067563e-005
+1.289600e+004	   +2.146566e-005
+1.289700e+004	   +2.043000e-005
+1.289800e+004	   +1.880445e-005
+1.289900e+004	   +1.823560e-005
+1.290000e+004	   +2.016573e-005
+1.290100e+004	   +2.157769e-005
+1.290200e+004	   +2.050632e-005
+1.290300e+004	   +1.910068e-005
+1.290400e+004	   +1.909105e-005
+1.290500e+004	   +1.998232e-005
+1.290600e+004	   +2.039929e-005
+1.290700e+004	   +1.930566e-005
+1.290800e+004	   +1.723348e-005
+1.290900e+004	   +1.870297e-005
+1.291000e+004	   +2.028213e-005
+1.291100e+004	   +1.863333e-005
+1.291200e+004	   +1.682079e-005
+1.291300e+004	   +1.853032e-005
+1.291400e+004	   +2.088318e-005
+1.291500e+004	   +2.035938e-005
+1.291600e+004	   +1.956572e-005
+1.291700e+004	   +1.978092e-005
+1.291800e+004	   +1.812726e-005
+1.291900e+004	   +1.792989e-005
+1.292000e+004	   +1.910789e-005
+1.292100e+004	   +1.904188e-005
+1.292200e+004	   +1.857030e-005
+1.292300e+004	   +1.770244e-005
+1.292400e+004	   +1.670401e-005
+1.292500e+004	   +1.823348e-005
+1.292600e+004	   +2.074706e-005
+1.292700e+004	   +2.219949e-005
+1.292800e+004	   +2.019312e-005
+1.292900e+004	   +1.711378e-005
+1.293000e+004	   +1.760073e-005
+1.293100e+004	   +1.742563e-005
+1.293200e+004	   +1.702433e-005
+1.293300e+004	   +1.592400e-005
+1.293400e+004	   +1.596345e-005
+1.293500e+004	   +1.633512e-005
+1.293600e+004	   +1.939204e-005
+1.293700e+004	   +2.111739e-005
+1.293800e+004	   +2.072962e-005
+1.293900e+004	   +1.890779e-005
+1.294000e+004	   +1.852198e-005
+1.294100e+004	   +1.847465e-005
+1.294200e+004	   +1.708057e-005
+1.294300e+004	   +1.721772e-005
+1.294400e+004	   +1.974722e-005
+1.294500e+004	   +2.203020e-005
+1.294600e+004	   +1.972867e-005
+1.294700e+004	   +1.857030e-005
+1.294800e+004	   +1.851616e-005
+1.294900e+004	   +1.707979e-005
+1.295000e+004	   +1.753482e-005
+1.295100e+004	   +1.996302e-005
+1.295200e+004	   +2.022398e-005
+1.295300e+004	   +1.912242e-005
+1.295400e+004	   +1.719964e-005
+1.295500e+004	   +1.752339e-005
+1.295600e+004	   +1.880599e-005
+1.295700e+004	   +1.953101e-005
+1.295800e+004	   +1.909200e-005
+1.295900e+004	   +1.801815e-005
+1.296000e+004	   +1.635062e-005
+1.296100e+004	   +1.780698e-005
+1.296200e+004	   +1.849663e-005
+1.296300e+004	   +1.923197e-005
+1.296400e+004	   +2.027265e-005
+1.296500e+004	   +1.971516e-005
+1.296600e+004	   +1.935908e-005
+1.296700e+004	   +2.035247e-005
+1.296800e+004	   +2.084906e-005
+1.296900e+004	   +2.032590e-005
+1.297000e+004	   +1.869566e-005
+1.297100e+004	   +1.775037e-005
+1.297200e+004	   +1.936808e-005
+1.297300e+004	   +1.964403e-005
+1.297400e+004	   +2.025300e-005
+1.297500e+004	   +2.019407e-005
+1.297600e+004	   +1.662922e-005
+1.297700e+004	   +1.573988e-005
+1.297800e+004	   +1.894204e-005
+1.297900e+004	   +2.036434e-005
+1.298000e+004	   +1.991298e-005
+1.298100e+004	   +1.960036e-005
+1.298200e+004	   +2.063103e-005
+1.298300e+004	   +2.106459e-005
+1.298400e+004	   +1.948783e-005
+1.298500e+004	   +1.853076e-005
+1.298600e+004	   +1.869470e-005
+1.298700e+004	   +1.842264e-005
+1.298800e+004	   +1.874561e-005
+1.298900e+004	   +1.743095e-005
+1.299000e+004	   +1.752075e-005
+1.299100e+004	   +1.932014e-005
+1.299200e+004	   +1.999674e-005
+1.299300e+004	   +2.009121e-005
+1.299400e+004	   +1.952612e-005
+1.299500e+004	   +1.880628e-005
+1.299600e+004	   +1.913267e-005
+1.299700e+004	   +1.843152e-005
+1.299800e+004	   +1.713379e-005
+1.299900e+004	   +1.759039e-005
+1.300000e+004	   +1.930958e-005
