+2.420000e+004	   +1.895891e-005
+2.420100e+004	   +1.993514e-005
+2.420200e+004	   +2.089331e-005
+2.420300e+004	   +2.155948e-005
+2.420400e+004	   +2.251833e-005
+2.420500e+004	   +2.178620e-005
+2.420600e+004	   +1.967690e-005
+2.420700e+004	   +2.059473e-005
+2.420800e+004	   +2.158003e-005
+2.420900e+004	   +2.008374e-005
+2.421000e+004	   +1.798777e-005
+2.421100e+004	   +1.926678e-005
+2.421200e+004	   +2.068330e-005
+2.421300e+004	   +2.108037e-005
+2.421400e+004	   +2.052177e-005
+2.421500e+004	   +1.868350e-005
+2.421600e+004	   +1.751842e-005
+2.421700e+004	   +1.786542e-005
+2.421800e+004	   +1.802739e-005
+2.421900e+004	   +1.694444e-005
+2.422000e+004	   +1.684761e-005
+2.422100e+004	   +1.709643e-005
+2.422200e+004	   +1.765907e-005
+2.422300e+004	   +1.863480e-005
+2.422400e+004	   +1.951896e-005
+2.422500e+004	   +2.035640e-005
+2.422600e+004	   +2.026368e-005
+2.422700e+004	   +1.877453e-005
+2.422800e+004	   +1.887403e-005
+2.422900e+004	   +1.932103e-005
+2.423000e+004	   +1.770040e-005
+2.423100e+004	   +1.856449e-005
+2.423200e+004	   +1.944547e-005
+2.423300e+004	   +1.770273e-005
+2.423400e+004	   +1.697218e-005
+2.423500e+004	   +1.939408e-005
+2.423600e+004	   +2.021708e-005
+2.423700e+004	   +1.942078e-005
+2.423800e+004	   +1.843055e-005
+2.423900e+004	   +1.745763e-005
+2.424000e+004	   +1.695272e-005
+2.424100e+004	   +1.780618e-005
+2.424200e+004	   +1.911673e-005
+2.424300e+004	   +1.894291e-005
+2.424400e+004	   +1.875562e-005
+2.424500e+004	   +1.982822e-005
+2.424600e+004	   +2.022432e-005
+2.424700e+004	   +2.011909e-005
+2.424800e+004	   +1.848689e-005
+2.424900e+004	   +1.768128e-005
+2.425000e+004	   +1.799677e-005
+2.425100e+004	   +1.792753e-005
+2.425200e+004	   +1.909066e-005
+2.425300e+004	   +2.100475e-005
+2.425400e+004	   +1.978978e-005
+2.425500e+004	   +1.839503e-005
+2.425600e+004	   +1.872665e-005
+2.425700e+004	   +1.889346e-005
+2.425800e+004	   +2.047721e-005
+2.425900e+004	   +2.129158e-005
+2.426000e+004	   +2.002343e-005
+2.426100e+004	   +1.746557e-005
+2.426200e+004	   +1.693180e-005
+2.426300e+004	   +1.755809e-005
+2.426400e+004	   +1.554248e-005
+2.426500e+004	   +1.877297e-005
+2.426600e+004	   +2.190123e-005
+2.426700e+004	   +2.113532e-005
+2.426800e+004	   +2.122355e-005
+2.426900e+004	   +2.035133e-005
+2.427000e+004	   +1.789011e-005
+2.427100e+004	   +1.667310e-005
+2.427200e+004	   +1.761242e-005
+2.427300e+004	   +1.971332e-005
+2.427400e+004	   +1.964856e-005
+2.427500e+004	   +1.851460e-005
+2.427600e+004	   +1.852029e-005
+2.427700e+004	   +1.846709e-005
+2.427800e+004	   +1.870825e-005
+2.427900e+004	   +2.000471e-005
+2.428000e+004	   +2.120340e-005
+2.428100e+004	   +2.011068e-005
+2.428200e+004	   +1.847252e-005
+2.428300e+004	   +1.866490e-005
+2.428400e+004	   +1.976032e-005
+2.428500e+004	   +1.968367e-005
+2.428600e+004	   +1.767808e-005
+2.428700e+004	   +1.675164e-005
+2.428800e+004	   +1.879020e-005
+2.428900e+004	   +2.090975e-005
+2.429000e+004	   +2.057301e-005
+2.429100e+004	   +1.973075e-005
+2.429200e+004	   +1.989062e-005
+2.429300e+004	   +1.951363e-005
+2.429400e+004	   +1.886771e-005
+2.429500e+004	   +1.867671e-005
+2.429600e+004	   +1.764870e-005
+2.429700e+004	   +1.833311e-005
+2.429800e+004	   +1.895019e-005
+2.429900e+004	   +1.864728e-005
+2.430000e+004	   +1.973682e-005
+2.430100e+004	   +2.062654e-005
+2.430200e+004	   +2.058559e-005
+2.430300e+004	   +1.952711e-005
+2.430400e+004	   +1.810952e-005
+2.430500e+004	   +1.791297e-005
+2.430600e+004	   +1.978909e-005
+2.430700e+004	   +1.971306e-005
+2.430800e+004	   +1.843267e-005
+2.430900e+004	   +1.873931e-005
+2.431000e+004	   +1.928485e-005
+2.431100e+004	   +1.986615e-005
+2.431200e+004	   +2.028017e-005
+2.431300e+004	   +2.039157e-005
+2.431400e+004	   +1.928037e-005
+2.431500e+004	   +1.804721e-005
+2.431600e+004	   +1.864812e-005
+2.431700e+004	   +1.919857e-005
+2.431800e+004	   +1.830442e-005
+2.431900e+004	   +1.781698e-005
+2.432000e+004	   +1.690291e-005
+2.432100e+004	   +1.736104e-005
+2.432200e+004	   +1.754368e-005
+2.432300e+004	   +1.866597e-005
+2.432400e+004	   +1.986663e-005
+2.432500e+004	   +2.004184e-005
+2.432600e+004	   +1.773894e-005
+2.432700e+004	   +1.723615e-005
+2.432800e+004	   +2.002108e-005
+2.432900e+004	   +2.068683e-005
+2.433000e+004	   +1.990782e-005
+2.433100e+004	   +1.964795e-005
+2.433200e+004	   +1.845898e-005
+2.433300e+004	   +1.716691e-005
+2.433400e+004	   +1.742399e-005
+2.433500e+004	   +2.019487e-005
+2.433600e+004	   +2.206436e-005
+2.433700e+004	   +2.133202e-005
+2.433800e+004	   +1.812342e-005
+2.433900e+004	   +1.810185e-005
+2.434000e+004	   +1.963197e-005
+2.434100e+004	   +2.006738e-005
+2.434200e+004	   +1.951189e-005
+2.434300e+004	   +1.781864e-005
+2.434400e+004	   +1.846399e-005
+2.434500e+004	   +2.051758e-005
+2.434600e+004	   +2.149667e-005
+2.434700e+004	   +2.012336e-005
+2.434800e+004	   +1.879487e-005
+2.434900e+004	   +1.741385e-005
+2.435000e+004	   +1.584496e-005
+2.435100e+004	   +1.605890e-005
+2.435200e+004	   +1.889111e-005
+2.435300e+004	   +1.894751e-005
+2.435400e+004	   +1.904138e-005
+2.435500e+004	   +2.008012e-005
+2.435600e+004	   +1.854192e-005
+2.435700e+004	   +1.828143e-005
+2.435800e+004	   +2.071246e-005
+2.435900e+004	   +2.124269e-005
+2.436000e+004	   +2.042518e-005
+2.436100e+004	   +1.957238e-005
+2.436200e+004	   +1.883350e-005
+2.436300e+004	   +1.952094e-005
+2.436400e+004	   +2.084071e-005
+2.436500e+004	   +1.998205e-005
+2.436600e+004	   +1.836220e-005
+2.436700e+004	   +1.712186e-005
+2.436800e+004	   +1.769935e-005
+2.436900e+004	   +1.676146e-005
+2.437000e+004	   +1.674750e-005
+2.437100e+004	   +1.789031e-005
+2.437200e+004	   +1.807813e-005
+2.437300e+004	   +1.925024e-005
+2.437400e+004	   +2.063979e-005
+2.437500e+004	   +2.015066e-005
+2.437600e+004	   +1.938084e-005
+2.437700e+004	   +1.905968e-005
+2.437800e+004	   +1.975739e-005
+2.437900e+004	   +2.081716e-005
+2.438000e+004	   +1.992975e-005
+2.438100e+004	   +1.810304e-005
+2.438200e+004	   +1.725487e-005
+2.438300e+004	   +1.696455e-005
+2.438400e+004	   +1.764916e-005
+2.438500e+004	   +1.773491e-005
+2.438600e+004	   +1.838768e-005
+2.438700e+004	   +1.869815e-005
+2.438800e+004	   +1.630398e-005
+2.438900e+004	   +1.612761e-005
+2.439000e+004	   +1.765180e-005
+2.439100e+004	   +2.010176e-005
+2.439200e+004	   +2.041834e-005
+2.439300e+004	   +1.787233e-005
+2.439400e+004	   +1.763196e-005
+2.439500e+004	   +1.990495e-005
+2.439600e+004	   +1.927000e-005
+2.439700e+004	   +1.867982e-005
+2.439800e+004	   +1.995765e-005
+2.439900e+004	   +1.931096e-005
+2.440000e+004	   +1.814592e-005
+2.440100e+004	   +1.729831e-005
+2.440200e+004	   +1.877498e-005
+2.440300e+004	   +1.939725e-005
+2.440400e+004	   +1.860924e-005
+2.440500e+004	   +1.947204e-005
+2.440600e+004	   +2.026947e-005
+2.440700e+004	   +2.031329e-005
+2.440800e+004	   +1.903519e-005
+2.440900e+004	   +1.887722e-005
+2.441000e+004	   +2.022170e-005
+2.441100e+004	   +2.071485e-005
+2.441200e+004	   +2.067820e-005
+2.441300e+004	   +2.079445e-005
+2.441400e+004	   +2.023644e-005
+2.441500e+004	   +1.898072e-005
+2.441600e+004	   +1.857313e-005
+2.441700e+004	   +1.998297e-005
+2.441800e+004	   +2.007666e-005
+2.441900e+004	   +1.897541e-005
+2.442000e+004	   +1.977469e-005
+2.442100e+004	   +2.043137e-005
+2.442200e+004	   +2.019909e-005
+2.442300e+004	   +1.976570e-005
+2.442400e+004	   +2.095070e-005
+2.442500e+004	   +2.067584e-005
+2.442600e+004	   +1.817080e-005
+2.442700e+004	   +1.889750e-005
+2.442800e+004	   +2.024978e-005
+2.442900e+004	   +1.954463e-005
+2.443000e+004	   +1.952004e-005
+2.443100e+004	   +2.006086e-005
+2.443200e+004	   +2.171160e-005
+2.443300e+004	   +2.287465e-005
+2.443400e+004	   +2.191624e-005
+2.443500e+004	   +1.981901e-005
+2.443600e+004	   +1.852637e-005
+2.443700e+004	   +1.898860e-005
+2.443800e+004	   +1.972148e-005
+2.443900e+004	   +1.929030e-005
+2.444000e+004	   +1.900172e-005
+2.444100e+004	   +2.050137e-005
+2.444200e+004	   +2.087586e-005
+2.444300e+004	   +1.959074e-005
+2.444400e+004	   +1.819914e-005
+2.444500e+004	   +1.918500e-005
+2.444600e+004	   +1.933043e-005
+2.444700e+004	   +1.805704e-005
+2.444800e+004	   +1.916883e-005
+2.444900e+004	   +2.063610e-005
+2.445000e+004	   +2.009263e-005
+2.445100e+004	   +1.918753e-005
+2.445200e+004	   +2.019347e-005
+2.445300e+004	   +1.940882e-005
+2.445400e+004	   +1.815672e-005
+2.445500e+004	   +1.789094e-005
+2.445600e+004	   +1.830479e-005
+2.445700e+004	   +1.858196e-005
+2.445800e+004	   +1.780888e-005
+2.445900e+004	   +1.835818e-005
+2.446000e+004	   +1.925303e-005
+2.446100e+004	   +1.887146e-005
+2.446200e+004	   +1.862336e-005
+2.446300e+004	   +1.802478e-005
+2.446400e+004	   +1.845331e-005
+2.446500e+004	   +2.013211e-005
+2.446600e+004	   +2.109672e-005
+2.446700e+004	   +1.997889e-005
+2.446800e+004	   +1.833604e-005
+2.446900e+004	   +1.707204e-005
+2.447000e+004	   +1.950298e-005
+2.447100e+004	   +2.257891e-005
+2.447200e+004	   +2.192016e-005
+2.447300e+004	   +1.953123e-005
+2.447400e+004	   +1.824327e-005
+2.447500e+004	   +1.896903e-005
+2.447600e+004	   +1.946642e-005
+2.447700e+004	   +2.185213e-005
+2.447800e+004	   +2.116161e-005
+2.447900e+004	   +1.991999e-005
+2.448000e+004	   +2.126367e-005
+2.448100e+004	   +2.108641e-005
+2.448200e+004	   +2.108989e-005
+2.448300e+004	   +2.129743e-005
+2.448400e+004	   +2.111329e-005
+2.448500e+004	   +2.163488e-005
+2.448600e+004	   +2.189863e-005
+2.448700e+004	   +2.067475e-005
+2.448800e+004	   +1.975158e-005
+2.448900e+004	   +2.065675e-005
+2.449000e+004	   +2.201775e-005
+2.449100e+004	   +2.149238e-005
+2.449200e+004	   +2.034329e-005
+2.449300e+004	   +1.937905e-005
+2.449400e+004	   +1.824017e-005
+2.449500e+004	   +1.670337e-005
+2.449600e+004	   +1.835746e-005
+2.449700e+004	   +1.931560e-005
+2.449800e+004	   +1.670271e-005
+2.449900e+004	   +1.584913e-005
+2.450000e+004	   +1.808395e-005
+2.450100e+004	   +1.876427e-005
+2.450200e+004	   +1.795592e-005
+2.450300e+004	   +1.747669e-005
+2.450400e+004	   +1.769729e-005
+2.450500e+004	   +1.776363e-005
+2.450600e+004	   +2.001833e-005
+2.450700e+004	   +2.192009e-005
+2.450800e+004	   +2.261779e-005
+2.450900e+004	   +2.038040e-005
+2.451000e+004	   +1.721782e-005
+2.451100e+004	   +1.631813e-005
+2.451200e+004	   +1.654141e-005
+2.451300e+004	   +1.734910e-005
+2.451400e+004	   +1.808752e-005
+2.451500e+004	   +1.997021e-005
+2.451600e+004	   +2.113418e-005
+2.451700e+004	   +2.039571e-005
+2.451800e+004	   +1.990425e-005
+2.451900e+004	   +2.059292e-005
+2.452000e+004	   +2.121374e-005
+2.452100e+004	   +1.971576e-005
+2.452200e+004	   +1.963887e-005
+2.452300e+004	   +2.034934e-005
+2.452400e+004	   +1.832397e-005
+2.452500e+004	   +1.628841e-005
+2.452600e+004	   +1.773781e-005
+2.452700e+004	   +2.029443e-005
+2.452800e+004	   +1.840953e-005
+2.452900e+004	   +1.681864e-005
+2.453000e+004	   +1.854131e-005
+2.453100e+004	   +2.054393e-005
+2.453200e+004	   +1.989689e-005
+2.453300e+004	   +1.976520e-005
+2.453400e+004	   +1.933395e-005
+2.453500e+004	   +1.870470e-005
+2.453600e+004	   +1.963997e-005
+2.453700e+004	   +1.977749e-005
+2.453800e+004	   +1.931967e-005
+2.453900e+004	   +1.850777e-005
+2.454000e+004	   +1.722602e-005
+2.454100e+004	   +1.737496e-005
+2.454200e+004	   +1.802640e-005
+2.454300e+004	   +1.673356e-005
+2.454400e+004	   +1.520755e-005
+2.454500e+004	   +1.684311e-005
+2.454600e+004	   +1.753229e-005
+2.454700e+004	   +1.741559e-005
+2.454800e+004	   +1.678876e-005
+2.454900e+004	   +1.722139e-005
+2.455000e+004	   +1.882554e-005
+2.455100e+004	   +1.989849e-005
+2.455200e+004	   +1.815148e-005
+2.455300e+004	   +1.679840e-005
+2.455400e+004	   +1.780034e-005
+2.455500e+004	   +1.893873e-005
+2.455600e+004	   +1.893146e-005
+2.455700e+004	   +1.943727e-005
+2.455800e+004	   +1.907660e-005
+2.455900e+004	   +1.873460e-005
+2.456000e+004	   +1.986302e-005
+2.456100e+004	   +2.207287e-005
+2.456200e+004	   +2.237327e-005
+2.456300e+004	   +2.145157e-005
+2.456400e+004	   +1.919358e-005
+2.456500e+004	   +1.755418e-005
+2.456600e+004	   +1.861756e-005
+2.456700e+004	   +2.008883e-005
+2.456800e+004	   +2.039486e-005
+2.456900e+004	   +1.895327e-005
+2.457000e+004	   +1.946597e-005
+2.457100e+004	   +2.095284e-005
+2.457200e+004	   +1.982813e-005
+2.457300e+004	   +1.854589e-005
+2.457400e+004	   +1.894202e-005
+2.457500e+004	   +1.914885e-005
+2.457600e+004	   +1.963021e-005
+2.457700e+004	   +1.997966e-005
+2.457800e+004	   +1.898159e-005
+2.457900e+004	   +1.782604e-005
+2.458000e+004	   +1.773898e-005
+2.458100e+004	   +1.687962e-005
+2.458200e+004	   +1.712010e-005
+2.458300e+004	   +1.767765e-005
+2.458400e+004	   +1.804636e-005
+2.458500e+004	   +1.791466e-005
+2.458600e+004	   +1.760612e-005
+2.458700e+004	   +1.687534e-005
+2.458800e+004	   +1.814819e-005
+2.458900e+004	   +1.935035e-005
+2.459000e+004	   +1.855065e-005
+2.459100e+004	   +1.827525e-005
+2.459200e+004	   +1.913603e-005
+2.459300e+004	   +1.952983e-005
+2.459400e+004	   +1.897891e-005
+2.459500e+004	   +1.847256e-005
+2.459600e+004	   +1.839993e-005
+2.459700e+004	   +1.894358e-005
+2.459800e+004	   +1.926377e-005
+2.459900e+004	   +2.001358e-005
+2.460000e+004	   +1.963816e-005
+2.460100e+004	   +1.738363e-005
+2.460200e+004	   +1.803717e-005
+2.460300e+004	   +2.018148e-005
+2.460400e+004	   +2.068637e-005
+2.460500e+004	   +1.917986e-005
+2.460600e+004	   +2.001211e-005
+2.460700e+004	   +2.159079e-005
+2.460800e+004	   +2.080788e-005
+2.460900e+004	   +1.962684e-005
+2.461000e+004	   +1.860996e-005
+2.461100e+004	   +1.806400e-005
+2.461200e+004	   +1.898001e-005
+2.461300e+004	   +1.953933e-005
+2.461400e+004	   +2.016941e-005
+2.461500e+004	   +2.026675e-005
+2.461600e+004	   +2.104883e-005
+2.461700e+004	   +2.104143e-005
+2.461800e+004	   +1.972575e-005
+2.461900e+004	   +1.830022e-005
+2.462000e+004	   +1.860889e-005
+2.462100e+004	   +1.988143e-005
+2.462200e+004	   +1.924369e-005
+2.462300e+004	   +1.729142e-005
+2.462400e+004	   +1.618136e-005
+2.462500e+004	   +1.767808e-005
+2.462600e+004	   +1.990994e-005
+2.462700e+004	   +2.069291e-005
+2.462800e+004	   +1.851401e-005
+2.462900e+004	   +1.772325e-005
+2.463000e+004	   +1.922110e-005
+2.463100e+004	   +1.944745e-005
+2.463200e+004	   +1.761149e-005
+2.463300e+004	   +1.651720e-005
+2.463400e+004	   +1.739915e-005
+2.463500e+004	   +1.789261e-005
+2.463600e+004	   +1.869879e-005
+2.463700e+004	   +2.010549e-005
+2.463800e+004	   +2.040669e-005
+2.463900e+004	   +1.898030e-005
+2.464000e+004	   +1.866918e-005
+2.464100e+004	   +1.740041e-005
+2.464200e+004	   +1.660660e-005
+2.464300e+004	   +1.719430e-005
+2.464400e+004	   +1.854548e-005
+2.464500e+004	   +1.985220e-005
+2.464600e+004	   +1.981992e-005
+2.464700e+004	   +1.943296e-005
+2.464800e+004	   +2.135665e-005
+2.464900e+004	   +2.194930e-005
+2.465000e+004	   +2.010973e-005
+2.465100e+004	   +1.719298e-005
+2.465200e+004	   +1.787174e-005
+2.465300e+004	   +1.989862e-005
+2.465400e+004	   +1.825918e-005
+2.465500e+004	   +1.792009e-005
+2.465600e+004	   +1.816424e-005
+2.465700e+004	   +1.748860e-005
+2.465800e+004	   +1.832546e-005
+2.465900e+004	   +1.811013e-005
+2.466000e+004	   +1.687584e-005
+2.466100e+004	   +1.642281e-005
+2.466200e+004	   +1.787111e-005
+2.466300e+004	   +1.950403e-005
+2.466400e+004	   +1.987532e-005
+2.466500e+004	   +2.013565e-005
+2.466600e+004	   +1.892853e-005
+2.466700e+004	   +1.881266e-005
+2.466800e+004	   +1.897168e-005
+2.466900e+004	   +1.871242e-005
+2.467000e+004	   +1.999134e-005
+2.467100e+004	   +1.923981e-005
+2.467200e+004	   +1.744286e-005
+2.467300e+004	   +1.816564e-005
+2.467400e+004	   +1.837274e-005
+2.467500e+004	   +1.832190e-005
+2.467600e+004	   +2.002541e-005
+2.467700e+004	   +1.972635e-005
+2.467800e+004	   +1.859944e-005
+2.467900e+004	   +1.856679e-005
+2.468000e+004	   +1.922591e-005
+2.468100e+004	   +1.985510e-005
+2.468200e+004	   +1.879338e-005
+2.468300e+004	   +1.956430e-005
+2.468400e+004	   +2.002811e-005
+2.468500e+004	   +2.011291e-005
+2.468600e+004	   +1.906941e-005
+2.468700e+004	   +1.745897e-005
+2.468800e+004	   +1.693918e-005
+2.468900e+004	   +1.744359e-005
+2.469000e+004	   +1.869117e-005
+2.469100e+004	   +1.966520e-005
+2.469200e+004	   +2.054696e-005
+2.469300e+004	   +2.135538e-005
+2.469400e+004	   +1.993216e-005
+2.469500e+004	   +1.949714e-005
+2.469600e+004	   +1.916357e-005
+2.469700e+004	   +1.795286e-005
+2.469800e+004	   +1.804939e-005
+2.469900e+004	   +2.012263e-005
+2.470000e+004	   +2.072657e-005
+2.470100e+004	   +2.104180e-005
+2.470200e+004	   +2.036581e-005
+2.470300e+004	   +1.921456e-005
+2.470400e+004	   +1.755691e-005
+2.470500e+004	   +1.708843e-005
+2.470600e+004	   +1.766615e-005
+2.470700e+004	   +1.832149e-005
+2.470800e+004	   +1.916951e-005
+2.470900e+004	   +1.868477e-005
+2.471000e+004	   +1.761519e-005
+2.471100e+004	   +1.830953e-005
+2.471200e+004	   +1.826684e-005
+2.471300e+004	   +1.781426e-005
+2.471400e+004	   +1.598413e-005
+2.471500e+004	   +1.749626e-005
+2.471600e+004	   +1.934415e-005
+2.471700e+004	   +1.899506e-005
+2.471800e+004	   +1.943755e-005
+2.471900e+004	   +1.825199e-005
+2.472000e+004	   +1.809247e-005
+2.472100e+004	   +1.990738e-005
+2.472200e+004	   +1.968399e-005
+2.472300e+004	   +1.990655e-005
+2.472400e+004	   +1.993078e-005
+2.472500e+004	   +2.012623e-005
+2.472600e+004	   +2.025821e-005
+2.472700e+004	   +2.003179e-005
+2.472800e+004	   +1.879637e-005
+2.472900e+004	   +1.830430e-005
+2.473000e+004	   +1.942707e-005
+2.473100e+004	   +1.930530e-005
+2.473200e+004	   +1.932258e-005
+2.473300e+004	   +1.707939e-005
+2.473400e+004	   +1.527214e-005
+2.473500e+004	   +1.813039e-005
+2.473600e+004	   +1.971618e-005
+2.473700e+004	   +1.975266e-005
+2.473800e+004	   +2.098551e-005
+2.473900e+004	   +2.109169e-005
+2.474000e+004	   +1.900028e-005
+2.474100e+004	   +1.925652e-005
+2.474200e+004	   +2.170169e-005
+2.474300e+004	   +2.284386e-005
+2.474400e+004	   +2.128048e-005
+2.474500e+004	   +1.878191e-005
+2.474600e+004	   +1.820401e-005
+2.474700e+004	   +1.983738e-005
+2.474800e+004	   +2.055984e-005
+2.474900e+004	   +1.980104e-005
+2.475000e+004	   +1.885323e-005
+2.475100e+004	   +2.008793e-005
+2.475200e+004	   +2.037982e-005
+2.475300e+004	   +1.874565e-005
+2.475400e+004	   +1.997547e-005
+2.475500e+004	   +2.184119e-005
+2.475600e+004	   +2.140785e-005
+2.475700e+004	   +2.091218e-005
+2.475800e+004	   +1.994703e-005
+2.475900e+004	   +1.869599e-005
+2.476000e+004	   +1.905437e-005
+2.476100e+004	   +2.077370e-005
+2.476200e+004	   +2.192184e-005
+2.476300e+004	   +2.145543e-005
+2.476400e+004	   +2.161791e-005
+2.476500e+004	   +2.062704e-005
+2.476600e+004	   +1.702487e-005
+2.476700e+004	   +1.739600e-005
+2.476800e+004	   +1.948693e-005
+2.476900e+004	   +2.053575e-005
+2.477000e+004	   +1.996216e-005
+2.477100e+004	   +1.864485e-005
+2.477200e+004	   +1.800017e-005
+2.477300e+004	   +1.837252e-005
+2.477400e+004	   +1.845764e-005
+2.477500e+004	   +1.899729e-005
+2.477600e+004	   +2.010013e-005
+2.477700e+004	   +2.083975e-005
+2.477800e+004	   +2.179883e-005
+2.477900e+004	   +2.133914e-005
+2.478000e+004	   +2.040144e-005
+2.478100e+004	   +1.950619e-005
+2.478200e+004	   +2.005566e-005
+2.478300e+004	   +2.051215e-005
+2.478400e+004	   +1.922344e-005
+2.478500e+004	   +1.833182e-005
+2.478600e+004	   +1.722487e-005
+2.478700e+004	   +1.738269e-005
+2.478800e+004	   +1.788768e-005
+2.478900e+004	   +1.805149e-005
+2.479000e+004	   +1.936897e-005
+2.479100e+004	   +2.022414e-005
+2.479200e+004	   +1.979461e-005
+2.479300e+004	   +1.927588e-005
+2.479400e+004	   +1.937756e-005
+2.479500e+004	   +1.899035e-005
+2.479600e+004	   +1.890433e-005
+2.479700e+004	   +1.968058e-005
+2.479800e+004	   +1.911081e-005
+2.479900e+004	   +1.879650e-005
+2.480000e+004	   +1.856341e-005
+2.480100e+004	   +1.952707e-005
+2.480200e+004	   +1.977070e-005
+2.480300e+004	   +1.813945e-005
+2.480400e+004	   +1.871493e-005
+2.480500e+004	   +2.032326e-005
+2.480600e+004	   +2.019516e-005
+2.480700e+004	   +1.765118e-005
+2.480800e+004	   +1.726939e-005
+2.480900e+004	   +1.878016e-005
+2.481000e+004	   +1.895498e-005
+2.481100e+004	   +1.911486e-005
+2.481200e+004	   +1.970925e-005
+2.481300e+004	   +1.886212e-005
+2.481400e+004	   +1.839864e-005
+2.481500e+004	   +1.995298e-005
+2.481600e+004	   +2.157368e-005
+2.481700e+004	   +2.114642e-005
+2.481800e+004	   +2.027087e-005
+2.481900e+004	   +1.946927e-005
+2.482000e+004	   +1.854701e-005
+2.482100e+004	   +1.631780e-005
+2.482200e+004	   +1.572750e-005
+2.482300e+004	   +1.762372e-005
+2.482400e+004	   +1.857417e-005
+2.482500e+004	   +1.958496e-005
+2.482600e+004	   +1.919836e-005
+2.482700e+004	   +1.837583e-005
+2.482800e+004	   +1.837228e-005
+2.482900e+004	   +1.832520e-005
+2.483000e+004	   +1.919465e-005
+2.483100e+004	   +1.997323e-005
+2.483200e+004	   +2.022818e-005
+2.483300e+004	   +1.876724e-005
+2.483400e+004	   +1.755190e-005
+2.483500e+004	   +1.810582e-005
+2.483600e+004	   +2.014246e-005
+2.483700e+004	   +1.986127e-005
+2.483800e+004	   +1.858482e-005
+2.483900e+004	   +1.660713e-005
+2.484000e+004	   +1.678780e-005
+2.484100e+004	   +1.686774e-005
+2.484200e+004	   +1.701725e-005
+2.484300e+004	   +1.714372e-005
+2.484400e+004	   +1.625788e-005
+2.484500e+004	   +1.667552e-005
+2.484600e+004	   +1.705185e-005
+2.484700e+004	   +1.841380e-005
+2.484800e+004	   +1.909598e-005
+2.484900e+004	   +1.973270e-005
+2.485000e+004	   +2.030274e-005
+2.485100e+004	   +2.034599e-005
+2.485200e+004	   +1.995789e-005
+2.485300e+004	   +1.886226e-005
+2.485400e+004	   +1.862977e-005
+2.485500e+004	   +1.844901e-005
+2.485600e+004	   +1.837950e-005
+2.485700e+004	   +1.812082e-005
+2.485800e+004	   +1.822443e-005
+2.485900e+004	   +1.988460e-005
+2.486000e+004	   +2.023509e-005
+2.486100e+004	   +1.985285e-005
+2.486200e+004	   +2.019170e-005
+2.486300e+004	   +2.092242e-005
+2.486400e+004	   +2.072113e-005
+2.486500e+004	   +2.017327e-005
+2.486600e+004	   +2.157278e-005
+2.486700e+004	   +2.047723e-005
+2.486800e+004	   +1.887511e-005
+2.486900e+004	   +1.960712e-005
+2.487000e+004	   +1.964092e-005
+2.487100e+004	   +1.922893e-005
+2.487200e+004	   +1.814875e-005
+2.487300e+004	   +1.930744e-005
+2.487400e+004	   +2.002675e-005
+2.487500e+004	   +2.011923e-005
+2.487600e+004	   +2.009068e-005
+2.487700e+004	   +1.762482e-005
+2.487800e+004	   +1.800660e-005
+2.487900e+004	   +2.034499e-005
+2.488000e+004	   +2.047523e-005
+2.488100e+004	   +1.988388e-005
+2.488200e+004	   +1.875809e-005
+2.488300e+004	   +1.884138e-005
+2.488400e+004	   +1.920076e-005
+2.488500e+004	   +1.902449e-005
+2.488600e+004	   +2.038159e-005
+2.488700e+004	   +2.112467e-005
+2.488800e+004	   +1.946176e-005
+2.488900e+004	   +1.897316e-005
+2.489000e+004	   +1.817110e-005
+2.489100e+004	   +1.757551e-005
+2.489200e+004	   +1.880067e-005
+2.489300e+004	   +1.995798e-005
+2.489400e+004	   +1.957678e-005
+2.489500e+004	   +1.871341e-005
+2.489600e+004	   +1.946283e-005
+2.489700e+004	   +2.079728e-005
+2.489800e+004	   +2.002682e-005
+2.489900e+004	   +1.763508e-005
+2.490000e+004	   +1.626045e-005
+2.490100e+004	   +1.756781e-005
+2.490200e+004	   +1.953880e-005
+2.490300e+004	   +1.947021e-005
+2.490400e+004	   +2.022929e-005
+2.490500e+004	   +2.128717e-005
+2.490600e+004	   +1.982606e-005
+2.490700e+004	   +1.840713e-005
+2.490800e+004	   +1.911299e-005
+2.490900e+004	   +1.880019e-005
+2.491000e+004	   +1.871548e-005
+2.491100e+004	   +1.796951e-005
+2.491200e+004	   +1.866428e-005
+2.491300e+004	   +1.886510e-005
+2.491400e+004	   +1.958816e-005
+2.491500e+004	   +2.030424e-005
+2.491600e+004	   +1.960389e-005
+2.491700e+004	   +1.843998e-005
+2.491800e+004	   +1.799660e-005
+2.491900e+004	   +1.781136e-005
+2.492000e+004	   +1.872424e-005
+2.492100e+004	   +1.998541e-005
+2.492200e+004	   +1.991632e-005
+2.492300e+004	   +1.935016e-005
+2.492400e+004	   +1.999030e-005
+2.492500e+004	   +2.060183e-005
+2.492600e+004	   +2.085772e-005
+2.492700e+004	   +2.040631e-005
+2.492800e+004	   +1.838445e-005
+2.492900e+004	   +1.848328e-005
+2.493000e+004	   +2.050069e-005
+2.493100e+004	   +2.036550e-005
+2.493200e+004	   +1.978335e-005
+2.493300e+004	   +1.998824e-005
+2.493400e+004	   +1.910838e-005
+2.493500e+004	   +1.819846e-005
+2.493600e+004	   +2.042090e-005
+2.493700e+004	   +2.160450e-005
+2.493800e+004	   +1.915322e-005
+2.493900e+004	   +1.948175e-005
+2.494000e+004	   +2.091565e-005
+2.494100e+004	   +2.014016e-005
+2.494200e+004	   +1.849339e-005
+2.494300e+004	   +1.890068e-005
+2.494400e+004	   +1.943518e-005
+2.494500e+004	   +1.866129e-005
+2.494600e+004	   +1.989724e-005
+2.494700e+004	   +2.170655e-005
+2.494800e+004	   +2.102698e-005
+2.494900e+004	   +2.000075e-005
+2.495000e+004	   +1.874532e-005
+2.495100e+004	   +1.862907e-005
+2.495200e+004	   +1.838146e-005
+2.495300e+004	   +1.821441e-005
+2.495400e+004	   +1.799863e-005
+2.495500e+004	   +1.995923e-005
+2.495600e+004	   +2.136085e-005
+2.495700e+004	   +1.815166e-005
+2.495800e+004	   +1.764010e-005
+2.495900e+004	   +2.042480e-005
+2.496000e+004	   +1.948629e-005
+2.496100e+004	   +1.754922e-005
+2.496200e+004	   +1.850362e-005
+2.496300e+004	   +2.038888e-005
+2.496400e+004	   +2.153121e-005
+2.496500e+004	   +1.965190e-005
+2.496600e+004	   +1.801085e-005
+2.496700e+004	   +1.735001e-005
+2.496800e+004	   +1.815656e-005
+2.496900e+004	   +2.061217e-005
+2.497000e+004	   +1.980735e-005
+2.497100e+004	   +1.842136e-005
+2.497200e+004	   +1.809336e-005
+2.497300e+004	   +1.865867e-005
+2.497400e+004	   +1.993704e-005
+2.497500e+004	   +1.964985e-005
+2.497600e+004	   +1.823208e-005
+2.497700e+004	   +1.950418e-005
+2.497800e+004	   +2.032284e-005
+2.497900e+004	   +1.907637e-005
+2.498000e+004	   +1.848210e-005
+2.498100e+004	   +1.838093e-005
+2.498200e+004	   +1.916227e-005
+2.498300e+004	   +1.995500e-005
+2.498400e+004	   +1.955610e-005
+2.498500e+004	   +1.806773e-005
+2.498600e+004	   +1.759499e-005
+2.498700e+004	   +1.783165e-005
+2.498800e+004	   +1.797665e-005
+2.498900e+004	   +1.879873e-005
+2.499000e+004	   +2.025792e-005
+2.499100e+004	   +2.115134e-005
+2.499200e+004	   +2.088662e-005
+2.499300e+004	   +1.938780e-005
+2.499400e+004	   +1.771177e-005
+2.499500e+004	   +1.871637e-005
+2.499600e+004	   +1.813758e-005
+2.499700e+004	   +1.844401e-005
+2.499800e+004	   +1.939029e-005
+2.499900e+004	   +1.825918e-005
+2.500000e+004	   +1.648076e-005
