+2.980000e+004	   +1.649149e-005
+2.980100e+004	   +1.792458e-005
+2.980200e+004	   +1.955648e-005
+2.980300e+004	   +1.894869e-005
+2.980400e+004	   +1.721685e-005
+2.980500e+004	   +1.809684e-005
+2.980600e+004	   +1.795343e-005
+2.980700e+004	   +1.797341e-005
+2.980800e+004	   +1.695928e-005
+2.980900e+004	   +1.583800e-005
+2.981000e+004	   +1.764591e-005
+2.981100e+004	   +1.806432e-005
+2.981200e+004	   +1.956707e-005
+2.981300e+004	   +1.927258e-005
+2.981400e+004	   +1.785367e-005
+2.981500e+004	   +2.080664e-005
+2.981600e+004	   +2.158852e-005
+2.981700e+004	   +1.910775e-005
+2.981800e+004	   +1.814493e-005
+2.981900e+004	   +1.779916e-005
+2.982000e+004	   +1.861962e-005
+2.982100e+004	   +2.025283e-005
+2.982200e+004	   +1.873158e-005
+2.982300e+004	   +1.720610e-005
+2.982400e+004	   +1.824315e-005
+2.982500e+004	   +1.975794e-005
+2.982600e+004	   +1.867302e-005
+2.982700e+004	   +1.789045e-005
+2.982800e+004	   +1.771928e-005
+2.982900e+004	   +1.724908e-005
+2.983000e+004	   +1.899978e-005
+2.983100e+004	   +1.988099e-005
+2.983200e+004	   +1.937890e-005
+2.983300e+004	   +1.927905e-005
+2.983400e+004	   +2.064408e-005
+2.983500e+004	   +2.129668e-005
+2.983600e+004	   +2.111772e-005
+2.983700e+004	   +1.878637e-005
+2.983800e+004	   +1.776028e-005
+2.983900e+004	   +1.859074e-005
+2.984000e+004	   +1.858419e-005
+2.984100e+004	   +1.966302e-005
+2.984200e+004	   +2.066535e-005
+2.984300e+004	   +2.074107e-005
+2.984400e+004	   +1.944269e-005
+2.984500e+004	   +1.927569e-005
+2.984600e+004	   +1.766027e-005
+2.984700e+004	   +1.534118e-005
+2.984800e+004	   +1.598025e-005
+2.984900e+004	   +1.717583e-005
+2.985000e+004	   +1.764725e-005
+2.985100e+004	   +1.989346e-005
+2.985200e+004	   +2.043981e-005
+2.985300e+004	   +2.039074e-005
+2.985400e+004	   +1.923583e-005
+2.985500e+004	   +1.922395e-005
+2.985600e+004	   +1.931711e-005
+2.985700e+004	   +1.864835e-005
+2.985800e+004	   +1.849403e-005
+2.985900e+004	   +1.977777e-005
+2.986000e+004	   +1.915831e-005
+2.986100e+004	   +1.801006e-005
+2.986200e+004	   +1.721411e-005
+2.986300e+004	   +1.594562e-005
+2.986400e+004	   +1.505651e-005
+2.986500e+004	   +1.664299e-005
+2.986600e+004	   +1.945679e-005
+2.986700e+004	   +1.848713e-005
+2.986800e+004	   +1.769280e-005
+2.986900e+004	   +1.888406e-005
+2.987000e+004	   +2.026646e-005
+2.987100e+004	   +2.031392e-005
+2.987200e+004	   +2.005322e-005
+2.987300e+004	   +1.979726e-005
+2.987400e+004	   +1.865982e-005
+2.987500e+004	   +1.931507e-005
+2.987600e+004	   +2.162555e-005
+2.987700e+004	   +2.126353e-005
+2.987800e+004	   +1.831822e-005
+2.987900e+004	   +1.717345e-005
+2.988000e+004	   +1.677717e-005
+2.988100e+004	   +1.690432e-005
+2.988200e+004	   +1.799642e-005
+2.988300e+004	   +1.800341e-005
+2.988400e+004	   +1.932266e-005
+2.988500e+004	   +1.886777e-005
+2.988600e+004	   +1.832316e-005
+2.988700e+004	   +1.873824e-005
+2.988800e+004	   +1.838106e-005
+2.988900e+004	   +1.884651e-005
+2.989000e+004	   +2.069968e-005
+2.989100e+004	   +1.922623e-005
+2.989200e+004	   +1.959726e-005
+2.989300e+004	   +2.100466e-005
+2.989400e+004	   +2.024062e-005
+2.989500e+004	   +1.844978e-005
+2.989600e+004	   +1.799114e-005
+2.989700e+004	   +2.025654e-005
+2.989800e+004	   +2.062088e-005
+2.989900e+004	   +1.881500e-005
+2.990000e+004	   +1.835474e-005
+2.990100e+004	   +1.859337e-005
+2.990200e+004	   +1.963646e-005
+2.990300e+004	   +1.815094e-005
+2.990400e+004	   +1.674274e-005
+2.990500e+004	   +1.716152e-005
+2.990600e+004	   +1.730530e-005
+2.990700e+004	   +1.839081e-005
+2.990800e+004	   +2.037194e-005
+2.990900e+004	   +1.851453e-005
+2.991000e+004	   +1.532998e-005
+2.991100e+004	   +1.755431e-005
+2.991200e+004	   +2.160485e-005
+2.991300e+004	   +2.011187e-005
+2.991400e+004	   +1.788216e-005
+2.991500e+004	   +1.845720e-005
+2.991600e+004	   +1.903561e-005
+2.991700e+004	   +1.870228e-005
+2.991800e+004	   +1.949117e-005
+2.991900e+004	   +1.953938e-005
+2.992000e+004	   +1.809934e-005
+2.992100e+004	   +1.897860e-005
+2.992200e+004	   +2.077167e-005
+2.992300e+004	   +2.019022e-005
+2.992400e+004	   +1.942131e-005
+2.992500e+004	   +1.880715e-005
+2.992600e+004	   +1.985146e-005
+2.992700e+004	   +2.157991e-005
+2.992800e+004	   +1.946676e-005
+2.992900e+004	   +1.782576e-005
+2.993000e+004	   +1.984797e-005
+2.993100e+004	   +2.035077e-005
+2.993200e+004	   +1.828008e-005
+2.993300e+004	   +1.678470e-005
+2.993400e+004	   +1.702603e-005
+2.993500e+004	   +1.846533e-005
+2.993600e+004	   +1.940548e-005
+2.993700e+004	   +1.906039e-005
+2.993800e+004	   +2.002750e-005
+2.993900e+004	   +2.263493e-005
+2.994000e+004	   +2.217131e-005
+2.994100e+004	   +2.041830e-005
+2.994200e+004	   +2.218994e-005
+2.994300e+004	   +2.208736e-005
+2.994400e+004	   +2.166117e-005
+2.994500e+004	   +2.137060e-005
+2.994600e+004	   +2.136052e-005
+2.994700e+004	   +1.989547e-005
+2.994800e+004	   +1.921274e-005
+2.994900e+004	   +1.967409e-005
+2.995000e+004	   +2.081555e-005
+2.995100e+004	   +2.082641e-005
+2.995200e+004	   +2.074464e-005
+2.995300e+004	   +2.028920e-005
+2.995400e+004	   +2.079093e-005
+2.995500e+004	   +2.280031e-005
+2.995600e+004	   +2.310437e-005
+2.995700e+004	   +2.258390e-005
+2.995800e+004	   +2.103120e-005
+2.995900e+004	   +1.872482e-005
+2.996000e+004	   +1.994111e-005
+2.996100e+004	   +1.913371e-005
+2.996200e+004	   +1.835871e-005
+2.996300e+004	   +2.142836e-005
+2.996400e+004	   +2.206104e-005
+2.996500e+004	   +2.067901e-005
+2.996600e+004	   +2.054154e-005
+2.996700e+004	   +2.220290e-005
+2.996800e+004	   +2.090238e-005
+2.996900e+004	   +1.763440e-005
+2.997000e+004	   +1.584440e-005
+2.997100e+004	   +1.483541e-005
+2.997200e+004	   +1.674156e-005
+2.997300e+004	   +1.859944e-005
+2.997400e+004	   +1.977882e-005
+2.997500e+004	   +1.934708e-005
+2.997600e+004	   +1.708873e-005
+2.997700e+004	   +1.644325e-005
+2.997800e+004	   +1.805583e-005
+2.997900e+004	   +1.883753e-005
+2.998000e+004	   +1.866996e-005
+2.998100e+004	   +1.974471e-005
+2.998200e+004	   +1.940908e-005
+2.998300e+004	   +1.782191e-005
+2.998400e+004	   +1.704066e-005
+2.998500e+004	   +1.751627e-005
+2.998600e+004	   +2.056352e-005
+2.998700e+004	   +2.088212e-005
+2.998800e+004	   +1.967880e-005
+2.998900e+004	   +2.027724e-005
+2.999000e+004	   +2.094902e-005
+2.999100e+004	   +2.007413e-005
+2.999200e+004	   +1.694891e-005
+2.999300e+004	   +1.518553e-005
+2.999400e+004	   +1.485348e-005
+2.999500e+004	   +1.753247e-005
+2.999600e+004	   +1.870458e-005
+2.999700e+004	   +1.743195e-005
+2.999800e+004	   +1.775718e-005
+2.999900e+004	   +1.832785e-005
+3.000000e+004	   +1.862083e-005
+3.000100e+004	   +1.966528e-005
+3.000200e+004	   +2.000012e-005
+3.000300e+004	   +1.844526e-005
+3.000400e+004	   +1.835839e-005
+3.000500e+004	   +1.916500e-005
+3.000600e+004	   +1.781956e-005
+3.000700e+004	   +1.758122e-005
+3.000800e+004	   +1.925671e-005
+3.000900e+004	   +2.097279e-005
+3.001000e+004	   +2.051902e-005
+3.001100e+004	   +1.890234e-005
+3.001200e+004	   +1.826656e-005
+3.001300e+004	   +1.988586e-005
+3.001400e+004	   +2.350837e-005
+3.001500e+004	   +2.337910e-005
+3.001600e+004	   +2.032574e-005
+3.001700e+004	   +2.054743e-005
+3.001800e+004	   +2.043949e-005
+3.001900e+004	   +2.010472e-005
+3.002000e+004	   +2.211964e-005
+3.002100e+004	   +2.155391e-005
+3.002200e+004	   +1.963180e-005
+3.002300e+004	   +2.007463e-005
+3.002400e+004	   +2.016089e-005
+3.002500e+004	   +1.927912e-005
+3.002600e+004	   +2.025761e-005
+3.002700e+004	   +2.075305e-005
+3.002800e+004	   +1.774733e-005
+3.002900e+004	   +1.708781e-005
+3.003000e+004	   +1.973543e-005
+3.003100e+004	   +1.927935e-005
+3.003200e+004	   +1.595706e-005
+3.003300e+004	   +1.868272e-005
+3.003400e+004	   +2.086690e-005
+3.003500e+004	   +2.053022e-005
+3.003600e+004	   +1.992067e-005
+3.003700e+004	   +1.813304e-005
+3.003800e+004	   +1.874446e-005
+3.003900e+004	   +2.027098e-005
+3.004000e+004	   +1.976214e-005
+3.004100e+004	   +1.955067e-005
+3.004200e+004	   +1.851821e-005
+3.004300e+004	   +1.880319e-005
+3.004400e+004	   +2.089960e-005
+3.004500e+004	   +2.117430e-005
+3.004600e+004	   +2.145548e-005
+3.004700e+004	   +2.077651e-005
+3.004800e+004	   +1.841687e-005
+3.004900e+004	   +1.911068e-005
+3.005000e+004	   +2.127506e-005
+3.005100e+004	   +1.970851e-005
+3.005200e+004	   +1.743692e-005
+3.005300e+004	   +1.917860e-005
+3.005400e+004	   +1.931683e-005
+3.005500e+004	   +1.998001e-005
+3.005600e+004	   +1.886843e-005
+3.005700e+004	   +1.586214e-005
+3.005800e+004	   +1.480499e-005
+3.005900e+004	   +1.561185e-005
+3.006000e+004	   +1.695205e-005
+3.006100e+004	   +1.752966e-005
+3.006200e+004	   +2.048787e-005
+3.006300e+004	   +2.068526e-005
+3.006400e+004	   +2.038649e-005
+3.006500e+004	   +1.957631e-005
+3.006600e+004	   +1.887875e-005
+3.006700e+004	   +1.887859e-005
+3.006800e+004	   +1.927653e-005
+3.006900e+004	   +1.974848e-005
+3.007000e+004	   +1.864614e-005
+3.007100e+004	   +1.931446e-005
+3.007200e+004	   +2.193289e-005
+3.007300e+004	   +2.258697e-005
+3.007400e+004	   +2.169342e-005
+3.007500e+004	   +1.981849e-005
+3.007600e+004	   +1.865978e-005
+3.007700e+004	   +1.782801e-005
+3.007800e+004	   +1.675311e-005
+3.007900e+004	   +1.621422e-005
+3.008000e+004	   +1.877000e-005
+3.008100e+004	   +2.171945e-005
+3.008200e+004	   +2.095086e-005
+3.008300e+004	   +1.979483e-005
+3.008400e+004	   +2.267924e-005
+3.008500e+004	   +2.144596e-005
+3.008600e+004	   +1.972172e-005
+3.008700e+004	   +1.963730e-005
+3.008800e+004	   +2.071874e-005
+3.008900e+004	   +2.167792e-005
+3.009000e+004	   +2.162208e-005
+3.009100e+004	   +2.079351e-005
+3.009200e+004	   +2.003330e-005
+3.009300e+004	   +2.050952e-005
+3.009400e+004	   +1.950761e-005
+3.009500e+004	   +1.955447e-005
+3.009600e+004	   +1.885032e-005
+3.009700e+004	   +1.945407e-005
+3.009800e+004	   +1.877237e-005
+3.009900e+004	   +1.484535e-005
+3.010000e+004	   +1.520241e-005
+3.010100e+004	   +1.587798e-005
+3.010200e+004	   +1.703736e-005
+3.010300e+004	   +1.817517e-005
+3.010400e+004	   +1.894761e-005
+3.010500e+004	   +2.027485e-005
+3.010600e+004	   +1.823592e-005
+3.010700e+004	   +1.782075e-005
+3.010800e+004	   +1.961941e-005
+3.010900e+004	   +1.909051e-005
+3.011000e+004	   +1.760295e-005
+3.011100e+004	   +1.591503e-005
+3.011200e+004	   +1.708704e-005
+3.011300e+004	   +1.969724e-005
+3.011400e+004	   +2.177496e-005
+3.011500e+004	   +2.257956e-005
+3.011600e+004	   +2.016602e-005
+3.011700e+004	   +1.771299e-005
+3.011800e+004	   +1.823186e-005
+3.011900e+004	   +1.875836e-005
+3.012000e+004	   +1.807855e-005
+3.012100e+004	   +1.872685e-005
+3.012200e+004	   +2.048161e-005
+3.012300e+004	   +1.973225e-005
+3.012400e+004	   +1.812716e-005
+3.012500e+004	   +1.918806e-005
+3.012600e+004	   +1.930871e-005
+3.012700e+004	   +1.777756e-005
+3.012800e+004	   +1.925456e-005
+3.012900e+004	   +2.004270e-005
+3.013000e+004	   +2.022021e-005
+3.013100e+004	   +1.977606e-005
+3.013200e+004	   +1.961851e-005
+3.013300e+004	   +2.047952e-005
+3.013400e+004	   +2.133239e-005
+3.013500e+004	   +2.080765e-005
+3.013600e+004	   +1.832298e-005
+3.013700e+004	   +1.741968e-005
+3.013800e+004	   +1.781754e-005
+3.013900e+004	   +1.923129e-005
+3.014000e+004	   +2.049741e-005
+3.014100e+004	   +1.945567e-005
+3.014200e+004	   +1.712551e-005
+3.014300e+004	   +1.735567e-005
+3.014400e+004	   +1.792802e-005
+3.014500e+004	   +1.777194e-005
+3.014600e+004	   +1.859519e-005
+3.014700e+004	   +1.837766e-005
+3.014800e+004	   +1.685007e-005
+3.014900e+004	   +1.642079e-005
+3.015000e+004	   +1.772363e-005
+3.015100e+004	   +1.911190e-005
+3.015200e+004	   +1.883637e-005
+3.015300e+004	   +1.778131e-005
+3.015400e+004	   +1.971895e-005
+3.015500e+004	   +2.110633e-005
+3.015600e+004	   +1.921608e-005
+3.015700e+004	   +1.879900e-005
+3.015800e+004	   +2.044569e-005
+3.015900e+004	   +1.944886e-005
+3.016000e+004	   +1.814531e-005
+3.016100e+004	   +1.909824e-005
+3.016200e+004	   +1.819564e-005
+3.016300e+004	   +1.842642e-005
+3.016400e+004	   +2.019203e-005
+3.016500e+004	   +1.934279e-005
+3.016600e+004	   +1.783753e-005
+3.016700e+004	   +1.835744e-005
+3.016800e+004	   +1.912586e-005
+3.016900e+004	   +1.943270e-005
+3.017000e+004	   +1.923769e-005
+3.017100e+004	   +1.988294e-005
+3.017200e+004	   +2.394182e-005
+3.017300e+004	   +2.398549e-005
+3.017400e+004	   +1.940526e-005
+3.017500e+004	   +1.822985e-005
+3.017600e+004	   +2.159214e-005
+3.017700e+004	   +2.234673e-005
+3.017800e+004	   +1.946717e-005
+3.017900e+004	   +1.861081e-005
+3.018000e+004	   +1.841845e-005
+3.018100e+004	   +1.725673e-005
+3.018200e+004	   +1.707936e-005
+3.018300e+004	   +1.772679e-005
+3.018400e+004	   +1.697215e-005
+3.018500e+004	   +1.720727e-005
+3.018600e+004	   +1.900735e-005
+3.018700e+004	   +1.959065e-005
+3.018800e+004	   +1.749999e-005
+3.018900e+004	   +1.557813e-005
+3.019000e+004	   +1.699859e-005
+3.019100e+004	   +1.741769e-005
+3.019200e+004	   +1.895929e-005
+3.019300e+004	   +2.021717e-005
+3.019400e+004	   +1.861989e-005
+3.019500e+004	   +1.821779e-005
+3.019600e+004	   +1.712551e-005
+3.019700e+004	   +1.670990e-005
+3.019800e+004	   +1.901946e-005
+3.019900e+004	   +2.114886e-005
+3.020000e+004	   +1.997519e-005
+3.020100e+004	   +1.817086e-005
+3.020200e+004	   +1.947788e-005
+3.020300e+004	   +2.138513e-005
+3.020400e+004	   +2.218049e-005
+3.020500e+004	   +2.048128e-005
+3.020600e+004	   +1.624929e-005
+3.020700e+004	   +1.574481e-005
+3.020800e+004	   +1.803905e-005
+3.020900e+004	   +1.754724e-005
+3.021000e+004	   +1.758597e-005
+3.021100e+004	   +1.732553e-005
+3.021200e+004	   +1.692180e-005
+3.021300e+004	   +1.739275e-005
+3.021400e+004	   +1.859239e-005
+3.021500e+004	   +1.923757e-005
+3.021600e+004	   +1.885580e-005
+3.021700e+004	   +1.997865e-005
+3.021800e+004	   +1.979581e-005
+3.021900e+004	   +1.722795e-005
+3.022000e+004	   +1.561257e-005
+3.022100e+004	   +1.963508e-005
+3.022200e+004	   +2.199238e-005
+3.022300e+004	   +1.881116e-005
+3.022400e+004	   +1.538581e-005
+3.022500e+004	   +1.762014e-005
+3.022600e+004	   +2.091785e-005
+3.022700e+004	   +1.966796e-005
+3.022800e+004	   +1.655277e-005
+3.022900e+004	   +1.801718e-005
+3.023000e+004	   +1.915198e-005
+3.023100e+004	   +1.787629e-005
+3.023200e+004	   +1.518534e-005
+3.023300e+004	   +1.505392e-005
+3.023400e+004	   +1.794461e-005
+3.023500e+004	   +2.129921e-005
+3.023600e+004	   +2.100491e-005
+3.023700e+004	   +1.909372e-005
+3.023800e+004	   +1.758632e-005
+3.023900e+004	   +1.696652e-005
+3.024000e+004	   +1.709035e-005
+3.024100e+004	   +1.781766e-005
+3.024200e+004	   +1.692895e-005
+3.024300e+004	   +1.720263e-005
+3.024400e+004	   +1.872336e-005
+3.024500e+004	   +1.927979e-005
+3.024600e+004	   +1.757846e-005
+3.024700e+004	   +1.776956e-005
+3.024800e+004	   +2.067550e-005
+3.024900e+004	   +2.168611e-005
+3.025000e+004	   +2.175338e-005
+3.025100e+004	   +1.936059e-005
+3.025200e+004	   +1.703482e-005
+3.025300e+004	   +1.711147e-005
+3.025400e+004	   +1.809964e-005
+3.025500e+004	   +1.784049e-005
+3.025600e+004	   +1.760465e-005
+3.025700e+004	   +1.952578e-005
+3.025800e+004	   +1.985841e-005
+3.025900e+004	   +1.795245e-005
+3.026000e+004	   +1.656449e-005
+3.026100e+004	   +1.558224e-005
+3.026200e+004	   +1.686730e-005
+3.026300e+004	   +1.617501e-005
+3.026400e+004	   +1.667581e-005
+3.026500e+004	   +1.858152e-005
+3.026600e+004	   +2.091721e-005
+3.026700e+004	   +2.167249e-005
+3.026800e+004	   +2.144611e-005
+3.026900e+004	   +2.171959e-005
+3.027000e+004	   +2.048157e-005
+3.027100e+004	   +2.017094e-005
+3.027200e+004	   +1.915497e-005
+3.027300e+004	   +1.796012e-005
+3.027400e+004	   +1.969646e-005
+3.027500e+004	   +2.065043e-005
+3.027600e+004	   +1.806162e-005
+3.027700e+004	   +1.591194e-005
+3.027800e+004	   +1.723030e-005
+3.027900e+004	   +2.105160e-005
+3.028000e+004	   +2.102931e-005
+3.028100e+004	   +1.776258e-005
+3.028200e+004	   +1.757253e-005
+3.028300e+004	   +1.935396e-005
+3.028400e+004	   +1.829713e-005
+3.028500e+004	   +1.565550e-005
+3.028600e+004	   +1.805052e-005
+3.028700e+004	   +2.043184e-005
+3.028800e+004	   +2.113834e-005
+3.028900e+004	   +2.029960e-005
+3.029000e+004	   +1.873475e-005
+3.029100e+004	   +1.748362e-005
+3.029200e+004	   +1.439872e-005
+3.029300e+004	   +1.474093e-005
+3.029400e+004	   +1.822801e-005
+3.029500e+004	   +1.981614e-005
+3.029600e+004	   +2.278777e-005
+3.029700e+004	   +2.330831e-005
+3.029800e+004	   +2.022889e-005
+3.029900e+004	   +2.011772e-005
+3.030000e+004	   +2.003834e-005
+3.030100e+004	   +1.728051e-005
+3.030200e+004	   +1.858152e-005
+3.030300e+004	   +2.085632e-005
+3.030400e+004	   +1.831067e-005
+3.030500e+004	   +1.872609e-005
+3.030600e+004	   +1.961508e-005
+3.030700e+004	   +2.013423e-005
+3.030800e+004	   +2.028663e-005
+3.030900e+004	   +1.747873e-005
+3.031000e+004	   +1.561231e-005
+3.031100e+004	   +1.676442e-005
+3.031200e+004	   +1.850102e-005
+3.031300e+004	   +1.944944e-005
+3.031400e+004	   +2.120084e-005
+3.031500e+004	   +2.089464e-005
+3.031600e+004	   +2.079968e-005
+3.031700e+004	   +2.355335e-005
+3.031800e+004	   +2.358881e-005
+3.031900e+004	   +1.940028e-005
+3.032000e+004	   +1.836094e-005
+3.032100e+004	   +2.219859e-005
+3.032200e+004	   +2.291721e-005
+3.032300e+004	   +2.195147e-005
+3.032400e+004	   +2.045307e-005
+3.032500e+004	   +2.001053e-005
+3.032600e+004	   +1.882734e-005
+3.032700e+004	   +1.875171e-005
+3.032800e+004	   +1.912174e-005
+3.032900e+004	   +1.908957e-005
+3.033000e+004	   +2.057429e-005
+3.033100e+004	   +2.145324e-005
+3.033200e+004	   +2.212749e-005
+3.033300e+004	   +2.132869e-005
+3.033400e+004	   +1.794529e-005
+3.033500e+004	   +1.624776e-005
+3.033600e+004	   +1.923148e-005
+3.033700e+004	   +2.184949e-005
+3.033800e+004	   +2.148669e-005
+3.033900e+004	   +2.196364e-005
+3.034000e+004	   +2.148181e-005
+3.034100e+004	   +2.086656e-005
+3.034200e+004	   +1.958302e-005
+3.034300e+004	   +1.725936e-005
+3.034400e+004	   +1.816823e-005
+3.034500e+004	   +1.892686e-005
+3.034600e+004	   +1.995149e-005
+3.034700e+004	   +2.134272e-005
+3.034800e+004	   +2.138387e-005
+3.034900e+004	   +1.929839e-005
+3.035000e+004	   +2.090635e-005
+3.035100e+004	   +2.192430e-005
+3.035200e+004	   +1.848445e-005
+3.035300e+004	   +1.666739e-005
+3.035400e+004	   +1.839931e-005
+3.035500e+004	   +1.869772e-005
+3.035600e+004	   +1.783430e-005
+3.035700e+004	   +1.796392e-005
+3.035800e+004	   +1.665480e-005
+3.035900e+004	   +1.636853e-005
+3.036000e+004	   +1.663806e-005
+3.036100e+004	   +1.549730e-005
+3.036200e+004	   +1.543142e-005
+3.036300e+004	   +1.804458e-005
+3.036400e+004	   +2.056314e-005
+3.036500e+004	   +1.925819e-005
+3.036600e+004	   +1.743832e-005
+3.036700e+004	   +1.762382e-005
+3.036800e+004	   +1.923028e-005
+3.036900e+004	   +2.092764e-005
+3.037000e+004	   +2.134446e-005
+3.037100e+004	   +1.895302e-005
+3.037200e+004	   +1.779690e-005
+3.037300e+004	   +1.893711e-005
+3.037400e+004	   +1.876944e-005
+3.037500e+004	   +1.683547e-005
+3.037600e+004	   +1.865496e-005
+3.037700e+004	   +1.977289e-005
+3.037800e+004	   +1.889441e-005
+3.037900e+004	   +1.854373e-005
+3.038000e+004	   +1.752976e-005
+3.038100e+004	   +1.771128e-005
+3.038200e+004	   +2.094534e-005
+3.038300e+004	   +2.172701e-005
+3.038400e+004	   +1.891593e-005
+3.038500e+004	   +1.826628e-005
+3.038600e+004	   +1.958773e-005
+3.038700e+004	   +2.132069e-005
+3.038800e+004	   +2.110886e-005
+3.038900e+004	   +1.949508e-005
+3.039000e+004	   +1.944218e-005
+3.039100e+004	   +1.953745e-005
+3.039200e+004	   +1.757529e-005
+3.039300e+004	   +1.744880e-005
+3.039400e+004	   +1.871939e-005
+3.039500e+004	   +1.989036e-005
+3.039600e+004	   +1.866316e-005
+3.039700e+004	   +1.717590e-005
+3.039800e+004	   +1.779930e-005
+3.039900e+004	   +1.984959e-005
+3.040000e+004	   +2.064691e-005
+3.040100e+004	   +2.088556e-005
+3.040200e+004	   +1.939135e-005
+3.040300e+004	   +1.780256e-005
+3.040400e+004	   +1.902324e-005
+3.040500e+004	   +2.107179e-005
+3.040600e+004	   +2.015102e-005
+3.040700e+004	   +1.896791e-005
+3.040800e+004	   +1.729778e-005
+3.040900e+004	   +1.618049e-005
+3.041000e+004	   +1.809008e-005
+3.041100e+004	   +2.023709e-005
+3.041200e+004	   +2.068142e-005
+3.041300e+004	   +2.090908e-005
+3.041400e+004	   +2.074191e-005
+3.041500e+004	   +2.051116e-005
+3.041600e+004	   +2.001541e-005
+3.041700e+004	   +1.748239e-005
+3.041800e+004	   +1.749443e-005
+3.041900e+004	   +1.871466e-005
+3.042000e+004	   +1.929981e-005
+3.042100e+004	   +2.106797e-005
+3.042200e+004	   +2.190695e-005
+3.042300e+004	   +2.363674e-005
+3.042400e+004	   +2.402355e-005
+3.042500e+004	   +2.087644e-005
+3.042600e+004	   +1.769192e-005
+3.042700e+004	   +1.980737e-005
+3.042800e+004	   +2.033784e-005
+3.042900e+004	   +1.792893e-005
+3.043000e+004	   +1.756117e-005
+3.043100e+004	   +1.659111e-005
+3.043200e+004	   +1.625852e-005
+3.043300e+004	   +1.754957e-005
+3.043400e+004	   +1.749735e-005
+3.043500e+004	   +1.640608e-005
+3.043600e+004	   +1.642555e-005
+3.043700e+004	   +1.889159e-005
+3.043800e+004	   +2.009744e-005
+3.043900e+004	   +2.025136e-005
+3.044000e+004	   +2.055851e-005
+3.044100e+004	   +2.029701e-005
+3.044200e+004	   +1.754604e-005
+3.044300e+004	   +1.884820e-005
+3.044400e+004	   +2.136873e-005
+3.044500e+004	   +2.020767e-005
+3.044600e+004	   +1.839464e-005
+3.044700e+004	   +1.721307e-005
+3.044800e+004	   +1.743964e-005
+3.044900e+004	   +1.811310e-005
+3.045000e+004	   +1.655519e-005
+3.045100e+004	   +1.554034e-005
+3.045200e+004	   +1.584837e-005
+3.045300e+004	   +1.559086e-005
+3.045400e+004	   +1.625056e-005
+3.045500e+004	   +1.726056e-005
+3.045600e+004	   +1.557628e-005
+3.045700e+004	   +1.526835e-005
+3.045800e+004	   +1.730903e-005
+3.045900e+004	   +1.782341e-005
+3.046000e+004	   +1.888889e-005
+3.046100e+004	   +2.164957e-005
+3.046200e+004	   +2.229608e-005
+3.046300e+004	   +2.130496e-005
+3.046400e+004	   +2.031793e-005
+3.046500e+004	   +1.944959e-005
+3.046600e+004	   +2.031443e-005
+3.046700e+004	   +1.992050e-005
+3.046800e+004	   +1.888010e-005
+3.046900e+004	   +1.963887e-005
+3.047000e+004	   +1.808925e-005
+3.047100e+004	   +1.787083e-005
+3.047200e+004	   +1.875914e-005
+3.047300e+004	   +1.921139e-005
+3.047400e+004	   +1.912886e-005
+3.047500e+004	   +1.787492e-005
+3.047600e+004	   +2.021610e-005
+3.047700e+004	   +2.122362e-005
+3.047800e+004	   +2.062104e-005
+3.047900e+004	   +2.087932e-005
+3.048000e+004	   +1.975002e-005
+3.048100e+004	   +1.938171e-005
+3.048200e+004	   +1.856312e-005
+3.048300e+004	   +1.875296e-005
+3.048400e+004	   +1.846660e-005
+3.048500e+004	   +1.900687e-005
+3.048600e+004	   +1.974395e-005
+3.048700e+004	   +2.120172e-005
+3.048800e+004	   +2.183853e-005
+3.048900e+004	   +2.069555e-005
+3.049000e+004	   +2.033679e-005
+3.049100e+004	   +1.859170e-005
+3.049200e+004	   +1.749495e-005
+3.049300e+004	   +1.827922e-005
+3.049400e+004	   +1.908550e-005
+3.049500e+004	   +1.933098e-005
+3.049600e+004	   +1.937822e-005
+3.049700e+004	   +2.161185e-005
+3.049800e+004	   +2.411999e-005
+3.049900e+004	   +2.268305e-005
+3.050000e+004	   +1.860610e-005
+3.050100e+004	   +2.054917e-005
+3.050200e+004	   +2.456544e-005
+3.050300e+004	   +2.245567e-005
+3.050400e+004	   +1.992732e-005
+3.050500e+004	   +1.867041e-005
+3.050600e+004	   +1.875166e-005
+3.050700e+004	   +1.881262e-005
+3.050800e+004	   +1.896343e-005
+3.050900e+004	   +1.944982e-005
+3.051000e+004	   +1.911721e-005
+3.051100e+004	   +1.978457e-005
+3.051200e+004	   +2.154078e-005
+3.051300e+004	   +2.169333e-005
+3.051400e+004	   +2.074870e-005
+3.051500e+004	   +1.984008e-005
+3.051600e+004	   +1.803198e-005
+3.051700e+004	   +1.836651e-005
+3.051800e+004	   +1.942374e-005
+3.051900e+004	   +1.891438e-005
+3.052000e+004	   +1.767740e-005
+3.052100e+004	   +1.736309e-005
+3.052200e+004	   +1.811391e-005
+3.052300e+004	   +1.861100e-005
+3.052400e+004	   +1.869357e-005
+3.052500e+004	   +1.881653e-005
+3.052600e+004	   +1.973992e-005
+3.052700e+004	   +1.886038e-005
+3.052800e+004	   +1.826357e-005
+3.052900e+004	   +1.927357e-005
+3.053000e+004	   +1.856039e-005
+3.053100e+004	   +1.888435e-005
+3.053200e+004	   +2.161019e-005
+3.053300e+004	   +2.282392e-005
+3.053400e+004	   +2.129549e-005
+3.053500e+004	   +2.161648e-005
+3.053600e+004	   +2.127885e-005
+3.053700e+004	   +1.787633e-005
+3.053800e+004	   +1.681619e-005
+3.053900e+004	   +1.873557e-005
+3.054000e+004	   +1.744617e-005
+3.054100e+004	   +1.652791e-005
+3.054200e+004	   +1.925659e-005
+3.054300e+004	   +2.223286e-005
+3.054400e+004	   +2.118439e-005
+3.054500e+004	   +1.727078e-005
+3.054600e+004	   +1.540551e-005
+3.054700e+004	   +1.689566e-005
+3.054800e+004	   +1.838291e-005
+3.054900e+004	   +1.912834e-005
+3.055000e+004	   +2.092029e-005
+3.055100e+004	   +2.140790e-005
+3.055200e+004	   +2.025225e-005
+3.055300e+004	   +1.865943e-005
+3.055400e+004	   +1.775920e-005
+3.055500e+004	   +1.741219e-005
+3.055600e+004	   +1.769513e-005
+3.055700e+004	   +1.788968e-005
+3.055800e+004	   +1.783114e-005
+3.055900e+004	   +1.702764e-005
+3.056000e+004	   +1.662165e-005
+3.056100e+004	   +1.568037e-005
+3.056200e+004	   +1.683252e-005
+3.056300e+004	   +1.783962e-005
+3.056400e+004	   +1.558616e-005
+3.056500e+004	   +1.541083e-005
+3.056600e+004	   +2.021501e-005
+3.056700e+004	   +2.382075e-005
+3.056800e+004	   +2.132263e-005
+3.056900e+004	   +1.975742e-005
+3.057000e+004	   +2.032400e-005
+3.057100e+004	   +2.036646e-005
+3.057200e+004	   +1.880703e-005
+3.057300e+004	   +1.822003e-005
+3.057400e+004	   +1.697830e-005
+3.057500e+004	   +1.669416e-005
+3.057600e+004	   +1.773533e-005
+3.057700e+004	   +1.850283e-005
+3.057800e+004	   +1.871160e-005
+3.057900e+004	   +1.959313e-005
+3.058000e+004	   +2.149514e-005
+3.058100e+004	   +2.236618e-005
+3.058200e+004	   +2.090460e-005
+3.058300e+004	   +2.090584e-005
+3.058400e+004	   +2.251613e-005
+3.058500e+004	   +2.194858e-005
+3.058600e+004	   +2.012846e-005
+3.058700e+004	   +1.795974e-005
+3.058800e+004	   +1.923317e-005
+3.058900e+004	   +2.077505e-005
+3.059000e+004	   +2.139002e-005
+3.059100e+004	   +2.198770e-005
+3.059200e+004	   +2.123614e-005
+3.059300e+004	   +1.883329e-005
+3.059400e+004	   +1.782795e-005
+3.059500e+004	   +2.050335e-005
+3.059600e+004	   +2.044719e-005
+3.059700e+004	   +1.956802e-005
+3.059800e+004	   +1.863758e-005
+3.059900e+004	   +1.797430e-005
+3.060000e+004	   +1.676347e-005
