+3.000000e+003	   -9.737571e+000
+3.003378e+003	   -8.033176e+000
+3.006760e+003	   -9.512042e+000
+3.010146e+003	   -8.913148e+000
+3.013535e+003	   -9.332588e+000
+3.016929e+003	   -7.436333e+000
+3.020326e+003	   -8.463438e+000
+3.023727e+003	   -6.746737e+000
+3.027132e+003	   -6.128867e+000
+3.030541e+003	   -5.588712e+000
+3.033953e+003	   -5.354436e+000
+3.037369e+003	   -5.115725e+000
+3.040790e+003	   -4.110137e+000
+3.044214e+003	   -3.927635e+000
+3.047641e+003	   -4.734615e+000
+3.051073e+003	   -2.724270e+000
+3.054509e+003	   -3.481963e+000
+3.057948e+003	   -3.905133e+000
+3.061392e+003	   -4.304623e+000
+3.064839e+003	   -3.509652e+000
+3.068290e+003	   -3.585707e+000
+3.071745e+003	   -1.241969e+000
+3.075204e+003	   -2.381695e+000
+3.078667e+003	   -1.173814e+000
+3.082134e+003	   -4.076990e+000
+3.085604e+003	   -3.111556e+000
+3.089079e+003	   -5.793077e+000
+3.092557e+003	   -3.524488e+000
+3.096040e+003	   -3.585196e+000
+3.099526e+003	   -3.671500e+000
+3.103016e+003	   -3.695907e+000
+3.106510e+003	   -7.740254e-001
+3.110008e+003	   -3.098164e+000
+3.113510e+003	   -2.220469e+000
+3.117016e+003	   -1.900018e+000
+3.120526e+003	   -3.046504e+000
+3.124040e+003	   -4.113631e+000
+3.127558e+003	   -5.474006e+000
+3.131079e+003	   -4.465166e+000
+3.134605e+003	   -4.592456e+000
+3.138135e+003	   -5.019188e+000
+3.141668e+003	   -5.222411e+000
+3.145206e+003	   -5.413252e+000
+3.148748e+003	   -6.917296e+000
+3.152293e+003	   -6.249544e+000
+3.155843e+003	   -5.989977e+000
+3.159397e+003	   -6.726645e+000
+3.162954e+003	   -7.542610e+000
+3.166516e+003	   -6.889353e+000
+3.170082e+003	   -6.625417e+000
+3.173651e+003	   -8.184207e+000
+3.177225e+003	   -8.058682e+000
+3.180802e+003	   -6.680502e+000
+3.184384e+003	   -7.788039e+000
+3.187970e+003	   -7.702192e+000
+3.191560e+003	   -8.820980e+000
+3.195154e+003	   -8.740179e+000
+3.198751e+003	   -7.795053e+000
+3.202353e+003	   -8.454416e+000
+3.205959e+003	   -8.929045e+000
+3.209569e+003	   -9.051205e+000
+3.213184e+003	   -9.035132e+000
+3.216802e+003	   -1.076461e+001
+3.220424e+003	   -9.231805e+000
+3.224050e+003	   -1.001800e+001
+3.227681e+003	   -1.020834e+001
+3.231315e+003	   -9.901339e+000
+3.234954e+003	   -1.085478e+001
+3.238596e+003	   -1.105155e+001
+3.242243e+003	   -1.209403e+001
+3.245894e+003	   -1.152747e+001
+3.249549e+003	   -1.119920e+001
+3.253208e+003	   -1.281921e+001
+3.256872e+003	   -1.272115e+001
+3.260539e+003	   -1.255809e+001
+3.264210e+003	   -1.277124e+001
+3.267886e+003	   -1.236893e+001
+3.271566e+003	   -1.242113e+001
+3.275250e+003	   -1.485166e+001
+3.278938e+003	   -1.333440e+001
+3.282630e+003	   -1.374874e+001
+3.286326e+003	   -1.270327e+001
+3.290027e+003	   -1.324598e+001
+3.293732e+003	   -1.475170e+001
+3.297440e+003	   -1.336202e+001
+3.301154e+003	   -1.318009e+001
+3.304871e+003	   -1.270572e+001
+3.308592e+003	   -1.353842e+001
+3.312318e+003	   -1.250977e+001
+3.316048e+003	   -1.278082e+001
+3.319782e+003	   -1.342114e+001
+3.323520e+003	   -1.366735e+001
+3.327262e+003	   -1.390744e+001
+3.331009e+003	   -1.321954e+001
+3.334760e+003	   -1.304850e+001
+3.338515e+003	   -1.423601e+001
+3.342274e+003	   -1.458838e+001
+3.346038e+003	   -1.327892e+001
+3.349805e+003	   -1.305607e+001
+3.353578e+003	   -1.365919e+001
+3.357354e+003	   -1.461788e+001
+3.361134e+003	   -1.510167e+001
+3.364919e+003	   -1.471234e+001
+3.368708e+003	   -1.499072e+001
+3.372501e+003	   -1.373185e+001
+3.376299e+003	   -1.396060e+001
+3.380101e+003	   -1.435140e+001
+3.383907e+003	   -1.480601e+001
+3.387718e+003	   -1.589220e+001
+3.391532e+003	   -1.500127e+001
+3.395351e+003	   -1.573059e+001
+3.399175e+003	   -1.554053e+001
+3.403002e+003	   -1.488837e+001
+3.406834e+003	   -1.563071e+001
+3.410670e+003	   -1.512573e+001
+3.414511e+003	   -1.574034e+001
+3.418356e+003	   -1.522263e+001
+3.422205e+003	   -1.449187e+001
+3.426058e+003	   -1.465870e+001
+3.429916e+003	   -1.662205e+001
+3.433779e+003	   -1.454774e+001
+3.437645e+003	   -1.365932e+001
+3.441516e+003	   -1.222592e+001
+3.445391e+003	   -1.301262e+001
+3.449271e+003	   -1.222531e+001
+3.453155e+003	   -1.343788e+001
+3.457043e+003	   -1.299168e+001
+3.460936e+003	   -1.276962e+001
+3.464833e+003	   -1.282678e+001
+3.468735e+003	   -1.262226e+001
+3.472641e+003	   -1.284443e+001
+3.476551e+003	   -1.295816e+001
+3.480466e+003	   -1.355468e+001
+3.484385e+003	   -1.425412e+001
+3.488309e+003	   -1.405662e+001
+3.492237e+003	   -1.404810e+001
+3.496169e+003	   -1.433934e+001
+3.500106e+003	   -1.544477e+001
+3.504047e+003	   -1.655316e+001
+3.507993e+003	   -1.573630e+001
+3.511943e+003	   -1.547206e+001
+3.515897e+003	   -1.713643e+001
+3.519857e+003	   -1.621984e+001
+3.523820e+003	   -1.655211e+001
+3.527788e+003	   -1.527052e+001
+3.531760e+003	   -1.613330e+001
+3.535737e+003	   -1.580094e+001
+3.539719e+003	   -1.478018e+001
+3.543705e+003	   -1.510347e+001
+3.547695e+003	   -1.588968e+001
+3.551690e+003	   -1.546125e+001
+3.555689e+003	   -1.562159e+001
+3.559693e+003	   -1.534871e+001
+3.563701e+003	   -1.461781e+001
+3.567714e+003	   -1.487798e+001
+3.571732e+003	   -1.369499e+001
+3.575754e+003	   -1.366343e+001
+3.579780e+003	   -1.334111e+001
+3.583811e+003	   -1.285035e+001
+3.587847e+003	   -1.296074e+001
+3.591887e+003	   -1.273367e+001
+3.595931e+003	   -1.193266e+001
+3.599980e+003	   -1.213665e+001
+3.604034e+003	   -1.205138e+001
+3.608093e+003	   -1.094793e+001
+3.612155e+003	   -1.091947e+001
+3.616223e+003	   -1.008685e+001
+3.620295e+003	   -1.055301e+001
+3.624371e+003	   -1.064247e+001
+3.628453e+003	   -9.895777e+000
+3.632538e+003	   -9.443466e+000
+3.636629e+003	   -9.269627e+000
+3.640724e+003	   -9.494658e+000
+3.644823e+003	   -7.987510e+000
+3.648927e+003	   -7.573796e+000
+3.653036e+003	   -7.275394e+000
+3.657150e+003	   -6.632633e+000
+3.661268e+003	   -6.185724e+000
+3.665391e+003	   -5.634638e+000
+3.669518e+003	   -6.155735e+000
+3.673650e+003	   -5.516494e+000
+3.677787e+003	   -4.794689e+000
+3.681928e+003	   -4.889518e+000
+3.686074e+003	   -4.394536e+000
+3.690225e+003	   -3.846513e+000
+3.694380e+003	   -3.784831e+000
+3.698540e+003	   -3.582254e+000
+3.702705e+003	   -3.588448e+000
+3.706874e+003	   -3.125875e+000
+3.711048e+003	   -3.142458e+000
+3.715227e+003	   -2.834278e+000
+3.719411e+003	   -2.650028e+000
+3.723599e+003	   -3.004227e+000
+3.727792e+003	   -2.485654e+000
+3.731990e+003	   -2.388116e+000
+3.736192e+003	   -2.249205e+000
+3.740399e+003	   -2.187805e+000
+3.744611e+003	   -2.584474e+000
+3.748827e+003	   -2.747086e+000
+3.753049e+003	   -2.664046e+000
+3.757275e+003	   -2.989477e+000
+3.761506e+003	   -3.198487e+000
+3.765741e+003	   -3.458822e+000
+3.769982e+003	   -3.689989e+000
+3.774227e+003	   -3.827118e+000
+3.778477e+003	   -3.762312e+000
+3.782731e+003	   -4.362954e+000
+3.786991e+003	   -4.218935e+000
+3.791255e+003	   -4.447268e+000
+3.795524e+003	   -4.858109e+000
+3.799798e+003	   -5.037091e+000
+3.804077e+003	   -5.253712e+000
+3.808361e+003	   -5.627479e+000
+3.812649e+003	   -5.697327e+000
+3.816942e+003	   -5.706649e+000
+3.821240e+003	   -6.370059e+000
+3.825543e+003	   -6.408192e+000
+3.829851e+003	   -6.817122e+000
+3.834163e+003	   -6.537973e+000
+3.838481e+003	   -6.666878e+000
+3.842803e+003	   -7.094203e+000
+3.847130e+003	   -7.404007e+000
+3.851462e+003	   -7.989359e+000
+3.855799e+003	   -7.569156e+000
+3.860141e+003	   -7.753123e+000
+3.864488e+003	   -7.567984e+000
+3.868839e+003	   -7.625025e+000
+3.873196e+003	   -7.917916e+000
+3.877557e+003	   -8.118009e+000
+3.881923e+003	   -8.556354e+000
+3.886295e+003	   -8.348275e+000
+3.890671e+003	   -8.039176e+000
+3.895052e+003	   -7.759575e+000
+3.899438e+003	   -7.629658e+000
+3.903829e+003	   -7.337111e+000
+3.908225e+003	   -7.001073e+000
+3.912625e+003	   -7.017192e+000
+3.917031e+003	   -6.703574e+000
+3.921442e+003	   -6.823750e+000
+3.925858e+003	   -6.592480e+000
+3.930278e+003	   -6.366888e+000
+3.934704e+003	   -6.369812e+000
+3.939135e+003	   -6.707161e+000
+3.943570e+003	   -6.442194e+000
+3.948011e+003	   -6.083641e+000
+3.952457e+003	   -6.373063e+000
+3.956907e+003	   -6.536949e+000
+3.961363e+003	   -6.510700e+000
+3.965823e+003	   -6.636087e+000
+3.970289e+003	   -6.839775e+000
+3.974760e+003	   -6.692504e+000
+3.979236e+003	   -7.049381e+000
+3.983716e+003	   -7.886684e+000
+3.988202e+003	   -8.186155e+000
+3.992693e+003	   -9.468567e+000
+3.997189e+003	   -1.093378e+001
+4.001690e+003	   -1.231321e+001
+4.006196e+003	   -1.396474e+001
+4.010707e+003	   -1.816872e+001
+4.015223e+003	   -2.209794e+001
+4.019745e+003	   -2.003178e+001
+4.024271e+003	   -1.898524e+001
+4.028803e+003	   -1.557628e+001
+4.033339e+003	   -1.301441e+001
+4.037881e+003	   -1.158147e+001
+4.042428e+003	   -1.075946e+001
+4.046980e+003	   -9.163214e+000
+4.051537e+003	   -8.812568e+000
+4.056099e+003	   -8.630136e+000
+4.060666e+003	   -7.967740e+000
+4.065239e+003	   -7.613115e+000
+4.069816e+003	   -7.552544e+000
+4.074399e+003	   -7.290059e+000
+4.078987e+003	   -7.283509e+000
+4.083580e+003	   -7.136502e+000
+4.088178e+003	   -6.934796e+000
+4.092782e+003	   -7.063456e+000
+4.097391e+003	   -6.863321e+000
+4.102004e+003	   -7.204322e+000
+4.106624e+003	   -6.918913e+000
+4.111248e+003	   -6.718050e+000
+4.115877e+003	   -6.475272e+000
+4.120512e+003	   -6.155785e+000
+4.125152e+003	   -6.088913e+000
+4.129797e+003	   -5.752342e+000
+4.134447e+003	   -5.514157e+000
+4.139103e+003	   -4.974994e+000
+4.143764e+003	   -4.453168e+000
+4.148430e+003	   -4.434872e+000
+4.153101e+003	   -3.916204e+000
+4.157777e+003	   -3.625998e+000
+4.162459e+003	   -3.164727e+000
+4.167146e+003	   -2.917746e+000
+4.171839e+003	   -2.891218e+000
+4.176537e+003	   -2.619040e+000
+4.181239e+003	   -2.751827e+000
+4.185948e+003	   -2.542183e+000
+4.190661e+003	   -2.839305e+000
+4.195380e+003	   -2.865077e+000
+4.200104e+003	   -2.839300e+000
+4.204833e+003	   -3.128312e+000
+4.209568e+003	   -3.231403e+000
+4.214309e+003	   -3.487494e+000
+4.219054e+003	   -3.601826e+000
+4.223805e+003	   -3.956945e+000
+4.228561e+003	   -4.374532e+000
+4.233323e+003	   -4.572849e+000
+4.238089e+003	   -4.766890e+000
+4.242862e+003	   -4.857156e+000
+4.247640e+003	   -5.192129e+000
+4.252422e+003	   -5.251447e+000
+4.257211e+003	   -5.694943e+000
+4.262005e+003	   -5.652659e+000
+4.266804e+003	   -5.633230e+000
+4.271608e+003	   -5.516568e+000
+4.276418e+003	   -5.436973e+000
+4.281234e+003	   -5.430953e+000
+4.286055e+003	   -5.220300e+000
+4.290881e+003	   -5.218232e+000
+4.295713e+003	   -4.960489e+000
+4.300550e+003	   -4.595487e+000
+4.305393e+003	   -4.564927e+000
+4.310241e+003	   -4.372204e+000
+4.315094e+003	   -4.839139e+000
+4.319953e+003	   -4.795614e+000
+4.324817e+003	   -4.415420e+000
+4.329688e+003	   -4.515064e+000
+4.334563e+003	   -4.616938e+000
+4.339444e+003	   -4.781487e+000
+4.344330e+003	   -4.884584e+000
+4.349222e+003	   -4.969116e+000
+4.354120e+003	   -5.255346e+000
+4.359022e+003	   -5.280256e+000
+4.363931e+003	   -5.394641e+000
+4.368845e+003	   -5.754087e+000
+4.373764e+003	   -5.851901e+000
+4.378689e+003	   -6.364947e+000
+4.383620e+003	   -6.384313e+000
+4.388556e+003	   -6.556478e+000
+4.393498e+003	   -6.834419e+000
+4.398445e+003	   -7.181897e+000
+4.403398e+003	   -7.434718e+000
+4.408356e+003	   -7.836836e+000
+4.413320e+003	   -7.809131e+000
+4.418290e+003	   -8.987648e+000
+4.423265e+003	   -8.457025e+000
+4.428246e+003	   -8.632517e+000
+4.433232e+003	   -8.989626e+000
+4.438224e+003	   -9.145522e+000
+4.443222e+003	   -9.690340e+000
+4.448225e+003	   -9.469645e+000
+4.453234e+003	   -9.710411e+000
+4.458249e+003	   -9.803676e+000
+4.463269e+003	   -9.610929e+000
+4.468294e+003	   -9.797163e+000
+4.473326e+003	   -1.020588e+001
+4.478363e+003	   -1.050817e+001
+4.483406e+003	   -1.047622e+001
+4.488455e+003	   -1.024468e+001
+4.493509e+003	   -1.031700e+001
+4.498568e+003	   -1.022986e+001
+4.503634e+003	   -1.069445e+001
+4.508705e+003	   -1.053276e+001
+4.513782e+003	   -1.043810e+001
+4.518865e+003	   -1.083628e+001
+4.523954e+003	   -1.062168e+001
+4.529047e+003	   -1.124712e+001
+4.534147e+003	   -1.142870e+001
+4.539253e+003	   -1.144632e+001
+4.544365e+003	   -1.154101e+001
+4.549481e+003	   -1.140479e+001
+4.554604e+003	   -1.185046e+001
+4.559733e+003	   -1.176514e+001
+4.564868e+003	   -1.158514e+001
+4.570008e+003	   -1.180162e+001
+4.575154e+003	   -1.239908e+001
+4.580306e+003	   -1.231530e+001
+4.585463e+003	   -1.203417e+001
+4.590627e+003	   -1.192159e+001
+4.595796e+003	   -1.160132e+001
+4.600971e+003	   -1.200922e+001
+4.606152e+003	   -1.165488e+001
+4.611339e+003	   -1.196754e+001
+4.616531e+003	   -1.180578e+001
+4.621729e+003	   -1.193801e+001
+4.626934e+003	   -1.192215e+001
+4.632144e+003	   -1.196027e+001
+4.637360e+003	   -1.277683e+001
+4.642582e+003	   -1.254942e+001
+4.647810e+003	   -1.235160e+001
+4.653043e+003	   -1.241937e+001
+4.658283e+003	   -1.277337e+001
+4.663528e+003	   -1.221611e+001
+4.668779e+003	   -1.218074e+001
+4.674037e+003	   -1.229792e+001
+4.679300e+003	   -1.255162e+001
+4.684569e+003	   -1.233996e+001
+4.689844e+003	   -1.216368e+001
+4.695125e+003	   -1.180179e+001
+4.700412e+003	   -1.225922e+001
+4.705705e+003	   -1.278208e+001
+4.711003e+003	   -1.255710e+001
+4.716309e+003	   -1.242526e+001
+4.721619e+003	   -1.192328e+001
+4.726936e+003	   -1.212781e+001
+4.732259e+003	   -1.219349e+001
+4.737587e+003	   -1.236266e+001
+4.742922e+003	   -1.207613e+001
+4.748263e+003	   -1.140276e+001
+4.753609e+003	   -1.056430e+001
+4.758962e+003	   -1.016806e+001
+4.764321e+003	   -9.625852e+000
+4.769686e+003	   -9.101029e+000
+4.775057e+003	   -8.092957e+000
+4.780434e+003	   -7.611603e+000
+4.785816e+003	   -6.758161e+000
+4.791206e+003	   -6.353148e+000
+4.796601e+003	   -6.220046e+000
+4.802002e+003	   -5.968338e+000
+4.807409e+003	   -5.833597e+000
+4.812823e+003	   -5.820060e+000
+4.818242e+003	   -5.897162e+000
+4.823667e+003	   -5.951058e+000
+4.829099e+003	   -6.017200e+000
+4.834537e+003	   -6.132152e+000
+4.839981e+003	   -6.041178e+000
+4.845431e+003	   -6.086491e+000
+4.850887e+003	   -6.133951e+000
+4.856349e+003	   -6.177526e+000
+4.861818e+003	   -6.486064e+000
+4.867292e+003	   -6.451571e+000
+4.872773e+003	   -6.617575e+000
+4.878260e+003	   -6.685717e+000
+4.883753e+003	   -7.075275e+000
+4.889252e+003	   -7.345963e+000
+4.894758e+003	   -7.313577e+000
+4.900270e+003	   -7.252894e+000
+4.905788e+003	   -7.396203e+000
+4.911312e+003	   -7.673308e+000
+4.916842e+003	   -7.892814e+000
+4.922378e+003	   -7.851141e+000
+4.927921e+003	   -8.143504e+000
+4.933471e+003	   -8.462105e+000
+4.939026e+003	   -8.564116e+000
+4.944587e+003	   -9.108946e+000
+4.950155e+003	   -9.596210e+000
+4.955729e+003	   -9.873195e+000
+4.961310e+003	   -1.038065e+001
+4.966896e+003	   -1.072142e+001
+4.972489e+003	   -1.129643e+001
+4.978088e+003	   -1.130542e+001
+4.983694e+003	   -1.188989e+001
+4.989306e+003	   -1.230895e+001
+4.994924e+003	   -1.207255e+001
+5.000548e+003	   -1.254592e+001
+5.006179e+003	   -1.277658e+001
+5.011816e+003	   -1.224193e+001
+5.017460e+003	   -1.233166e+001
+5.023110e+003	   -1.250399e+001
+5.028766e+003	   -1.238002e+001
+5.034429e+003	   -1.261909e+001
+5.040098e+003	   -1.229909e+001
+5.045773e+003	   -1.269257e+001
+5.051455e+003	   -1.243794e+001
+5.057143e+003	   -1.198915e+001
+5.062837e+003	   -1.264635e+001
+5.068539e+003	   -1.233163e+001
+5.074246e+003	   -1.251479e+001
+5.079959e+003	   -1.231181e+001
+5.085680e+003	   -1.214054e+001
+5.091407e+003	   -1.217175e+001
+5.097140e+003	   -1.203796e+001
+5.102879e+003	   -1.229179e+001
+5.108625e+003	   -1.204353e+001
+5.114378e+003	   -1.170365e+001
+5.120137e+003	   -1.228969e+001
+5.125902e+003	   -1.232624e+001
+5.131674e+003	   -1.228180e+001
+5.137453e+003	   -1.246208e+001
+5.143238e+003	   -1.234938e+001
+5.149029e+003	   -1.222080e+001
+5.154827e+003	   -1.252365e+001
+5.160632e+003	   -1.260234e+001
+5.166443e+003	   -1.285014e+001
+5.172261e+003	   -1.272756e+001
+5.178085e+003	   -1.264073e+001
+5.183916e+003	   -1.306309e+001
+5.189753e+003	   -1.295092e+001
+5.195597e+003	   -1.235700e+001
+5.201447e+003	   -1.226169e+001
+5.207304e+003	   -1.252876e+001
+5.213168e+003	   -1.249909e+001
+5.219038e+003	   -1.251275e+001
+5.224915e+003	   -1.226076e+001
+5.230798e+003	   -1.210495e+001
+5.236688e+003	   -1.176930e+001
+5.242585e+003	   -1.177111e+001
+5.248489e+003	   -1.164337e+001
+5.254398e+003	   -1.149200e+001
+5.260315e+003	   -1.120111e+001
+5.266239e+003	   -1.103068e+001
+5.272168e+003	   -1.086201e+001
+5.278105e+003	   -1.112896e+001
+5.284049e+003	   -1.096100e+001
+5.289999e+003	   -1.101358e+001
+5.295956e+003	   -1.123928e+001
+5.301919e+003	   -1.094324e+001
+5.307889e+003	   -1.118717e+001
+5.313866e+003	   -1.160388e+001
+5.319850e+003	   -1.125698e+001
+5.325840e+003	   -1.164258e+001
+5.331837e+003	   -1.147744e+001
+5.337841e+003	   -1.150575e+001
+5.343852e+003	   -1.130015e+001
+5.349869e+003	   -1.154858e+001
+5.355893e+003	   -1.223213e+001
+5.361924e+003	   -1.218881e+001
+5.367962e+003	   -1.226373e+001
+5.374006e+003	   -1.280145e+001
+5.380058e+003	   -1.279513e+001
+5.386116e+003	   -1.266128e+001
+5.392181e+003	   -1.319863e+001
+5.398253e+003	   -1.316651e+001
+5.404332e+003	   -1.323337e+001
+5.410417e+003	   -1.353627e+001
+5.416509e+003	   -1.368211e+001
+5.422608e+003	   -1.402284e+001
+5.428715e+003	   -1.350069e+001
+5.434828e+003	   -1.394061e+001
+5.440947e+003	   -1.345984e+001
+5.447074e+003	   -1.362810e+001
+5.453208e+003	   -1.341013e+001
+5.459348e+003	   -1.351467e+001
+5.465496e+003	   -1.345171e+001
+5.471650e+003	   -1.314866e+001
+5.477812e+003	   -1.255311e+001
+5.483979e+003	   -1.262424e+001
+5.490155e+003	   -1.237791e+001
+5.496337e+003	   -1.213217e+001
+5.502526e+003	   -1.187327e+001
+5.508722e+003	   -1.180826e+001
+5.514925e+003	   -1.153785e+001
+5.521135e+003	   -1.188057e+001
+5.527353e+003	   -1.119913e+001
+5.533576e+003	   -1.110419e+001
+5.539808e+003	   -1.090740e+001
+5.546045e+003	   -1.129174e+001
+5.552291e+003	   -1.162132e+001
+5.558542e+003	   -1.118976e+001
+5.564802e+003	   -1.149847e+001
+5.571068e+003	   -1.132747e+001
+5.577341e+003	   -1.177355e+001
+5.583622e+003	   -1.201830e+001
+5.589909e+003	   -1.224571e+001
+5.596204e+003	   -1.228680e+001
+5.602505e+003	   -1.236011e+001
+5.608813e+003	   -1.291464e+001
+5.615129e+003	   -1.277676e+001
+5.621452e+003	   -1.306115e+001
+5.627782e+003	   -1.362457e+001
+5.634119e+003	   -1.322397e+001
+5.640464e+003	   -1.338970e+001
+5.646815e+003	   -1.339338e+001
+5.653173e+003	   -1.366828e+001
+5.659539e+003	   -1.371523e+001
+5.665912e+003	   -1.383125e+001
+5.672292e+003	   -1.368951e+001
+5.678680e+003	   -1.379534e+001
+5.685074e+003	   -1.401461e+001
+5.691476e+003	   -1.390466e+001
+5.697884e+003	   -1.410494e+001
+5.704300e+003	   -1.410103e+001
+5.710724e+003	   -1.342115e+001
+5.717154e+003	   -1.369715e+001
+5.723592e+003	   -1.345793e+001
+5.730037e+003	   -1.374560e+001
+5.736489e+003	   -1.355884e+001
+5.742949e+003	   -1.346504e+001
+5.749416e+003	   -1.334716e+001
+5.755890e+003	   -1.303370e+001
+5.762371e+003	   -1.317080e+001
+5.768860e+003	   -1.270358e+001
+5.775355e+003	   -1.251781e+001
+5.781859e+003	   -1.307993e+001
+5.788370e+003	   -1.269622e+001
+5.794888e+003	   -1.261713e+001
+5.801413e+003	   -1.261281e+001
+5.807945e+003	   -1.292095e+001
+5.814485e+003	   -1.317075e+001
+5.821033e+003	   -1.327982e+001
+5.827587e+003	   -1.337513e+001
+5.834149e+003	   -1.329179e+001
+5.840719e+003	   -1.382233e+001
+5.847296e+003	   -1.392490e+001
+5.853880e+003	   -1.358867e+001
+5.860472e+003	   -1.379430e+001
+5.867071e+003	   -1.437844e+001
+5.873678e+003	   -1.448536e+001
+5.880292e+003	   -1.480176e+001
+5.886913e+003	   -1.460570e+001
+5.893542e+003	   -1.497920e+001
+5.900178e+003	   -1.489763e+001
+5.906822e+003	   -1.522846e+001
+5.913474e+003	   -1.543361e+001
+5.920132e+003	   -1.585600e+001
+5.926799e+003	   -1.588660e+001
+5.933473e+003	   -1.663577e+001
+5.940154e+003	   -1.633296e+001
+5.946843e+003	   -1.676279e+001
+5.953539e+003	   -1.691351e+001
+5.960243e+003	   -1.661660e+001
+5.966955e+003	   -1.678896e+001
+5.973674e+003	   -1.673024e+001
+5.980400e+003	   -1.746212e+001
+5.987134e+003	   -1.740526e+001
+5.993876e+003	   -1.797391e+001
+6.000625e+003	   -1.737959e+001
+6.007382e+003	   -1.777022e+001
+6.014147e+003	   -1.727740e+001
+6.020919e+003	   -1.747480e+001
+6.027699e+003	   -1.729563e+001
+6.034486e+003	   -1.760541e+001
+6.041282e+003	   -1.760475e+001
+6.048084e+003	   -1.741086e+001
+6.054895e+003	   -1.714742e+001
+6.061713e+003	   -1.751955e+001
+6.068539e+003	   -1.757809e+001
+6.075372e+003	   -1.742713e+001
+6.082213e+003	   -1.678141e+001
+6.089062e+003	   -1.746566e+001
+6.095918e+003	   -1.686333e+001
+6.102783e+003	   -1.665852e+001
+6.109655e+003	   -1.678420e+001
+6.116534e+003	   -1.692023e+001
+6.123422e+003	   -1.694239e+001
+6.130317e+003	   -1.753767e+001
+6.137220e+003	   -1.688530e+001
+6.144131e+003	   -1.714702e+001
+6.151049e+003	   -1.709447e+001
+6.157976e+003	   -1.761256e+001
+6.164910e+003	   -1.744925e+001
+6.171852e+003	   -1.739474e+001
+6.178802e+003	   -1.720672e+001
+6.185759e+003	   -1.795139e+001
+6.192725e+003	   -1.735666e+001
+6.199698e+003	   -1.816696e+001
+6.206679e+003	   -1.784898e+001
+6.213668e+003	   -1.766894e+001
+6.220665e+003	   -1.728247e+001
+6.227669e+003	   -1.739200e+001
+6.234682e+003	   -1.730275e+001
+6.241703e+003	   -1.692111e+001
+6.248731e+003	   -1.698365e+001
+6.255768e+003	   -1.716605e+001
+6.262812e+003	   -1.768367e+001
+6.269864e+003	   -1.748036e+001
+6.276924e+003	   -1.737402e+001
+6.283992e+003	   -1.747704e+001
+6.291068e+003	   -1.802234e+001
+6.298152e+003	   -1.765660e+001
+6.305244e+003	   -1.749714e+001
+6.312344e+003	   -1.769221e+001
+6.319452e+003	   -1.743221e+001
+6.326568e+003	   -1.737199e+001
+6.333692e+003	   -1.753068e+001
+6.340824e+003	   -1.761688e+001
+6.347964e+003	   -1.740491e+001
+6.355112e+003	   -1.760599e+001
+6.362268e+003	   -1.751338e+001
+6.369432e+003	   -1.739650e+001
+6.376604e+003	   -1.743163e+001
+6.383785e+003	   -1.764824e+001
+6.390973e+003	   -1.748262e+001
+6.398170e+003	   -1.834346e+001
+6.405375e+003	   -1.747743e+001
+6.412587e+003	   -1.810900e+001
+6.419808e+003	   -1.767225e+001
+6.427037e+003	   -1.743997e+001
+6.434274e+003	   -1.716397e+001
+6.441520e+003	   -1.725577e+001
+6.448773e+003	   -1.682900e+001
+6.456034e+003	   -1.667847e+001
+6.463304e+003	   -1.582606e+001
+6.470582e+003	   -1.556018e+001
+6.477868e+003	   -1.488466e+001
+6.485163e+003	   -1.483232e+001
+6.492465e+003	   -1.452235e+001
+6.499776e+003	   -1.387230e+001
+6.507095e+003	   -1.343903e+001
+6.514422e+003	   -1.310180e+001
+6.521758e+003	   -1.286055e+001
+6.529102e+003	   -1.249971e+001
+6.536454e+003	   -1.249399e+001
+6.543814e+003	   -1.234694e+001
+6.551183e+003	   -1.241758e+001
+6.558559e+003	   -1.234000e+001
+6.565944e+003	   -1.241886e+001
+6.573338e+003	   -1.250195e+001
+6.580740e+003	   -1.255729e+001
+6.588150e+003	   -1.271068e+001
+6.595569e+003	   -1.298416e+001
+6.602996e+003	   -1.358347e+001
+6.610431e+003	   -1.345656e+001
+6.617875e+003	   -1.370968e+001
+6.625326e+003	   -1.436487e+001
+6.632787e+003	   -1.402768e+001
+6.640255e+003	   -1.443788e+001
+6.647733e+003	   -1.427984e+001
+6.655218e+003	   -1.428768e+001
+6.662712e+003	   -1.421432e+001
+6.670215e+003	   -1.437025e+001
+6.677726e+003	   -1.434830e+001
+6.685245e+003	   -1.364945e+001
+6.692773e+003	   -1.347459e+001
+6.700310e+003	   -1.282731e+001
+6.707854e+003	   -1.253640e+001
+6.715408e+003	   -1.198566e+001
+6.722969e+003	   -1.154707e+001
+6.730540e+003	   -1.106822e+001
+6.738119e+003	   -1.098481e+001
+6.745706e+003	   -1.052719e+001
+6.753302e+003	   -1.002804e+001
+6.760907e+003	   -9.948405e+000
+6.768520e+003	   -9.760560e+000
+6.776141e+003	   -9.484693e+000
+6.783771e+003	   -9.665484e+000
+6.791410e+003	   -9.311144e+000
+6.799058e+003	   -9.217250e+000
+6.806714e+003	   -9.233200e+000
+6.814378e+003	   -9.125510e+000
+6.822052e+003	   -9.261108e+000
+6.829733e+003	   -9.038918e+000
+6.837424e+003	   -9.249631e+000
+6.845123e+003	   -9.231050e+000
+6.852831e+003	   -9.545115e+000
+6.860548e+003	   -9.356371e+000
+6.868273e+003	   -9.545579e+000
+6.876007e+003	   -9.547841e+000
+6.883750e+003	   -9.668275e+000
+6.891501e+003	   -9.790006e+000
+6.899261e+003	   -9.910215e+000
+6.907030e+003	   -1.003069e+001
+6.914808e+003	   -1.010891e+001
+6.922594e+003	   -1.004996e+001
+6.930389e+003	   -1.017854e+001
+6.938193e+003	   -9.947900e+000
+6.946006e+003	   -1.020922e+001
+6.953827e+003	   -1.011232e+001
+6.961658e+003	   -1.019256e+001
+6.969497e+003	   -1.019181e+001
+6.977345e+003	   -1.023478e+001
+6.985201e+003	   -1.005814e+001
+6.993067e+003	   -1.023935e+001
+7.000941e+003	   -1.031172e+001
+7.008825e+003	   -1.054968e+001
+7.016717e+003	   -1.064920e+001
+7.024618e+003	   -1.090565e+001
+7.032528e+003	   -1.083230e+001
+7.040447e+003	   -1.119702e+001
+7.048375e+003	   -1.122777e+001
+7.056312e+003	   -1.121129e+001
+7.064257e+003	   -1.166028e+001
+7.072212e+003	   -1.197144e+001
+7.080176e+003	   -1.170842e+001
+7.088148e+003	   -1.210188e+001
+7.096130e+003	   -1.229067e+001
+7.104120e+003	   -1.240738e+001
+7.112120e+003	   -1.228172e+001
+7.120128e+003	   -1.261977e+001
+7.128146e+003	   -1.254205e+001
+7.136172e+003	   -1.272243e+001
+7.144208e+003	   -1.293488e+001
+7.152253e+003	   -1.317672e+001
+7.160307e+003	   -1.328339e+001
+7.168369e+003	   -1.342199e+001
+7.176441e+003	   -1.342623e+001
+7.184522e+003	   -1.342901e+001
+7.192612e+003	   -1.343077e+001
+7.200711e+003	   -1.364366e+001
+7.208820e+003	   -1.341073e+001
+7.216937e+003	   -1.382447e+001
+7.225064e+003	   -1.346794e+001
+7.233200e+003	   -1.339435e+001
+7.241344e+003	   -1.335476e+001
+7.249499e+003	   -1.396625e+001
+7.257662e+003	   -1.376947e+001
+7.265834e+003	   -1.399786e+001
+7.274016e+003	   -1.407297e+001
+7.282207e+003	   -1.404824e+001
+7.290407e+003	   -1.449206e+001
+7.298616e+003	   -1.470425e+001
+7.306834e+003	   -1.490826e+001
+7.315063e+003	   -1.523604e+001
+7.323299e+003	   -1.548357e+001
+7.331546e+003	   -1.563928e+001
+7.339801e+003	   -1.575982e+001
+7.348066e+003	   -1.622948e+001
+7.356340e+003	   -1.623930e+001
+7.364624e+003	   -1.665960e+001
+7.372917e+003	   -1.663982e+001
+7.381219e+003	   -1.668615e+001
+7.389531e+003	   -1.706402e+001
+7.397852e+003	   -1.717517e+001
+7.406182e+003	   -1.757281e+001
+7.414521e+003	   -1.741479e+001
+7.422871e+003	   -1.732238e+001
+7.431229e+003	   -1.773726e+001
+7.439597e+003	   -1.762982e+001
+7.447974e+003	   -1.808293e+001
+7.456361e+003	   -1.780057e+001
+7.464757e+003	   -1.846070e+001
+7.473163e+003	   -1.793735e+001
+7.481578e+003	   -1.875673e+001
+7.490002e+003	   -1.798620e+001
+7.498437e+003	   -1.843584e+001
+7.506880e+003	   -1.782433e+001
+7.515333e+003	   -1.853331e+001
+7.523796e+003	   -1.886093e+001
+7.532268e+003	   -1.851163e+001
+7.540750e+003	   -1.854367e+001
+7.549241e+003	   -1.849458e+001
+7.557741e+003	   -1.861320e+001
+7.566252e+003	   -1.882600e+001
+7.574771e+003	   -1.901478e+001
+7.583301e+003	   -1.865266e+001
+7.591840e+003	   -1.906202e+001
+7.600389e+003	   -1.913472e+001
+7.608947e+003	   -1.872591e+001
+7.617515e+003	   -1.891972e+001
+7.626093e+003	   -1.860645e+001
+7.634680e+003	   -1.894752e+001
+7.643277e+003	   -1.838503e+001
+7.651884e+003	   -1.865546e+001
+7.660500e+003	   -1.864925e+001
+7.669126e+003	   -1.812195e+001
+7.677762e+003	   -1.856529e+001
+7.686408e+003	   -1.830325e+001
+7.695063e+003	   -1.806812e+001
+7.703728e+003	   -1.851513e+001
+7.712402e+003	   -1.910682e+001
+7.721087e+003	   -1.810143e+001
+7.729781e+003	   -1.821461e+001
+7.738485e+003	   -1.826896e+001
+7.747199e+003	   -1.839468e+001
+7.755923e+003	   -1.874383e+001
+7.764656e+003	   -1.870844e+001
+7.773399e+003	   -1.886415e+001
+7.782153e+003	   -1.894089e+001
+7.790916e+003	   -1.926078e+001
+7.799688e+003	   -1.942400e+001
+7.808471e+003	   -1.988025e+001
+7.817264e+003	   -1.962614e+001
+7.826066e+003	   -1.985550e+001
+7.834879e+003	   -1.993159e+001
+7.843702e+003	   -1.943695e+001
+7.852534e+003	   -2.060785e+001
+7.861376e+003	   -2.071661e+001
+7.870229e+003	   -2.108061e+001
+7.879091e+003	   -2.118263e+001
+7.887963e+003	   -2.141106e+001
+7.896845e+003	   -2.237656e+001
+7.905737e+003	   -2.179929e+001
+7.914639e+003	   -2.220794e+001
+7.923552e+003	   -2.225239e+001
+7.932474e+003	   -2.266890e+001
+7.941406e+003	   -2.337167e+001
+7.950349e+003	   -2.395935e+001
+7.959301e+003	   -2.343572e+001
+7.968263e+003	   -2.383578e+001
+7.977236e+003	   -2.385775e+001
+7.986219e+003	   -2.291810e+001
+7.995211e+003	   -2.381969e+001
+8.004214e+003	   -2.378675e+001
+8.013228e+003	   -2.284131e+001
+8.022250e+003	   -2.286911e+001
+8.031284e+003	   -2.296128e+001
+8.040328e+003	   -2.255058e+001
+8.049381e+003	   -2.280722e+001
+8.058445e+003	   -2.232340e+001
+8.067520e+003	   -2.250025e+001
+8.076604e+003	   -2.380497e+001
+8.085698e+003	   -2.339404e+001
+8.094803e+003	   -2.323042e+001
+8.103918e+003	   -2.324888e+001
+8.113044e+003	   -2.497246e+001
+8.122179e+003	   -2.343619e+001
+8.131325e+003	   -2.389403e+001
+8.140481e+003	   -2.279110e+001
+8.149648e+003	   -2.374800e+001
+8.158825e+003	   -2.382128e+001
+8.168012e+003	   -2.271394e+001
+8.177209e+003	   -2.292407e+001
+8.186417e+003	   -2.315999e+001
+8.195636e+003	   -2.208208e+001
+8.204864e+003	   -2.227882e+001
+8.214104e+003	   -2.214511e+001
+8.223353e+003	   -2.234061e+001
+8.232612e+003	   -2.190925e+001
+8.241883e+003	   -2.235311e+001
+8.251163e+003	   -2.246281e+001
+8.260455e+003	   -2.141672e+001
+8.269756e+003	   -2.198561e+001
+8.279068e+003	   -2.173051e+001
+8.288391e+003	   -2.184417e+001
+8.297724e+003	   -2.172274e+001
+8.307067e+003	   -2.182178e+001
+8.316422e+003	   -2.236953e+001
+8.325786e+003	   -2.243074e+001
+8.335161e+003	   -2.184119e+001
+8.344547e+003	   -2.216818e+001
+8.353943e+003	   -2.236146e+001
+8.363351e+003	   -2.267658e+001
+8.372768e+003	   -2.320881e+001
+8.382196e+003	   -2.231661e+001
+8.391635e+003	   -2.206942e+001
+8.401084e+003	   -2.340444e+001
+8.410544e+003	   -2.201207e+001
+8.420015e+003	   -2.202191e+001
+8.429496e+003	   -2.200674e+001
+8.438988e+003	   -2.195491e+001
+8.448490e+003	   -2.141195e+001
+8.458004e+003	   -2.048242e+001
+8.467528e+003	   -2.045208e+001
+8.477063e+003	   -2.055336e+001
+8.486608e+003	   -2.053502e+001
+8.496165e+003	   -1.968503e+001
+8.505731e+003	   -2.073991e+001
+8.515310e+003	   -1.993302e+001
+8.524898e+003	   -1.940450e+001
+8.534497e+003	   -2.007273e+001
+8.544107e+003	   -2.006898e+001
+8.553729e+003	   -2.010792e+001
+8.563360e+003	   -2.037215e+001
+8.573003e+003	   -1.972467e+001
+8.582657e+003	   -2.024078e+001
+8.592321e+003	   -2.074195e+001
+8.601996e+003	   -2.064541e+001
+8.611683e+003	   -2.127643e+001
+8.621380e+003	   -2.097745e+001
+8.631088e+003	   -2.196782e+001
+8.640807e+003	   -2.247653e+001
+8.650537e+003	   -2.196528e+001
+8.660277e+003	   -2.211154e+001
+8.670029e+003	   -2.279696e+001
+8.679792e+003	   -2.344134e+001
+8.689566e+003	   -2.293096e+001
+8.699351e+003	   -2.372991e+001
+8.709146e+003	   -2.312824e+001
+8.718953e+003	   -2.263045e+001
+8.728771e+003	   -2.352372e+001
+8.738601e+003	   -2.306107e+001
+8.748440e+003	   -2.394120e+001
+8.758292e+003	   -2.417020e+001
+8.768153e+003	   -2.439182e+001
+8.778027e+003	   -2.411706e+001
+8.787911e+003	   -2.403842e+001
+8.797807e+003	   -2.378211e+001
+8.807714e+003	   -2.429462e+001
+8.817632e+003	   -2.482184e+001
+8.827561e+003	   -2.441396e+001
+8.837501e+003	   -2.537684e+001
+8.847452e+003	   -2.494289e+001
+8.857415e+003	   -2.496361e+001
+8.867389e+003	   -2.555581e+001
+8.877374e+003	   -2.519014e+001
+8.887370e+003	   -2.538009e+001
+8.897378e+003	   -2.607156e+001
+8.907396e+003	   -2.429802e+001
+8.917427e+003	   -2.571630e+001
+8.927468e+003	   -2.366861e+001
+8.937521e+003	   -2.542108e+001
+8.947585e+003	   -2.557667e+001
+8.957660e+003	   -2.564151e+001
+8.967746e+003	   -2.518429e+001
+8.977845e+003	   -2.561369e+001
+8.987954e+003	   -2.629170e+001
+8.998075e+003	   -2.630549e+001
+9.008207e+003	   -2.659894e+001
+9.018351e+003	   -2.623224e+001
+9.028506e+003	   -2.480809e+001
+9.038672e+003	   -2.492440e+001
+9.048851e+003	   -2.602108e+001
+9.059039e+003	   -2.509635e+001
+9.069240e+003	   -2.552613e+001
+9.079453e+003	   -2.603908e+001
+9.089677e+003	   -2.498654e+001
+9.099912e+003	   -2.552110e+001
+9.110159e+003	   -2.460485e+001
+9.120417e+003	   -2.388125e+001
+9.130688e+003	   -2.359129e+001
+9.140969e+003	   -2.282269e+001
+9.151262e+003	   -2.334716e+001
+9.161566e+003	   -2.339825e+001
+9.171883e+003	   -2.352592e+001
+9.182211e+003	   -2.402555e+001
+9.192551e+003	   -2.258527e+001
+9.202901e+003	   -2.238601e+001
+9.213265e+003	   -2.328778e+001
+9.223639e+003	   -2.346367e+001
+9.234025e+003	   -2.340689e+001
+9.244423e+003	   -2.404771e+001
+9.254833e+003	   -2.435783e+001
+9.265254e+003	   -2.393521e+001
+9.275687e+003	   -2.325365e+001
+9.286132e+003	   -2.349200e+001
+9.296588e+003	   -2.403492e+001
+9.307057e+003	   -2.406673e+001
+9.317537e+003	   -2.519852e+001
+9.328028e+003	   -2.331840e+001
+9.338532e+003	   -2.381562e+001
+9.349048e+003	   -2.427359e+001
+9.359575e+003	   -2.408359e+001
+9.370115e+003	   -2.410825e+001
+9.380666e+003	   -2.382268e+001
+9.391229e+003	   -2.402373e+001
+9.401804e+003	   -2.405634e+001
+9.412391e+003	   -2.507918e+001
+9.422989e+003	   -2.575448e+001
+9.433600e+003	   -2.502607e+001
+9.444223e+003	   -2.586856e+001
+9.454857e+003	   -2.618863e+001
+9.465504e+003	   -2.615904e+001
+9.476162e+003	   -2.509933e+001
+9.486833e+003	   -2.522393e+001
+9.497516e+003	   -2.604022e+001
+9.508210e+003	   -2.569034e+001
+9.518917e+003	   -2.465008e+001
+9.529636e+003	   -2.492295e+001
+9.540366e+003	   -2.604802e+001
+9.551109e+003	   -2.522349e+001
+9.561864e+003	   -2.576936e+001
+9.572631e+003	   -2.592146e+001
+9.583410e+003	   -2.621552e+001
+9.594201e+003	   -2.522204e+001
+9.605005e+003	   -2.400249e+001
+9.615820e+003	   -2.542467e+001
+9.626648e+003	   -2.539203e+001
+9.637488e+003	   -2.509469e+001
+9.648341e+003	   -2.454365e+001
+9.659205e+003	   -2.545549e+001
+9.670082e+003	   -2.507881e+001
+9.680971e+003	   -2.495961e+001
+9.691872e+003	   -2.539716e+001
+9.702785e+003	   -2.477016e+001
+9.713711e+003	   -2.540247e+001
+9.724649e+003	   -2.425415e+001
+9.735600e+003	   -2.481501e+001
+9.746563e+003	   -2.439842e+001
+9.757537e+003	   -2.371387e+001
+9.768524e+003	   -2.369779e+001
+9.779524e+003	   -2.390252e+001
+9.790536e+003	   -2.278189e+001
+9.801562e+003	   -2.373193e+001
+9.812598e+003	   -2.331649e+001
+9.823647e+003	   -2.265656e+001
+9.834709e+003	   -2.263004e+001
+9.845783e+003	   -2.201510e+001
+9.856870e+003	   -2.229384e+001
+9.867970e+003	   -2.198836e+001
+9.879081e+003	   -2.219731e+001
+9.890206e+003	   -2.161699e+001
+9.901343e+003	   -2.138869e+001
+9.912492e+003	   -2.242426e+001
+9.923653e+003	   -2.144830e+001
+9.934828e+003	   -2.218816e+001
+9.946015e+003	   -2.252257e+001
+9.957215e+003	   -2.215221e+001
+9.968427e+003	   -2.219461e+001
+9.979651e+003	   -2.205124e+001
+9.990890e+003	   -2.249205e+001
+1.000214e+004	   -2.301770e+001
+1.001340e+004	   -2.271753e+001
+1.002468e+004	   -2.305517e+001
+1.003597e+004	   -2.309577e+001
+1.004727e+004	   -2.319725e+001
+1.005858e+004	   -2.368158e+001
+1.006991e+004	   -2.394213e+001
+1.008125e+004	   -2.376598e+001
+1.009260e+004	   -2.416849e+001
+1.010396e+004	   -2.274273e+001
+1.011534e+004	   -2.389528e+001
+1.012673e+004	   -2.267332e+001
+1.013813e+004	   -2.376905e+001
+1.014955e+004	   -2.353577e+001
+1.016098e+004	   -2.323363e+001
+1.017242e+004	   -2.229422e+001
+1.018388e+004	   -2.250906e+001
+1.019534e+004	   -2.274394e+001
+1.020682e+004	   -2.213808e+001
+1.021832e+004	   -2.226395e+001
+1.022982e+004	   -2.232743e+001
+1.024134e+004	   -2.179943e+001
+1.025287e+004	   -2.222707e+001
+1.026442e+004	   -2.271332e+001
+1.027598e+004	   -2.217636e+001
+1.028755e+004	   -2.350544e+001
+1.029913e+004	   -2.277811e+001
+1.031073e+004	   -2.287008e+001
+1.032234e+004	   -2.218550e+001
+1.033396e+004	   -2.296453e+001
+1.034560e+004	   -2.272263e+001
+1.035725e+004	   -2.405778e+001
+1.036891e+004	   -2.309848e+001
+1.038059e+004	   -2.388027e+001
+1.039228e+004	   -2.389862e+001
+1.040398e+004	   -2.433780e+001
+1.041569e+004	   -2.475138e+001
+1.042742e+004	   -2.497771e+001
+1.043916e+004	   -2.606824e+001
+1.045092e+004	   -2.631869e+001
+1.046269e+004	   -2.747018e+001
+1.047447e+004	   -2.849986e+001
+1.048626e+004	   -2.710172e+001
+1.049807e+004	   -2.961497e+001
+1.050989e+004	   -2.855990e+001
+1.052173e+004	   -2.857775e+001
+1.053358e+004	   -3.208410e+001
+1.054544e+004	   -2.968252e+001
+1.055731e+004	   -3.100715e+001
+1.056920e+004	   -2.954745e+001
+1.058110e+004	   -2.958635e+001
+1.059302e+004	   -3.026904e+001
+1.060494e+004	   -3.141548e+001
+1.061688e+004	   -3.032598e+001
+1.062884e+004	   -2.875518e+001
+1.064081e+004	   -2.909768e+001
+1.065279e+004	   -3.108162e+001
+1.066479e+004	   -2.977743e+001
+1.067679e+004	   -2.841709e+001
+1.068882e+004	   -2.848991e+001
+1.070085e+004	   -2.968303e+001
+1.071290e+004	   -3.074702e+001
+1.072497e+004	   -2.970440e+001
+1.073704e+004	   -3.011893e+001
+1.074913e+004	   -2.970246e+001
+1.076124e+004	   -2.826421e+001
+1.077336e+004	   -2.859730e+001
+1.078549e+004	   -2.951538e+001
+1.079763e+004	   -2.857908e+001
+1.080979e+004	   -3.132698e+001
+1.082196e+004	   -2.804128e+001
+1.083415e+004	   -2.856519e+001
+1.084635e+004	   -2.861873e+001
+1.085856e+004	   -2.979636e+001
+1.087079e+004	   -2.828652e+001
+1.088303e+004	   -3.002956e+001
+1.089528e+004	   -2.857687e+001
+1.090755e+004	   -2.955339e+001
+1.091983e+004	   -3.025495e+001
+1.093213e+004	   -2.885841e+001
+1.094444e+004	   -2.982162e+001
+1.095676e+004	   -2.991956e+001
+1.096910e+004	   -3.022446e+001
+1.098145e+004	   -2.980152e+001
+1.099382e+004	   -2.949656e+001
+1.100620e+004	   -2.969870e+001
+1.101859e+004	   -2.944099e+001
+1.103100e+004	   -3.133714e+001
+1.104342e+004	   -3.137014e+001
+1.105586e+004	   -2.967487e+001
+1.106831e+004	   -2.913898e+001
+1.108077e+004	   -2.961780e+001
+1.109325e+004	   -2.992943e+001
+1.110574e+004	   -2.773654e+001
+1.111824e+004	   -2.983270e+001
+1.113076e+004	   -2.837251e+001
+1.114330e+004	   -2.873491e+001
+1.115585e+004	   -2.819112e+001
+1.116841e+004	   -2.896754e+001
+1.118098e+004	   -2.820645e+001
+1.119357e+004	   -2.837616e+001
+1.120618e+004	   -2.701290e+001
+1.121880e+004	   -2.814044e+001
+1.123143e+004	   -2.559889e+001
+1.124408e+004	   -2.747403e+001
+1.125674e+004	   -2.778049e+001
+1.126941e+004	   -2.807865e+001
+1.128210e+004	   -2.629868e+001
+1.129481e+004	   -2.778229e+001
+1.130753e+004	   -2.765420e+001
+1.132026e+004	   -3.013598e+001
+1.133301e+004	   -2.841995e+001
+1.134577e+004	   -2.912224e+001
+1.135854e+004	   -2.896461e+001
+1.137133e+004	   -2.948921e+001
+1.138414e+004	   -3.082302e+001
+1.139696e+004	   -3.076723e+001
+1.140979e+004	   -3.003671e+001
+1.142264e+004	   -3.105051e+001
+1.143550e+004	   -3.061246e+001
+1.144838e+004	   -3.079095e+001
+1.146127e+004	   -2.983479e+001
+1.147417e+004	   -3.077812e+001
+1.148709e+004	   -2.834722e+001
+1.150003e+004	   -2.811746e+001
+1.151298e+004	   -3.068439e+001
+1.152594e+004	   -2.861014e+001
+1.153892e+004	   -2.940192e+001
+1.155192e+004	   -2.912400e+001
+1.156492e+004	   -2.800011e+001
+1.157795e+004	   -3.068688e+001
+1.159098e+004	   -2.971052e+001
+1.160404e+004	   -3.188921e+001
+1.161710e+004	   -3.176993e+001
+1.163018e+004	   -3.088500e+001
+1.164328e+004	   -3.116725e+001
+1.165639e+004	   -2.937071e+001
+1.166952e+004	   -2.888498e+001
+1.168266e+004	   -3.176504e+001
+1.169581e+004	   -2.996767e+001
+1.170898e+004	   -3.130115e+001
+1.172217e+004	   -3.165025e+001
+1.173537e+004	   -3.067722e+001
+1.174858e+004	   -3.210142e+001
+1.176181e+004	   -3.213607e+001
+1.177505e+004	   -3.071544e+001
+1.178831e+004	   -3.145280e+001
+1.180159e+004	   -3.106568e+001
+1.181488e+004	   -3.155098e+001
+1.182818e+004	   -3.315932e+001
+1.184150e+004	   -3.299988e+001
+1.185483e+004	   -3.142278e+001
+1.186818e+004	   -3.151416e+001
+1.188155e+004	   -3.157247e+001
+1.189493e+004	   -2.987391e+001
+1.190832e+004	   -2.961405e+001
+1.192173e+004	   -3.090092e+001
+1.193515e+004	   -3.195000e+001
+1.194859e+004	   -3.066919e+001
+1.196205e+004	   -2.925930e+001
+1.197552e+004	   -3.071376e+001
+1.198900e+004	   -3.091919e+001
+1.200250e+004	   -2.933473e+001
+1.201602e+004	   -3.176651e+001
+1.202955e+004	   -3.094732e+001
+1.204309e+004	   -2.914146e+001
+1.205666e+004	   -2.997078e+001
+1.207023e+004	   -2.917915e+001
+1.208382e+004	   -2.754271e+001
+1.209743e+004	   -3.050442e+001
+1.211105e+004	   -2.946970e+001
+1.212469e+004	   -3.063562e+001
+1.213834e+004	   -2.983789e+001
+1.215201e+004	   -2.926282e+001
+1.216569e+004	   -2.999731e+001
+1.217939e+004	   -3.169094e+001
+1.219311e+004	   -2.814667e+001
+1.220684e+004	   -2.913219e+001
+1.222058e+004	   -2.795421e+001
+1.223434e+004	   -2.855249e+001
+1.224812e+004	   -2.899217e+001
+1.226191e+004	   -2.985383e+001
+1.227572e+004	   -2.931630e+001
+1.228954e+004	   -2.819127e+001
+1.230338e+004	   -3.054924e+001
+1.231724e+004	   -2.965061e+001
+1.233111e+004	   -2.975193e+001
+1.234499e+004	   -2.813766e+001
+1.235889e+004	   -2.915562e+001
+1.237281e+004	   -2.963627e+001
+1.238674e+004	   -3.094669e+001
+1.240069e+004	   -2.903473e+001
+1.241465e+004	   -3.012968e+001
+1.242863e+004	   -3.011059e+001
+1.244263e+004	   -2.963655e+001
+1.245664e+004	   -3.033487e+001
+1.247066e+004	   -3.128583e+001
+1.248471e+004	   -3.080987e+001
+1.249876e+004	   -3.023944e+001
+1.251284e+004	   -2.987342e+001
+1.252693e+004	   -2.992918e+001
+1.254104e+004	   -3.077065e+001
+1.255516e+004	   -3.290396e+001
+1.256929e+004	   -3.159749e+001
+1.258345e+004	   -3.222887e+001
+1.259762e+004	   -3.525941e+001
+1.261180e+004	   -3.210392e+001
+1.262600e+004	   -3.325570e+001
+1.264022e+004	   -3.133680e+001
+1.265446e+004	   -3.080603e+001
+1.266870e+004	   -3.224850e+001
+1.268297e+004	   -3.210921e+001
+1.269725e+004	   -3.193032e+001
+1.271155e+004	   -2.954694e+001
+1.272586e+004	   -3.378152e+001
+1.274019e+004	   -3.292238e+001
+1.275454e+004	   -3.364553e+001
+1.276890e+004	   -3.115367e+001
+1.278328e+004	   -3.550233e+001
+1.279767e+004	   -3.111792e+001
+1.281208e+004	   -3.209332e+001
+1.282651e+004	   -3.262588e+001
+1.284095e+004	   -3.073797e+001
+1.285541e+004	   -3.089482e+001
+1.286989e+004	   -3.046463e+001
+1.288438e+004	   -3.122967e+001
+1.289889e+004	   -3.077871e+001
+1.291342e+004	   -3.019806e+001
+1.292796e+004	   -3.105359e+001
+1.294251e+004	   -3.074085e+001
+1.295709e+004	   -3.037539e+001
+1.297168e+004	   -3.202787e+001
+1.298628e+004	   -2.819025e+001
+1.300091e+004	   -3.037053e+001
+1.301555e+004	   -3.028683e+001
+1.303020e+004	   -3.042370e+001
+1.304488e+004	   -2.923016e+001
+1.305956e+004	   -3.225825e+001
+1.307427e+004	   -2.966069e+001
+1.308899e+004	   -3.142155e+001
+1.310373e+004	   -3.191460e+001
+1.311849e+004	   -3.049448e+001
+1.313326e+004	   -3.054791e+001
+1.314805e+004	   -2.963880e+001
+1.316285e+004	   -2.947608e+001
+1.317767e+004	   -2.887096e+001
+1.319251e+004	   -3.178899e+001
+1.320737e+004	   -2.873900e+001
+1.322224e+004	   -3.255805e+001
+1.323713e+004	   -2.891757e+001
+1.325203e+004	   -3.027901e+001
+1.326696e+004	   -2.924535e+001
+1.328190e+004	   -3.039128e+001
+1.329685e+004	   -2.982758e+001
+1.331182e+004	   -2.819940e+001
+1.332681e+004	   -2.976409e+001
+1.334182e+004	   -2.870130e+001
+1.335684e+004	   -2.989435e+001
+1.337188e+004	   -3.005226e+001
+1.338694e+004	   -3.163626e+001
+1.340202e+004	   -2.993003e+001
+1.341711e+004	   -2.924032e+001
+1.343222e+004	   -3.040351e+001
+1.344734e+004	   -3.089344e+001
+1.346248e+004	   -2.763251e+001
+1.347764e+004	   -3.008358e+001
+1.349282e+004	   -3.118914e+001
+1.350801e+004	   -3.036937e+001
+1.352322e+004	   -2.953945e+001
+1.353845e+004	   -3.138564e+001
+1.355370e+004	   -3.060679e+001
+1.356896e+004	   -3.020948e+001
+1.358424e+004	   -2.991200e+001
+1.359953e+004	   -3.111710e+001
+1.361485e+004	   -2.986424e+001
+1.363018e+004	   -2.946487e+001
+1.364553e+004	   -3.183636e+001
+1.366089e+004	   -2.984856e+001
+1.367627e+004	   -2.878870e+001
+1.369167e+004	   -3.075873e+001
+1.370709e+004	   -2.852295e+001
+1.372253e+004	   -3.085586e+001
+1.373798e+004	   -2.779169e+001
+1.375345e+004	   -2.847872e+001
+1.376893e+004	   -2.935137e+001
+1.378444e+004	   -2.834491e+001
+1.379996e+004	   -2.800869e+001
+1.381550e+004	   -2.891230e+001
+1.383106e+004	   -2.944544e+001
+1.384663e+004	   -2.841202e+001
+1.386222e+004	   -2.851679e+001
+1.387783e+004	   -2.733332e+001
+1.389346e+004	   -2.693974e+001
+1.390910e+004	   -2.842741e+001
+1.392477e+004	   -2.837612e+001
+1.394045e+004	   -2.847905e+001
+1.395614e+004	   -3.073785e+001
+1.397186e+004	   -3.023885e+001
+1.398759e+004	   -3.200521e+001
+1.400334e+004	   -2.889764e+001
+1.401911e+004	   -2.913639e+001
+1.403490e+004	   -3.091806e+001
+1.405070e+004	   -3.046095e+001
+1.406652e+004	   -2.955835e+001
+1.408236e+004	   -3.039937e+001
+1.409822e+004	   -2.898108e+001
+1.411409e+004	   -3.166146e+001
+1.412999e+004	   -2.842926e+001
+1.414590e+004	   -2.941768e+001
+1.416183e+004	   -2.898589e+001
+1.417777e+004	   -3.078215e+001
+1.419374e+004	   -3.197767e+001
+1.420972e+004	   -3.024798e+001
+1.422572e+004	   -3.155441e+001
+1.424174e+004	   -3.336544e+001
+1.425778e+004	   -2.900603e+001
+1.427383e+004	   -2.979846e+001
+1.428991e+004	   -3.208918e+001
+1.430600e+004	   -2.983527e+001
+1.432211e+004	   -2.868188e+001
+1.433823e+004	   -3.100197e+001
+1.435438e+004	   -2.991600e+001
+1.437054e+004	   -3.121703e+001
+1.438672e+004	   -3.271991e+001
+1.440292e+004	   -3.138123e+001
+1.441914e+004	   -3.012352e+001
+1.443538e+004	   -3.335633e+001
+1.445163e+004	   -3.150479e+001
+1.446791e+004	   -3.317487e+001
+1.448420e+004	   -3.202977e+001
+1.450051e+004	   -3.223727e+001
+1.451684e+004	   -2.982344e+001
+1.453318e+004	   -2.960882e+001
+1.454955e+004	   -3.057227e+001
+1.456593e+004	   -3.140436e+001
+1.458233e+004	   -3.009822e+001
+1.459875e+004	   -2.993679e+001
+1.461519e+004	   -3.045913e+001
+1.463165e+004	   -3.193913e+001
+1.464813e+004	   -2.870861e+001
+1.466462e+004	   -3.111944e+001
+1.468113e+004	   -3.016885e+001
+1.469767e+004	   -3.181382e+001
+1.471421e+004	   -2.921585e+001
+1.473078e+004	   -3.069889e+001
+1.474737e+004	   -2.946028e+001
+1.476398e+004	   -2.989399e+001
+1.478060e+004	   -3.394608e+001
+1.479725e+004	   -3.160797e+001
+1.481391e+004	   -2.996742e+001
+1.483059e+004	   -3.003414e+001
+1.484729e+004	   -3.092730e+001
+1.486401e+004	   -3.128639e+001
+1.488075e+004	   -2.952372e+001
+1.489750e+004	   -3.233024e+001
+1.491428e+004	   -3.138565e+001
+1.493107e+004	   -3.195022e+001
+1.494788e+004	   -3.244758e+001
+1.496472e+004	   -2.997996e+001
+1.498157e+004	   -3.118987e+001
+1.499844e+004	   -3.045707e+001
+1.501533e+004	   -3.197491e+001
+1.503223e+004	   -3.139123e+001
+1.504916e+004	   -3.226444e+001
+1.506611e+004	   -3.199913e+001
+1.508307e+004	   -3.199417e+001
+1.510006e+004	   -3.075801e+001
+1.511706e+004	   -3.327138e+001
+1.513408e+004	   -2.991228e+001
+1.515112e+004	   -3.123626e+001
+1.516818e+004	   -3.036446e+001
+1.518526e+004	   -3.283676e+001
+1.520236e+004	   -3.146283e+001
+1.521948e+004	   -3.167520e+001
+1.523662e+004	   -3.136620e+001
+1.525378e+004	   -3.292072e+001
+1.527095e+004	   -3.249524e+001
+1.528815e+004	   -3.369319e+001
+1.530536e+004	   -3.383313e+001
+1.532260e+004	   -3.399087e+001
+1.533985e+004	   -3.378211e+001
+1.535713e+004	   -3.379451e+001
+1.537442e+004	   -3.326991e+001
+1.539173e+004	   -3.389615e+001
+1.540906e+004	   -3.441444e+001
+1.542641e+004	   -3.342562e+001
+1.544378e+004	   -3.527334e+001
+1.546117e+004	   -3.264484e+001
+1.547858e+004	   -3.206808e+001
+1.549601e+004	   -3.544262e+001
+1.551346e+004	   -3.441461e+001
+1.553093e+004	   -3.260727e+001
+1.554842e+004	   -3.496938e+001
+1.556593e+004	   -3.573203e+001
+1.558346e+004	   -3.469403e+001
+1.560100e+004	   -3.394823e+001
+1.561857e+004	   -3.543299e+001
+1.563616e+004	   -3.374641e+001
+1.565376e+004	   -3.382746e+001
+1.567139e+004	   -3.143574e+001
+1.568904e+004	   -3.307981e+001
+1.570671e+004	   -3.323669e+001
+1.572439e+004	   -3.310358e+001
+1.574210e+004	   -3.354113e+001
+1.575982e+004	   -3.200995e+001
+1.577757e+004	   -3.318504e+001
+1.579534e+004	   -3.291154e+001
+1.581312e+004	   -3.239760e+001
+1.583093e+004	   -3.360090e+001
+1.584875e+004	   -3.344029e+001
+1.586660e+004	   -3.279907e+001
+1.588447e+004	   -3.225290e+001
+1.590235e+004	   -3.476850e+001
+1.592026e+004	   -3.313402e+001
+1.593819e+004	   -3.405888e+001
+1.595613e+004	   -3.590677e+001
+1.597410e+004	   -3.506311e+001
+1.599209e+004	   -3.294762e+001
+1.601010e+004	   -3.209430e+001
+1.602813e+004	   -3.426221e+001
+1.604617e+004	   -3.256658e+001
+1.606424e+004	   -3.484154e+001
+1.608233e+004	   -3.502919e+001
+1.610044e+004	   -3.549033e+001
+1.611857e+004	   -3.459821e+001
+1.613672e+004	   -3.417966e+001
+1.615489e+004	   -3.456855e+001
+1.617308e+004	   -3.389960e+001
+1.619129e+004	   -3.418504e+001
+1.620953e+004	   -3.238151e+001
+1.622778e+004	   -3.572498e+001
+1.624605e+004	   -3.344872e+001
+1.626435e+004	   -3.430205e+001
+1.628266e+004	   -3.423737e+001
+1.630100e+004	   -3.673698e+001
+1.631935e+004	   -3.297530e+001
+1.633773e+004	   -3.290335e+001
+1.635612e+004	   -3.525104e+001
+1.637454e+004	   -3.817203e+001
+1.639298e+004	   -3.524121e+001
+1.641144e+004	   -3.890670e+001
+1.642992e+004	   -3.410344e+001
+1.644842e+004	   -3.266607e+001
+1.646694e+004	   -3.491123e+001
+1.648548e+004	   -3.276725e+001
+1.650405e+004	   -3.747213e+001
+1.652263e+004	   -3.955990e+001
+1.654124e+004	   -3.592145e+001
+1.655986e+004	   -3.463448e+001
+1.657851e+004	   -3.656833e+001
+1.659718e+004	   -3.533833e+001
+1.661587e+004	   -3.754663e+001
+1.663458e+004	   -3.514173e+001
+1.665331e+004	   -3.465961e+001
+1.667206e+004	   -3.404567e+001
+1.669083e+004	   -3.538820e+001
+1.670963e+004	   -3.454316e+001
+1.672845e+004	   -3.274048e+001
+1.674728e+004	   -3.299590e+001
+1.676614e+004	   -3.432561e+001
+1.678502e+004	   -3.322507e+001
+1.680392e+004	   -3.452042e+001
+1.682284e+004	   -3.381713e+001
+1.684179e+004	   -3.593134e+001
+1.686075e+004	   -3.542928e+001
+1.687974e+004	   -3.577571e+001
+1.689874e+004	   -3.364724e+001
+1.691777e+004	   -3.330944e+001
+1.693682e+004	   -3.767555e+001
+1.695589e+004	   -3.486448e+001
+1.697499e+004	   -3.609372e+001
+1.699410e+004	   -3.377539e+001
+1.701324e+004	   -3.545564e+001
+1.703239e+004	   -3.054476e+001
+1.705157e+004	   -3.459072e+001
+1.707077e+004	   -3.401035e+001
+1.709000e+004	   -3.536494e+001
+1.710924e+004	   -3.283311e+001
+1.712851e+004	   -3.322734e+001
+1.714779e+004	   -3.445773e+001
+1.716710e+004	   -3.102374e+001
+1.718643e+004	   -3.396486e+001
+1.720579e+004	   -3.571435e+001
+1.722516e+004	   -3.305448e+001
+1.724456e+004	   -3.671919e+001
+1.726397e+004	   -3.113495e+001
+1.728342e+004	   -3.552918e+001
+1.730288e+004	   -3.375174e+001
+1.732236e+004	   -3.402345e+001
+1.734187e+004	   -3.518335e+001
+1.736139e+004	   -3.404210e+001
+1.738094e+004	   -3.366441e+001
+1.740052e+004	   -3.433050e+001
+1.742011e+004	   -3.271206e+001
+1.743972e+004	   -3.545276e+001
+1.745936e+004	   -3.906229e+001
+1.747902e+004	   -3.362219e+001
+1.749871e+004	   -3.855083e+001
+1.751841e+004	   -3.367214e+001
+1.753813e+004	   -3.846849e+001
+1.755788e+004	   -3.397898e+001
+1.757765e+004	   -3.515406e+001
+1.759745e+004	   -3.611641e+001
+1.761726e+004	   -3.229090e+001
+1.763710e+004	   -3.703728e+001
+1.765696e+004	   -3.522330e+001
+1.767684e+004	   -3.487323e+001
+1.769675e+004	   -3.601244e+001
+1.771668e+004	   -3.843758e+001
+1.773663e+004	   -3.728988e+001
+1.775660e+004	   -3.458745e+001
+1.777659e+004	   -3.567668e+001
+1.779661e+004	   -3.607464e+001
+1.781665e+004	   -3.656863e+001
+1.783671e+004	   -3.297890e+001
+1.785680e+004	   -3.720823e+001
+1.787690e+004	   -3.504394e+001
+1.789704e+004	   -3.408115e+001
+1.791719e+004	   -3.514643e+001
+1.793736e+004	   -3.514961e+001
+1.795756e+004	   -3.607922e+001
+1.797778e+004	   -3.365697e+001
+1.799803e+004	   -3.370583e+001
+1.801829e+004	   -3.562356e+001
+1.803858e+004	   -3.480014e+001
+1.805889e+004	   -3.530806e+001
+1.807923e+004	   -3.456314e+001
+1.809959e+004	   -3.121925e+001
+1.811997e+004	   -3.325211e+001
+1.814037e+004	   -3.520129e+001
+1.816080e+004	   -3.470663e+001
+1.818125e+004	   -3.191438e+001
+1.820172e+004	   -3.443391e+001
+1.822222e+004	   -3.389553e+001
+1.824274e+004	   -3.540446e+001
+1.826328e+004	   -3.324368e+001
+1.828384e+004	   -3.169740e+001
+1.830443e+004	   -3.344215e+001
+1.832504e+004	   -3.351465e+001
+1.834568e+004	   -3.316010e+001
+1.836634e+004	   -3.599660e+001
+1.838702e+004	   -3.563146e+001
+1.840772e+004	   -3.152812e+001
+1.842845e+004	   -3.479232e+001
+1.844920e+004	   -3.727918e+001
+1.846997e+004	   -3.795383e+001
+1.849077e+004	   -3.657827e+001
+1.851160e+004	   -3.497714e+001
+1.853244e+004	   -3.420831e+001
+1.855331e+004	   -3.516706e+001
+1.857420e+004	   -3.414151e+001
+1.859512e+004	   -3.533152e+001
+1.861605e+004	   -3.188239e+001
+1.863702e+004	   -3.296049e+001
+1.865800e+004	   -4.182014e+001
+1.867901e+004	   -3.394159e+001
+1.870004e+004	   -3.396971e+001
+1.872110e+004	   -3.577604e+001
+1.874218e+004	   -3.506063e+001
+1.876329e+004	   -3.423720e+001
+1.878442e+004	   -3.294968e+001
+1.880557e+004	   -3.605173e+001
+1.882674e+004	   -3.669925e+001
+1.884794e+004	   -3.491111e+001
+1.886917e+004	   -3.237962e+001
+1.889041e+004	   -3.408466e+001
+1.891169e+004	   -3.723076e+001
+1.893298e+004	   -3.535180e+001
+1.895430e+004	   -3.585077e+001
+1.897564e+004	   -3.179783e+001
+1.899701e+004	   -3.466444e+001
+1.901840e+004	   -3.496437e+001
+1.903982e+004	   -3.480626e+001
+1.906126e+004	   -3.794347e+001
+1.908272e+004	   -3.319872e+001
+1.910421e+004	   -3.830719e+001
+1.912572e+004	   -3.865611e+001
+1.914726e+004	   -3.545712e+001
+1.916882e+004	   -3.947727e+001
+1.919040e+004	   -3.457402e+001
+1.921201e+004	   -3.559327e+001
+1.923365e+004	   -3.730868e+001
+1.925530e+004	   -3.650206e+001
+1.927699e+004	   -3.418509e+001
+1.929869e+004	   -3.452994e+001
+1.932042e+004	   -3.381641e+001
+1.934218e+004	   -3.430859e+001
+1.936396e+004	   -3.553864e+001
+1.938577e+004	   -3.768940e+001
+1.940759e+004	   -3.354268e+001
+1.942945e+004	   -3.612684e+001
+1.945133e+004	   -3.609155e+001
+1.947323e+004	   -3.442374e+001
+1.949516e+004	   -3.709407e+001
+1.951711e+004	   -3.566146e+001
+1.953909e+004	   -3.502235e+001
+1.956109e+004	   -3.828568e+001
+1.958312e+004	   -3.595279e+001
+1.960517e+004	   -3.302623e+001
+1.962724e+004	   -3.726543e+001
+1.964934e+004	   -3.440257e+001
+1.967147e+004	   -3.382167e+001
+1.969362e+004	   -3.432048e+001
+1.971580e+004	   -3.178851e+001
+1.973800e+004	   -3.408603e+001
+1.976022e+004	   -3.341053e+001
+1.978247e+004	   -3.579724e+001
+1.980475e+004	   -3.568422e+001
+1.982705e+004	   -3.182258e+001
+1.984938e+004	   -3.552583e+001
+1.987173e+004	   -3.615072e+001
+1.989410e+004	   -3.138400e+001
+1.991651e+004	   -3.602142e+001
+1.993893e+004	   -3.580700e+001
+1.996138e+004	   -3.593135e+001
+1.998386e+004	   -3.331852e+001
+2.000637e+004	   -3.469422e+001
+2.002889e+004	   -3.720931e+001
+2.005145e+004	   -3.779302e+001
+2.007403e+004	   -3.795751e+001
+2.009663e+004	   -3.368562e+001
+2.011926e+004	   -3.938367e+001
+2.014191e+004	   -3.323012e+001
+2.016459e+004	   -3.466009e+001
+2.018730e+004	   -3.434983e+001
+2.021003e+004	   -3.593922e+001
+2.023279e+004	   -3.763906e+001
+2.025557e+004	   -3.635544e+001
+2.027838e+004	   -3.748649e+001
+2.030121e+004	   -3.617155e+001
+2.032408e+004	   -3.693758e+001
+2.034696e+004	   -3.301385e+001
+2.036987e+004	   -3.564219e+001
+2.039281e+004	   -3.386870e+001
+2.041577e+004	   -3.471474e+001
+2.043876e+004	   -3.566866e+001
+2.046178e+004	   -3.228025e+001
+2.048482e+004	   -3.672768e+001
+2.050788e+004	   -3.992602e+001
+2.053098e+004	   -3.402567e+001
+2.055410e+004	   -3.703960e+001
+2.057724e+004	   -3.551242e+001
+2.060041e+004	   -3.551002e+001
+2.062361e+004	   -3.298316e+001
+2.064683e+004	   -3.289786e+001
+2.067008e+004	   -3.325807e+001
+2.069336e+004	   -3.277562e+001
+2.071666e+004	   -3.384887e+001
+2.073999e+004	   -3.380941e+001
+2.076334e+004	   -3.434332e+001
+2.078672e+004	   -3.398749e+001
+2.081013e+004	   -3.079640e+001
+2.083356e+004	   -3.433260e+001
+2.085702e+004	   -3.439451e+001
+2.088051e+004	   -3.168357e+001
+2.090402e+004	   -3.414055e+001
+2.092756e+004	   -3.334431e+001
+2.095112e+004	   -3.522592e+001
+2.097471e+004	   -3.085756e+001
+2.099833e+004	   -3.477631e+001
+2.102198e+004	   -3.340277e+001
+2.104565e+004	   -3.613008e+001
+2.106935e+004	   -3.643106e+001
+2.109307e+004	   -3.588266e+001
+2.111682e+004	   -3.623939e+001
+2.114060e+004	   -3.287121e+001
+2.116441e+004	   -3.172592e+001
+2.118824e+004	   -3.332850e+001
+2.121210e+004	   -3.345264e+001
+2.123598e+004	   -3.270034e+001
+2.125990e+004	   -3.451933e+001
+2.128384e+004	   -3.699214e+001
+2.130780e+004	   -3.280107e+001
+2.133179e+004	   -3.455116e+001
+2.135582e+004	   -3.336333e+001
+2.137986e+004	   -3.379256e+001
+2.140394e+004	   -3.187744e+001
+2.142804e+004	   -3.566556e+001
+2.145217e+004	   -3.599714e+001
+2.147632e+004	   -3.605201e+001
+2.150051e+004	   -3.813741e+001
+2.152472e+004	   -3.332127e+001
+2.154896e+004	   -3.869278e+001
+2.157322e+004	   -3.497753e+001
+2.159751e+004	   -3.630898e+001
+2.162183e+004	   -3.467214e+001
+2.164618e+004	   -3.535832e+001
+2.167055e+004	   -3.469880e+001
+2.169496e+004	   -3.428025e+001
+2.171939e+004	   -3.637048e+001
+2.174384e+004	   -3.925818e+001
+2.176833e+004	   -3.431747e+001
+2.179284e+004	   -3.452946e+001
+2.181738e+004	   -3.594595e+001
+2.184195e+004	   -3.719777e+001
+2.186654e+004	   -3.418932e+001
+2.189116e+004	   -3.359787e+001
+2.191581e+004	   -3.634883e+001
+2.194049e+004	   -3.223179e+001
+2.196520e+004	   -3.357858e+001
+2.198993e+004	   -3.732271e+001
+2.201469e+004	   -3.647520e+001
+2.203948e+004	   -3.607864e+001
+2.206430e+004	   -3.420251e+001
+2.208915e+004	   -3.346993e+001
+2.211402e+004	   -3.417068e+001
+2.213892e+004	   -3.638974e+001
+2.216385e+004	   -3.456423e+001
+2.218881e+004	   -3.567329e+001
+2.221379e+004	   -3.551587e+001
+2.223881e+004	   -3.256372e+001
+2.226385e+004	   -3.379465e+001
+2.228892e+004	   -3.345397e+001
+2.231402e+004	   -3.258709e+001
+2.233914e+004	   -3.398605e+001
+2.236430e+004	   -3.492109e+001
+2.238948e+004	   -3.692997e+001
+2.241469e+004	   -3.791940e+001
+2.243993e+004	   -3.252008e+001
+2.246520e+004	   -3.472107e+001
+2.249050e+004	   -3.252010e+001
+2.251582e+004	   -3.232727e+001
+2.254118e+004	   -3.427905e+001
+2.256656e+004	   -3.193516e+001
+2.259197e+004	   -3.408570e+001
+2.261741e+004	   -3.391024e+001
+2.264288e+004	   -3.485885e+001
+2.266838e+004	   -3.357906e+001
+2.269390e+004	   -3.286506e+001
+2.271946e+004	   -3.422443e+001
+2.274504e+004	   -3.795833e+001
+2.277065e+004	   -3.490387e+001
+2.279629e+004	   -3.262914e+001
+2.282196e+004	   -3.778864e+001
+2.284766e+004	   -3.910934e+001
+2.287338e+004	   -3.498942e+001
+2.289914e+004	   -3.568003e+001
+2.292493e+004	   -3.813542e+001
+2.295074e+004	   -3.513616e+001
+2.297658e+004	   -3.449359e+001
+2.300246e+004	   -3.279975e+001
+2.302836e+004	   -4.002848e+001
+2.305429e+004	   -3.776053e+001
+2.308025e+004	   -3.771222e+001
+2.310624e+004	   -3.620747e+001
+2.313226e+004	   -3.519120e+001
+2.315831e+004	   -3.480361e+001
+2.318438e+004	   -3.479601e+001
+2.321049e+004	   -3.451295e+001
+2.323663e+004	   -3.570226e+001
+2.326279e+004	   -3.767746e+001
+2.328899e+004	   -3.470396e+001
+2.331521e+004	   -3.956701e+001
+2.334146e+004	   -3.325805e+001
+2.336775e+004	   -3.425531e+001
+2.339406e+004	   -3.632935e+001
+2.342040e+004	   -3.609297e+001
+2.344678e+004	   -3.449148e+001
+2.347318e+004	   -3.610053e+001
+2.349961e+004	   -3.424054e+001
+2.352607e+004	   -3.678813e+001
+2.355256e+004	   -3.305143e+001
+2.357908e+004	   -3.591915e+001
+2.360563e+004	   -3.955080e+001
+2.363221e+004	   -3.833668e+001
+2.365883e+004	   -4.048692e+001
+2.368547e+004	   -3.429354e+001
+2.371214e+004	   -3.643822e+001
+2.373884e+004	   -3.573260e+001
+2.376557e+004	   -3.691684e+001
+2.379233e+004	   -3.296481e+001
+2.381912e+004	   -3.199432e+001
+2.384594e+004	   -3.698023e+001
+2.387279e+004	   -3.802636e+001
+2.389968e+004	   -3.605090e+001
+2.392659e+004	   -3.640875e+001
+2.395353e+004	   -3.508799e+001
+2.398050e+004	   -3.360647e+001
+2.400751e+004	   -3.450002e+001
+2.403454e+004	   -3.098042e+001
+2.406160e+004	   -3.473008e+001
+2.408870e+004	   -3.715214e+001
+2.411582e+004	   -3.507781e+001
+2.414298e+004	   -3.338403e+001
+2.417016e+004	   -3.491070e+001
+2.419738e+004	   -3.452652e+001
+2.422463e+004	   -3.716012e+001
+2.425191e+004	   -3.378386e+001
+2.427921e+004	   -3.562790e+001
+2.430655e+004	   -4.078708e+001
+2.433393e+004	   -3.519224e+001
+2.436133e+004	   -3.427176e+001
+2.438876e+004	   -3.288928e+001
+2.441622e+004	   -3.730980e+001
+2.444371e+004	   -3.372778e+001
+2.447124e+004	   -3.640549e+001
+2.449879e+004	   -3.441036e+001
+2.452638e+004	   -3.306778e+001
+2.455400e+004	   -3.399110e+001
+2.458165e+004	   -3.524836e+001
+2.460933e+004	   -3.897290e+001
+2.463704e+004	   -3.433722e+001
+2.466478e+004	   -3.896044e+001
+2.469255e+004	   -3.929779e+001
+2.472036e+004	   -3.359550e+001
+2.474820e+004	   -3.461413e+001
+2.477606e+004	   -3.437675e+001
+2.480396e+004	   -3.352205e+001
+2.483189e+004	   -3.425420e+001
+2.485985e+004	   -3.476176e+001
+2.488785e+004	   -3.662966e+001
+2.491587e+004	   -3.541000e+001
+2.494393e+004	   -4.924657e+001
+2.497202e+004	   -3.604739e+001
+2.500014e+004	   -3.553448e+001
+2.502829e+004	   -3.957965e+001
+2.505647e+004	   -3.393802e+001
+2.508469e+004	   -3.566302e+001
+2.511293e+004	   -3.577980e+001
+2.514121e+004	   -3.918157e+001
+2.516952e+004	   -3.536600e+001
+2.519786e+004	   -3.524001e+001
+2.522623e+004	   -3.854470e+001
+2.525464e+004	   -3.326272e+001
+2.528308e+004	   -3.952144e+001
+2.531155e+004	   -3.793916e+001
+2.534005e+004	   -3.879054e+001
+2.536858e+004	   -3.387173e+001
+2.539715e+004	   -3.560756e+001
+2.542575e+004	   -3.274734e+001
+2.545438e+004	   -3.726368e+001
+2.548304e+004	   -3.309901e+001
+2.551174e+004	   -3.879585e+001
+2.554046e+004	   -3.515921e+001
+2.556922e+004	   -4.018243e+001
+2.559802e+004	   -3.469053e+001
+2.562684e+004	   -3.597439e+001
+2.565570e+004	   -3.557448e+001
+2.568459e+004	   -3.860541e+001
+2.571351e+004	   -3.920985e+001
+2.574246e+004	   -3.446864e+001
+2.577145e+004	   -3.462504e+001
+2.580047e+004	   -3.925354e+001
+2.582952e+004	   -3.703696e+001
+2.585861e+004	   -3.715627e+001
+2.588772e+004	   -3.877110e+001
+2.591688e+004	   -3.263467e+001
+2.594606e+004	   -3.638021e+001
+2.597528e+004	   -3.497635e+001
+2.600453e+004	   -3.120839e+001
+2.603381e+004	   -3.741073e+001
+2.606312e+004	   -3.595988e+001
+2.609247e+004	   -3.672050e+001
+2.612185e+004	   -3.549561e+001
+2.615127e+004	   -3.427359e+001
+2.618071e+004	   -3.779285e+001
+2.621019e+004	   -3.784248e+001
+2.623971e+004	   -3.466740e+001
+2.626925e+004	   -3.567219e+001
+2.629883e+004	   -3.775103e+001
+2.632845e+004	   -3.228278e+001
+2.635810e+004	   -3.518000e+001
+2.638778e+004	   -3.379603e+001
+2.641749e+004	   -3.662376e+001
+2.644724e+004	   -3.755223e+001
+2.647702e+004	   -3.502047e+001
+2.650683e+004	   -3.727388e+001
+2.653668e+004	   -3.501221e+001
+2.656656e+004	   -3.985678e+001
+2.659647e+004	   -4.347037e+001
+2.662642e+004	   -4.365636e+001
+2.665641e+004	   -3.290266e+001
+2.668642e+004	   -3.818159e+001
+2.671647e+004	   -4.105162e+001
+2.674656e+004	   -3.723783e+001
+2.677667e+004	   -3.430619e+001
+2.680683e+004	   -3.387065e+001
+2.683701e+004	   -3.676912e+001
+2.686723e+004	   -4.257996e+001
+2.689748e+004	   -3.655835e+001
+2.692777e+004	   -3.375592e+001
+2.695809e+004	   -3.572412e+001
+2.698845e+004	   -3.503572e+001
+2.701884e+004	   -3.973771e+001
+2.704927e+004	   -3.517163e+001
+2.707972e+004	   -4.084464e+001
+2.711022e+004	   -3.688319e+001
+2.714074e+004	   -3.741483e+001
+2.717130e+004	   -3.811026e+001
+2.720190e+004	   -3.737086e+001
+2.723253e+004	   -3.677426e+001
+2.726320e+004	   -3.549496e+001
+2.729390e+004	   -3.387040e+001
+2.732463e+004	   -3.813707e+001
+2.735540e+004	   -3.548967e+001
+2.738620e+004	   -3.893984e+001
+2.741704e+004	   -3.674830e+001
+2.744791e+004	   -3.298810e+001
+2.747882e+004	   -3.584286e+001
+2.750976e+004	   -3.702510e+001
+2.754074e+004	   -3.706602e+001
+2.757175e+004	   -3.532144e+001
+2.760280e+004	   -3.548550e+001
+2.763388e+004	   -3.715501e+001
+2.766500e+004	   -3.777948e+001
+2.769615e+004	   -3.744957e+001
+2.772734e+004	   -3.617059e+001
+2.775856e+004	   -3.782418e+001
+2.778982e+004	   -3.597770e+001
+2.782111e+004	   -3.341397e+001
+2.785244e+004	   -4.271233e+001
+2.788380e+004	   -3.297688e+001
+2.791520e+004	   -4.049738e+001
+2.794663e+004	   -3.408332e+001
+2.797810e+004	   -3.754982e+001
+2.800961e+004	   -3.784569e+001
+2.804114e+004	   -3.857714e+001
+2.807272e+004	   -3.711096e+001
+2.810433e+004	   -4.124629e+001
+2.813598e+004	   -3.968657e+001
+2.816766e+004	   -3.852735e+001
+2.819938e+004	   -3.981269e+001
+2.823113e+004	   -3.933597e+001
+2.826292e+004	   -3.810775e+001
+2.829475e+004	   -3.463986e+001
+2.832661e+004	   -3.499809e+001
+2.835850e+004	   -3.693470e+001
+2.839044e+004	   -3.226024e+001
+2.842241e+004	   -3.580508e+001
+2.845441e+004	   -3.673264e+001
+2.848645e+004	   -3.397615e+001
+2.851853e+004	   -3.484528e+001
+2.855064e+004	   -3.747679e+001
+2.858279e+004	   -3.676609e+001
+2.861498e+004	   -3.453389e+001
+2.864720e+004	   -3.775690e+001
+2.867946e+004	   -3.981048e+001
+2.871175e+004	   -3.700361e+001
+2.874408e+004	   -3.534870e+001
+2.877645e+004	   -3.585006e+001
+2.880885e+004	   -3.412320e+001
+2.884129e+004	   -3.465431e+001
+2.887377e+004	   -3.639135e+001
+2.890628e+004	   -3.579037e+001
+2.893883e+004	   -3.388088e+001
+2.897142e+004	   -3.572967e+001
+2.900404e+004	   -4.190070e+001
+2.903670e+004	   -3.325210e+001
+2.906940e+004	   -3.787851e+001
+2.910213e+004	   -3.512226e+001
+2.913490e+004	   -3.388628e+001
+2.916771e+004	   -4.298745e+001
+2.920055e+004	   -3.457282e+001
+2.923343e+004	   -3.277632e+001
+2.926635e+004	   -3.798517e+001
+2.929930e+004	   -3.738986e+001
+2.933230e+004	   -3.960403e+001
+2.936533e+004	   -3.758353e+001
+2.939839e+004	   -3.780097e+001
+2.943150e+004	   -4.251148e+001
+2.946464e+004	   -3.845763e+001
+2.949782e+004	   -3.361964e+001
+2.953103e+004	   -3.447972e+001
+2.956429e+004	   -3.505412e+001
+2.959758e+004	   -3.653299e+001
+2.963090e+004	   -3.632059e+001
+2.966427e+004	   -4.162563e+001
+2.969767e+004	   -3.925608e+001
+2.973112e+004	   -3.576661e+001
+2.976459e+004	   -4.210115e+001
+2.979811e+004	   -3.850592e+001
+2.983166e+004	   -3.671827e+001
+2.986525e+004	   -3.451082e+001
+2.989888e+004	   -4.363906e+001
+2.993255e+004	   -4.020070e+001
+2.996626e+004	   -3.509867e+001
+3.000000e+004	   -3.910247e+001
