+1.000000e+002	   +1.095994e+001
+1.003394e+002	   +9.134519e+000
+1.006799e+002	   +2.752698e+000
+1.010215e+002	   +5.790251e+000
+1.013643e+002	   +1.211736e+001
+1.017083e+002	   +1.569977e+001
+1.020535e+002	   +1.672690e+001
+1.023998e+002	   +1.618352e+001
+1.027473e+002	   +1.498913e+001
+1.030960e+002	   +2.143229e+001
+1.034459e+002	   +4.301754e+000
+1.037969e+002	   +1.403149e+001
+1.041491e+002	   +1.235274e+001
+1.045026e+002	   +6.606224e+000
+1.048572e+002	   +1.965164e+001
+1.052131e+002	   +7.160756e+000
+1.055701e+002	   +9.141228e+000
+1.059284e+002	   +1.071388e+001
+1.062878e+002	   +9.540995e+000
+1.066485e+002	   +1.015776e+001
+1.070105e+002	   +2.480816e+001
+1.073736e+002	   +1.278401e+001
+1.077380e+002	   +1.062722e+001
+1.081036e+002	   +9.979629e+000
+1.084705e+002	   +1.360611e+001
+1.088385e+002	   +2.146062e+001
+1.092079e+002	   +1.075932e+001
+1.095785e+002	   +5.807239e+000
+1.099504e+002	   +2.106761e+001
+1.103235e+002	   +1.803890e+001
+1.106979e+002	   +1.177136e+001
+1.110735e+002	   +1.331671e+001
+1.114505e+002	   +1.473932e+001
+1.118287e+002	   +3.352088e+001
+1.122082e+002	   +1.965427e+001
+1.125890e+002	   +1.108491e+001
+1.129710e+002	   +4.512806e+000
+1.133544e+002	   +1.072425e+001
+1.137391e+002	   +2.002217e+001
+1.141251e+002	   +1.304216e+001
+1.145124e+002	   +1.541785e+001
+1.149010e+002	   +7.441617e+000
+1.152909e+002	   +1.358581e+001
+1.156821e+002	   +9.870628e+000
+1.160747e+002	   +1.095142e+001
+1.164686e+002	   +7.044969e+000
+1.168639e+002	   +2.804466e+001
+1.172605e+002	   +1.247332e+001
+1.176584e+002	   +3.330166e+000
+1.180577e+002	   +1.159026e+001
+1.184583e+002	   +8.518226e+000
+1.188603e+002	   +1.487762e+001
+1.192637e+002	   +8.154414e+000
+1.196684e+002	   +1.265012e+001
+1.200745e+002	   +8.677432e+000
+1.204820e+002	   +1.002783e+001
+1.208908e+002	   +2.201648e+001
+1.213011e+002	   +9.638193e+000
+1.217127e+002	   +1.470556e+001
+1.221258e+002	   +1.082172e+001
+1.225402e+002	   +1.245844e+001
+1.229560e+002	   +9.336295e+000
+1.233733e+002	   +5.089852e+000
+1.237920e+002	   +4.663394e+000
+1.242121e+002	   +1.067928e+001
+1.246336e+002	   +7.671707e+000
+1.250565e+002	   +9.939028e+000
+1.254809e+002	   +9.290183e+000
+1.259068e+002	   +9.718841e+000
+1.263340e+002	   +1.641800e+001
+1.267628e+002	   +7.011220e+000
+1.271929e+002	   +8.799039e+000
+1.276246e+002	   +1.289363e+001
+1.280577e+002	   +9.696181e+000
+1.284922e+002	   +1.343808e+001
+1.289283e+002	   +8.252527e+000
+1.293658e+002	   +1.361681e+000
+1.298048e+002	   +7.121659e+000
+1.302453e+002	   +1.263085e+001
+1.306873e+002	   +7.568434e+000
+1.311308e+002	   +9.557348e+000
+1.315758e+002	   +8.163774e+000
+1.320223e+002	   +1.371089e+001
+1.324704e+002	   -1.199714e+001
+1.329199e+002	   +5.095531e+000
+1.333710e+002	   +1.248996e+001
+1.338236e+002	   +1.006802e+001
+1.342777e+002	   +1.165658e+001
+1.347334e+002	   +5.832761e+000
+1.351906e+002	   +9.789525e+000
+1.356494e+002	   +1.134020e+001
+1.361097e+002	   +2.445058e+000
+1.365716e+002	   +8.418629e+000
+1.370351e+002	   +1.428448e+001
+1.375001e+002	   +1.634102e+000
+1.379668e+002	   +1.143590e+001
+1.384350e+002	   +1.507929e+001
+1.389047e+002	   +1.539557e+001
+1.393761e+002	   +1.337432e+001
+1.398491e+002	   +1.453925e+001
+1.403237e+002	   +1.149921e+001
+1.407999e+002	   +1.810550e+001
+1.412777e+002	   +1.348592e+001
+1.417571e+002	   +1.408900e+001
+1.422382e+002	   +1.301620e+001
+1.427209e+002	   +7.219117e+000
+1.432052e+002	   +9.344481e+000
+1.436912e+002	   +1.388085e+001
+1.441788e+002	   +1.107418e+001
+1.446681e+002	   +1.724716e+001
+1.451590e+002	   +1.630861e+001
+1.456516e+002	   +2.016195e+001
+1.461459e+002	   +2.760047e+001
+1.466419e+002	   +1.925018e+001
+1.471395e+002	   +1.273207e+001
+1.476388e+002	   +2.077938e+000
+1.481399e+002	   +1.474513e+001
+1.486426e+002	   +1.513808e+001
+1.491470e+002	   +1.451682e+001
+1.496532e+002	   +2.038357e+001
+1.501610e+002	   +2.734606e+001
+1.506706e+002	   +2.364426e+001
+1.511819e+002	   +1.581177e+001
+1.516949e+002	   +1.073593e+001
+1.522097e+002	   +1.354985e+001
+1.527263e+002	   +2.319996e+001
+1.532446e+002	   +1.493685e+001
+1.537646e+002	   +1.773206e+001
+1.542864e+002	   +1.333663e+001
+1.548100e+002	   +1.944399e+001
+1.553353e+002	   +2.880064e+001
+1.558625e+002	   +9.718719e+000
+1.563914e+002	   +9.832558e+000
+1.569221e+002	   +1.671802e+001
+1.574547e+002	   +2.256216e+001
+1.579890e+002	   +2.325870e+001
+1.585251e+002	   +1.864503e+001
+1.590631e+002	   +1.577068e+001
+1.596029e+002	   +1.143097e+001
+1.601445e+002	   +2.275154e+001
+1.606880e+002	   +1.156084e+001
+1.612333e+002	   +1.956214e+001
+1.617804e+002	   +1.323815e+001
+1.623295e+002	   +1.170103e+001
+1.628803e+002	   +2.009605e+001
+1.634331e+002	   +1.918456e+001
+1.639877e+002	   +2.003921e+001
+1.645442e+002	   +2.556078e+001
+1.651026e+002	   +2.064530e+001
+1.656629e+002	   +2.500156e+001
+1.662251e+002	   +2.416660e+001
+1.667892e+002	   +1.734397e+001
+1.673552e+002	   +2.098990e+001
+1.679231e+002	   +1.993704e+001
+1.684930e+002	   +2.201760e+001
+1.690647e+002	   +1.583898e+001
+1.696385e+002	   +2.166236e+001
+1.702141e+002	   +1.594178e+001
+1.707918e+002	   +1.598927e+001
+1.713714e+002	   +2.518713e+001
+1.719529e+002	   +1.642128e+001
+1.725365e+002	   +2.339395e+001
+1.731220e+002	   +2.169412e+001
+1.737095e+002	   +1.358520e+001
+1.742990e+002	   +2.640485e+001
+1.748905e+002	   +2.414419e+001
+1.754840e+002	   +1.770879e+001
+1.760795e+002	   +7.540951e+000
+1.766770e+002	   +2.110089e+001
+1.772766e+002	   +1.272372e+001
+1.778782e+002	   +2.280985e+001
+1.784818e+002	   +3.366119e+001
+1.790875e+002	   +2.710758e+001
+1.796953e+002	   +1.891979e+001
+1.803051e+002	   +1.624211e+001
+1.809169e+002	   +2.104447e+001
+1.815309e+002	   +2.868472e+001
+1.821469e+002	   +2.503056e+001
+1.827650e+002	   +1.974834e+001
+1.833853e+002	   +2.497779e+001
+1.840076e+002	   +2.339443e+001
+1.846320e+002	   +1.575694e+001
+1.852586e+002	   +1.647401e+001
+1.858873e+002	   +5.762891e+000
+1.865181e+002	   +1.505536e+001
+1.871511e+002	   +1.689504e+001
+1.877862e+002	   +1.907986e+001
+1.884234e+002	   +1.727739e+001
+1.890629e+002	   +1.754653e+001
+1.897045e+002	   +1.715173e+001
+1.903482e+002	   +1.605568e+001
+1.909942e+002	   +1.733564e+001
+1.916423e+002	   +2.290188e+001
+1.922927e+002	   +1.403280e+001
+1.929453e+002	   +1.786451e+001
+1.936000e+002	   +2.080418e+001
+1.942570e+002	   +1.241717e+001
+1.949162e+002	   +2.732113e+001
+1.955777e+002	   +1.199556e+001
+1.962414e+002	   +1.040752e+001
+1.969074e+002	   +2.786882e+001
+1.975756e+002	   +2.912749e+001
+1.982461e+002	   +2.978864e+001
+1.989188e+002	   +2.287767e+001
+1.995939e+002	   +2.175127e+001
+2.002712e+002	   +3.102331e+001
+2.009508e+002	   +1.812197e+001
+2.016328e+002	   +3.055244e+001
+2.023170e+002	   +1.746203e+001
+2.030036e+002	   +2.568722e+001
+2.036925e+002	   +2.798762e+001
+2.043838e+002	   +2.763284e+001
+2.050773e+002	   +1.843653e+001
+2.057733e+002	   +2.162221e+001
+2.064716e+002	   +2.745604e+001
+2.071723e+002	   +2.473904e+001
+2.078753e+002	   +2.506992e+001
+2.085807e+002	   +1.905269e+001
+2.092886e+002	   +1.481988e+001
+2.099988e+002	   +1.410154e+001
+2.107115e+002	   +1.900490e+001
+2.114265e+002	   +2.226974e+001
+2.121440e+002	   +1.701188e+001
+2.128639e+002	   +1.904049e+001
+2.135863e+002	   +1.782147e+001
+2.143111e+002	   +1.728046e+001
+2.150384e+002	   +1.842173e+001
+2.157681e+002	   +2.055536e+001
+2.165004e+002	   +2.120113e+001
+2.172351e+002	   +3.115264e+001
+2.179723e+002	   +2.633354e+001
+2.187120e+002	   +3.009366e+001
+2.194542e+002	   +1.624195e+001
+2.201989e+002	   +1.324559e+001
+2.209462e+002	   +1.865755e+001
+2.216960e+002	   +1.376573e+001
+2.224483e+002	   +2.602219e+001
+2.232032e+002	   +2.076761e+001
+2.239607e+002	   +1.574647e+001
+2.247207e+002	   +9.795475e+000
+2.254833e+002	   +1.756562e+001
+2.262485e+002	   +1.987439e+001
+2.270163e+002	   +1.206740e+001
+2.277867e+002	   +1.046177e+001
+2.285597e+002	   +1.085290e+001
+2.293353e+002	   +2.066838e+001
+2.301136e+002	   +1.902218e+001
+2.308945e+002	   +2.841137e+001
+2.316780e+002	   +1.778864e+001
+2.324642e+002	   +1.331974e+001
+2.332531e+002	   +2.579965e+001
+2.340447e+002	   +1.649407e+001
+2.348389e+002	   +2.658574e+001
+2.356359e+002	   +2.443374e+001
+2.364355e+002	   +1.825802e+001
+2.372379e+002	   +2.014424e+001
+2.380430e+002	   +2.922478e+001
+2.388508e+002	   +1.944894e+001
+2.396613e+002	   +2.384184e+001
+2.404746e+002	   +2.668581e+001
+2.412907e+002	   +2.412904e+001
+2.421095e+002	   +1.932233e+001
+2.429311e+002	   +2.462770e+001
+2.437555e+002	   +2.540908e+001
+2.445827e+002	   +2.353025e+001
+2.454128e+002	   +1.903999e+001
+2.462456e+002	   +1.558582e+001
+2.470812e+002	   +2.667978e+001
+2.479197e+002	   +2.734460e+001
+2.487610e+002	   +1.980626e+001
+2.496052e+002	   +2.714497e+001
+2.504523e+002	   +2.047635e+001
+2.513022e+002	   +2.152415e+001
+2.521550e+002	   +1.957135e+001
+2.530107e+002	   +1.761915e+001
+2.538693e+002	   +2.121408e+001
+2.547308e+002	   +1.590099e+001
+2.555953e+002	   +2.957739e+001
+2.564626e+002	   +1.126653e+001
+2.573330e+002	   +2.015480e+001
+2.582063e+002	   +2.280275e+001
+2.590825e+002	   +1.606794e+001
+2.599617e+002	   +1.600905e+001
+2.608439e+002	   +2.176672e+001
+2.617291e+002	   +1.071826e+001
+2.626173e+002	   +1.262911e+001
+2.635085e+002	   +1.852097e+001
+2.644027e+002	   +1.768143e+001
+2.653000e+002	   +2.150127e+001
+2.662003e+002	   +1.961205e+001
+2.671037e+002	   +2.055873e+001
+2.680101e+002	   +1.405323e+001
+2.689196e+002	   +2.535101e+001
+2.698322e+002	   +2.553748e+001
+2.707479e+002	   +6.689509e+000
+2.716667e+002	   +1.856697e+001
+2.725886e+002	   +2.803089e+001
+2.735137e+002	   +1.308111e+001
+2.744418e+002	   +1.278021e+001
+2.753732e+002	   +1.669271e+001
+2.763077e+002	   +1.400583e+001
+2.772454e+002	   +6.670394e+000
+2.781862e+002	   +1.446574e+001
+2.791302e+002	   +1.667877e+001
+2.800775e+002	   +1.766781e+001
+2.810280e+002	   +1.372449e+001
+2.819816e+002	   +1.131331e+001
+2.829385e+002	   +2.403761e+001
+2.838987e+002	   +1.209517e+001
+2.848622e+002	   +1.844033e+001
+2.858289e+002	   +1.710839e+001
+2.867988e+002	   +1.275189e+001
+2.877721e+002	   +2.155645e+001
+2.887487e+002	   +2.679251e+001
+2.897285e+002	   +1.472593e+001
+2.907118e+002	   +2.694794e+001
+2.916983e+002	   +2.013496e+001
+2.926882e+002	   +1.377025e+001
+2.936815e+002	   +4.181417e+001
+2.946781e+002	   +1.584728e+001
+2.956781e+002	   +1.342337e+001
+2.966815e+002	   +9.040208e+000
+2.976883e+002	   +2.039380e+001
+2.986985e+002	   +2.866559e+001
+2.997122e+002	   +1.180384e+001
+3.007293e+002	   +1.587854e+001
+3.017498e+002	   +3.014886e+001
+3.027738e+002	   +2.006459e+001
+3.038013e+002	   +2.086886e+001
+3.048323e+002	   +2.538669e+001
+3.058667e+002	   +1.249477e+001
+3.069047e+002	   +1.794488e+001
+3.079462e+002	   +2.160542e+001
+3.089912e+002	   +1.825785e+001
+3.100398e+002	   +3.548973e+001
+3.110920e+002	   +1.467551e+001
+3.121477e+002	   +1.696870e+001
+3.132070e+002	   +2.459192e+001
+3.142699e+002	   +2.425781e+001
+3.153364e+002	   +1.895471e+001
+3.164065e+002	   +1.770167e+001
+3.174802e+002	   +1.030032e+001
+3.185576e+002	   +3.486070e+001
+3.196386e+002	   +1.900896e+001
+3.207234e+002	   +2.482060e+001
+3.218117e+002	   +1.276744e+001
+3.229038e+002	   +1.919142e+001
+3.239996e+002	   +2.198746e+001
+3.250992e+002	   +3.609627e+001
+3.262024e+002	   +2.715311e+001
+3.273094e+002	   +3.088332e+001
+3.284201e+002	   +1.925959e+001
+3.295346e+002	   +1.395435e+001
+3.306529e+002	   +2.472353e+001
+3.317750e+002	   +2.073658e+001
+3.329009e+002	   +2.397332e+001
+3.340306e+002	   +2.158381e+001
+3.351642e+002	   +1.549958e+001
+3.363016e+002	   +2.243975e+001
+3.374428e+002	   +1.502851e+001
+3.385880e+002	   +1.262004e+001
+3.397370e+002	   +1.416233e+001
+3.408899e+002	   +1.650111e+001
+3.420468e+002	   +2.520949e+001
+3.432075e+002	   +1.716008e+001
+3.443722e+002	   +1.996536e+001
+3.455409e+002	   +2.420511e+001
+3.467135e+002	   +2.151990e+001
+3.478901e+002	   +1.779455e+001
+3.490706e+002	   +2.464298e+001
+3.502552e+002	   +1.545501e+001
+3.514438e+002	   +1.674066e+001
+3.526365e+002	   +3.172771e+001
+3.538332e+002	   +2.256178e+001
+3.550339e+002	   +2.255559e+001
+3.562388e+002	   +1.784486e+001
+3.574477e+002	   +2.111794e+001
+3.586607e+002	   +2.021430e+001
+3.598779e+002	   +2.399409e+001
+3.610991e+002	   +1.407549e+001
+3.623245e+002	   +9.689260e+000
+3.635541e+002	   +1.625168e+001
+3.647878e+002	   +1.272201e+001
+3.660258e+002	   +1.351582e+001
+3.672679e+002	   +1.778604e+001
+3.685143e+002	   +1.798383e+001
+3.697648e+002	   +1.769159e+001
+3.710197e+002	   +2.937800e+001
+3.722787e+002	   +2.293209e+001
+3.735421e+002	   +3.992161e+001
+3.748097e+002	   +2.314214e+001
+3.760817e+002	   +2.074904e+001
+3.773579e+002	   +2.157864e+001
+3.786385e+002	   +1.250562e+001
+3.799234e+002	   +1.942406e+001
+3.812127e+002	   +2.420525e+001
+3.825064e+002	   +1.480001e+001
+3.838044e+002	   +1.297095e+001
+3.851069e+002	   +1.689002e+001
+3.864138e+002	   +1.804314e+001
+3.877251e+002	   +1.836394e+001
+3.890409e+002	   +1.518737e+001
+3.903611e+002	   +2.214261e+001
+3.916859e+002	   +1.850233e+001
+3.930150e+002	   +2.401728e+001
+3.943488e+002	   +1.184958e+001
+3.956870e+002	   +1.984148e+001
+3.970298e+002	   +9.380938e+000
+3.983771e+002	   +2.053109e+001
+3.997291e+002	   +1.172565e+001
+4.010856e+002	   +1.513857e+001
+4.024467e+002	   +1.077410e+001
+4.038124e+002	   +2.271072e+001
+4.051828e+002	   +1.285023e+001
+4.065578e+002	   +8.855469e+000
+4.079375e+002	   +1.048139e+001
+4.093218e+002	   +1.140437e+001
+4.107109e+002	   +1.620953e+001
+4.121046e+002	   +6.053142e+000
+4.135031e+002	   +1.377319e+001
+4.149064e+002	   +1.557236e+001
+4.163144e+002	   +1.828316e+001
+4.177272e+002	   +1.110682e+001
+4.191448e+002	   +1.392130e+001
+4.205672e+002	   +1.865773e+001
+4.219944e+002	   +1.027599e+001
+4.234265e+002	   +2.994801e+001
+4.248634e+002	   +8.940871e+000
+4.263052e+002	   +1.412868e+001
+4.277519e+002	   +1.399052e+001
+4.292035e+002	   +2.171419e+001
+4.306600e+002	   +1.559082e+001
+4.321215e+002	   +1.644440e+001
+4.335879e+002	   +2.722714e+001
+4.350593e+002	   +2.226436e+001
+4.365357e+002	   +2.152878e+001
+4.380171e+002	   +1.856551e+001
+4.395036e+002	   +2.006156e+001
+4.409951e+002	   +3.432828e+001
+4.424916e+002	   +1.882175e+001
+4.439932e+002	   +2.291361e+001
+4.454999e+002	   +2.000218e+001
+4.470118e+002	   +1.775761e+001
+4.485287e+002	   +1.649509e+001
+4.500508e+002	   +1.376184e+001
+4.515781e+002	   +1.502916e+001
+4.531106e+002	   +1.738368e+001
+4.546482e+002	   +1.588545e+001
+4.561911e+002	   +2.226361e+001
+4.577392e+002	   +1.468226e+001
+4.592926e+002	   +1.333983e+001
+4.608512e+002	   +1.431051e+001
+4.624152e+002	   +1.766254e+001
+4.639844e+002	   +1.522576e+001
+4.655589e+002	   +1.924567e+001
+4.671389e+002	   +2.018498e+001
+4.687241e+002	   +2.541428e+001
+4.703148e+002	   +1.086481e+001
+4.719108e+002	   +1.143982e+001
+4.735123e+002	   +2.330750e+001
+4.751191e+002	   +9.521689e+000
+4.767315e+002	   +1.091551e+001
+4.783493e+002	   +8.285082e+000
+4.799726e+002	   +7.286003e-001
+4.816014e+002	   +3.484011e-001
+4.832358e+002	   +1.225776e+001
+4.848757e+002	   +1.379142e+001
+4.865211e+002	   +8.295365e+000
+4.881721e+002	   +4.494823e+000
+4.898288e+002	   +1.290683e+001
+4.914911e+002	   +1.297830e+001
+4.931590e+002	   +1.107301e+001
+4.948326e+002	   +1.095956e+001
+4.965118e+002	   +6.560142e+000
+4.981967e+002	   +2.276603e+001
+4.998874e+002	   +7.997549e+000
+5.015838e+002	   +7.550301e+000
+5.032859e+002	   +9.124042e+000
+5.049939e+002	   +2.265712e+001
+5.067076e+002	   +1.022093e+001
+5.084272e+002	   +9.102788e+000
+5.101525e+002	   +2.872923e+001
+5.118838e+002	   +1.189572e+001
+5.136208e+002	   +5.791754e+000
+5.153639e+002	   +2.986635e+000
+5.171128e+002	   +1.318848e+001
+5.188676e+002	   +1.527588e+001
+5.206285e+002	   +1.043583e+001
+5.223953e+002	   +5.176799e+000
+5.241680e+002	   +1.010556e+001
+5.259468e+002	   +7.115881e+000
+5.277316e+002	   +1.298135e+001
+5.295225e+002	   +9.772985e+000
+5.313195e+002	   +6.816077e+000
+5.331226e+002	   +2.112058e+001
+5.349318e+002	   +1.099478e+001
+5.367471e+002	   +1.294217e+001
+5.385685e+002	   +1.170204e+001
+5.403962e+002	   +6.494771e+000
+5.422301e+002	   +2.231357e+001
+5.440702e+002	   +1.547785e+001
+5.459165e+002	   +7.958693e+000
+5.477691e+002	   +1.507888e+001
+5.496280e+002	   +1.090781e+001
+5.514932e+002	   +1.299102e+001
+5.533647e+002	   +1.085014e+001
+5.552426e+002	   +1.461532e+001
+5.571268e+002	   +9.662786e+000
+5.590175e+002	   +1.087378e+001
+5.609146e+002	   +1.068793e+001
+5.628181e+002	   +1.390276e+001
+5.647280e+002	   +5.169037e+000
+5.666445e+002	   +1.845992e+001
+5.685674e+002	   +1.335674e+001
+5.704969e+002	   +1.017661e+001
+5.724329e+002	   +1.000132e+001
+5.743755e+002	   +1.382634e+001
+5.763246e+002	   +1.251241e+001
+5.782805e+002	   +1.388618e+001
+5.802429e+002	   +9.010186e+000
+5.822120e+002	   +9.701068e+000
+5.841877e+002	   +1.244899e+001
+5.861702e+002	   +8.134760e+000
+5.881594e+002	   +8.590219e+000
+5.901554e+002	   +1.087504e+001
+5.921581e+002	   +7.001431e+000
+5.941676e+002	   +8.487044e+000
+5.961840e+002	   +1.600103e+001
+5.982072e+002	   +6.385695e+000
+6.002372e+002	   +8.910629e+000
+6.022742e+002	   +1.261294e+001
+6.043180e+002	   +1.241252e+001
+6.063688e+002	   +1.105260e+001
+6.084265e+002	   +1.819330e+001
+6.104913e+002	   +1.480699e+001
+6.125630e+002	   +1.397567e+001
+6.146418e+002	   +3.094397e+001
+6.167276e+002	   +2.674876e+001
+6.188205e+002	   +1.302904e+001
+6.209205e+002	   +1.518651e+001
+6.230276e+002	   +2.139866e+001
+6.251419e+002	   +2.622136e+001
+6.272634e+002	   +1.254905e+001
+6.293920e+002	   +1.790273e+001
+6.315280e+002	   +1.290054e+001
+6.336711e+002	   +1.384134e+001
+6.358215e+002	   +1.935053e+001
+6.379791e+002	   +1.906281e+001
+6.401442e+002	   +1.634533e+001
+6.423165e+002	   +1.791887e+001
+6.444963e+002	   +1.147545e+001
+6.466834e+002	   +2.088127e+001
+6.488780e+002	   +1.707538e+001
+6.510800e+002	   +2.138454e+001
+6.532895e+002	   +1.521687e+001
+6.555065e+002	   +1.120997e+001
+6.577310e+002	   +1.277588e+001
+6.599630e+002	   +1.014569e+001
+6.622026e+002	   +1.656380e+001
+6.644498e+002	   +1.998110e+001
+6.667047e+002	   +6.710972e+000
+6.689672e+002	   +1.153438e+001
+6.712374e+002	   +1.443015e+001
+6.735153e+002	   +1.809433e+001
+6.758009e+002	   +1.877348e+001
+6.780942e+002	   +1.633476e+001
+6.803954e+002	   +1.903040e+001
+6.827043e+002	   +1.452768e+001
+6.850212e+002	   +2.360271e+001
+6.873458e+002	   +6.577733e+000
+6.896784e+002	   +1.148835e+001
+6.920189e+002	   +1.756922e+001
+6.943672e+002	   +2.943837e+001
+6.967236e+002	   +1.211391e+001
+6.990880e+002	   +1.407236e+001
+7.014604e+002	   +9.753110e+000
+7.038409e+002	   +3.581910e+001
+7.062294e+002	   +1.449193e+001
+7.086260e+002	   +1.575772e+001
+7.110308e+002	   +1.372445e+001
+7.134437e+002	   +1.222628e+001
+7.158648e+002	   +1.330213e+001
+7.182941e+002	   +2.493023e+001
+7.207318e+002	   +1.660508e+001
+7.231776e+002	   +2.025222e+001
+7.256317e+002	   +1.507452e+001
+7.280942e+002	   +2.124227e+001
+7.305651e+002	   +1.226819e+001
+7.330443e+002	   +1.333692e+001
+7.355319e+002	   +1.145601e+001
+7.380280e+002	   +9.791295e+000
+7.405325e+002	   +9.361204e+000
+7.430455e+002	   +6.464991e+000
+7.455671e+002	   +1.390724e+001
+7.480972e+002	   +2.493862e+001
+7.506359e+002	   +1.497840e+001
+7.531833e+002	   +1.183889e+001
+7.557393e+002	   +1.619402e+001
+7.583039e+002	   +2.000261e+001
+7.608773e+002	   +2.979909e+001
+7.634594e+002	   +1.627026e+001
+7.660502e+002	   +2.111117e+001
+7.686498e+002	   +1.232738e+001
+7.712583e+002	   +1.153973e+001
+7.738756e+002	   +1.683375e+001
+7.765018e+002	   +2.077099e+001
+7.791369e+002	   +1.187258e+001
+7.817809e+002	   +1.437126e+001
+7.844340e+002	   +1.515027e+001
+7.870960e+002	   +2.319316e+001
+7.897670e+002	   +1.765267e+001
+7.924471e+002	   +2.067574e+001
+7.951364e+002	   +1.570201e+001
+7.978347e+002	   +1.878359e+001
+8.005422e+002	   +1.873542e+001
+8.032589e+002	   +1.521029e+001
+8.059848e+002	   +1.337341e+001
+8.087200e+002	   +2.050800e+001
+8.114644e+002	   +2.678111e+001
+8.142182e+002	   +1.138807e+001
+8.169813e+002	   +3.223917e+000
+8.197538e+002	   +1.245228e+001
+8.225356e+002	   +5.141671e+000
+8.253270e+002	   +1.523483e+000
+8.281277e+002	   +1.296594e+001
+8.309380e+002	   +7.837655e+000
+8.337579e+002	   +1.563593e+001
+8.365873e+002	   +1.126865e+001
+8.394263e+002	   +1.769552e+001
+8.422750e+002	   +1.884531e+001
+8.451333e+002	   +6.670972e+000
+8.480013e+002	   +2.043893e+001
+8.508790e+002	   +1.378366e+001
+8.537665e+002	   +1.886866e+001
+8.566639e+002	   +1.243775e+001
+8.595710e+002	   +2.261684e+001
+8.624880e+002	   +1.151354e+001
+8.654149e+002	   +1.036227e+001
+8.683517e+002	   +8.824454e+000
+8.712986e+002	   +1.114802e+001
+8.742554e+002	   +1.053176e+001
+8.772222e+002	   +1.123548e+001
+8.801991e+002	   +8.439560e+000
+8.831861e+002	   +1.737391e+001
+8.861833e+002	   +1.996715e+001
+8.891906e+002	   +1.269844e+001
+8.922081e+002	   +1.518147e+001
+8.952358e+002	   +5.537543e+000
+8.982739e+002	   +2.321598e+001
+9.013223e+002	   +1.069350e+001
+9.043809e+002	   +2.082411e+001
+9.074500e+002	   +1.152610e+001
+9.105295e+002	   +1.408948e+001
+9.136194e+002	   +8.805037e+000
+9.167198e+002	   +1.372052e+001
+9.198308e+002	   +2.846647e+001
+9.229523e+002	   +1.373151e+001
+9.260844e+002	   +1.170710e+001
+9.292271e+002	   +2.468801e+001
+9.323805e+002	   +1.182739e+001
+9.355446e+002	   +1.166749e+001
+9.387194e+002	   +8.143372e+000
+9.419050e+002	   +1.334430e+001
+9.451014e+002	   +9.856168e-001
+9.483087e+002	   +2.289395e+001
+9.515269e+002	   +2.290692e+001
+9.547559e+002	   +5.771725e+000
+9.579960e+002	   +4.297854e+000
+9.612469e+002	   +1.085987e+001
+9.645090e+002	   +9.338657e+000
+9.677821e+002	   +2.142300e+001
+9.710663e+002	   +1.688891e+001
+9.743618e+002	   +8.920958e+000
+9.776683e+002	   +1.189986e+001
+9.809861e+002	   +9.944415e+000
+9.843151e+002	   +1.567344e+001
+9.876555e+002	   +2.270982e+001
+9.910071e+002	   +1.849838e+001
+9.943702e+002	   +2.576919e+001
+9.977446e+002	   +1.506263e+001
+1.001130e+003	   +1.259130e+001
+1.004528e+003	   +1.850454e+001
+1.007937e+003	   +1.713674e+001
+1.011357e+003	   +1.582520e+001
+1.014789e+003	   +2.452389e+001
+1.018233e+003	   +1.155833e+001
+1.021689e+003	   +1.549367e+001
+1.025156e+003	   +1.491715e+001
+1.028635e+003	   +6.921829e+000
+1.032125e+003	   +1.218038e+001
+1.035628e+003	   +1.261481e+001
+1.039142e+003	   +6.347861e+000
+1.042669e+003	   +1.019158e+001
+1.046207e+003	   +1.041033e+001
+1.049758e+003	   +1.475473e+001
+1.053320e+003	   +9.741743e-001
+1.056895e+003	   +1.615378e+001
+1.060481e+003	   +7.611095e+000
+1.064080e+003	   +3.452989e+000
+1.067691e+003	   +2.387684e+001
+1.071314e+003	   +6.857477e+000
+1.074950e+003	   +3.711121e+000
+1.078598e+003	   +4.234488e+000
+1.082258e+003	   +1.064371e+001
+1.085931e+003	   +7.459543e+000
+1.089616e+003	   +9.770579e+000
+1.093314e+003	   +4.516919e+000
+1.097024e+003	   +1.996423e+001
+1.100747e+003	   +6.118863e+000
+1.104482e+003	   +1.105651e+001
+1.108230e+003	   +6.780135e+000
+1.111991e+003	   +8.422043e+000
+1.115765e+003	   +9.971600e+000
+1.119551e+003	   +4.385969e-001
+1.123350e+003	   +6.695497e+000
+1.127162e+003	   +1.029074e+001
+1.130988e+003	   -5.916829e+000
+1.134826e+003	   +7.800562e+000
+1.138677e+003	   +4.559990e+000
+1.142541e+003	   +6.020268e+000
+1.146418e+003	   +3.251897e+000
+1.150309e+003	   +7.350111e+000
+1.154212e+003	   +8.658549e+000
+1.158129e+003	   +1.019965e+001
+1.162059e+003	   +7.998441e+000
+1.166003e+003	   +2.093233e+001
+1.169960e+003	   +1.376876e+001
+1.173930e+003	   +7.052318e+000
+1.177914e+003	   +1.364756e+001
+1.181911e+003	   +2.083745e+001
+1.185922e+003	   +1.138395e+001
+1.189947e+003	   +2.050241e+001
+1.193985e+003	   +1.335269e+001
+1.198037e+003	   +5.743382e+000
+1.202102e+003	   +1.024179e+001
+1.206182e+003	   +2.464100e+001
+1.210275e+003	   +1.169207e+001
+1.214382e+003	   +1.735147e+001
+1.218503e+003	   +1.339359e+001
+1.222638e+003	   +1.374113e+001
+1.226787e+003	   +1.179720e+001
+1.230951e+003	   +1.953011e+001
+1.235128e+003	   +1.775435e+001
+1.239319e+003	   +1.659155e+001
+1.243525e+003	   +1.320470e+001
+1.247745e+003	   +1.573384e+001
+1.251979e+003	   +1.321814e+001
+1.256228e+003	   +1.567451e+001
+1.260491e+003	   +1.485868e+001
+1.264769e+003	   +1.257317e+001
+1.269061e+003	   +1.616926e+001
+1.273367e+003	   +1.933617e+001
+1.277689e+003	   +1.346126e+001
+1.282025e+003	   +2.954316e+001
+1.286375e+003	   +2.467662e+001
+1.290740e+003	   +1.967589e+001
+1.295121e+003	   +1.337095e+001
+1.299516e+003	   +9.904732e+000
+1.303926e+003	   +1.490308e+001
+1.308351e+003	   +1.638315e+001
+1.312791e+003	   +1.031948e+001
+1.317246e+003	   +1.222513e+001
+1.321716e+003	   +3.292665e+000
+1.326201e+003	   +1.458843e+001
+1.330702e+003	   +1.433547e+001
+1.335218e+003	   +6.769892e+000
+1.339749e+003	   +6.499425e+000
+1.344295e+003	   +6.004783e+000
+1.348857e+003	   +7.553170e+000
+1.353435e+003	   +9.257794e+000
+1.358028e+003	   +3.240115e+001
+1.362636e+003	   +7.815465e+000
+1.367260e+003	   +1.170140e+001
+1.371900e+003	   +1.813790e+001
+1.376556e+003	   +2.068604e+001
+1.381227e+003	   +2.095772e+001
+1.385915e+003	   +1.360570e+001
+1.390618e+003	   +1.224346e+001
+1.395337e+003	   +1.450497e+001
+1.400072e+003	   +1.730870e+001
+1.404823e+003	   +1.584563e+001
+1.409591e+003	   +1.702133e+001
+1.414374e+003	   +1.570451e+001
+1.419174e+003	   +1.176618e+001
+1.423990e+003	   +2.833306e+001
+1.428822e+003	   +1.149839e+001
+1.433671e+003	   +1.560458e+001
+1.438536e+003	   +1.486449e+001
+1.443418e+003	   +1.572262e+001
+1.448317e+003	   +1.014608e+001
+1.453231e+003	   +2.214045e+001
+1.458163e+003	   +1.326388e+001
+1.463111e+003	   +1.227206e+001
+1.468077e+003	   +1.378065e+001
+1.473059e+003	   +2.187254e+001
+1.478057e+003	   +2.000036e+001
+1.483073e+003	   +1.124527e+001
+1.488106e+003	   +1.768413e+001
+1.493156e+003	   +1.407214e+001
+1.498223e+003	   +1.660824e+001
+1.503308e+003	   +1.097809e+001
+1.508409e+003	   +1.210463e+001
+1.513528e+003	   +1.676898e+001
+1.518664e+003	   +1.980426e+001
+1.523818e+003	   +2.001084e+001
+1.528989e+003	   +1.707967e+001
+1.534178e+003	   +1.686792e+001
+1.539384e+003	   +1.672273e+001
+1.544608e+003	   +1.433261e+001
+1.549850e+003	   +1.375410e+001
+1.555109e+003	   +1.415733e+001
+1.560387e+003	   +1.525568e+001
+1.565682e+003	   +1.269203e+001
+1.570995e+003	   +1.652444e+001
+1.576327e+003	   +1.275683e+001
+1.581676e+003	   +1.596248e+001
+1.587044e+003	   +1.274660e+001
+1.592429e+003	   +1.311285e+001
+1.597833e+003	   +1.601715e+001
+1.603256e+003	   +1.492318e+001
+1.608696e+003	   +1.666211e+001
+1.614156e+003	   +1.671552e+001
+1.619633e+003	   +1.457768e+001
+1.625130e+003	   +1.282735e+001
+1.630645e+003	   +1.448094e+001
+1.636178e+003	   +1.619213e+001
+1.641731e+003	   +1.191483e+001
+1.647302e+003	   +1.434928e+001
+1.652892e+003	   +1.061010e+001
+1.658501e+003	   +1.292336e+001
+1.664130e+003	   +1.523095e+001
+1.669777e+003	   +1.410456e+001
+1.675443e+003	   +1.274496e+001
+1.681129e+003	   +1.426851e+001
+1.686834e+003	   +1.255254e+001
+1.692559e+003	   +1.637779e+001
+1.698302e+003	   +1.646511e+001
+1.704066e+003	   +1.602647e+001
+1.709849e+003	   +1.770884e+001
+1.715651e+003	   +1.439381e+001
+1.721473e+003	   +2.274670e+001
+1.727315e+003	   +1.893388e+001
+1.733177e+003	   +1.320916e+001
+1.739059e+003	   +1.208315e+001
+1.744960e+003	   +1.668448e+001
+1.750882e+003	   +1.152976e+001
+1.756823e+003	   +1.220706e+001
+1.762785e+003	   +1.047666e+001
+1.768768e+003	   +1.165784e+001
+1.774770e+003	   +1.352186e+001
+1.780793e+003	   +1.538680e+001
+1.786836e+003	   +1.228727e+001
+1.792900e+003	   +1.141732e+001
+1.798984e+003	   +1.060014e+001
+1.805089e+003	   +1.916541e+001
+1.811215e+003	   +1.378560e+001
+1.817361e+003	   +1.258279e+001
+1.823528e+003	   +1.436835e+001
+1.829717e+003	   +1.646545e+001
+1.835926e+003	   +1.302624e+001
+1.842156e+003	   +1.426406e+001
+1.848408e+003	   +1.092659e+001
+1.854680e+003	   +1.452082e+001
+1.860974e+003	   +1.408070e+001
+1.867290e+003	   +1.306402e+001
+1.873626e+003	   +9.726898e+000
+1.879985e+003	   +1.383368e+001
+1.886365e+003	   +1.723104e+001
+1.892766e+003	   +1.245459e+001
+1.899189e+003	   +1.027806e+001
+1.905634e+003	   +1.106075e+001
+1.912101e+003	   +1.246399e+001
+1.918590e+003	   +1.285275e+001
+1.925101e+003	   +1.163997e+001
+1.931634e+003	   +1.114779e+001
+1.938189e+003	   +1.288482e+001
+1.944766e+003	   +1.038059e+001
+1.951366e+003	   +1.226572e+001
+1.957988e+003	   +1.574498e+001
+1.964633e+003	   +1.543030e+001
+1.971300e+003	   +1.146520e+001
+1.977990e+003	   +1.348449e+001
+1.984702e+003	   +1.293188e+001
+1.991437e+003	   +1.135068e+001
+1.998195e+003	   +1.266051e+001
+2.004976e+003	   +1.071230e+001
+2.011780e+003	   +1.119270e+001
+2.018607e+003	   +1.457077e+001
+2.025458e+003	   +1.151872e+001
+2.032331e+003	   +1.089230e+001
+2.039228e+003	   +1.120479e+001
+2.046148e+003	   +1.146618e+001
+2.053092e+003	   +1.146124e+001
+2.060059e+003	   +1.123192e+001
+2.067050e+003	   +1.050414e+001
+2.074065e+003	   +1.060702e+001
+2.081103e+003	   +1.055186e+001
+2.088166e+003	   +1.055691e+001
+2.095252e+003	   +1.174324e+001
+2.102362e+003	   +1.055339e+001
+2.109497e+003	   +1.273708e+001
+2.116656e+003	   +8.689311e+000
+2.123838e+003	   +9.066076e+000
+2.131046e+003	   +9.337521e+000
+2.138278e+003	   +1.119036e+001
+2.145534e+003	   +1.340309e+001
+2.152815e+003	   +1.086124e+001
+2.160121e+003	   +8.618487e+000
+2.167451e+003	   +1.334062e+001
+2.174807e+003	   +9.126085e+000
+2.182187e+003	   +1.563360e+001
+2.189592e+003	   +1.412029e+001
+2.197023e+003	   +1.108567e+001
+2.204479e+003	   +5.474748e+000
+2.211960e+003	   +7.459695e+000
+2.219466e+003	   +7.142633e+000
+2.226998e+003	   +7.802293e+000
+2.234555e+003	   +7.714907e+000
+2.242138e+003	   +8.228051e+000
+2.249747e+003	   +8.773534e+000
+2.257382e+003	   +1.249433e+001
+2.265042e+003	   +1.041198e+001
+2.272729e+003	   +1.226423e+001
+2.280442e+003	   +8.252707e+000
+2.288181e+003	   +7.925055e+000
+2.295946e+003	   +9.760719e+000
+2.303737e+003	   +7.587225e+000
+2.311555e+003	   +9.141867e+000
+2.319399e+003	   +1.022920e+001
+2.327271e+003	   +8.748139e+000
+2.335168e+003	   +8.878737e+000
+2.343093e+003	   +1.143984e+001
+2.351044e+003	   +1.073355e+001
+2.359022e+003	   +1.111895e+001
+2.367028e+003	   +1.079500e+001
+2.375061e+003	   +9.764638e+000
+2.383121e+003	   +7.098012e+000
+2.391208e+003	   +1.044025e+001
+2.399323e+003	   +1.084118e+001
+2.407465e+003	   +1.099505e+001
+2.415635e+003	   +8.398962e+000
+2.423832e+003	   +9.087431e+000
+2.432058e+003	   +8.912788e+000
+2.440311e+003	   +8.304863e+000
+2.448593e+003	   +9.209860e+000
+2.456902e+003	   +7.783154e+000
+2.465240e+003	   +9.037048e+000
+2.473605e+003	   +9.485218e+000
+2.482000e+003	   +8.432987e+000
+2.490423e+003	   +8.508843e+000
+2.498874e+003	   +8.011878e+000
+2.507354e+003	   +8.721396e+000
+2.515863e+003	   +8.343336e+000
+2.524401e+003	   +8.446704e+000
+2.532967e+003	   +7.196918e+000
+2.541563e+003	   +8.867569e+000
+2.550188e+003	   +8.405414e+000
+2.558842e+003	   +8.440598e+000
+2.567526e+003	   +8.783095e+000
+2.576239e+003	   +7.735196e+000
+2.584982e+003	   +7.230285e+000
+2.593754e+003	   +8.021352e+000
+2.602556e+003	   +7.869023e+000
+2.611388e+003	   +8.587058e+000
+2.620250e+003	   +7.373405e+000
+2.629142e+003	   +8.482122e+000
+2.638064e+003	   +8.965944e+000
+2.647016e+003	   +8.019893e+000
+2.655999e+003	   +8.478011e+000
+2.665012e+003	   +7.324644e+000
+2.674056e+003	   +7.577688e+000
+2.683131e+003	   +7.520154e+000
+2.692236e+003	   +6.964796e+000
+2.701373e+003	   +8.013464e+000
+2.710540e+003	   +6.780164e+000
+2.719738e+003	   +7.137073e+000
+2.728968e+003	   +6.872689e+000
+2.738229e+003	   +7.141443e+000
+2.747521e+003	   +7.177955e+000
+2.756845e+003	   +7.328917e+000
+2.766200e+003	   +6.662126e+000
+2.775588e+003	   +7.031053e+000
+2.785007e+003	   +6.300325e+000
+2.794458e+003	   +6.701346e+000
+2.803941e+003	   +7.144462e+000
+2.813457e+003	   +7.224569e+000
+2.823004e+003	   +6.790269e+000
+2.832584e+003	   +6.466767e+000
+2.842197e+003	   +6.815803e+000
+2.851842e+003	   +6.679147e+000
+2.861520e+003	   +6.397694e+000
+2.871230e+003	   +6.550018e+000
+2.880974e+003	   +6.559066e+000
+2.890751e+003	   +5.985316e+000
+2.900561e+003	   +6.210615e+000
+2.910404e+003	   +6.391431e+000
+2.920281e+003	   +6.315212e+000
+2.930191e+003	   +6.338537e+000
+2.940135e+003	   +6.270948e+000
+2.950112e+003	   +6.329918e+000
+2.960124e+003	   +6.156297e+000
+2.970169e+003	   +5.955861e+000
+2.980249e+003	   +5.848797e+000
+2.990362e+003	   +5.339562e+000
+3.000510e+003	   +5.417555e+000
+3.010692e+003	   +5.332757e+000
+3.020909e+003	   +5.613389e+000
+3.031161e+003	   +5.639837e+000
+3.041448e+003	   +4.928004e+000
+3.051769e+003	   +5.661911e+000
+3.062125e+003	   +4.996933e+000
+3.072517e+003	   +5.708115e+000
+3.082944e+003	   +5.397937e+000
+3.093406e+003	   +5.413962e+000
+3.103903e+003	   +5.691806e+000
+3.114437e+003	   +5.133925e+000
+3.125006e+003	   +5.346819e+000
+3.135611e+003	   +4.818401e+000
+3.146251e+003	   +4.939263e+000
+3.156928e+003	   +5.166025e+000
+3.167642e+003	   +5.148026e+000
+3.178391e+003	   +5.070660e+000
+3.189177e+003	   +5.066365e+000
+3.200000e+003	   +4.772552e+000
+3.210859e+003	   +5.250093e+000
+3.221756e+003	   +4.647895e+000
+3.232689e+003	   +4.410548e+000
+3.243659e+003	   +4.883393e+000
+3.254667e+003	   +4.185288e+000
+3.265712e+003	   +4.395323e+000
+3.276794e+003	   +4.706992e+000
+3.287914e+003	   +4.190366e+000
+3.299072e+003	   +4.376634e+000
+3.310267e+003	   +4.646698e+000
+3.321501e+003	   +4.512611e+000
+3.332773e+003	   +4.336802e+000
+3.344083e+003	   +4.440913e+000
+3.355431e+003	   +4.328759e+000
+3.366818e+003	   +4.359209e+000
+3.378243e+003	   +4.037933e+000
+3.389708e+003	   +4.058820e+000
+3.401211e+003	   +4.106036e+000
+3.412753e+003	   +3.850075e+000
+3.424334e+003	   +3.748154e+000
+3.435955e+003	   +3.818793e+000
+3.447615e+003	   +3.716420e+000
+3.459315e+003	   +3.743840e+000
+3.471054e+003	   +3.967029e+000
+3.482833e+003	   +3.828896e+000
+3.494653e+003	   +3.888420e+000
+3.506512e+003	   +3.439315e+000
+3.518412e+003	   +3.459017e+000
+3.530352e+003	   +3.509722e+000
+3.542332e+003	   +3.462587e+000
+3.554353e+003	   +3.411314e+000
+3.566415e+003	   +3.139356e+000
+3.578518e+003	   +3.247705e+000
+3.590662e+003	   +3.220134e+000
+3.602847e+003	   +3.345103e+000
+3.615073e+003	   +3.311757e+000
+3.627342e+003	   +3.226010e+000
+3.639651e+003	   +3.151127e+000
+3.652002e+003	   +3.182442e+000
+3.664396e+003	   +3.012972e+000
+3.676831e+003	   +2.992022e+000
+3.689309e+003	   +2.909933e+000
+3.701829e+003	   +2.983540e+000
+3.714391e+003	   +2.897432e+000
+3.726996e+003	   +2.710130e+000
+3.739644e+003	   +2.720014e+000
+3.752334e+003	   +2.633333e+000
+3.765068e+003	   +2.583093e+000
+3.777845e+003	   +2.712877e+000
+3.790666e+003	   +2.536817e+000
+3.803530e+003	   +2.429903e+000
+3.816437e+003	   +2.572009e+000
+3.829388e+003	   +2.389344e+000
+3.842384e+003	   +2.299469e+000
+3.855423e+003	   +2.353565e+000
+3.868507e+003	   +2.233209e+000
+3.881635e+003	   +2.213251e+000
+3.894807e+003	   +2.185392e+000
+3.908024e+003	   +2.155682e+000
+3.921286e+003	   +2.080171e+000
+3.934594e+003	   +2.103562e+000
+3.947946e+003	   +2.247116e+000
+3.961344e+003	   +1.857628e+000
+3.974787e+003	   +1.907243e+000
+3.988275e+003	   +1.792882e+000
+4.001810e+003	   +1.751052e+000
+4.015390e+003	   +1.704562e+000
+4.029017e+003	   +1.463793e+000
+4.042689e+003	   +1.684265e+000
+4.056408e+003	   +1.471310e+000
+4.070174e+003	   +1.447671e+000
+4.083986e+003	   +1.620147e+000
+4.097846e+003	   +1.622074e+000
+4.111752e+003	   +1.303946e+000
+4.125706e+003	   +1.308976e+000
+4.139706e+003	   +1.116234e+000
+4.153754e+003	   +1.229172e+000
+4.167851e+003	   +1.137540e+000
+4.181995e+003	   +1.260408e+000
+4.196187e+003	   +1.163286e+000
+4.210426e+003	   +1.076286e+000
+4.224715e+003	   +1.043512e+000
+4.239052e+003	   +9.824344e-001
+4.253437e+003	   +9.770886e-001
+4.267871e+003	   +9.184039e-001
+4.282354e+003	   +8.832102e-001
+4.296887e+003	   +7.931355e-001
+4.311469e+003	   +9.578407e-001
+4.326100e+003	   +8.034176e-001
+4.340781e+003	   +7.199954e-001
+4.355512e+003	   +5.858697e-001
+4.370292e+003	   +6.377456e-001
+4.385123e+003	   +7.834646e-001
+4.400004e+003	   +4.865389e-001
+4.414936e+003	   +4.916044e-001
+4.429918e+003	   +3.601522e-001
+4.444952e+003	   +2.962046e-001
+4.460036e+003	   +3.436305e-001
+4.475171e+003	   +4.096492e-001
+4.490358e+003	   +3.109316e-001
+4.505596e+003	   +3.157806e-001
+4.520886e+003	   +2.536402e-001
+4.536228e+003	   +1.362237e-001
+4.551622e+003	   +1.775487e-001
+4.567068e+003	   -8.719984e-002
+4.582567e+003	   -5.054164e-002
+4.598118e+003	   -3.629940e-003
+4.613722e+003	   -7.787255e-002
+4.629379e+003	   -3.425767e-002
+4.645089e+003	   -1.133030e-001
+4.660853e+003	   -3.309635e-001
+4.676669e+003	   -2.910451e-001
+4.692540e+003	   -2.991756e-001
+4.708464e+003	   -3.718945e-001
+4.724443e+003	   -4.320491e-001
+4.740476e+003	   -5.081112e-001
+4.756563e+003	   -3.434048e-001
+4.772705e+003	   -5.757160e-001
+4.788901e+003	   -4.712832e-001
+4.805152e+003	   -5.873269e-001
+4.821459e+003	   -5.872304e-001
+4.837821e+003	   -7.036124e-001
+4.854238e+003	   -7.612882e-001
+4.870711e+003	   -7.335804e-001
+4.887241e+003	   -7.073228e-001
+4.903826e+003	   -8.417748e-001
+4.920467e+003	   -8.197353e-001
+4.937165e+003	   -9.472125e-001
+4.953919e+003	   -9.171992e-001
+4.970731e+003	   -9.989816e-001
+4.987600e+003	   -1.036343e+000
+5.004525e+003	   -1.073559e+000
+5.021508e+003	   -1.035089e+000
+5.038549e+003	   -1.196347e+000
+5.055648e+003	   -1.174433e+000
+5.072804e+003	   -1.291150e+000
+5.090020e+003	   -1.292618e+000
+5.107292e+003	   -1.236228e+000
+5.124625e+003	   -1.260965e+000
+5.142015e+003	   -1.402094e+000
+5.159465e+003	   -1.364439e+000
+5.176974e+003	   -1.476658e+000
+5.194542e+003	   -1.467927e+000
+5.212170e+003	   -1.552975e+000
+5.229858e+003	   -1.573498e+000
+5.247606e+003	   -1.624811e+000
+5.265414e+003	   -1.687427e+000
+5.283283e+003	   -1.692341e+000
+5.301212e+003	   -1.676138e+000
+5.319202e+003	   -1.738817e+000
+5.337253e+003	   -1.705466e+000
+5.355365e+003	   -1.733228e+000
+5.373539e+003	   -1.855198e+000
+5.391774e+003	   -1.906595e+000
+5.410071e+003	   -1.924618e+000
+5.428431e+003	   -2.150487e+000
+5.446853e+003	   -2.114517e+000
+5.465337e+003	   -2.224531e+000
+5.483884e+003	   -2.307015e+000
+5.502494e+003	   -2.229328e+000
+5.521167e+003	   -2.218463e+000
+5.539903e+003	   -2.264188e+000
+5.558703e+003	   -2.311337e+000
+5.577567e+003	   -2.426308e+000
+5.596495e+003	   -2.429872e+000
+5.615487e+003	   -2.530013e+000
+5.634543e+003	   -2.578407e+000
+5.653665e+003	   -2.592640e+000
+5.672851e+003	   -2.545721e+000
+5.692102e+003	   -2.668668e+000
+5.711418e+003	   -2.569232e+000
+5.730800e+003	   -2.701408e+000
+5.750248e+003	   -2.808261e+000
+5.769762e+003	   -2.797979e+000
+5.789342e+003	   -2.910543e+000
+5.808988e+003	   -2.807902e+000
+5.828702e+003	   -2.851753e+000
+5.848481e+003	   -2.957370e+000
+5.868329e+003	   -2.988483e+000
+5.888243e+003	   -3.146262e+000
+5.908226e+003	   -2.836462e+000
+5.928275e+003	   -2.970742e+000
+5.948394e+003	   -3.061733e+000
+5.968580e+003	   -3.116865e+000
+5.988834e+003	   -3.173542e+000
+6.009158e+003	   -3.231698e+000
+6.029550e+003	   -3.231536e+000
+6.050012e+003	   -3.313407e+000
+6.070543e+003	   -3.337421e+000
+6.091144e+003	   -3.569980e+000
+6.111814e+003	   -3.358278e+000
+6.132555e+003	   -3.499992e+000
+6.153367e+003	   -3.424396e+000
+6.174248e+003	   -3.669606e+000
+6.195201e+003	   -3.463001e+000
+6.216225e+003	   -3.565369e+000
+6.237320e+003	   -3.469940e+000
+6.258487e+003	   -3.830578e+000
+6.279725e+003	   -3.852025e+000
+6.301036e+003	   -3.751238e+000
+6.322419e+003	   -3.882827e+000
+6.343875e+003	   -3.889438e+000
+6.365403e+003	   -3.917994e+000
+6.387004e+003	   -3.955636e+000
+6.408679e+003	   -3.971216e+000
+6.430427e+003	   -3.938029e+000
+6.452249e+003	   -4.030805e+000
+6.474145e+003	   -4.045177e+000
+6.496116e+003	   -3.975379e+000
+6.518161e+003	   -4.350700e+000
+6.540280e+003	   -4.349694e+000
+6.562475e+003	   -4.500327e+000
+6.584745e+003	   -4.160982e+000
+6.607091e+003	   -4.581574e+000
+6.629513e+003	   -4.529200e+000
+6.652010e+003	   -4.640613e+000
+6.674584e+003	   -4.345297e+000
+6.697235e+003	   -4.294680e+000
+6.719962e+003	   -4.468332e+000
+6.742767e+003	   -4.725747e+000
+6.765649e+003	   -4.566552e+000
+6.788608e+003	   -4.679559e+000
+6.811646e+003	   -4.566220e+000
+6.834762e+003	   -4.589396e+000
+6.857956e+003	   -4.720898e+000
+6.881229e+003	   -4.782664e+000
+6.904581e+003	   -4.677495e+000
+6.928012e+003	   -4.850319e+000
+6.951522e+003	   -4.908456e+000
+6.975113e+003	   -4.681968e+000
+6.998783e+003	   -5.017030e+000
+7.022534e+003	   -4.783246e+000
+7.046366e+003	   -4.804390e+000
+7.070278e+003	   -5.061372e+000
+7.094271e+003	   -5.189338e+000
+7.118346e+003	   -5.217285e+000
+7.142503e+003	   -5.233142e+000
+7.166741e+003	   -5.125584e+000
+7.191062e+003	   -5.165837e+000
+7.215465e+003	   -5.296158e+000
+7.239952e+003	   -5.316123e+000
+7.264521e+003	   -5.393188e+000
+7.289173e+003	   -5.416223e+000
+7.313910e+003	   -5.412789e+000
+7.338729e+003	   -5.424960e+000
+7.363634e+003	   -5.558366e+000
+7.388623e+003	   -5.629289e+000
+7.413697e+003	   -5.434681e+000
+7.438855e+003	   -5.665726e+000
+7.464100e+003	   -5.755112e+000
+7.489430e+003	   -5.773950e+000
+7.514846e+003	   -5.629910e+000
+7.540348e+003	   -5.924567e+000
+7.565937e+003	   -5.913326e+000
+7.591612e+003	   -5.851658e+000
+7.617375e+003	   -5.884100e+000
+7.643225e+003	   -5.845577e+000
+7.669162e+003	   -5.948096e+000
+7.695188e+003	   -5.925489e+000
+7.721302e+003	   -6.025637e+000
+7.747505e+003	   -6.101531e+000
+7.773796e+003	   -6.329408e+000
+7.800177e+003	   -6.115613e+000
+7.826647e+003	   -6.589252e+000
+7.853208e+003	   -6.219059e+000
+7.879858e+003	   -6.116825e+000
+7.906599e+003	   -6.417123e+000
+7.933431e+003	   -6.680944e+000
+7.960353e+003	   -5.942392e+000
+7.987367e+003	   -6.744937e+000
+8.014473e+003	   -6.634822e+000
+8.041670e+003	   -6.523561e+000
+8.068960e+003	   -6.616509e+000
+8.096343e+003	   -6.629884e+000
+8.123818e+003	   -6.620944e+000
+8.151387e+003	   -6.569890e+000
+8.179049e+003	   -6.735374e+000
+8.206805e+003	   -6.563267e+000
+8.234655e+003	   -6.531866e+000
+8.262601e+003	   -6.435651e+000
+8.290640e+003	   -6.592725e+000
+8.318774e+003	   -6.773900e+000
+8.347005e+003	   -7.243173e+000
+8.375331e+003	   -6.536414e+000
+8.403753e+003	   -7.300893e+000
+8.432271e+003	   -7.147456e+000
+8.460888e+003	   -6.900568e+000
+8.489600e+003	   -6.743735e+000
+8.518410e+003	   -6.791950e+000
+8.547317e+003	   -6.964947e+000
+8.576323e+003	   -7.393809e+000
+8.605428e+003	   -7.359827e+000
+8.634631e+003	   -7.068208e+000
+8.663933e+003	   -7.446755e+000
+8.693334e+003	   -7.166363e+000
+8.722836e+003	   -7.433342e+000
+8.752438e+003	   -7.340257e+000
+8.782139e+003	   -7.509453e+000
+8.811941e+003	   -7.411458e+000
+8.841846e+003	   -7.457809e+000
+8.871852e+003	   -7.531571e+000
+8.901958e+003	   -7.601493e+000
+8.932168e+003	   -7.626739e+000
+8.962479e+003	   -7.763519e+000
+8.992895e+003	   -7.822227e+000
+9.023412e+003	   -7.618081e+000
+9.054033e+003	   -7.749887e+000
+9.084759e+003	   -7.916695e+000
+9.115589e+003	   -7.695638e+000
+9.146523e+003	   -7.887484e+000
+9.177563e+003	   -8.000743e+000
+9.208707e+003	   -7.824425e+000
+9.239957e+003	   -8.061463e+000
+9.271313e+003	   -7.961473e+000
+9.302776e+003	   -7.961815e+000
+9.334346e+003	   -8.120410e+000
+9.366022e+003	   -8.118787e+000
+9.397807e+003	   -8.122884e+000
+9.429699e+003	   -8.219831e+000
+9.461699e+003	   -8.043942e+000
+9.493808e+003	   -8.268741e+000
+9.526025e+003	   -8.393257e+000
+9.558353e+003	   -8.332989e+000
+9.590790e+003	   -8.341995e+000
+9.623337e+003	   -8.346311e+000
+9.655994e+003	   -8.522110e+000
+9.688763e+003	   -8.290387e+000
+9.721642e+003	   -8.775633e+000
+9.754633e+003	   -8.557930e+000
+9.787735e+003	   -8.526687e+000
+9.820951e+003	   -8.762128e+000
+9.854279e+003	   -8.468132e+000
+9.887720e+003	   -8.532507e+000
+9.921274e+003	   -8.582125e+000
+9.954943e+003	   -8.827561e+000
+9.988726e+003	   -8.771352e+000
+1.002262e+004	   -8.856404e+000
+1.005664e+004	   -8.868837e+000
+1.009076e+004	   -8.971240e+000
+1.012501e+004	   -8.988998e+000
+1.015937e+004	   -9.165235e+000
+1.019384e+004	   -8.722920e+000
+1.022844e+004	   -9.328299e+000
+1.026315e+004	   -8.964475e+000
+1.029798e+004	   -9.236016e+000
+1.033292e+004	   -9.177401e+000
+1.036799e+004	   -8.587998e+000
+1.040317e+004	   -8.820206e+000
+1.043848e+004	   -9.039268e+000
+1.047390e+004	   -9.291298e+000
+1.050944e+004	   -9.057762e+000
+1.054511e+004	   -9.385363e+000
+1.058089e+004	   -9.434866e+000
+1.061680e+004	   -9.304151e+000
+1.065283e+004	   -9.381042e+000
+1.068898e+004	   -9.578664e+000
+1.072525e+004	   -9.620758e+000
+1.076165e+004	   -9.561398e+000
+1.079817e+004	   -9.355927e+000
+1.083482e+004	   -9.584563e+000
+1.087158e+004	   -9.788283e+000
+1.090848e+004	   -9.610436e+000
+1.094550e+004	   -9.847258e+000
+1.098264e+004	   -9.815529e+000
+1.101991e+004	   -9.906665e+000
+1.105731e+004	   -9.790238e+000
+1.109483e+004	   -9.940096e+000
+1.113248e+004	   -9.651942e+000
+1.117026e+004	   -9.606213e+000
+1.120817e+004	   -9.778837e+000
+1.124620e+004	   -9.590533e+000
+1.128437e+004	   -1.016816e+001
+1.132266e+004	   -9.832542e+000
+1.136109e+004	   -1.023896e+001
+1.139964e+004	   -1.052538e+001
+1.143833e+004	   -1.000695e+001
+1.147714e+004	   -9.979075e+000
+1.151609e+004	   -1.028301e+001
+1.155517e+004	   -1.062183e+001
+1.159438e+004	   -1.045816e+001
+1.163373e+004	   -1.022913e+001
+1.167321e+004	   -1.046661e+001
+1.171283e+004	   -1.029280e+001
+1.175257e+004	   -1.044968e+001
+1.179246e+004	   -1.053776e+001
+1.183247e+004	   -1.046302e+001
+1.187263e+004	   -1.057734e+001
+1.191292e+004	   -1.059696e+001
+1.195335e+004	   -1.061130e+001
+1.199391e+004	   -1.062603e+001
+1.203461e+004	   -1.096771e+001
+1.207545e+004	   -1.078441e+001
+1.211643e+004	   -1.061154e+001
+1.215755e+004	   -1.124872e+001
+1.219881e+004	   -1.117689e+001
+1.224021e+004	   -1.090461e+001
+1.228174e+004	   -1.093930e+001
+1.232342e+004	   -1.045197e+001
+1.236524e+004	   -1.072092e+001
+1.240720e+004	   -1.144332e+001
+1.244931e+004	   -1.097133e+001
+1.249156e+004	   -1.122894e+001
+1.253395e+004	   -1.117179e+001
+1.257648e+004	   -1.117511e+001
+1.261916e+004	   -1.099295e+001
+1.266198e+004	   -1.123737e+001
+1.270495e+004	   -1.129484e+001
+1.274807e+004	   -1.125048e+001
+1.279133e+004	   -1.132698e+001
+1.283474e+004	   -1.144577e+001
+1.287829e+004	   -1.135233e+001
+1.292200e+004	   -1.136483e+001
+1.296585e+004	   -1.128708e+001
+1.300985e+004	   -1.160226e+001
+1.305400e+004	   -1.150852e+001
+1.309830e+004	   -1.150202e+001
+1.314275e+004	   -1.162126e+001
+1.318735e+004	   -1.165145e+001
+1.323210e+004	   -1.198286e+001
+1.327700e+004	   -1.184535e+001
+1.332206e+004	   -1.170836e+001
+1.336727e+004	   -1.187246e+001
+1.341263e+004	   -1.177186e+001
+1.345815e+004	   -1.172176e+001
+1.350382e+004	   -1.211344e+001
+1.354965e+004	   -1.186939e+001
+1.359563e+004	   -1.196945e+001
+1.364177e+004	   -1.201225e+001
+1.368806e+004	   -1.212323e+001
+1.373451e+004	   -1.228110e+001
+1.378112e+004	   -1.197481e+001
+1.382789e+004	   -1.204560e+001
+1.387481e+004	   -1.204392e+001
+1.392190e+004	   -1.245879e+001
+1.396914e+004	   -1.225367e+001
+1.401655e+004	   -1.258944e+001
+1.406411e+004	   -1.249237e+001
+1.411184e+004	   -1.250281e+001
+1.415973e+004	   -1.252162e+001
+1.420778e+004	   -1.245545e+001
+1.425600e+004	   -1.252168e+001
+1.430438e+004	   -1.277746e+001
+1.435292e+004	   -1.262165e+001
+1.440163e+004	   -1.262575e+001
+1.445050e+004	   -1.263897e+001
+1.449954e+004	   -1.269911e+001
+1.454874e+004	   -1.336945e+001
+1.459812e+004	   -1.296458e+001
+1.464766e+004	   -1.258947e+001
+1.469736e+004	   -1.271983e+001
+1.474724e+004	   -1.280602e+001
+1.479729e+004	   -1.302797e+001
+1.484750e+004	   -1.234503e+001
+1.489789e+004	   -1.281685e+001
+1.494844e+004	   -1.269143e+001
+1.499917e+004	   -1.313444e+001
+1.505007e+004	   -1.316917e+001
+1.510115e+004	   -1.287042e+001
+1.515239e+004	   -1.290569e+001
+1.520381e+004	   -1.324642e+001
+1.525541e+004	   -1.295391e+001
+1.530718e+004	   -1.330587e+001
+1.535912e+004	   -1.332229e+001
+1.541125e+004	   -1.334657e+001
+1.546354e+004	   -1.343003e+001
+1.551602e+004	   -1.337153e+001
+1.556868e+004	   -1.351622e+001
+1.562151e+004	   -1.326682e+001
+1.567452e+004	   -1.334010e+001
+1.572771e+004	   -1.345576e+001
+1.578109e+004	   -1.334117e+001
+1.583464e+004	   -1.344021e+001
+1.588838e+004	   -1.342153e+001
+1.594229e+004	   -1.352324e+001
+1.599640e+004	   -1.374209e+001
+1.605068e+004	   -1.355300e+001
+1.610515e+004	   -1.363501e+001
+1.615980e+004	   -1.370164e+001
+1.621464e+004	   -1.383180e+001
+1.626967e+004	   -1.358583e+001
+1.632488e+004	   -1.397031e+001
+1.638028e+004	   -1.388864e+001
+1.643587e+004	   -1.349634e+001
+1.649164e+004	   -1.399316e+001
+1.654761e+004	   -1.425898e+001
+1.660376e+004	   -1.383769e+001
+1.666011e+004	   -1.397852e+001
+1.671665e+004	   -1.405404e+001
+1.677338e+004	   -1.387701e+001
+1.683030e+004	   -1.429972e+001
+1.688741e+004	   -1.426647e+001
+1.694472e+004	   -1.460710e+001
+1.700222e+004	   -1.413062e+001
+1.705992e+004	   -1.426242e+001
+1.711782e+004	   -1.409166e+001
+1.717591e+004	   -1.418501e+001
+1.723419e+004	   -1.440676e+001
+1.729268e+004	   -1.434340e+001
+1.735136e+004	   -1.469170e+001
+1.741025e+004	   -1.466807e+001
+1.746933e+004	   -1.445961e+001
+1.752861e+004	   -1.500870e+001
+1.758810e+004	   -1.460835e+001
+1.764778e+004	   -1.464918e+001
+1.770767e+004	   -1.473233e+001
+1.776776e+004	   -1.502412e+001
+1.782806e+004	   -1.465899e+001
+1.788856e+004	   -1.494903e+001
+1.794927e+004	   -1.462147e+001
+1.801018e+004	   -1.455908e+001
+1.807130e+004	   -1.510842e+001
+1.813262e+004	   -1.506982e+001
+1.819416e+004	   -1.488431e+001
+1.825590e+004	   -1.506044e+001
+1.831785e+004	   -1.508779e+001
+1.838002e+004	   -1.504740e+001
+1.844239e+004	   -1.525347e+001
+1.850497e+004	   -1.546790e+001
+1.856777e+004	   -1.512472e+001
+1.863078e+004	   -1.564772e+001
+1.869401e+004	   -1.532094e+001
+1.875745e+004	   -1.523316e+001
+1.882110e+004	   -1.552838e+001
+1.888497e+004	   -1.526920e+001
+1.894906e+004	   -1.537304e+001
+1.901336e+004	   -1.526082e+001
+1.907789e+004	   -1.610996e+001
+1.914263e+004	   -1.588779e+001
+1.920759e+004	   -1.537636e+001
+1.927277e+004	   -1.579604e+001
+1.933818e+004	   -1.548229e+001
+1.940380e+004	   -1.554234e+001
+1.946965e+004	   -1.598613e+001
+1.953572e+004	   -1.570812e+001
+1.960202e+004	   -1.587454e+001
+1.966854e+004	   -1.595611e+001
+1.973528e+004	   -1.586765e+001
+1.980226e+004	   -1.593175e+001
+1.986946e+004	   -1.579862e+001
+1.993688e+004	   -1.576161e+001
+2.000454e+004	   -1.597203e+001
+2.007243e+004	   -1.642804e+001
+2.014054e+004	   -1.618997e+001
+2.020889e+004	   -1.623399e+001
+2.027747e+004	   -1.618270e+001
+2.034629e+004	   -1.595498e+001
+2.041533e+004	   -1.631191e+001
+2.048461e+004	   -1.600047e+001
+2.055413e+004	   -1.632804e+001
+2.062388e+004	   -1.659368e+001
+2.069387e+004	   -1.652927e+001
+2.076410e+004	   -1.676056e+001
+2.083456e+004	   -1.654986e+001
+2.090526e+004	   -1.688605e+001
+2.097621e+004	   -1.684464e+001
+2.104739e+004	   -1.677458e+001
+2.111882e+004	   -1.710172e+001
+2.119048e+004	   -1.691573e+001
+2.126239e+004	   -1.692489e+001
+2.133455e+004	   -1.668940e+001
+2.140695e+004	   -1.634931e+001
+2.147960e+004	   -1.721112e+001
+2.155249e+004	   -1.727578e+001
+2.162563e+004	   -1.699170e+001
+2.169902e+004	   -1.738314e+001
+2.177265e+004	   -1.708526e+001
+2.184654e+004	   -1.705045e+001
+2.192068e+004	   -1.693469e+001
+2.199507e+004	   -1.744675e+001
+2.206971e+004	   -1.753876e+001
+2.214460e+004	   -1.795452e+001
+2.221975e+004	   -1.736174e+001
+2.229516e+004	   -1.826122e+001
+2.237082e+004	   -1.717672e+001
+2.244673e+004	   -1.727951e+001
+2.252291e+004	   -1.750666e+001
+2.259934e+004	   -1.721418e+001
+2.267603e+004	   -1.744567e+001
+2.275298e+004	   -1.803033e+001
+2.283020e+004	   -1.779120e+001
+2.290767e+004	   -1.776452e+001
+2.298541e+004	   -1.791079e+001
+2.306342e+004	   -1.762881e+001
+2.314168e+004	   -1.779972e+001
+2.322021e+004	   -1.772489e+001
+2.329901e+004	   -1.797572e+001
+2.337808e+004	   -1.800774e+001
+2.345742e+004	   -1.799411e+001
+2.353702e+004	   -1.817613e+001
+2.361689e+004	   -1.790215e+001
+2.369704e+004	   -1.780037e+001
+2.377746e+004	   -1.872994e+001
+2.385815e+004	   -1.814216e+001
+2.393911e+004	   -1.799479e+001
+2.402035e+004	   -1.848534e+001
+2.410187e+004	   -1.858645e+001
+2.418366e+004	   -1.899605e+001
+2.426572e+004	   -1.835287e+001
+2.434807e+004	   -1.794671e+001
+2.443070e+004	   -1.822393e+001
+2.451361e+004	   -1.884744e+001
+2.459679e+004	   -1.838288e+001
+2.468027e+004	   -1.822302e+001
+2.476402e+004	   -1.869826e+001
+2.484806e+004	   -1.843652e+001
+2.493238e+004	   -1.872273e+001
+2.501699e+004	   -1.865691e+001
+2.510189e+004	   -1.895003e+001
+2.518707e+004	   -1.850501e+001
+2.527254e+004	   -1.945180e+001
+2.535831e+004	   -1.841413e+001
+2.544437e+004	   -1.909397e+001
+2.553071e+004	   -1.941831e+001
+2.561735e+004	   -1.909678e+001
+2.570429e+004	   -1.883984e+001
+2.579151e+004	   -1.904896e+001
+2.587904e+004	   -1.912307e+001
+2.596686e+004	   -1.919744e+001
+2.605498e+004	   -1.933230e+001
+2.614340e+004	   -1.933197e+001
+2.623212e+004	   -1.968889e+001
+2.632114e+004	   -1.931376e+001
+2.641046e+004	   -1.935605e+001
+2.650009e+004	   -1.923972e+001
+2.659002e+004	   -1.938965e+001
+2.668025e+004	   -1.916396e+001
+2.677079e+004	   -1.983155e+001
+2.686164e+004	   -2.028403e+001
+2.695280e+004	   -1.967970e+001
+2.704427e+004	   -1.952456e+001
+2.713604e+004	   -1.956068e+001
+2.722813e+004	   -2.021788e+001
+2.732053e+004	   -1.955410e+001
+2.741324e+004	   -1.995185e+001
+2.750627e+004	   -1.999566e+001
+2.759962e+004	   -2.005622e+001
+2.769328e+004	   -1.969521e+001
+2.778726e+004	   -2.005774e+001
+2.788155e+004	   -2.150565e+001
+2.797617e+004	   -2.044080e+001
+2.807111e+004	   -2.025959e+001
+2.816637e+004	   -2.025928e+001
+2.826196e+004	   -2.041882e+001
+2.835787e+004	   -2.067041e+001
+2.845410e+004	   -2.027612e+001
+2.855066e+004	   -2.062878e+001
+2.864755e+004	   -2.000468e+001
+2.874477e+004	   -2.121869e+001
+2.884231e+004	   -2.058534e+001
+2.894019e+004	   -2.050809e+001
+2.903840e+004	   -2.053742e+001
+2.913694e+004	   -2.053576e+001
+2.923582e+004	   -2.076330e+001
+2.933504e+004	   -2.072364e+001
+2.943459e+004	   -2.106070e+001
+2.953447e+004	   -2.089185e+001
+2.963470e+004	   -2.035685e+001
+2.973527e+004	   -2.088378e+001
+2.983618e+004	   -2.116260e+001
+2.993743e+004	   -2.125393e+001
+3.003902e+004	   -2.109925e+001
+3.014096e+004	   -2.078849e+001
+3.024325e+004	   -2.191790e+001
+3.034588e+004	   -2.086157e+001
+3.044886e+004	   -2.160137e+001
+3.055219e+004	   -2.164097e+001
+3.065587e+004	   -2.156818e+001
+3.075990e+004	   -2.149198e+001
+3.086429e+004	   -2.123083e+001
+3.096903e+004	   -2.120513e+001
+3.107412e+004	   -2.190778e+001
+3.117958e+004	   -2.153793e+001
+3.128538e+004	   -2.191193e+001
+3.139155e+004	   -2.265043e+001
+3.149808e+004	   -2.203434e+001
+3.160497e+004	   -2.207380e+001
+3.171223e+004	   -2.202775e+001
+3.181985e+004	   -2.154117e+001
+3.192783e+004	   -2.215995e+001
+3.203618e+004	   -2.270451e+001
+3.214489e+004	   -2.196773e+001
+3.225398e+004	   -2.285713e+001
+3.236344e+004	   -2.284676e+001
+3.247326e+004	   -2.328217e+001
+3.258346e+004	   -2.196100e+001
+3.269404e+004	   -2.193427e+001
+3.280498e+004	   -2.256760e+001
+3.291631e+004	   -2.296033e+001
+3.302802e+004	   -2.282691e+001
+3.314010e+004	   -2.300940e+001
+3.325256e+004	   -2.269479e+001
+3.336541e+004	   -2.212301e+001
+3.347863e+004	   -2.258562e+001
+3.359224e+004	   -2.278802e+001
+3.370624e+004	   -2.353223e+001
+3.382063e+004	   -2.374702e+001
+3.393540e+004	   -2.267823e+001
+3.405056e+004	   -2.346364e+001
+3.416611e+004	   -2.364530e+001
+3.428206e+004	   -2.366340e+001
+3.439839e+004	   -2.271770e+001
+3.451513e+004	   -2.417094e+001
+3.463226e+004	   -2.301588e+001
+3.474979e+004	   -2.258480e+001
+3.486771e+004	   -2.323823e+001
+3.498604e+004	   -2.406084e+001
+3.510476e+004	   -2.381412e+001
+3.522389e+004	   -2.368931e+001
+3.534343e+004	   -2.386098e+001
+3.546337e+004	   -2.347937e+001
+3.558371e+004	   -2.423940e+001
+3.570447e+004	   -2.421255e+001
+3.582564e+004	   -2.297156e+001
+3.594721e+004	   -2.496405e+001
+3.606920e+004	   -2.503817e+001
+3.619161e+004	   -2.507134e+001
+3.631442e+004	   -2.525290e+001
+3.643766e+004	   -2.443128e+001
+3.656131e+004	   -2.313843e+001
+3.668538e+004	   -2.504705e+001
+3.680988e+004	   -2.361402e+001
+3.693479e+004	   -2.605402e+001
+3.706014e+004	   -2.554633e+001
+3.718590e+004	   -2.508162e+001
+3.731209e+004	   -2.513328e+001
+3.743871e+004	   -2.514547e+001
+3.756577e+004	   -2.514631e+001
+3.769325e+004	   -2.411386e+001
+3.782116e+004	   -2.428909e+001
+3.794951e+004	   -2.515965e+001
+3.807829e+004	   -2.558502e+001
+3.820752e+004	   -2.427766e+001
+3.833718e+004	   -2.451412e+001
+3.846727e+004	   -2.492647e+001
+3.859782e+004	   -2.548461e+001
+3.872880e+004	   -2.665535e+001
+3.886023e+004	   -2.443125e+001
+3.899210e+004	   -2.705744e+001
+3.912443e+004	   -2.498081e+001
+3.925720e+004	   -2.648417e+001
+3.939042e+004	   -2.746999e+001
+3.952409e+004	   -2.584308e+001
+3.965822e+004	   -2.508442e+001
+3.979280e+004	   -2.632133e+001
+3.992784e+004	   -2.624051e+001
+4.006334e+004	   -2.689104e+001
+4.019930e+004	   -2.536171e+001
+4.033571e+004	   -2.764122e+001
+4.047259e+004	   -2.708855e+001
+4.060994e+004	   -2.651810e+001
+4.074775e+004	   -2.756027e+001
+4.088604e+004	   -2.505562e+001
+4.102479e+004	   -2.586035e+001
+4.116400e+004	   -2.584794e+001
+4.130370e+004	   -2.656762e+001
+4.144386e+004	   -2.504768e+001
+4.158450e+004	   -2.656854e+001
+4.172563e+004	   -2.629925e+001
+4.186722e+004	   -2.677954e+001
+4.200930e+004	   -2.573174e+001
+4.215186e+004	   -2.618434e+001
+4.229491e+004	   -2.606927e+001
+4.243844e+004	   -2.471962e+001
+4.258246e+004	   -2.654474e+001
+4.272696e+004	   -2.738485e+001
+4.287196e+004	   -2.637777e+001
+4.301745e+004	   -2.749979e+001
+4.316343e+004	   -2.707528e+001
+4.330991e+004	   -2.579137e+001
+4.345688e+004	   -2.608578e+001
+4.360436e+004	   -2.855189e+001
+4.375233e+004	   -2.695712e+001
+4.390080e+004	   -2.564975e+001
+4.404979e+004	   -2.711078e+001
+4.419927e+004	   -2.944474e+001
+4.434927e+004	   -2.735032e+001
+4.449977e+004	   -2.763458e+001
+4.465078e+004	   -2.623249e+001
+4.480230e+004	   -2.707395e+001
+4.495434e+004	   -2.798204e+001
+4.510690e+004	   -2.690251e+001
+4.525997e+004	   -2.805257e+001
+4.541357e+004	   -2.812733e+001
+4.556768e+004	   -2.745329e+001
+4.572232e+004	   -2.771221e+001
+4.587748e+004	   -2.815790e+001
+4.603316e+004	   -2.791045e+001
+4.618938e+004	   -2.762227e+001
+4.634613e+004	   -2.664682e+001
+4.650341e+004	   -2.735135e+001
+4.666122e+004	   -2.686755e+001
+4.681957e+004	   -2.682248e+001
+4.697845e+004	   -2.689659e+001
+4.713788e+004	   -2.658541e+001
+4.729784e+004	   -2.530603e+001
+4.745835e+004	   -2.811059e+001
+4.761940e+004	   -2.655523e+001
+4.778100e+004	   -2.745107e+001
+4.794315e+004	   -2.523056e+001
+4.810585e+004	   -2.598873e+001
+4.826910e+004	   -2.558269e+001
+4.843290e+004	   -2.623569e+001
+4.859726e+004	   -2.544984e+001
+4.876218e+004	   -2.661366e+001
+4.892766e+004	   -2.596489e+001
+4.909370e+004	   -2.508676e+001
+4.926030e+004	   -2.551852e+001
+4.942746e+004	   -2.446304e+001
+4.959520e+004	   -2.523324e+001
+4.976350e+004	   -2.468819e+001
+4.993238e+004	   -2.633274e+001
+5.010183e+004	   -2.578671e+001
+5.027185e+004	   -2.493711e+001
+5.044245e+004	   -2.538231e+001
+5.061363e+004	   -2.548015e+001
+5.078539e+004	   -2.479172e+001
+5.095773e+004	   -2.467572e+001
+5.113066e+004	   -2.549806e+001
+5.130418e+004	   -2.493649e+001
+5.147829e+004	   -2.478109e+001
+5.165298e+004	   -2.521586e+001
+5.182827e+004	   -2.476792e+001
+5.200415e+004	   -2.536515e+001
+5.218063e+004	   -2.501516e+001
+5.235771e+004	   -2.469978e+001
+5.253538e+004	   -2.434165e+001
+5.271367e+004	   -2.561280e+001
+5.289255e+004	   -2.412411e+001
+5.307205e+004	   -2.500227e+001
+5.325215e+004	   -2.571990e+001
+5.343287e+004	   -2.582102e+001
+5.361419e+004	   -2.508209e+001
+5.379614e+004	   -2.573941e+001
+5.397870e+004	   -2.537968e+001
+5.416188e+004	   -2.512077e+001
+5.434568e+004	   -2.440101e+001
+5.453011e+004	   -2.462684e+001
+5.471516e+004	   -2.547863e+001
+5.490084e+004	   -2.448142e+001
+5.508714e+004	   -2.484146e+001
+5.527409e+004	   -2.455734e+001
+5.546166e+004	   -2.495650e+001
+5.564988e+004	   -2.592513e+001
+5.583873e+004	   -2.476277e+001
+5.602822e+004	   -2.518910e+001
+5.621835e+004	   -2.458167e+001
+5.640913e+004	   -2.415764e+001
+5.660056e+004	   -2.422489e+001
+5.679264e+004	   -2.516831e+001
+5.698537e+004	   -2.536465e+001
+5.717875e+004	   -2.430367e+001
+5.737279e+004	   -2.467677e+001
+5.756749e+004	   -2.517466e+001
+5.776285e+004	   -2.450546e+001
+5.795887e+004	   -2.399133e+001
+5.815555e+004	   -2.496267e+001
+5.835291e+004	   -2.372287e+001
+5.855093e+004	   -2.394221e+001
+5.874963e+004	   -2.302717e+001
+5.894900e+004	   -2.342883e+001
+5.914905e+004	   -2.321904e+001
+5.934977e+004	   -2.431488e+001
+5.955118e+004	   -2.680699e+001
+5.975327e+004	   -2.641660e+001
+5.995605e+004	   -2.780178e+001
+6.015951e+004	   -2.746534e+001
+6.036367e+004	   -2.788022e+001
+6.056852e+004	   -2.720362e+001
+6.077406e+004	   -2.661394e+001
+6.098030e+004	   -2.763057e+001
+6.118724e+004	   -2.578655e+001
+6.139488e+004	   -2.736913e+001
+6.160323e+004	   -2.715745e+001
+6.181229e+004	   -2.761552e+001
+6.202205e+004	   -2.615770e+001
+6.223252e+004	   -2.490700e+001
+6.244371e+004	   -2.550696e+001
+6.265562e+004	   -2.576095e+001
+6.286825e+004	   -2.568925e+001
+6.308159e+004	   -2.622853e+001
+6.329566e+004	   -2.653057e+001
+6.351046e+004	   -2.617149e+001
+6.372599e+004	   -2.660810e+001
+6.394225e+004	   -2.819225e+001
+6.415924e+004	   -2.840315e+001
+6.437696e+004	   -2.717644e+001
+6.459543e+004	   -2.745784e+001
+6.481464e+004	   -2.686588e+001
+6.503459e+004	   -2.850457e+001
+6.525529e+004	   -2.729947e+001
+6.547674e+004	   -2.748011e+001
+6.569894e+004	   -2.810436e+001
+6.592189e+004	   -2.806157e+001
+6.614560e+004	   -2.751099e+001
+6.637007e+004	   -2.735845e+001
+6.659530e+004	   -2.824526e+001
+6.682130e+004	   -2.647367e+001
+6.704806e+004	   -2.812565e+001
+6.727559e+004	   -2.679981e+001
+6.750390e+004	   -2.823372e+001
+6.773298e+004	   -3.202053e+001
+6.796283e+004	   -2.991520e+001
+6.819347e+004	   -2.848476e+001
+6.842488e+004	   -2.972334e+001
+6.865709e+004	   -2.673834e+001
+6.889009e+004	   -2.824895e+001
+6.912387e+004	   -2.878130e+001
+6.935844e+004	   -2.842820e+001
+6.959381e+004	   -2.860428e+001
+6.982998e+004	   -2.997543e+001
+7.006695e+004	   -2.821223e+001
+7.030473e+004	   -3.028384e+001
+7.054331e+004	   -2.938745e+001
+7.078271e+004	   -2.960013e+001
+7.102291e+004	   -2.790635e+001
+7.126394e+004	   -2.848327e+001
+7.150577e+004	   -2.909242e+001
+7.174843e+004	   -2.916278e+001
+7.199191e+004	   -2.829194e+001
+7.223623e+004	   -2.800860e+001
+7.248136e+004	   -2.841166e+001
+7.272734e+004	   -2.759201e+001
+7.297414e+004	   -2.876725e+001
+7.322178e+004	   -2.884134e+001
+7.347027e+004	   -2.908226e+001
+7.371959e+004	   -2.757260e+001
+7.396976e+004	   -2.981578e+001
+7.422078e+004	   -2.898995e+001
+7.447266e+004	   -2.765731e+001
+7.472538e+004	   -2.801367e+001
+7.497897e+004	   -2.940086e+001
+7.523341e+004	   -2.919877e+001
+7.548872e+004	   -2.962329e+001
+7.574490e+004	   -3.057033e+001
+7.600195e+004	   -2.942413e+001
+7.625986e+004	   -2.941932e+001
+7.651865e+004	   -2.870567e+001
+7.677832e+004	   -3.028790e+001
+7.703888e+004	   -2.935142e+001
+7.730031e+004	   -2.817373e+001
+7.756263e+004	   -2.952586e+001
+7.782584e+004	   -2.824370e+001
+7.808995e+004	   -2.791206e+001
+7.835496e+004	   -2.640522e+001
+7.862086e+004	   -2.531605e+001
+7.888766e+004	   -2.681638e+001
+7.915538e+004	   -2.933475e+001
+7.942399e+004	   -2.872533e+001
+7.969352e+004	   -2.928059e+001
+7.996397e+004	   -3.082809e+001
+8.023533e+004	   -2.983501e+001
+8.050762e+004	   -3.045982e+001
+8.078082e+004	   -2.939291e+001
+8.105495e+004	   -2.913102e+001
+8.133002e+004	   -2.833150e+001
+8.160602e+004	   -2.782178e+001
+8.188295e+004	   -2.750435e+001
+8.216083e+004	   -2.897482e+001
+8.243965e+004	   -2.847783e+001
+8.271941e+004	   -3.096446e+001
+8.300013e+004	   -2.900879e+001
+8.328179e+004	   -2.834303e+001
+8.356441e+004	   -3.487672e+001
+8.384799e+004	   -3.325796e+001
+8.413254e+004	   -3.539339e+001
+8.441805e+004	   -3.378685e+001
+8.470452e+004	   -3.385932e+001
+8.499198e+004	   -3.242366e+001
+8.528040e+004	   -3.166056e+001
+8.556980e+004	   -3.187639e+001
+8.586019e+004	   -3.452231e+001
+8.615156e+004	   -3.304308e+001
+8.644392e+004	   -3.263929e+001
+8.673727e+004	   -3.024603e+001
+8.703163e+004	   -3.225307e+001
+8.732697e+004	   -3.300094e+001
+8.762332e+004	   -3.224925e+001
+8.792067e+004	   -3.213838e+001
+8.821904e+004	   -3.339206e+001
+8.851841e+004	   -3.291232e+001
+8.881880e+004	   -3.468791e+001
+8.912022e+004	   -3.318430e+001
+8.942266e+004	   -3.264640e+001
+8.972612e+004	   -3.315529e+001
+9.003061e+004	   -3.313235e+001
+9.033613e+004	   -3.310731e+001
+9.064270e+004	   -3.170635e+001
+9.095030e+004	   -3.393820e+001
+9.125894e+004	   -3.276292e+001
+9.156863e+004	   -3.303398e+001
+9.187938e+004	   -3.225763e+001
+9.219117e+004	   -3.189079e+001
+9.250403e+004	   -3.374504e+001
+9.281795e+004	   -3.474074e+001
+9.313293e+004	   -3.545542e+001
+9.344898e+004	   -3.349017e+001
+9.376611e+004	   -3.361755e+001
+9.408431e+004	   -3.648455e+001
+9.440359e+004	   -3.620770e+001
+9.472395e+004	   -3.436741e+001
+9.504541e+004	   -3.303269e+001
+9.536795e+004	   -3.490668e+001
+9.569159e+004	   -3.756279e+001
+9.601632e+004	   -3.750179e+001
+9.634216e+004	   -3.740713e+001
+9.666910e+004	   -3.599902e+001
+9.699716e+004	   -3.692933e+001
+9.732632e+004	   -3.748861e+001
+9.765660e+004	   -3.554951e+001
+9.798801e+004	   -3.762262e+001
+9.832054e+004	   -3.506699e+001
+9.865420e+004	   -3.532286e+001
+9.898898e+004	   -3.657392e+001
+9.932491e+004	   -3.771793e+001
+9.966197e+004	   -3.563305e+001
+1.000002e+005	   -3.711020e+001
+1.003395e+005	   -4.127116e+001
+1.006800e+005	   -3.584309e+001
+1.010217e+005	   -4.190215e+001
+1.013645e+005	   -3.748465e+001
+1.017085e+005	   -4.360210e+001
+1.020537e+005	   -4.046865e+001
+1.024000e+005	   -4.323569e+001
