+1.000000e+003	   +1.291298e+002
+1.001664e+003	   +8.905761e+001
+1.003330e+003	   +6.944350e+001
+1.005000e+003	   +7.721445e+001
+1.006672e+003	   +7.571806e+001
+1.008346e+003	   +5.570762e+001
+1.010024e+003	   +4.740997e+001
+1.011705e+003	   +4.528489e+001
+1.013388e+003	   +3.678898e+001
+1.015074e+003	   +2.764896e+001
+1.016763e+003	   +2.443531e+001
+1.018454e+003	   +2.122647e+001
+1.020149e+003	   +1.628224e+001
+1.021846e+003	   +9.548430e+000
+1.023546e+003	   +2.321387e+000
+1.025249e+003	   +7.165960e-001
+1.026955e+003	   -6.227737e+000
+1.028663e+003	   -1.190968e+001
+1.030375e+003	   -1.953491e+001
+1.032089e+003	   -2.349513e+001
+1.033806e+003	   -2.907306e+001
+1.035526e+003	   -2.963622e+001
+1.037249e+003	   -3.150538e+001
+1.038975e+003	   -3.425627e+001
+1.040703e+003	   -3.403925e+001
+1.042435e+003	   -3.816603e+001
+1.044169e+003	   -3.509396e+001
+1.045906e+003	   -3.493242e+001
+1.047646e+003	   -3.469649e+001
+1.049390e+003	   -3.636831e+001
+1.051135e+003	   -3.938055e+001
+1.052884e+003	   -4.109446e+001
+1.054636e+003	   -4.259100e+001
+1.056391e+003	   -4.575196e+001
+1.058148e+003	   -4.682017e+001
+1.059909e+003	   -5.248193e+001
+1.061672e+003	   -5.191896e+001
+1.063438e+003	   -4.848103e+001
+1.065208e+003	   -4.033978e+001
+1.066980e+003	   -4.083788e+001
+1.068755e+003	   -3.494555e+001
+1.070533e+003	   -2.912424e+001
+1.072314e+003	   -2.872391e+001
+1.074099e+003	   -2.533429e+001
+1.075885e+003	   -2.455785e+001
+1.077676e+003	   -1.804904e+001
+1.079469e+003	   -2.845024e+001
+1.081264e+003	   -2.789049e+001
+1.083063e+003	   -3.649933e+001
+1.084865e+003	   -3.572588e+001
+1.086670e+003	   -4.414722e+001
+1.088478e+003	   -4.868173e+001
+1.090289e+003	   -5.204710e+001
+1.092103e+003	   -6.452044e+001
+1.093920e+003	   -7.002309e+001
+1.095740e+003	   -7.478979e+001
+1.097563e+003	   -8.043563e+001
+1.099389e+003	   -8.268280e+001
+1.101218e+003	   -8.463399e+001
+1.103050e+003	   -8.357222e+001
+1.104886e+003	   -8.904281e+001
+1.106724e+003	   -8.927743e+001
+1.108565e+003	   -8.808044e+001
+1.110410e+003	   -8.993044e+001
+1.112257e+003	   -8.976508e+001
+1.114108e+003	   -9.168532e+001
+1.115961e+003	   -9.138068e+001
+1.117818e+003	   -9.011689e+001
+1.119678e+003	   -8.981371e+001
+1.121540e+003	   -9.469380e+001
+1.123406e+003	   -9.693295e+001
+1.125276e+003	   -8.697683e+001
+1.127148e+003	   -8.690264e+001
+1.129023e+003	   -8.113419e+001
+1.130901e+003	   -7.424455e+001
+1.132783e+003	   -7.592527e+001
+1.134667e+003	   -4.998839e+001
+1.136555e+003	   -5.400407e+001
+1.138446e+003	   -4.848116e+001
+1.140340e+003	   -3.609157e+001
+1.142238e+003	   -3.444431e+001
+1.144138e+003	   -3.575707e+001
+1.146042e+003	   -4.320038e+001
+1.147948e+003	   -3.971918e+001
+1.149858e+003	   -4.243982e+001
+1.151771e+003	   -4.407375e+001
+1.153688e+003	   -4.262953e+001
+1.155607e+003	   -3.326730e+001
+1.157530e+003	   -3.258746e+001
+1.159455e+003	   -3.217656e+001
+1.161384e+003	   -2.853329e+001
+1.163317e+003	   -2.783169e+001
+1.165252e+003	   -2.833546e+001
+1.167191e+003	   -3.190157e+001
+1.169133e+003	   -3.614455e+001
+1.171078e+003	   -3.402154e+001
+1.173026e+003	   -3.458401e+001
+1.174978e+003	   -4.026191e+001
+1.176933e+003	   -4.503380e+001
+1.178891e+003	   -4.930044e+001
+1.180852e+003	   -5.575411e+001
+1.182817e+003	   -5.093261e+001
+1.184785e+003	   -5.905452e+001
+1.186756e+003	   -5.908060e+001
+1.188730e+003	   -6.873489e+001
+1.190708e+003	   -6.490285e+001
+1.192689e+003	   -7.128042e+001
+1.194674e+003	   -7.029295e+001
+1.196661e+003	   -7.373779e+001
+1.198652e+003	   -7.069906e+001
+1.200646e+003	   -7.670771e+001
+1.202644e+003	   -7.670581e+001
+1.204645e+003	   -8.151204e+001
+1.206649e+003	   -8.757505e+001
+1.208657e+003	   -8.688165e+001
+1.210668e+003	   -8.901884e+001
+1.212682e+003	   -8.989361e+001
+1.214699e+003	   -9.669780e+001
+1.216720e+003	   -9.430927e+001
+1.218745e+003	   -9.513981e+001
+1.220772e+003	   -9.584606e+001
+1.222803e+003	   -1.011776e+002
+1.224838e+003	   -9.986689e+001
+1.226876e+003	   -1.047893e+002
+1.228917e+003	   -1.115874e+002
+1.230961e+003	   -1.078381e+002
+1.233010e+003	   -1.084679e+002
+1.235061e+003	   -1.116563e+002
+1.237116e+003	   -1.130624e+002
+1.239174e+003	   -1.155322e+002
+1.241236e+003	   -1.132959e+002
+1.243301e+003	   -1.167924e+002
+1.245369e+003	   -1.190498e+002
+1.247441e+003	   -1.172879e+002
+1.249517e+003	   -1.224456e+002
+1.251596e+003	   -1.225089e+002
+1.253678e+003	   -1.261303e+002
+1.255764e+003	   -1.256181e+002
+1.257853e+003	   -1.320769e+002
+1.259946e+003	   -1.313861e+002
+1.262042e+003	   -1.338108e+002
+1.264142e+003	   -1.352727e+002
+1.266245e+003	   -1.343950e+002
+1.268352e+003	   -1.345930e+002
+1.270462e+003	   -1.396157e+002
+1.272576e+003	   -1.387323e+002
+1.274693e+003	   -1.427972e+002
+1.276814e+003	   -1.423229e+002
+1.278938e+003	   -1.398661e+002
+1.281066e+003	   -1.424388e+002
+1.283197e+003	   -1.447821e+002
+1.285332e+003	   -1.442050e+002
+1.287470e+003	   -1.443574e+002
+1.289612e+003	   -1.450178e+002
+1.291758e+003	   -1.462455e+002
+1.293907e+003	   -1.478500e+002
+1.296060e+003	   -1.459887e+002
+1.298216e+003	   -1.476976e+002
+1.300376e+003	   -1.514794e+002
+1.302540e+003	   -1.471628e+002
+1.304707e+003	   -1.473391e+002
+1.306877e+003	   -1.447788e+002
+1.309052e+003	   -1.493823e+002
+1.311230e+003	   -1.444897e+002
+1.313411e+003	   -1.476929e+002
+1.315596e+003	   -1.467889e+002
+1.317785e+003	   -1.487414e+002
+1.319978e+003	   -1.439635e+002
+1.322174e+003	   -1.499184e+002
+1.324374e+003	   -1.409171e+002
+1.326577e+003	   -1.478591e+002
+1.328784e+003	   -1.437845e+002
+1.330995e+003	   -1.386619e+002
+1.333209e+003	   -1.388492e+002
+1.335427e+003	   -1.395222e+002
+1.337649e+003	   -1.335061e+002
+1.339875e+003	   -1.342071e+002
+1.342104e+003	   -1.317259e+002
+1.344337e+003	   -1.296666e+002
+1.346573e+003	   -1.307785e+002
+1.348814e+003	   -1.285284e+002
+1.351058e+003	   -1.338952e+002
+1.353306e+003	   -1.322821e+002
+1.355557e+003	   -1.292514e+002
+1.357813e+003	   -1.281204e+002
+1.360072e+003	   -1.311932e+002
+1.362334e+003	   -1.169494e+002
+1.364601e+003	   -1.399332e+002
+1.366871e+003	   -1.323282e+002
+1.369146e+003	   -1.224882e+002
+1.371423e+003	   -1.308864e+002
+1.373705e+003	   -1.284377e+002
+1.375991e+003	   -1.292088e+002
+1.378280e+003	   -1.296971e+002
+1.380573e+003	   -1.288932e+002
+1.382870e+003	   -1.302472e+002
+1.385171e+003	   -1.316044e+002
+1.387475e+003	   -1.322772e+002
+1.389784e+003	   -1.332546e+002
+1.392096e+003	   -1.319504e+002
+1.394412e+003	   -1.335644e+002
+1.396732e+003	   -1.332282e+002
+1.399056e+003	   -1.314396e+002
+1.401384e+003	   -1.333449e+002
+1.403715e+003	   -1.342387e+002
+1.406050e+003	   -1.338485e+002
+1.408390e+003	   -1.345004e+002
+1.410733e+003	   -1.334378e+002
+1.413080e+003	   -1.353002e+002
+1.415431e+003	   -1.363751e+002
+1.417786e+003	   -1.367147e+002
+1.420145e+003	   -1.369514e+002
+1.422508e+003	   -1.389034e+002
+1.424874e+003	   -1.383164e+002
+1.427245e+003	   -1.380439e+002
+1.429620e+003	   -1.397316e+002
+1.431998e+003	   -1.409565e+002
+1.434380e+003	   -1.440334e+002
+1.436767e+003	   -1.445638e+002
+1.439157e+003	   -1.426828e+002
+1.441552e+003	   -1.454727e+002
+1.443950e+003	   -1.432382e+002
+1.446353e+003	   -1.459427e+002
+1.448759e+003	   -1.492256e+002
+1.451169e+003	   -1.501973e+002
+1.453584e+003	   -1.505535e+002
+1.456002e+003	   -1.523116e+002
+1.458424e+003	   -1.540157e+002
+1.460851e+003	   -1.560853e+002
+1.463281e+003	   -1.582848e+002
+1.465716e+003	   -1.585020e+002
+1.468154e+003	   -1.606877e+002
+1.470597e+003	   -1.629435e+002
+1.473044e+003	   -1.654612e+002
+1.475495e+003	   -1.650194e+002
+1.477949e+003	   -1.716313e+002
+1.480408e+003	   -1.721702e+002
+1.482871e+003	   -1.730551e+002
+1.485339e+003	   -1.757956e+002
+1.487810e+003	   -1.777445e+002
+1.490285e+003	   -1.789394e+002
+1.492765e+003	   +1.787846e+002
+1.495248e+003	   +1.766229e+002
+1.497736e+003	   +1.756395e+002
+1.500228e+003	   +1.745579e+002
+1.502724e+003	   +1.707188e+002
+1.505224e+003	   +1.715219e+002
+1.507728e+003	   +1.685309e+002
+1.510237e+003	   +1.653923e+002
+1.512749e+003	   +1.646622e+002
+1.515266e+003	   +1.630725e+002
+1.517787e+003	   +1.594378e+002
+1.520312e+003	   +1.590815e+002
+1.522842e+003	   +1.583763e+002
+1.525375e+003	   +1.574798e+002
+1.527913e+003	   +1.567174e+002
+1.530455e+003	   +1.553228e+002
+1.533002e+003	   +1.591051e+002
+1.535552e+003	   +1.592383e+002
+1.538107e+003	   +1.540972e+002
+1.540666e+003	   +1.572961e+002
+1.543229e+003	   +1.618949e+002
+1.545797e+003	   +1.631383e+002
+1.548369e+003	   +1.683882e+002
+1.550945e+003	   +1.700403e+002
+1.553525e+003	   +1.718646e+002
+1.556110e+003	   +1.751516e+002
+1.558699e+003	   +1.753203e+002
+1.561292e+003	   +1.766116e+002
+1.563890e+003	   +1.726852e+002
+1.566491e+003	   +1.711119e+002
+1.569098e+003	   +1.661440e+002
+1.571708e+003	   +1.621223e+002
+1.574323e+003	   +1.560091e+002
+1.576943e+003	   +1.532817e+002
+1.579566e+003	   +1.513218e+002
+1.582194e+003	   +1.483992e+002
+1.584826e+003	   +1.485956e+002
+1.587463e+003	   +1.504582e+002
+1.590104e+003	   +1.492791e+002
+1.592750e+003	   +1.480037e+002
+1.595400e+003	   +1.502805e+002
+1.598054e+003	   +1.558991e+002
+1.600713e+003	   +1.603450e+002
+1.603376e+003	   +1.619248e+002
+1.606044e+003	   +1.646503e+002
+1.608716e+003	   +1.701340e+002
+1.611392e+003	   +1.707515e+002
+1.614073e+003	   +1.719975e+002
+1.616759e+003	   +1.751761e+002
+1.619448e+003	   +1.755640e+002
+1.622143e+003	   +1.732904e+002
+1.624842e+003	   +1.748411e+002
+1.627545e+003	   +1.712922e+002
+1.630253e+003	   +1.704460e+002
+1.632965e+003	   +1.708204e+002
+1.635682e+003	   +1.675462e+002
+1.638403e+003	   +1.671085e+002
+1.641129e+003	   +1.641723e+002
+1.643860e+003	   +1.631606e+002
+1.646595e+003	   +1.590140e+002
+1.649334e+003	   +1.593539e+002
+1.652078e+003	   +1.563573e+002
+1.654827e+003	   +1.549916e+002
+1.657580e+003	   +1.511540e+002
+1.660338e+003	   +1.505176e+002
+1.663100e+003	   +1.461393e+002
+1.665867e+003	   +1.430240e+002
+1.668639e+003	   +1.415098e+002
+1.671415e+003	   +1.382708e+002
+1.674196e+003	   +1.345811e+002
+1.676981e+003	   +1.328009e+002
+1.679771e+003	   +1.306200e+002
+1.682566e+003	   +1.297907e+002
+1.685365e+003	   +1.287970e+002
+1.688169e+003	   +1.282472e+002
+1.690978e+003	   +1.278669e+002
+1.693792e+003	   +1.284144e+002
+1.696609e+003	   +1.275189e+002
+1.699432e+003	   +1.270477e+002
+1.702260e+003	   +1.238427e+002
+1.705092e+003	   +1.227332e+002
+1.707929e+003	   +1.211738e+002
+1.710770e+003	   +1.189091e+002
+1.713616e+003	   +1.187414e+002
+1.716468e+003	   +1.149328e+002
+1.719323e+003	   +1.131505e+002
+1.722184e+003	   +1.111731e+002
+1.725049e+003	   +1.075371e+002
+1.727919e+003	   +1.072502e+002
+1.730794e+003	   +1.042983e+002
+1.733674e+003	   +1.010632e+002
+1.736558e+003	   +1.003931e+002
+1.739447e+003	   +9.776093e+001
+1.742341e+003	   +9.751574e+001
+1.745240e+003	   +9.513627e+001
+1.748144e+003	   +9.352753e+001
+1.751052e+003	   +9.640855e+001
+1.753965e+003	   +9.400526e+001
+1.756884e+003	   +9.984693e+001
+1.759807e+003	   +1.017922e+002
+1.762734e+003	   +1.027561e+002
+1.765667e+003	   +1.083129e+002
+1.768605e+003	   +1.113470e+002
+1.771547e+003	   +1.164671e+002
+1.774495e+003	   +1.235783e+002
+1.777447e+003	   +1.320373e+002
+1.780404e+003	   +1.403931e+002
+1.783366e+003	   +1.455985e+002
+1.786333e+003	   +1.487868e+002
+1.789305e+003	   +1.475494e+002
+1.792282e+003	   +1.527112e+002
+1.795264e+003	   +1.548047e+002
+1.798251e+003	   +1.538487e+002
+1.801243e+003	   +1.490337e+002
+1.804240e+003	   +1.510189e+002
+1.807242e+003	   +1.509387e+002
+1.810248e+003	   +1.482977e+002
+1.813260e+003	   +1.503538e+002
+1.816277e+003	   +1.500404e+002
+1.819299e+003	   +1.480900e+002
+1.822326e+003	   +1.457574e+002
+1.825358e+003	   +1.456925e+002
+1.828395e+003	   +1.448038e+002
+1.831436e+003	   +1.444103e+002
+1.834484e+003	   +1.403641e+002
+1.837536e+003	   +1.398075e+002
+1.840593e+003	   +1.371449e+002
+1.843655e+003	   +1.353728e+002
+1.846722e+003	   +1.344777e+002
+1.849795e+003	   +1.365339e+002
+1.852873e+003	   +1.332912e+002
+1.855955e+003	   +1.348449e+002
+1.859043e+003	   +1.366336e+002
+1.862136e+003	   +1.366546e+002
+1.865234e+003	   +1.353915e+002
+1.868338e+003	   +1.318268e+002
+1.871446e+003	   +1.299992e+002
+1.874560e+003	   +1.271750e+002
+1.877678e+003	   +1.255001e+002
+1.880802e+003	   +1.241051e+002
+1.883932e+003	   +1.227881e+002
+1.887066e+003	   +1.226290e+002
+1.890205e+003	   +1.198360e+002
+1.893350e+003	   +1.213134e+002
+1.896500e+003	   +1.200322e+002
+1.899656e+003	   +1.200163e+002
+1.902816e+003	   +1.203714e+002
+1.905982e+003	   +1.197364e+002
+1.909153e+003	   +1.191434e+002
+1.912329e+003	   +1.186172e+002
+1.915511e+003	   +1.174835e+002
+1.918698e+003	   +1.163941e+002
+1.921890e+003	   +1.142652e+002
+1.925088e+003	   +1.155934e+002
+1.928291e+003	   +1.122199e+002
+1.931499e+003	   +1.109433e+002
+1.934712e+003	   +1.108358e+002
+1.937931e+003	   +1.111143e+002
+1.941155e+003	   +1.119161e+002
+1.944385e+003	   +1.097429e+002
+1.947620e+003	   +1.101618e+002
+1.950860e+003	   +1.116582e+002
+1.954106e+003	   +1.133105e+002
+1.957357e+003	   +1.129077e+002
+1.960614e+003	   +1.110034e+002
+1.963876e+003	   +1.135310e+002
+1.967143e+003	   +1.129421e+002
+1.970416e+003	   +1.109822e+002
+1.973694e+003	   +1.094776e+002
+1.976978e+003	   +1.099550e+002
+1.980267e+003	   +1.088431e+002
+1.983562e+003	   +1.112252e+002
+1.986862e+003	   +1.119227e+002
+1.990167e+003	   +1.140989e+002
+1.993479e+003	   +1.122194e+002
+1.996795e+003	   +1.152505e+002
+2.000117e+003	   +1.119575e+002
+2.003445e+003	   +1.119941e+002
+2.006778e+003	   +1.127517e+002
+2.010117e+003	   +1.108993e+002
+2.013462e+003	   +1.095828e+002
+2.016811e+003	   +1.078116e+002
+2.020167e+003	   +1.072799e+002
+2.023528e+003	   +1.046886e+002
+2.026895e+003	   +1.050952e+002
+2.030267e+003	   +1.029557e+002
+2.033645e+003	   +1.014824e+002
+2.037028e+003	   +1.023328e+002
+2.040417e+003	   +1.005660e+002
+2.043812e+003	   +9.986293e+001
+2.047212e+003	   +9.873501e+001
+2.050618e+003	   +9.703955e+001
+2.054030e+003	   +9.661761e+001
+2.057448e+003	   +9.641972e+001
+2.060871e+003	   +9.379369e+001
+2.064299e+003	   +9.488770e+001
+2.067734e+003	   +9.391340e+001
+2.071174e+003	   +9.284158e+001
+2.074620e+003	   +9.210134e+001
+2.078072e+003	   +9.304027e+001
+2.081529e+003	   +9.170232e+001
+2.084992e+003	   +9.302279e+001
+2.088461e+003	   +9.392467e+001
+2.091936e+003	   +9.215952e+001
+2.095416e+003	   +9.355920e+001
+2.098902e+003	   +9.260557e+001
+2.102394e+003	   +9.215311e+001
+2.105892e+003	   +9.323985e+001
+2.109396e+003	   +9.328020e+001
+2.112905e+003	   +9.256889e+001
+2.116421e+003	   +9.054021e+001
+2.119942e+003	   +9.025114e+001
+2.123469e+003	   +9.023715e+001
+2.127002e+003	   +8.793401e+001
+2.130541e+003	   +8.725655e+001
+2.134085e+003	   +8.854346e+001
+2.137636e+003	   +8.699646e+001
+2.141192e+003	   +8.552668e+001
+2.144755e+003	   +8.552006e+001
+2.148323e+003	   +8.348094e+001
+2.151897e+003	   +8.195836e+001
+2.155478e+003	   +8.402285e+001
+2.159064e+003	   +8.413190e+001
+2.162656e+003	   +8.236361e+001
+2.166254e+003	   +7.995175e+001
+2.169858e+003	   +8.173824e+001
+2.173468e+003	   +8.176401e+001
+2.177084e+003	   +8.195732e+001
+2.180706e+003	   +8.003004e+001
+2.184334e+003	   +8.088625e+001
+2.187969e+003	   +7.951506e+001
+2.191609e+003	   +8.032296e+001
+2.195255e+003	   +8.104771e+001
+2.198907e+003	   +7.990721e+001
+2.202566e+003	   +7.812241e+001
+2.206230e+003	   +7.765900e+001
+2.209901e+003	   +7.731277e+001
+2.213578e+003	   +7.463419e+001
+2.217261e+003	   +7.442963e+001
+2.220950e+003	   +7.261458e+001
+2.224645e+003	   +7.247006e+001
+2.228346e+003	   +7.151621e+001
+2.232053e+003	   +6.936434e+001
+2.235767e+003	   +6.855822e+001
+2.239487e+003	   +6.774516e+001
+2.243213e+003	   +6.708091e+001
+2.246945e+003	   +6.588839e+001
+2.250683e+003	   +6.588294e+001
+2.254428e+003	   +6.658292e+001
+2.258178e+003	   +6.714833e+001
+2.261936e+003	   +6.532129e+001
+2.265699e+003	   +6.597751e+001
+2.269468e+003	   +6.407406e+001
+2.273244e+003	   +6.353804e+001
+2.277026e+003	   +6.671696e+001
+2.280815e+003	   +6.708001e+001
+2.284609e+003	   +6.811757e+001
+2.288410e+003	   +6.809011e+001
+2.292218e+003	   +6.844662e+001
+2.296031e+003	   +6.884638e+001
+2.299851e+003	   +6.677208e+001
+2.303678e+003	   +6.661652e+001
+2.307510e+003	   +6.483559e+001
+2.311350e+003	   +6.463648e+001
+2.315195e+003	   +6.354929e+001
+2.319047e+003	   +6.183764e+001
+2.322905e+003	   +5.929409e+001
+2.326770e+003	   +5.856233e+001
+2.330641e+003	   +5.689607e+001
+2.334519e+003	   +5.469287e+001
+2.338403e+003	   +5.278080e+001
+2.342293e+003	   +4.966757e+001
+2.346190e+003	   +4.733934e+001
+2.350094e+003	   +4.631237e+001
+2.354004e+003	   +4.224233e+001
+2.357920e+003	   +4.122163e+001
+2.361843e+003	   +3.861111e+001
+2.365773e+003	   +3.443561e+001
+2.369709e+003	   +3.235232e+001
+2.373651e+003	   +2.882758e+001
+2.377601e+003	   +2.506737e+001
+2.381556e+003	   +1.875075e+001
+2.385519e+003	   +1.374757e+001
+2.389488e+003	   +8.314564e+000
+2.393463e+003	   +1.790460e+000
+2.397445e+003	   -5.597995e+000
+2.401434e+003	   -1.164428e+001
+2.405429e+003	   -1.912609e+001
+2.409431e+003	   -2.460999e+001
+2.413440e+003	   -3.174603e+001
+2.417455e+003	   -3.668771e+001
+2.421477e+003	   -4.096506e+001
+2.425506e+003	   -4.645518e+001
+2.429542e+003	   -4.918020e+001
+2.433583e+003	   -5.180574e+001
+2.437633e+003	   -5.564647e+001
+2.441688e+003	   -5.746169e+001
+2.445750e+003	   -5.897935e+001
+2.449820e+003	   -6.122561e+001
+2.453896e+003	   -6.198914e+001
+2.457978e+003	   -6.769363e+001
+2.462068e+003	   -6.967719e+001
+2.466164e+003	   -7.341727e+001
+2.470267e+003	   -7.648896e+001
+2.474377e+003	   -8.121371e+001
+2.478493e+003	   -8.182735e+001
+2.482617e+003	   -8.558301e+001
+2.486748e+003	   -8.739146e+001
+2.490885e+003	   -9.183974e+001
+2.495029e+003	   -9.101379e+001
+2.499180e+003	   -9.070044e+001
+2.503338e+003	   -9.193873e+001
+2.507503e+003	   -9.363665e+001
+2.511675e+003	   -9.178577e+001
+2.515854e+003	   -9.027805e+001
+2.520040e+003	   -8.873001e+001
+2.524232e+003	   -8.571802e+001
+2.528432e+003	   -8.414105e+001
+2.532638e+003	   -8.249419e+001
+2.536852e+003	   -8.499923e+001
+2.541073e+003	   -8.707935e+001
+2.545301e+003	   -8.992233e+001
+2.549535e+003	   -9.356639e+001
+2.553777e+003	   -9.600381e+001
+2.558026e+003	   -9.768394e+001
+2.562282e+003	   -1.035700e+002
+2.566545e+003	   -1.068004e+002
+2.570815e+003	   -1.104356e+002
+2.575092e+003	   -1.154065e+002
+2.579376e+003	   -1.199660e+002
+2.583668e+003	   -1.240683e+002
+2.587966e+003	   -1.283483e+002
+2.592272e+003	   -1.324445e+002
+2.596585e+003	   -1.360085e+002
+2.600905e+003	   -1.388788e+002
+2.605232e+003	   -1.408872e+002
+2.609567e+003	   -1.402029e+002
+2.613908e+003	   -1.392624e+002
+2.618257e+003	   -1.375261e+002
+2.622613e+003	   -1.391638e+002
+2.626977e+003	   -1.395869e+002
+2.631347e+003	   -1.431661e+002
+2.635725e+003	   -1.447825e+002
+2.640110e+003	   -1.464715e+002
+2.644503e+003	   -1.461440e+002
+2.648903e+003	   -1.477155e+002
+2.653310e+003	   -1.483845e+002
+2.657724e+003	   -1.500541e+002
+2.662146e+003	   -1.513432e+002
+2.666575e+003	   -1.557394e+002
+2.671012e+003	   -1.582930e+002
+2.675456e+003	   -1.621466e+002
+2.679907e+003	   -1.633798e+002
+2.684365e+003	   -1.626610e+002
+2.688832e+003	   -1.608437e+002
+2.693305e+003	   -1.609363e+002
+2.697786e+003	   -1.610574e+002
+2.702275e+003	   -1.628344e+002
+2.706771e+003	   -1.668416e+002
+2.711274e+003	   -1.697909e+002
+2.715785e+003	   -1.727804e+002
+2.720303e+003	   -1.738571e+002
+2.724829e+003	   -1.755568e+002
+2.729363e+003	   -1.772451e+002
+2.733903e+003	   -1.787602e+002
+2.738452e+003	   +1.772301e+002
+2.743008e+003	   +1.740209e+002
+2.747572e+003	   +1.701229e+002
+2.752143e+003	   +1.654333e+002
+2.756722e+003	   +1.614643e+002
+2.761308e+003	   +1.584312e+002
+2.765902e+003	   +1.529463e+002
+2.770504e+003	   +1.473941e+002
+2.775114e+003	   +1.423376e+002
+2.779731e+003	   +1.371586e+002
+2.784355e+003	   +1.316076e+002
+2.788988e+003	   +1.271196e+002
+2.793628e+003	   +1.239712e+002
+2.798276e+003	   +1.204892e+002
+2.802932e+003	   +1.177420e+002
+2.807595e+003	   +1.145971e+002
+2.812266e+003	   +1.122885e+002
+2.816945e+003	   +1.092218e+002
+2.821632e+003	   +1.066927e+002
+2.826326e+003	   +1.057622e+002
+2.831029e+003	   +1.019076e+002
+2.835739e+003	   +1.015718e+002
+2.840457e+003	   +9.997424e+001
+2.845182e+003	   +9.989960e+001
+2.849916e+003	   +9.789219e+001
+2.854657e+003	   +9.757558e+001
+2.859407e+003	   +9.898476e+001
+2.864164e+003	   +1.013802e+002
+2.868929e+003	   +1.053702e+002
+2.873703e+003	   +1.097320e+002
+2.878484e+003	   +1.138043e+002
+2.883273e+003	   +1.187664e+002
+2.888070e+003	   +1.215185e+002
+2.892875e+003	   +1.231093e+002
+2.897688e+003	   +1.237116e+002
+2.902509e+003	   +1.283226e+002
+2.907338e+003	   +1.317056e+002
+2.912175e+003	   +1.393091e+002
+2.917020e+003	   +1.446272e+002
+2.921873e+003	   +1.515286e+002
+2.926735e+003	   +1.543472e+002
+2.931604e+003	   +1.588199e+002
+2.936481e+003	   +1.611756e+002
+2.941367e+003	   +1.628782e+002
+2.946261e+003	   +1.666651e+002
+2.951163e+003	   +1.659631e+002
+2.956073e+003	   +1.657208e+002
+2.960991e+003	   +1.636555e+002
+2.965917e+003	   +1.597356e+002
+2.970852e+003	   +1.572364e+002
+2.975794e+003	   +1.531718e+002
+2.980745e+003	   +1.496902e+002
+2.985704e+003	   +1.465330e+002
+2.990672e+003	   +1.439852e+002
+2.995648e+003	   +1.390166e+002
+3.000632e+003	   +1.352267e+002
+3.005624e+003	   +1.322810e+002
+3.010625e+003	   +1.289312e+002
+3.015634e+003	   +1.256740e+002
+3.020651e+003	   +1.233537e+002
+3.025676e+003	   +1.224347e+002
+3.030710e+003	   +1.207449e+002
+3.035753e+003	   +1.193227e+002
+3.040803e+003	   +1.181463e+002
+3.045863e+003	   +1.175062e+002
+3.050930e+003	   +1.153575e+002
+3.056006e+003	   +1.139523e+002
+3.061090e+003	   +1.125813e+002
+3.066183e+003	   +1.084840e+002
+3.071285e+003	   +1.067371e+002
+3.076395e+003	   +1.013969e+002
+3.081513e+003	   +1.030734e+002
+3.086640e+003	   +9.866940e+001
+3.091775e+003	   +9.698037e+001
+3.096919e+003	   +9.368796e+001
+3.102072e+003	   +9.254621e+001
+3.107232e+003	   +8.978680e+001
+3.112402e+003	   +8.674468e+001
+3.117580e+003	   +8.590940e+001
+3.122767e+003	   +8.438982e+001
+3.127963e+003	   +8.280401e+001
+3.133167e+003	   +8.352934e+001
+3.138380e+003	   +8.479575e+001
+3.143601e+003	   +8.697752e+001
+3.148831e+003	   +9.039915e+001
+3.154070e+003	   +9.811374e+001
+3.159318e+003	   +1.052941e+002
+3.164574e+003	   +1.105841e+002
+3.169839e+003	   +1.145581e+002
+3.175113e+003	   +1.141299e+002
+3.180396e+003	   +1.122869e+002
+3.185687e+003	   +1.101830e+002
+3.190987e+003	   +1.066094e+002
+3.196296e+003	   +1.039565e+002
+3.201614e+003	   +1.016612e+002
+3.206940e+003	   +1.013084e+002
+3.212276e+003	   +1.007924e+002
+3.217621e+003	   +1.011681e+002
+3.222974e+003	   +1.015875e+002
+3.228336e+003	   +1.020183e+002
+3.233707e+003	   +1.005358e+002
+3.239087e+003	   +9.996862e+001
+3.244476e+003	   +9.807471e+001
+3.249874e+003	   +9.633836e+001
+3.255281e+003	   +9.560352e+001
+3.260697e+003	   +9.381546e+001
+3.266122e+003	   +9.409837e+001
+3.271556e+003	   +9.450274e+001
+3.276999e+003	   +9.493950e+001
+3.282451e+003	   +9.553288e+001
+3.287912e+003	   +9.620184e+001
+3.293383e+003	   +9.537555e+001
+3.298862e+003	   +9.495139e+001
+3.304351e+003	   +9.302503e+001
+3.309848e+003	   +9.148493e+001
+3.315355e+003	   +8.861582e+001
+3.320871e+003	   +8.537048e+001
+3.326396e+003	   +8.299506e+001
+3.331930e+003	   +8.060941e+001
+3.337474e+003	   +7.871632e+001
+3.343026e+003	   +7.646442e+001
+3.348588e+003	   +7.411830e+001
+3.354159e+003	   +7.263853e+001
+3.359740e+003	   +7.060394e+001
+3.365330e+003	   +6.871029e+001
+3.370929e+003	   +6.672485e+001
+3.376537e+003	   +6.447737e+001
+3.382155e+003	   +6.245364e+001
+3.387782e+003	   +5.994009e+001
+3.393418e+003	   +5.829316e+001
+3.399064e+003	   +5.642538e+001
+3.404719e+003	   +5.490190e+001
+3.410384e+003	   +5.375752e+001
+3.416058e+003	   +5.253081e+001
+3.421741e+003	   +5.154988e+001
+3.427434e+003	   +5.068130e+001
+3.433137e+003	   +5.036069e+001
+3.438849e+003	   +4.988852e+001
+3.444570e+003	   +4.946280e+001
+3.450301e+003	   +5.061413e+001
+3.456041e+003	   +5.149118e+001
+3.461791e+003	   +5.158725e+001
+3.467551e+003	   +5.340316e+001
+3.473320e+003	   +5.456730e+001
+3.479099e+003	   +5.622250e+001
+3.484887e+003	   +5.745172e+001
+3.490685e+003	   +5.883005e+001
+3.496492e+003	   +5.855332e+001
+3.502310e+003	   +5.900724e+001
+3.508137e+003	   +5.858628e+001
+3.513973e+003	   +5.787888e+001
+3.519820e+003	   +5.620860e+001
+3.525676e+003	   +5.557321e+001
+3.531542e+003	   +5.439664e+001
+3.537417e+003	   +5.298543e+001
+3.543303e+003	   +5.111666e+001
+3.549198e+003	   +4.927932e+001
+3.555103e+003	   +4.640544e+001
+3.561018e+003	   +4.365960e+001
+3.566942e+003	   +4.128555e+001
+3.572877e+003	   +3.911842e+001
+3.578821e+003	   +3.697833e+001
+3.584775e+003	   +3.583279e+001
+3.590740e+003	   +3.456414e+001
+3.596714e+003	   +3.328475e+001
+3.602698e+003	   +3.323993e+001
+3.608691e+003	   +3.248173e+001
+3.614696e+003	   +3.235121e+001
+3.620709e+003	   +3.191795e+001
+3.626733e+003	   +3.100784e+001
+3.632767e+003	   +3.023000e+001
+3.638811e+003	   +2.903503e+001
+3.644865e+003	   +2.786679e+001
+3.650929e+003	   +2.752185e+001
+3.657004e+003	   +2.673848e+001
+3.663088e+003	   +2.562234e+001
+3.669183e+003	   +2.488785e+001
+3.675287e+003	   +2.376473e+001
+3.681402e+003	   +2.301015e+001
+3.687527e+003	   +2.176275e+001
+3.693662e+003	   +2.129679e+001
+3.699807e+003	   +2.052908e+001
+3.705963e+003	   +2.069151e+001
+3.712128e+003	   +2.129464e+001
+3.718305e+003	   +2.146145e+001
+3.724491e+003	   +2.244957e+001
+3.730688e+003	   +2.283156e+001
+3.736895e+003	   +2.293073e+001
+3.743112e+003	   +2.246791e+001
+3.749339e+003	   +2.187049e+001
+3.755577e+003	   +2.117403e+001
+3.761825e+003	   +2.013844e+001
+3.768084e+003	   +1.950356e+001
+3.774354e+003	   +1.928422e+001
+3.780633e+003	   +1.911811e+001
+3.786923e+003	   +1.799658e+001
+3.793223e+003	   +1.731376e+001
+3.799534e+003	   +1.657498e+001
+3.805856e+003	   +1.455539e+001
+3.812188e+003	   +1.214463e+001
+3.818530e+003	   +1.041173e+001
+3.824884e+003	   +8.027114e+000
+3.831247e+003	   +5.411808e+000
+3.837621e+003	   +3.461521e+000
+3.844006e+003	   +1.226461e+000
+3.850402e+003	   -9.635956e-001
+3.856808e+003	   -1.911511e+000
+3.863224e+003	   -2.219263e+000
+3.869652e+003	   -3.027709e+000
+3.876090e+003	   -2.899073e+000
+3.882539e+003	   -3.180614e+000
+3.888998e+003	   -3.093220e+000
+3.895469e+003	   -4.142299e+000
+3.901950e+003	   -3.556541e+000
+3.908442e+003	   -4.001665e+000
+3.914944e+003	   -4.048354e+000
+3.921458e+003	   -3.236031e+000
+3.927982e+003	   -2.989311e+000
+3.934517e+003	   -3.105747e+000
+3.941063e+003	   -3.179753e+000
+3.947620e+003	   -4.051484e+000
+3.954188e+003	   -4.103923e+000
+3.960767e+003	   -4.392624e+000
+3.967356e+003	   -6.141613e+000
+3.973957e+003	   -7.056285e+000
+3.980569e+003	   -8.386829e+000
+3.987192e+003	   -9.782242e+000
+3.993825e+003	   -1.145170e+001
+4.000470e+003	   -1.467222e+001
+4.007126e+003	   -1.638420e+001
+4.013792e+003	   -1.794197e+001
+4.020470e+003	   -2.022192e+001
+4.027159e+003	   -2.255179e+001
+4.033860e+003	   -2.285792e+001
+4.040571e+003	   -2.394762e+001
+4.047293e+003	   -2.366635e+001
+4.054027e+003	   -2.227643e+001
+4.060772e+003	   -2.089183e+001
+4.067528e+003	   -1.883466e+001
+4.074295e+003	   -1.639331e+001
+4.081074e+003	   -1.452470e+001
+4.087864e+003	   -1.146043e+001
+4.094665e+003	   -9.222096e+000
+4.101478e+003	   -5.735498e+000
+4.108301e+003	   -2.895838e+000
+4.115137e+003	   +5.630188e-001
+4.121983e+003	   +3.274166e+000
+4.128841e+003	   +5.554239e+000
+4.135710e+003	   +7.224571e+000
+4.142591e+003	   +9.065762e+000
+4.149483e+003	   +9.868517e+000
+4.156387e+003	   +1.084131e+001
+4.163302e+003	   +1.240510e+001
+4.170229e+003	   +1.262749e+001
+4.177167e+003	   +1.300006e+001
+4.184117e+003	   +1.427207e+001
+4.191078e+003	   +1.374776e+001
+4.198051e+003	   +1.498031e+001
+4.205036e+003	   +1.465189e+001
+4.212032e+003	   +1.424962e+001
+4.219040e+003	   +1.456774e+001
+4.226059e+003	   +1.463311e+001
+4.233090e+003	   +1.346165e+001
+4.240133e+003	   +1.274602e+001
+4.247188e+003	   +1.128548e+001
+4.254253e+003	   +8.920901e+000
+4.261332e+003	   +6.608047e+000
+4.268421e+003	   +3.488300e+000
+4.275523e+003	   +5.682439e-001
+4.282636e+003	   -2.954021e+000
+4.289762e+003	   -4.993412e+000
+4.296898e+003	   -7.673544e+000
+4.304047e+003	   -9.192309e+000
+4.311208e+003	   -9.434661e+000
+4.318381e+003	   -9.520532e+000
+4.325566e+003	   -9.467463e+000
+4.332763e+003	   -9.244715e+000
+4.339971e+003	   -8.775245e+000
+4.347192e+003	   -8.172362e+000
+4.354424e+003	   -8.144516e+000
+4.361669e+003	   -7.409620e+000
+4.368926e+003	   -7.218402e+000
+4.376194e+003	   -7.621363e+000
+4.383476e+003	   -7.235848e+000
+4.390769e+003	   -7.122837e+000
+4.398074e+003	   -7.319812e+000
+4.405391e+003	   -7.588650e+000
+4.412720e+003	   -8.059523e+000
+4.420062e+003	   -9.823118e+000
+4.427416e+003	   -1.104567e+001
+4.434782e+003	   -1.321364e+001
+4.442160e+003	   -1.543571e+001
+4.449551e+003	   -1.840163e+001
+4.456954e+003	   -2.047993e+001
+4.464369e+003	   -2.229529e+001
+4.471796e+003	   -2.407273e+001
+4.479236e+003	   -2.468349e+001
+4.486689e+003	   -2.471262e+001
+4.494153e+003	   -2.515536e+001
+4.501631e+003	   -2.477725e+001
+4.509120e+003	   -2.546788e+001
+4.516622e+003	   -2.663082e+001
+4.524137e+003	   -2.820678e+001
+4.531664e+003	   -3.059728e+001
+4.539203e+003	   -3.327423e+001
+4.546755e+003	   -3.596808e+001
+4.554320e+003	   -3.828565e+001
+4.561897e+003	   -4.090868e+001
+4.569487e+003	   -4.286131e+001
+4.577090e+003	   -4.428044e+001
+4.584705e+003	   -4.514533e+001
+4.592333e+003	   -4.504017e+001
+4.599973e+003	   -4.461489e+001
+4.607626e+003	   -4.362305e+001
+4.615292e+003	   -4.279181e+001
+4.622971e+003	   -4.318921e+001
+4.630662e+003	   -4.381995e+001
+4.638367e+003	   -4.538081e+001
+4.646083e+003	   -4.784954e+001
+4.653813e+003	   -5.080954e+001
+4.661556e+003	   -5.380754e+001
+4.669312e+003	   -5.733843e+001
+4.677081e+003	   -6.091555e+001
+4.684862e+003	   -6.462411e+001
+4.692656e+003	   -6.857603e+001
+4.700464e+003	   -7.201904e+001
+4.708284e+003	   -7.577097e+001
+4.716118e+003	   -7.895322e+001
+4.723964e+003	   -8.286144e+001
+4.731823e+003	   -8.670129e+001
+4.739696e+003	   -9.033389e+001
+4.747582e+003	   -9.413853e+001
+4.755480e+003	   -9.745123e+001
+4.763392e+003	   -1.003980e+002
+4.771317e+003	   -1.027863e+002
+4.779256e+003	   -1.046535e+002
+4.787207e+003	   -1.060770e+002
+4.795172e+003	   -1.076638e+002
+4.803150e+003	   -1.087991e+002
+4.811141e+003	   -1.097000e+002
+4.819146e+003	   -1.112744e+002
+4.827164e+003	   -1.126380e+002
+4.835194e+003	   -1.138858e+002
+4.843239e+003	   -1.153570e+002
+4.851297e+003	   -1.164825e+002
+4.859368e+003	   -1.173737e+002
+4.867453e+003	   -1.177668e+002
+4.875551e+003	   -1.176979e+002
+4.883663e+003	   -1.173914e+002
+4.891788e+003	   -1.166825e+002
+4.899927e+003	   -1.159817e+002
+4.908079e+003	   -1.150428e+002
+4.916245e+003	   -1.136497e+002
+4.924424e+003	   -1.137364e+002
+4.932617e+003	   -1.138170e+002
+4.940824e+003	   -1.145447e+002
+4.949044e+003	   -1.153979e+002
+4.957278e+003	   -1.163530e+002
+4.965526e+003	   -1.176918e+002
+4.973787e+003	   -1.188950e+002
+4.982063e+003	   -1.202577e+002
+4.990351e+003	   -1.216971e+002
+4.998654e+003	   -1.233495e+002
+5.006970e+003	   -1.251848e+002
+5.015301e+003	   -1.266197e+002
+5.023645e+003	   -1.283821e+002
+5.032003e+003	   -1.292348e+002
+5.040375e+003	   -1.309467e+002
+5.048761e+003	   -1.322642e+002
+5.057161e+003	   -1.330602e+002
+5.065575e+003	   -1.341805e+002
+5.074002e+003	   -1.351332e+002
+5.082444e+003	   -1.357749e+002
+5.090900e+003	   -1.370008e+002
+5.099370e+003	   -1.378344e+002
+5.107854e+003	   -1.386379e+002
+5.116353e+003	   -1.394688e+002
+5.124865e+003	   -1.402102e+002
+5.133391e+003	   -1.410394e+002
+5.141932e+003	   -1.418064e+002
+5.150487e+003	   -1.430250e+002
+5.159056e+003	   -1.438845e+002
+5.167639e+003	   -1.457157e+002
+5.176237e+003	   -1.474272e+002
+5.184849e+003	   -1.476766e+002
+5.193475e+003	   -1.492042e+002
+5.202116e+003	   -1.499478e+002
+5.210771e+003	   -1.495999e+002
+5.219440e+003	   -1.498628e+002
+5.228124e+003	   -1.497598e+002
+5.236822e+003	   -1.492277e+002
+5.245535e+003	   -1.481808e+002
+5.254262e+003	   -1.465668e+002
+5.263004e+003	   -1.452793e+002
+5.271760e+003	   -1.431946e+002
+5.280531e+003	   -1.418850e+002
+5.289316e+003	   -1.415870e+002
+5.298117e+003	   -1.396649e+002
+5.306931e+003	   -1.389844e+002
+5.315761e+003	   -1.381358e+002
+5.324605e+003	   -1.375377e+002
+5.333463e+003	   -1.371777e+002
+5.342337e+003	   -1.375138e+002
+5.351226e+003	   -1.376859e+002
+5.360128e+003	   -1.391544e+002
+5.369046e+003	   -1.402389e+002
+5.377979e+003	   -1.427363e+002
+5.386927e+003	   -1.454689e+002
+5.395889e+003	   -1.485553e+002
+5.404867e+003	   -1.529529e+002
+5.413859e+003	   -1.572831e+002
+5.422866e+003	   -1.616863e+002
+5.431889e+003	   -1.657609e+002
+5.440926e+003	   -1.664155e+002
+5.449978e+003	   -1.659921e+002
+5.459045e+003	   -1.652964e+002
+5.468128e+003	   -1.646286e+002
+5.477226e+003	   -1.633459e+002
+5.486338e+003	   -1.627641e+002
+5.495466e+003	   -1.611072e+002
+5.504609e+003	   -1.597706e+002
+5.513768e+003	   -1.578241e+002
+5.522941e+003	   -1.557212e+002
+5.532130e+003	   -1.514476e+002
+5.541334e+003	   -1.470487e+002
+5.550553e+003	   -1.427977e+002
+5.559788e+003	   -1.390905e+002
+5.569038e+003	   -1.359153e+002
+5.578304e+003	   -1.317377e+002
+5.587584e+003	   -1.281676e+002
+5.596881e+003	   -1.271212e+002
+5.606192e+003	   -1.270741e+002
+5.615520e+003	   -1.272239e+002
+5.624863e+003	   -1.269724e+002
+5.634221e+003	   -1.293549e+002
+5.643595e+003	   -1.311569e+002
+5.652984e+003	   -1.331823e+002
+5.662390e+003	   -1.344775e+002
+5.671810e+003	   -1.356051e+002
+5.681247e+003	   -1.361062e+002
+5.690699e+003	   -1.374921e+002
+5.700167e+003	   -1.382810e+002
+5.709650e+003	   -1.400542e+002
+5.719150e+003	   -1.408800e+002
+5.728665e+003	   -1.418734e+002
+5.738196e+003	   -1.434049e+002
+5.747743e+003	   -1.438835e+002
+5.757306e+003	   -1.458231e+002
+5.766884e+003	   -1.466015e+002
+5.776479e+003	   -1.472905e+002
+5.786090e+003	   -1.489533e+002
+5.795716e+003	   -1.497854e+002
+5.805359e+003	   -1.507178e+002
+5.815018e+003	   -1.498301e+002
+5.824692e+003	   -1.496482e+002
+5.834383e+003	   -1.480078e+002
+5.844090e+003	   -1.456895e+002
+5.853813e+003	   -1.439317e+002
+5.863552e+003	   -1.423746e+002
+5.873308e+003	   -1.425521e+002
+5.883080e+003	   -1.446015e+002
+5.892868e+003	   -1.452235e+002
+5.902672e+003	   -1.459270e+002
+5.912492e+003	   -1.479526e+002
+5.922329e+003	   -1.493213e+002
+5.932183e+003	   -1.506474e+002
+5.942052e+003	   -1.498007e+002
+5.951938e+003	   -1.489306e+002
+5.961841e+003	   -1.479151e+002
+5.971760e+003	   -1.478337e+002
+5.981695e+003	   -1.478607e+002
+5.991647e+003	   -1.492545e+002
+6.001616e+003	   -1.505444e+002
+6.011601e+003	   -1.530287e+002
+6.021603e+003	   -1.556626e+002
+6.031621e+003	   -1.587938e+002
+6.041656e+003	   -1.609989e+002
+6.051708e+003	   -1.643502e+002
+6.061776e+003	   -1.653484e+002
+6.071862e+003	   -1.662375e+002
+6.081964e+003	   -1.671201e+002
+6.092083e+003	   -1.674603e+002
+6.102218e+003	   -1.677220e+002
+6.112371e+003	   -1.672506e+002
+6.122541e+003	   -1.673107e+002
+6.132727e+003	   -1.670358e+002
+6.142930e+003	   -1.681375e+002
+6.153150e+003	   -1.688094e+002
+6.163388e+003	   -1.708723e+002
+6.173642e+003	   -1.726863e+002
+6.183913e+003	   -1.747944e+002
+6.194202e+003	   -1.762278e+002
+6.204507e+003	   -1.786035e+002
+6.214830e+003	   -1.793960e+002
+6.225170e+003	   +1.781445e+002
+6.235527e+003	   +1.767011e+002
+6.245901e+003	   +1.749263e+002
+6.256293e+003	   +1.748072e+002
+6.266702e+003	   +1.751613e+002
+6.277128e+003	   +1.731451e+002
+6.287572e+003	   +1.727583e+002
+6.298033e+003	   +1.734977e+002
+6.308511e+003	   +1.738226e+002
+6.319007e+003	   +1.749112e+002
+6.329520e+003	   +1.751168e+002
+6.340051e+003	   +1.760338e+002
+6.350599e+003	   +1.750423e+002
+6.361165e+003	   +1.756897e+002
+6.371748e+003	   +1.754710e+002
+6.382349e+003	   +1.750656e+002
+6.392968e+003	   +1.741754e+002
+6.403604e+003	   +1.730819e+002
+6.414258e+003	   +1.740129e+002
+6.424930e+003	   +1.718065e+002
+6.435619e+003	   +1.722399e+002
+6.446326e+003	   +1.728324e+002
+6.457051e+003	   +1.719739e+002
+6.467794e+003	   +1.723695e+002
+6.478555e+003	   +1.709008e+002
+6.489333e+003	   +1.702808e+002
+6.500130e+003	   +1.692081e+002
+6.510945e+003	   +1.695960e+002
+6.521777e+003	   +1.694167e+002
+6.532628e+003	   +1.689873e+002
+6.543497e+003	   +1.698206e+002
+6.554383e+003	   +1.696863e+002
+6.565288e+003	   +1.695015e+002
+6.576211e+003	   +1.698808e+002
+6.587152e+003	   +1.706261e+002
+6.598112e+003	   +1.702714e+002
+6.609089e+003	   +1.697255e+002
+6.620085e+003	   +1.709123e+002
+6.631099e+003	   +1.709863e+002
+6.642132e+003	   +1.704196e+002
+6.653183e+003	   +1.706261e+002
+6.664252e+003	   +1.703174e+002
+6.675339e+003	   +1.690390e+002
+6.686445e+003	   +1.697728e+002
+6.697570e+003	   +1.691444e+002
+6.708713e+003	   +1.693519e+002
+6.719875e+003	   +1.687981e+002
+6.731055e+003	   +1.689135e+002
+6.742253e+003	   +1.668922e+002
+6.753471e+003	   +1.690437e+002
+6.764707e+003	   +1.679936e+002
+6.775962e+003	   +1.678721e+002
+6.787235e+003	   +1.668260e+002
+6.798527e+003	   +1.661222e+002
+6.809838e+003	   +1.660295e+002
+6.821168e+003	   +1.665474e+002
+6.832517e+003	   +1.658801e+002
+6.843885e+003	   +1.663272e+002
+6.855271e+003	   +1.649682e+002
+6.866677e+003	   +1.633706e+002
+6.878101e+003	   +1.609216e+002
+6.889544e+003	   +1.596410e+002
+6.901007e+003	   +1.587417e+002
+6.912488e+003	   +1.585776e+002
+6.923989e+003	   +1.581589e+002
+6.935509e+003	   +1.593771e+002
+6.947048e+003	   +1.599427e+002
+6.958606e+003	   +1.598213e+002
+6.970183e+003	   +1.616397e+002
+6.981780e+003	   +1.619051e+002
+6.993396e+003	   +1.644189e+002
+7.005031e+003	   +1.659394e+002
+7.016686e+003	   +1.663712e+002
+7.028359e+003	   +1.661008e+002
+7.040053e+003	   +1.667507e+002
+7.051766e+003	   +1.645276e+002
+7.063498e+003	   +1.647936e+002
+7.075250e+003	   +1.619812e+002
+7.087021e+003	   +1.627552e+002
+7.098813e+003	   +1.612210e+002
+7.110623e+003	   +1.593099e+002
+7.122454e+003	   +1.601344e+002
+7.134303e+003	   +1.595841e+002
+7.146173e+003	   +1.590491e+002
+7.158063e+003	   +1.588950e+002
+7.169972e+003	   +1.586188e+002
+7.181901e+003	   +1.587808e+002
+7.193850e+003	   +1.578143e+002
+7.205818e+003	   +1.572523e+002
+7.217807e+003	   +1.566665e+002
+7.229815e+003	   +1.556761e+002
+7.241844e+003	   +1.546772e+002
+7.253893e+003	   +1.544686e+002
+7.265961e+003	   +1.533828e+002
+7.278050e+003	   +1.523468e+002
+7.290159e+003	   +1.505840e+002
+7.302288e+003	   +1.494296e+002
+7.314437e+003	   +1.485594e+002
+7.326606e+003	   +1.470353e+002
+7.338796e+003	   +1.475172e+002
+7.351006e+003	   +1.452637e+002
+7.363236e+003	   +1.439168e+002
+7.375487e+003	   +1.432874e+002
+7.387758e+003	   +1.419168e+002
+7.400049e+003	   +1.408009e+002
+7.412361e+003	   +1.398151e+002
+7.424693e+003	   +1.382100e+002
+7.437046e+003	   +1.374291e+002
+7.449419e+003	   +1.362188e+002
+7.461813e+003	   +1.344061e+002
+7.474228e+003	   +1.321900e+002
+7.486663e+003	   +1.304800e+002
+7.499119e+003	   +1.289588e+002
+7.511596e+003	   +1.267979e+002
+7.524093e+003	   +1.250791e+002
+7.536611e+003	   +1.231488e+002
+7.549150e+003	   +1.213513e+002
+7.561710e+003	   +1.197933e+002
+7.574291e+003	   +1.171010e+002
+7.586893e+003	   +1.149538e+002
+7.599515e+003	   +1.124718e+002
+7.612159e+003	   +1.093200e+002
+7.624824e+003	   +1.059323e+002
+7.637509e+003	   +1.019431e+002
+7.650216e+003	   +9.786449e+001
+7.662944e+003	   +9.373084e+001
+7.675693e+003	   +8.999534e+001
+7.688464e+003	   +8.573285e+001
+7.701255e+003	   +8.168587e+001
+7.714068e+003	   +7.742896e+001
+7.726903e+003	   +7.272578e+001
+7.739758e+003	   +6.754721e+001
+7.752635e+003	   +6.316295e+001
+7.765534e+003	   +5.830905e+001
+7.778454e+003	   +5.314549e+001
+7.791395e+003	   +4.779514e+001
+7.804358e+003	   +4.212246e+001
+7.817342e+003	   +3.661871e+001
+7.830349e+003	   +3.146296e+001
+7.843376e+003	   +2.610919e+001
+7.856426e+003	   +2.219499e+001
+7.869497e+003	   +1.897061e+001
+7.882589e+003	   +1.361773e+001
+7.895704e+003	   +1.060702e+001
+7.908841e+003	   +7.923786e+000
+7.921999e+003	   +5.349708e+000
+7.935179e+003	   +3.384249e+000
+7.948381e+003	   +9.644159e-001
+7.961605e+003	   -6.298105e-001
+7.974852e+003	   -2.570238e+000
+7.988120e+003	   -3.300933e+000
+8.001410e+003	   -5.624732e+000
+8.014722e+003	   -5.613726e+000
+8.028057e+003	   -6.383170e+000
+8.041413e+003	   -5.717435e+000
+8.054792e+003	   -4.859417e+000
+8.068193e+003	   -5.005496e+000
+8.081617e+003	   -3.325214e+000
+8.095063e+003	   -3.767265e+000
+8.108531e+003	   -1.975989e+000
+8.122021e+003	   -2.598886e+000
+8.135534e+003	   -3.909191e+000
+8.149070e+003	   -3.889544e+000
+8.162627e+003	   -3.709119e+000
+8.176208e+003	   -4.590270e+000
+8.189811e+003	   -5.437218e+000
+8.203438e+003	   -4.312465e+000
+8.217086e+003	   -3.589932e+000
+8.230757e+003	   -4.714585e+000
+8.244450e+003	   -2.847505e+000
+8.258167e+003	   -1.188190e+000
+8.271906e+003	   +1.587175e+000
+8.285669e+003	   +2.453915e+000
+8.299454e+003	   +6.090948e+000
+8.313263e+003	   +4.116249e+000
+8.327094e+003	   +4.200542e+000
+8.340948e+003	   +1.658556e+000
+8.354825e+003	   +2.544191e+000
+8.368726e+003	   +3.540784e+000
+8.382648e+003	   +4.210993e+000
+8.396596e+003	   +3.633251e+000
+8.410565e+003	   +3.400957e+000
+8.424559e+003	   +4.311737e+000
+8.438574e+003	   +1.697928e+000
+8.452614e+003	   -1.190263e+000
+8.466678e+003	   -5.108232e+000
+8.480764e+003	   -9.002962e+000
+8.494874e+003	   -1.380143e+001
+8.509007e+003	   -1.810860e+001
+8.523164e+003	   -2.396676e+001
+8.537344e+003	   -2.918156e+001
+8.551548e+003	   -3.566974e+001
+8.565775e+003	   -4.121007e+001
+8.580027e+003	   -4.751328e+001
+8.594302e+003	   -5.420187e+001
+8.608601e+003	   -6.415681e+001
+8.622923e+003	   -7.132565e+001
+8.637270e+003	   -8.301469e+001
+8.651640e+003	   -9.469490e+001
+8.666034e+003	   -1.122982e+002
+8.680452e+003	   -1.571425e+002
+8.694895e+003	   +1.179899e+002
+8.709360e+003	   +1.022619e+002
+8.723851e+003	   +8.948384e+001
+8.738364e+003	   +7.879231e+001
+8.752903e+003	   +7.689230e+001
+8.767466e+003	   +7.006911e+001
+8.782053e+003	   +6.263100e+001
+8.796664e+003	   +6.158681e+001
+8.811299e+003	   +5.316081e+001
+8.825959e+003	   +5.056605e+001
+8.840643e+003	   +4.563187e+001
+8.855352e+003	   +4.125127e+001
+8.870085e+003	   +3.559585e+001
+8.884842e+003	   +3.337462e+001
+8.899624e+003	   +2.864989e+001
+8.914431e+003	   +2.619387e+001
+8.929263e+003	   +2.285886e+001
+8.944118e+003	   +2.026731e+001
+8.958999e+003	   +2.043300e+001
+8.973904e+003	   +1.550069e+001
+8.988835e+003	   +1.344050e+001
+9.003790e+003	   +1.027964e+001
+9.018771e+003	   +7.667114e+000
+9.033775e+003	   +5.188164e+000
+9.048805e+003	   +2.053919e+000
+9.063860e+003	   -2.806638e+000
+9.078940e+003	   -7.194568e+000
+9.094045e+003	   -1.196009e+001
+9.109175e+003	   -1.896490e+001
+9.124331e+003	   -2.362421e+001
+9.139511e+003	   -2.786589e+001
+9.154717e+003	   -3.446616e+001
+9.169948e+003	   -3.881750e+001
+9.185204e+003	   -4.348757e+001
+9.200486e+003	   -5.053701e+001
+9.215794e+003	   -5.414800e+001
+9.231126e+003	   -5.837666e+001
+9.246484e+003	   -6.033302e+001
+9.261868e+003	   -6.811720e+001
+9.277278e+003	   -6.963929e+001
+9.292713e+003	   -7.342701e+001
+9.308174e+003	   -7.559809e+001
+9.323660e+003	   -8.299532e+001
+9.339172e+003	   -8.748390e+001
+9.354710e+003	   -9.185815e+001
+9.370274e+003	   -9.634675e+001
+9.385864e+003	   -1.024241e+002
+9.401479e+003	   -1.069830e+002
+9.417121e+003	   -1.093511e+002
+9.432789e+003	   -1.178131e+002
+9.448482e+003	   -1.141255e+002
+9.464203e+003	   -1.256177e+002
+9.479949e+003	   -1.230376e+002
+9.495721e+003	   -1.268281e+002
+9.511520e+003	   -1.246360e+002
+9.527345e+003	   -1.173590e+002
+9.543195e+003	   -8.517858e+001
+9.559073e+003	   -5.729885e+001
+9.574977e+003	   -1.758413e+001
+9.590907e+003	   -6.411967e+000
+9.606864e+003	   -5.177176e+000
+9.622848e+003	   -4.896887e-001
+9.638857e+003	   -8.216549e-001
+9.654894e+003	   -9.016450e+000
+9.670957e+003	   -1.486084e+001
+9.687047e+003	   -1.793727e+001
+9.703164e+003	   -2.892090e+001
+9.719308e+003	   -3.243943e+001
+9.735479e+003	   -3.747508e+001
+9.751676e+003	   -4.209414e+001
+9.767899e+003	   -4.697440e+001
+9.784151e+003	   -4.950279e+001
+9.800430e+003	   -5.803103e+001
+9.816734e+003	   -6.220642e+001
+9.833067e+003	   -6.518375e+001
+9.849427e+003	   -6.562939e+001
+9.865814e+003	   -7.412027e+001
+9.882229e+003	   -7.543579e+001
+9.898670e+003	   -8.059807e+001
+9.915139e+003	   -8.636272e+001
+9.931635e+003	   -9.302399e+001
+9.948159e+003	   -1.027462e+002
+9.964710e+003	   -1.095524e+002
+9.981289e+003	   -1.187457e+002
+9.997895e+003	   -1.216262e+002
+1.001453e+004	   -1.242066e+002
+1.003119e+004	   -1.269366e+002
+1.004788e+004	   -1.289895e+002
+1.006460e+004	   -1.250308e+002
+1.008134e+004	   -1.205340e+002
+1.009812e+004	   -9.929087e+001
+1.011492e+004	   -9.722873e+001
+1.013174e+004	   -9.559415e+001
+1.014860e+004	   -9.168879e+001
+1.016549e+004	   -9.660307e+001
+1.018240e+004	   -9.238316e+001
+1.019934e+004	   -1.061021e+002
+1.021631e+004	   -1.136400e+002
+1.023331e+004	   -1.092375e+002
+1.025033e+004	   -1.114894e+002
+1.026739e+004	   -1.186196e+002
+1.028447e+004	   -1.128903e+002
+1.030158e+004	   -1.205285e+002
+1.031872e+004	   -1.203593e+002
+1.033589e+004	   -1.252109e+002
+1.035308e+004	   -1.361783e+002
+1.037031e+004	   -1.283787e+002
+1.038756e+004	   -1.368585e+002
+1.040484e+004	   -1.433453e+002
+1.042215e+004	   -1.397920e+002
+1.043949e+004	   -1.506507e+002
+1.045686e+004	   -1.627889e+002
+1.047426e+004	   -1.588978e+002
+1.049169e+004	   -1.605245e+002
+1.050914e+004	   -1.674832e+002
+1.052663e+004	   -1.682513e+002
+1.054414e+004	   -1.758758e+002
+1.056168e+004	   -1.793444e+002
+1.057925e+004	   +1.773513e+002
+1.059686e+004	   +1.581115e+002
+1.061449e+004	   +1.669433e+002
+1.063215e+004	   +1.629829e+002
+1.064983e+004	   +1.556248e+002
+1.066755e+004	   +1.405325e+002
+1.068530e+004	   +1.312617e+002
+1.070308e+004	   +1.236636e+002
+1.072089e+004	   +1.099252e+002
+1.073872e+004	   +1.002798e+002
+1.075659e+004	   +8.858665e+001
+1.077449e+004	   +7.774572e+001
+1.079241e+004	   +7.012088e+001
+1.081037e+004	   +5.942188e+001
+1.082835e+004	   +5.019204e+001
+1.084637e+004	   +4.332677e+001
+1.086442e+004	   +3.126280e+001
+1.088249e+004	   +2.328136e+001
+1.090060e+004	   +1.159460e+001
+1.091873e+004	   +6.050353e+000
+1.093690e+004	   -6.061948e+000
+1.095509e+004	   -1.013556e+001
+1.097332e+004	   -1.768663e+001
+1.099158e+004	   -2.040567e+001
+1.100987e+004	   -1.847271e+001
+1.102818e+004	   -1.706909e+001
+1.104653e+004	   -8.520282e+000
+1.106491e+004	   -1.450506e+001
+1.108332e+004	   -2.090058e+001
+1.110176e+004	   -1.748383e+001
+1.112023e+004	   -2.255984e+001
+1.113873e+004	   -2.996095e+001
+1.115726e+004	   -3.535346e+001
+1.117583e+004	   -3.701224e+001
+1.119442e+004	   -4.030666e+001
+1.121304e+004	   -4.428724e+001
+1.123170e+004	   -4.972986e+001
+1.125039e+004	   -5.143425e+001
+1.126910e+004	   -5.764676e+001
+1.128785e+004	   -6.255550e+001
+1.130663e+004	   -6.671295e+001
+1.132544e+004	   -7.058601e+001
+1.134429e+004	   -7.778380e+001
+1.136316e+004	   -8.539373e+001
+1.138207e+004	   -9.362975e+001
+1.140100e+004	   -1.016171e+002
+1.141997e+004	   -1.100399e+002
+1.143897e+004	   -1.165763e+002
+1.145800e+004	   -1.282869e+002
+1.147707e+004	   -1.338551e+002
+1.149616e+004	   -1.416159e+002
+1.151529e+004	   -1.486423e+002
+1.153445e+004	   -1.533586e+002
+1.155364e+004	   -1.565556e+002
+1.157286e+004	   -1.596394e+002
+1.159211e+004	   -1.463488e+002
+1.161140e+004	   -1.501494e+002
+1.163072e+004	   -1.130092e+002
+1.165007e+004	   -7.736497e+001
+1.166945e+004	   -6.963232e+001
+1.168887e+004	   -6.540551e+001
+1.170831e+004	   -6.723608e+001
+1.172779e+004	   -7.478602e+001
+1.174731e+004	   -7.985258e+001
+1.176685e+004	   -8.373392e+001
+1.178643e+004	   -8.921425e+001
+1.180604e+004	   -9.725739e+001
+1.182568e+004	   -9.149610e+001
+1.184535e+004	   -1.044855e+002
+1.186506e+004	   -1.068327e+002
+1.188480e+004	   -1.090498e+002
+1.190458e+004	   -1.110201e+002
+1.192438e+004	   -1.140158e+002
+1.194422e+004	   -1.132435e+002
+1.196409e+004	   -1.155537e+002
+1.198400e+004	   -1.161914e+002
+1.200394e+004	   -1.189412e+002
+1.202391e+004	   -1.215392e+002
+1.204391e+004	   -1.234752e+002
+1.206395e+004	   -1.281845e+002
+1.208402e+004	   -1.287708e+002
+1.210413e+004	   -1.275118e+002
+1.212427e+004	   -1.264681e+002
+1.214444e+004	   -1.283243e+002
+1.216464e+004	   -1.274480e+002
+1.218488e+004	   -1.327981e+002
+1.220515e+004	   -1.326936e+002
+1.222546e+004	   -1.359580e+002
+1.224580e+004	   -1.399415e+002
+1.226617e+004	   -1.433185e+002
+1.228658e+004	   -1.458086e+002
+1.230702e+004	   -1.520008e+002
+1.232750e+004	   -1.566858e+002
+1.234801e+004	   -1.578790e+002
+1.236855e+004	   -1.603322e+002
+1.238913e+004	   -1.652119e+002
+1.240974e+004	   -1.662220e+002
+1.243039e+004	   -1.681198e+002
+1.245107e+004	   -1.702466e+002
+1.247179e+004	   -1.760653e+002
+1.249254e+004	   -1.787416e+002
+1.251332e+004	   +1.775474e+002
+1.253414e+004	   +1.738976e+002
+1.255499e+004	   +1.665030e+002
+1.257588e+004	   +1.602416e+002
+1.259680e+004	   +1.536420e+002
+1.261776e+004	   +1.477586e+002
+1.263876e+004	   +1.420766e+002
+1.265978e+004	   +1.357798e+002
+1.268085e+004	   +1.315456e+002
+1.270194e+004	   +1.273407e+002
+1.272308e+004	   +1.217093e+002
+1.274424e+004	   +1.203908e+002
+1.276545e+004	   +1.197305e+002
+1.278669e+004	   +1.183649e+002
+1.280796e+004	   +1.173083e+002
+1.282927e+004	   +1.129269e+002
+1.285061e+004	   +1.139171e+002
+1.287199e+004	   +1.132339e+002
+1.289341e+004	   +1.141220e+002
+1.291486e+004	   +1.101202e+002
+1.293635e+004	   +1.101209e+002
+1.295787e+004	   +1.022831e+002
+1.297943e+004	   +9.635069e+001
+1.300102e+004	   +9.434709e+001
+1.302265e+004	   +9.447946e+001
+1.304432e+004	   +8.990087e+001
+1.306602e+004	   +8.604391e+001
+1.308776e+004	   +8.491259e+001
+1.310954e+004	   +8.416033e+001
+1.313135e+004	   +8.414860e+001
+1.315320e+004	   +8.968141e+001
+1.317508e+004	   +9.157793e+001
+1.319700e+004	   +8.590997e+001
+1.321896e+004	   +8.982466e+001
+1.324095e+004	   +8.925401e+001
+1.326298e+004	   +9.936311e+001
+1.328504e+004	   +1.025660e+002
+1.330715e+004	   +9.830994e+001
+1.332929e+004	   +1.080784e+002
+1.335146e+004	   +1.126248e+002
+1.337368e+004	   +1.206973e+002
+1.339593e+004	   +1.362606e+002
+1.341821e+004	   +1.284068e+002
+1.344054e+004	   +1.326336e+002
+1.346290e+004	   +1.302502e+002
+1.348530e+004	   +1.235275e+002
+1.350774e+004	   +1.191277e+002
+1.353021e+004	   +1.158229e+002
+1.355272e+004	   +1.130129e+002
+1.357527e+004	   +1.053798e+002
+1.359785e+004	   +9.685728e+001
+1.362048e+004	   +9.481992e+001
+1.364314e+004	   +9.115157e+001
+1.366584e+004	   +8.749950e+001
+1.368857e+004	   +8.171412e+001
+1.371135e+004	   +8.000782e+001
+1.373416e+004	   +8.083698e+001
+1.375701e+004	   +7.251084e+001
+1.377990e+004	   +7.249436e+001
+1.380282e+004	   +7.141110e+001
+1.382579e+004	   +6.833558e+001
+1.384879e+004	   +6.401547e+001
+1.387183e+004	   +5.949202e+001
+1.389491e+004	   +5.027450e+001
+1.391803e+004	   +5.031066e+001
+1.394119e+004	   +4.804357e+001
+1.396438e+004	   +5.129228e+001
+1.398761e+004	   +5.105938e+001
+1.401088e+004	   +4.169112e+001
+1.403420e+004	   +4.863364e+001
+1.405754e+004	   +6.629462e+001
+1.408093e+004	   +6.170482e+001
+1.410436e+004	   +6.002166e+001
+1.412783e+004	   +5.999937e+001
+1.415133e+004	   +5.671406e+001
+1.417488e+004	   +5.822777e+001
+1.419846e+004	   +5.348659e+001
+1.422208e+004	   +5.150875e+001
+1.424574e+004	   +4.188321e+001
+1.426945e+004	   +3.868557e+001
+1.429319e+004	   +3.760312e+001
+1.431697e+004	   +2.265301e+001
+1.434079e+004	   +1.559941e+001
+1.436465e+004	   +1.479045e+001
+1.438854e+004	   -3.828854e+000
+1.441248e+004	   -2.887110e-001
+1.443646e+004	   -1.308216e+001
+1.446048e+004	   -2.758102e+001
+1.448454e+004	   -3.457571e+001
+1.450864e+004	   -5.600687e+001
+1.453278e+004	   -6.688855e+001
+1.455696e+004	   -1.021862e+002
+1.458117e+004	   -1.282096e+002
+1.460543e+004	   -1.617222e+002
+1.462973e+004	   +1.738152e+002
+1.465407e+004	   +1.528892e+002
+1.467845e+004	   +1.321704e+002
+1.470288e+004	   +1.228553e+002
+1.472734e+004	   +1.126290e+002
+1.475184e+004	   +9.744950e+001
+1.477638e+004	   +8.822166e+001
+1.480097e+004	   +7.933369e+001
+1.482559e+004	   +5.898468e+001
+1.485026e+004	   +6.523769e+001
+1.487497e+004	   +6.367134e+001
+1.489971e+004	   +5.646215e+001
+1.492450e+004	   +6.087381e+001
+1.494933e+004	   +6.243551e+001
+1.497421e+004	   +5.869333e+001
+1.499912e+004	   +4.919953e+001
+1.502407e+004	   +6.217442e+001
+1.504907e+004	   +4.930130e+001
+1.507411e+004	   +4.295546e+001
+1.509919e+004	   +5.522828e+001
+1.512431e+004	   +5.486769e+001
+1.514947e+004	   +5.141570e+001
+1.517468e+004	   +6.120029e+001
+1.519992e+004	   +7.212840e+001
+1.522521e+004	   +8.225043e+001
+1.525054e+004	   +8.450650e+001
+1.527592e+004	   +7.562951e+001
+1.530133e+004	   +8.992018e+001
+1.532679e+004	   +7.360671e+001
+1.535229e+004	   +5.942560e+001
+1.537783e+004	   +5.490869e+001
+1.540342e+004	   +4.567473e+001
+1.542904e+004	   +3.281166e+001
+1.545471e+004	   +2.510960e+001
+1.548043e+004	   +2.428486e+001
+1.550618e+004	   +2.292287e+001
+1.553198e+004	   +1.289226e+001
+1.555782e+004	   +2.516472e+001
+1.558371e+004	   +3.711049e+001
+1.560963e+004	   +3.553114e+001
+1.563560e+004	   +2.662599e+001
+1.566162e+004	   +3.264273e+001
+1.568767e+004	   +1.250541e+001
+1.571377e+004	   +2.105591e+001
+1.573992e+004	   -9.996124e-002
+1.576611e+004	   +6.247684e+000
+1.579234e+004	   +5.634718e+000
+1.581861e+004	   -3.898583e+000
+1.584493e+004	   -2.276520e+000
+1.587129e+004	   -1.211599e+001
+1.589770e+004	   -1.050185e+001
+1.592415e+004	   -6.321076e+000
+1.595064e+004	   -1.230877e+001
+1.597718e+004	   -1.330573e+001
+1.600376e+004	   -2.578391e+001
+1.603039e+004	   -1.707283e+001
+1.605706e+004	   -3.821672e+001
+1.608377e+004	   -2.227766e+001
+1.611053e+004	   +5.291667e+000
+1.613733e+004	   -9.216906e-001
+1.616418e+004	   +1.950923e+001
+1.619108e+004	   -3.481727e+001
+1.621801e+004	   +4.627120e+001
+1.624500e+004	   +9.690306e+001
+1.627202e+004	   +4.180386e+001
+1.629910e+004	   +7.111020e+001
+1.632621e+004	   +1.409349e+001
+1.635338e+004	   +4.677377e+001
+1.638058e+004	   +3.276088e+001
+1.640784e+004	   +2.390385e+001
+1.643514e+004	   +2.623472e+001
+1.646248e+004	   +4.086740e+001
+1.648987e+004	   +3.454234e+001
+1.651730e+004	   +2.295847e+001
+1.654479e+004	   +2.122887e+000
+1.657231e+004	   +3.859661e-001
+1.659988e+004	   +1.267720e+001
+1.662750e+004	   +9.734569e+000
+1.665517e+004	   +3.127908e+001
+1.668288e+004	   +5.651750e+000
+1.671063e+004	   +2.556343e+001
+1.673843e+004	   +2.045981e+001
+1.676628e+004	   +3.125551e+001
+1.679418e+004	   +7.253107e+001
+1.682212e+004	   +5.293198e+001
+1.685011e+004	   +5.709015e+001
+1.687814e+004	   +4.257346e+001
+1.690622e+004	   +8.029539e+001
+1.693435e+004	   +2.978329e+001
+1.696252e+004	   +4.951781e+001
+1.699074e+004	   +4.231255e+001
+1.701901e+004	   +2.328312e+001
+1.704733e+004	   +2.153399e+001
+1.707569e+004	   +4.084377e+001
+1.710410e+004	   +3.059691e+001
+1.713256e+004	   +3.973483e+001
+1.716106e+004	   +3.522766e+001
+1.718961e+004	   +3.854235e+001
+1.721821e+004	   +4.200935e+001
+1.724686e+004	   +3.383110e+001
+1.727555e+004	   +2.574994e+001
+1.730430e+004	   +6.071068e+000
+1.733309e+004	   +2.411029e+001
+1.736192e+004	   +1.096406e+001
+1.739081e+004	   +3.773848e+000
+1.741974e+004	   +3.145555e+000
+1.744873e+004	   +4.737716e-001
+1.747776e+004	   -2.094694e+000
+1.750683e+004	   +2.776156e+000
+1.753596e+004	   +1.634107e-001
+1.756514e+004	   +4.860475e+000
+1.759436e+004	   +1.029515e+001
+1.762363e+004	   +2.526798e+001
+1.765296e+004	   +1.988975e+001
+1.768232e+004	   +1.477831e+001
+1.771174e+004	   +1.053891e+001
+1.774121e+004	   +1.783784e+000
+1.777073e+004	   -8.959973e-001
+1.780029e+004	   -3.737841e+000
+1.782991e+004	   -9.563866e+000
+1.785957e+004	   -1.950880e+001
+1.788929e+004	   -2.572397e+001
+1.791905e+004	   -2.632146e+001
+1.794886e+004	   -4.108087e+001
+1.797873e+004	   -5.089454e+001
+1.800864e+004	   -5.035455e+001
+1.803860e+004	   -5.881747e+001
+1.806861e+004	   -6.735683e+001
+1.809867e+004	   -7.516523e+001
+1.812879e+004	   -7.991792e+001
+1.815895e+004	   -9.840110e+001
+1.818916e+004	   -9.177578e+001
+1.821942e+004	   -1.004133e+002
+1.824973e+004	   -1.134187e+002
+1.828010e+004	   -1.284216e+002
+1.831051e+004	   -1.345225e+002
+1.834097e+004	   -1.471218e+002
+1.837149e+004	   -1.617012e+002
+1.840205e+004	   -1.513551e+002
+1.843267e+004	   -1.793189e+002
+1.846334e+004	   +1.772156e+002
+1.849406e+004	   +1.753140e+002
+1.852482e+004	   +1.630146e+002
+1.855565e+004	   +1.457282e+002
+1.858652e+004	   +1.386834e+002
+1.861744e+004	   +1.457197e+002
+1.864842e+004	   +1.305453e+002
+1.867944e+004	   +1.435586e+002
+1.871052e+004	   +1.298533e+002
+1.874165e+004	   +1.292725e+002
+1.877283e+004	   +1.131570e+002
+1.880406e+004	   +1.186448e+002
+1.883535e+004	   +1.136494e+002
+1.886669e+004	   +1.288796e+002
+1.889808e+004	   +9.146325e+001
+1.892952e+004	   +8.557140e+001
+1.896101e+004	   +7.670148e+001
+1.899256e+004	   +6.820501e+001
+1.902416e+004	   +6.999810e+001
+1.905581e+004	   +5.546964e+001
+1.908751e+004	   +6.152965e+001
+1.911927e+004	   +5.257755e+001
+1.915108e+004	   +4.739566e+001
+1.918294e+004	   +3.547614e+001
+1.921486e+004	   +4.391512e+001
+1.924682e+004	   +3.678002e+001
+1.927885e+004	   +2.829494e+001
+1.931092e+004	   +1.259997e+001
+1.934305e+004	   +1.190162e+001
+1.937523e+004	   +6.440901e+000
+1.940747e+004	   -2.687782e+000
+1.943976e+004	   -1.072149e+001
+1.947210e+004	   -7.936333e+000
+1.950450e+004	   -1.860547e+001
+1.953695e+004	   -2.428232e+001
+1.956945e+004	   -2.398137e+001
+1.960201e+004	   -2.278297e+001
+1.963462e+004	   -3.175124e+001
+1.966729e+004	   -2.908948e+001
+1.970001e+004	   -2.870678e+001
+1.973279e+004	   -3.702788e+001
+1.976562e+004	   -5.224084e+001
+1.979850e+004	   -3.438406e+001
+1.983144e+004	   -3.978782e+001
+1.986444e+004	   -4.627658e+001
+1.989749e+004	   -4.730944e+001
+1.993059e+004	   -7.082372e+001
+1.996375e+004	   -6.796412e+001
+1.999696e+004	   -6.070955e+001
+2.003023e+004	   -6.806296e+001
+2.006356e+004	   -5.955054e+001
+2.009694e+004	   -5.635532e+001
+2.013038e+004	   -1.829963e+001
+2.016387e+004	   -8.618425e+000
+2.019742e+004	   +2.210225e+001
+2.023102e+004	   -1.041408e+001
+2.026468e+004	   -1.356589e+001
+2.029839e+004	   -1.474584e+001
+2.033217e+004	   -3.296046e+001
+2.036599e+004	   -2.835307e+001
+2.039988e+004	   -2.950298e+001
+2.043382e+004	   -4.328669e+001
+2.046781e+004	   -4.241865e+001
+2.050187e+004	   -4.195699e+001
+2.053598e+004	   -5.811515e+001
+2.057014e+004	   -4.904852e+001
+2.060437e+004	   -5.666825e+001
+2.063865e+004	   -8.292323e+001
+2.067298e+004	   -6.040349e+001
+2.070738e+004	   -6.525338e+001
+2.074183e+004	   -6.476174e+001
+2.077634e+004	   -5.681368e+001
+2.081091e+004	   -7.631329e+001
+2.084553e+004	   -7.667467e+001
+2.088021e+004	   -8.407978e+001
+2.091495e+004	   -8.507646e+001
+2.094975e+004	   -9.486002e+001
+2.098461e+004	   -1.093422e+002
+2.101952e+004	   -1.087956e+002
+2.105449e+004	   -1.036619e+002
+2.108952e+004	   -1.018075e+002
+2.112461e+004	   -1.067434e+002
+2.115975e+004	   -1.268008e+002
+2.119496e+004	   -1.277638e+002
+2.123022e+004	   -1.434049e+002
+2.126554e+004	   -1.464214e+002
+2.130092e+004	   -1.605708e+002
+2.133636e+004	   -1.657816e+002
+2.137186e+004	   -1.760417e+002
+2.140742e+004	   +1.741170e+002
+2.144303e+004	   +1.613466e+002
+2.147871e+004	   +1.508516e+002
+2.151444e+004	   +1.364300e+002
+2.155024e+004	   +1.272235e+002
+2.158609e+004	   +1.068693e+002
+2.162201e+004	   +1.135311e+002
+2.165798e+004	   +9.051763e+001
+2.169401e+004	   +8.892294e+001
+2.173011e+004	   +6.681838e+001
+2.176626e+004	   +5.526603e+001
+2.180247e+004	   +4.277173e+001
+2.183875e+004	   +8.078774e+001
+2.187508e+004	   +5.426023e+001
+2.191148e+004	   +9.735194e+001
+2.194793e+004	   +2.036514e+001
+2.198445e+004	   +1.066165e+002
+2.202102e+004	   +7.315748e+001
+2.205766e+004	   -1.355934e+002
+2.209436e+004	   +1.005538e+002
+2.213112e+004	   +1.159852e+002
+2.216794e+004	   +7.143831e+001
+2.220482e+004	   +1.022850e+002
+2.224176e+004	   +8.403569e+001
+2.227877e+004	   +7.804765e+001
+2.231584e+004	   +8.869661e+001
+2.235296e+004	   +4.780120e+001
+2.239015e+004	   +7.248895e+001
+2.242740e+004	   +5.745698e+001
+2.246472e+004	   +5.943754e+001
+2.250209e+004	   +7.963971e+001
+2.253953e+004	   +4.514958e+001
+2.257703e+004	   +8.325465e+001
+2.261459e+004	   +4.317956e+001
+2.265222e+004	   +5.877713e+000
+2.268991e+004	   +1.734484e+001
+2.272766e+004	   +2.927503e+001
+2.276547e+004	   +2.300173e+001
+2.280335e+004	   +3.623210e+001
+2.284129e+004	   +2.737425e+001
+2.287929e+004	   +7.022270e+000
+2.291735e+004	   +2.193383e+001
+2.295548e+004	   +1.258822e+001
+2.299367e+004	   +1.369368e+001
+2.303193e+004	   +6.689463e+000
+2.307025e+004	   +2.566773e+000
+2.310863e+004	   +9.337281e+000
+2.314708e+004	   +2.471921e+000
+2.318559e+004	   -1.255162e+001
+2.322416e+004	   +7.865453e+000
+2.326280e+004	   -5.119910e+000
+2.330151e+004	   -3.577650e+001
+2.334027e+004	   -7.810551e+000
+2.337911e+004	   +1.843753e+000
+2.341800e+004	   -1.645259e+001
+2.345696e+004	   -1.024476e+001
+2.349599e+004	   -9.656554e+000
+2.353508e+004	   -6.189400e+000
+2.357424e+004	   -2.926149e+001
+2.361346e+004	   -3.907396e+001
+2.365275e+004	   -1.005366e+001
+2.369210e+004	   -2.190643e+001
+2.373152e+004	   -2.527802e+001
+2.377100e+004	   -2.038586e+001
+2.381055e+004	   -3.614916e+001
+2.385016e+004	   -3.361648e+001
+2.388985e+004	   -1.594458e+001
+2.392959e+004	   -2.682343e+001
+2.396940e+004	   -3.597037e+001
+2.400928e+004	   +5.014781e+000
+2.404923e+004	   -2.217200e+001
+2.408924e+004	   -7.803924e+000
+2.412932e+004	   -2.023702e+001
+2.416946e+004	   -2.393659e+001
+2.420968e+004	   -2.090160e+001
+2.424996e+004	   -2.635668e+001
+2.429030e+004	   +7.721792e+000
+2.433071e+004	   -2.951551e+001
+2.437119e+004	   -2.833605e+001
+2.441174e+004	   -4.242475e+001
+2.445236e+004	   -2.249232e+001
+2.449304e+004	   -3.737381e+001
+2.453379e+004	   -5.666650e+001
+2.457461e+004	   -4.064308e+001
+2.461549e+004	   -5.113159e+001
+2.465645e+004	   -5.538357e+001
+2.469747e+004	   -4.119963e+001
+2.473856e+004	   -3.693192e+001
+2.477972e+004	   -5.272706e+001
+2.482095e+004	   -7.409164e+001
+2.486224e+004	   -6.456228e+001
+2.490361e+004	   -6.635090e+001
+2.494504e+004	   -5.347750e+001
+2.498654e+004	   -3.055533e+001
+2.502811e+004	   -8.814030e+001
+2.506975e+004	   -4.746505e+001
+2.511146e+004	   -6.721755e+001
+2.515324e+004	   -4.070738e+001
+2.519509e+004	   -3.015623e+001
+2.523701e+004	   -4.089150e+001
+2.527900e+004	   -4.745457e+001
+2.532105e+004	   -1.381812e+001
+2.536318e+004	   -5.329856e+001
+2.540538e+004	   -7.700130e+001
+2.544765e+004	   -4.914262e+001
+2.548999e+004	   -6.640270e+001
+2.553239e+004	   -6.308619e+001
+2.557488e+004	   -5.297602e+001
+2.561742e+004	   -6.215344e+001
+2.566004e+004	   -4.527412e+001
+2.570274e+004	   -7.614869e+001
+2.574550e+004	   -4.841334e+001
+2.578833e+004	   -7.254879e+001
+2.583124e+004	   -7.380090e+001
+2.587422e+004	   -4.283710e+001
+2.591726e+004	   -6.036237e+001
+2.596038e+004	   -6.706940e+001
+2.600358e+004	   -8.114962e+001
+2.604684e+004	   +3.900029e+001
+2.609017e+004	   +3.294866e+000
+2.613358e+004	   -6.878067e+001
+2.617706e+004	   -4.687856e+001
+2.622061e+004	   -5.986816e+001
+2.626424e+004	   -3.101252e+001
+2.630794e+004	   -3.958400e+001
+2.635171e+004	   -6.256940e+001
+2.639555e+004	   -7.038032e+001
+2.643946e+004	   -7.570364e+001
+2.648345e+004	   -8.675364e+001
+2.652751e+004	   -9.825829e+001
+2.657165e+004	   -7.986170e+001
+2.661586e+004	   -8.022507e+001
+2.666014e+004	   -2.858525e+001
+2.670449e+004	   -1.186382e+002
+2.674892e+004	   -1.582221e+002
+2.679343e+004	   -5.011502e+001
+2.683800e+004	   -7.954282e+001
+2.688266e+004	   -2.357137e+001
+2.692738e+004	   -7.849971e+001
+2.697218e+004	   -4.832113e+001
+2.701706e+004	   -2.349457e+001
+2.706201e+004	   -6.699417e+001
+2.710703e+004	   -4.077555e+001
+2.715213e+004	   -3.974517e+001
+2.719730e+004	   -3.901432e+001
+2.724255e+004	   +3.523333e+000
+2.728788e+004	   +2.698516e+001
+2.733328e+004	   +1.893295e+001
+2.737876e+004	   -5.970284e+000
+2.742431e+004	   +3.147600e+000
+2.746993e+004	   -5.467096e+000
+2.751564e+004	   -8.475676e-001
+2.756142e+004	   -2.792938e+001
+2.760727e+004	   -7.902113e+000
+2.765320e+004	   -2.776357e+001
+2.769921e+004	   -2.964664e+001
+2.774529e+004	   -6.480643e+000
+2.779146e+004	   -2.194440e+001
+2.783769e+004	   -2.279765e+001
+2.788401e+004	   -2.702513e+001
+2.793040e+004	   -3.209666e+001
+2.797687e+004	   -3.184379e+001
+2.802342e+004	   -4.375029e+001
+2.807004e+004	   -4.824408e+001
+2.811674e+004	   -3.577770e+001
+2.816352e+004	   -4.700262e+001
+2.821038e+004	   -6.971725e+001
+2.825731e+004	   -6.560093e+001
+2.830433e+004	   -8.522278e+001
+2.835142e+004	   -6.670850e+001
+2.839859e+004	   -6.181800e+001
+2.844583e+004	   -6.105050e+001
+2.849316e+004	   -5.977327e+001
+2.854057e+004	   -1.062690e+002
+2.858805e+004	   -5.717371e+001
+2.863561e+004	   -4.939712e+001
+2.868326e+004	   -6.606637e+001
+2.873098e+004	   -5.699645e+001
+2.877878e+004	   -3.904230e+001
+2.882666e+004	   -5.999686e+001
+2.887462e+004	   -5.750742e+001
+2.892266e+004	   -5.835539e+001
+2.897078e+004	   -6.619582e+001
+2.901898e+004	   -7.117101e+001
+2.906726e+004	   -5.573888e+001
+2.911562e+004	   -6.536559e+001
+2.916406e+004	   -6.997529e+001
+2.921258e+004	   -8.056866e+001
+2.926119e+004	   -9.624451e+001
+2.930987e+004	   -8.756869e+001
+2.935863e+004	   -8.340063e+001
+2.940748e+004	   -1.040384e+002
+2.945640e+004	   -1.036833e+002
+2.950541e+004	   -9.820535e+001
+2.955450e+004	   -1.112510e+002
+2.960367e+004	   -1.020992e+002
+2.965293e+004	   -1.059432e+002
+2.970226e+004	   -7.167765e+001
+2.975168e+004	   -9.570682e+001
+2.980118e+004	   -8.665646e+001
+2.985076e+004	   -8.401057e+001
+2.990042e+004	   -7.499162e+001
+2.995017e+004	   -7.070699e+001
+3.000000e+004	   -9.483757e+001
