+1.000000e+001	   +1.969416e+001
+1.004523e+001	   +1.689287e+001
+1.009067e+001	   +1.130027e+001
+1.013632e+001	   +1.617828e+001
+1.018217e+001	   +1.686055e+001
+1.022823e+001	   +2.670430e+001
+1.027449e+001	   +1.601264e+001
+1.032097e+001	   +2.038372e+001
+1.036765e+001	   +2.002600e+001
+1.041455e+001	   +7.825057e+000
+1.046166e+001	   +6.290274e+000
+1.050898e+001	   +1.561465e+001
+1.055652e+001	   +2.276801e+001
+1.060427e+001	   +2.695461e+001
+1.065224e+001	   +1.834597e+001
+1.070043e+001	   +1.228564e+001
+1.074883e+001	   +1.601610e+001
+1.079745e+001	   +2.371822e+001
+1.084629e+001	   +1.548371e+001
+1.089535e+001	   +1.245780e+001
+1.094464e+001	   +1.671039e+001
+1.099414e+001	   +2.479996e+001
+1.104388e+001	   +2.140676e+001
+1.109383e+001	   +2.425698e+001
+1.114401e+001	   +2.807084e+001
+1.119442e+001	   +1.656783e+001
+1.124506e+001	   +1.322775e+001
+1.129593e+001	   +8.348405e+000
+1.134702e+001	   +1.577199e+001
+1.139835e+001	   +2.111178e+001
+1.144991e+001	   +1.452853e+001
+1.150170e+001	   +1.662729e+001
+1.155373e+001	   +1.502328e+001
+1.160599e+001	   +2.346815e+001
+1.165849e+001	   +2.724120e+001
+1.171123e+001	   +2.048772e+001
+1.176420e+001	   +2.732248e+001
+1.181742e+001	   +2.815726e+001
+1.187087e+001	   +1.576108e+001
+1.192457e+001	   +2.269850e+001
+1.197851e+001	   +1.619346e+001
+1.203269e+001	   +1.606984e+001
+1.208712e+001	   +2.161020e+001
+1.214180e+001	   +2.603399e+001
+1.219672e+001	   +1.132008e+001
+1.225189e+001	   +1.497366e+001
+1.230731e+001	   +1.263959e+001
+1.236298e+001	   +7.910748e+000
+1.241890e+001	   +9.025244e+000
+1.247508e+001	   +2.317622e+001
+1.253151e+001	   +1.824222e+001
+1.258820e+001	   +2.289528e+001
+1.264514e+001	   +3.044926e+001
+1.270234e+001	   +1.658162e+001
+1.275980e+001	   +1.956678e+001
+1.281751e+001	   +2.037490e+001
+1.287549e+001	   +2.054866e+001
+1.293373e+001	   +2.455593e+001
+1.299224e+001	   +2.137316e+001
+1.305101e+001	   +1.835843e+001
+1.311004e+001	   +1.667902e+001
+1.316934e+001	   +1.787643e+001
+1.322892e+001	   +1.126488e+001
+1.328876e+001	   +1.723124e+001
+1.334887e+001	   +1.418336e+001
+1.340925e+001	   +2.462729e+001
+1.346990e+001	   +2.619401e+001
+1.353083e+001	   +3.529097e+001
+1.359204e+001	   +1.682059e+001
+1.365352e+001	   +1.226543e+001
+1.371528e+001	   +2.540406e+001
+1.377732e+001	   +1.451329e+001
+1.383964e+001	   +1.389883e+001
+1.390225e+001	   +1.136192e+001
+1.396513e+001	   +1.009538e+001
+1.402830e+001	   +1.068510e+001
+1.409176e+001	   +2.782976e+001
+1.415550e+001	   +2.777099e+001
+1.421953e+001	   +1.684709e+001
+1.428385e+001	   +2.177085e+001
+1.434847e+001	   +1.694878e+001
+1.441337e+001	   +1.412359e+001
+1.447857e+001	   +1.692478e+001
+1.454406e+001	   +3.067848e+001
+1.460985e+001	   +1.619947e+001
+1.467594e+001	   +2.861250e+001
+1.474232e+001	   +2.455860e+001
+1.480901e+001	   +2.059811e+001
+1.487599e+001	   +2.382540e+001
+1.494328e+001	   +1.895857e+001
+1.501088e+001	   +1.644498e+001
+1.507878e+001	   +2.130201e+001
+1.514699e+001	   +1.246811e+001
+1.521550e+001	   +2.783646e+001
+1.528433e+001	   +1.308938e+001
+1.535347e+001	   +8.991306e+000
+1.542292e+001	   +2.237086e+001
+1.549268e+001	   +2.099911e+001
+1.556276e+001	   +1.637543e+001
+1.563316e+001	   +1.452793e+001
+1.570388e+001	   +3.157742e+001
+1.577491e+001	   +1.478663e+001
+1.584627e+001	   +2.395264e+001
+1.591795e+001	   +1.963117e+001
+1.598995e+001	   +1.150714e+001
+1.606228e+001	   +2.304634e+001
+1.613494e+001	   +1.680507e+001
+1.620792e+001	   +2.417964e+001
+1.628124e+001	   +1.813397e+001
+1.635488e+001	   +2.505842e+001
+1.642886e+001	   +1.559016e+001
+1.650318e+001	   +1.944737e+001
+1.657783e+001	   +2.632701e+001
+1.665282e+001	   +1.594910e+001
+1.672815e+001	   +1.967111e+001
+1.680381e+001	   +2.084928e+001
+1.687983e+001	   +1.723368e+001
+1.695618e+001	   +1.354163e+001
+1.703288e+001	   +1.024371e+001
+1.710993e+001	   +2.225813e+001
+1.718732e+001	   +1.876087e+001
+1.726507e+001	   +1.480872e+001
+1.734316e+001	   +1.809297e+001
+1.742162e+001	   +1.205468e+001
+1.750042e+001	   +1.388015e+001
+1.757958e+001	   +2.263414e+001
+1.765910e+001	   +2.247270e+001
+1.773898e+001	   +1.760690e+001
+1.781922e+001	   +1.692014e+001
+1.789983e+001	   +2.607011e+001
+1.798079e+001	   +2.374168e+001
+1.806213e+001	   +1.626536e+001
+1.814383e+001	   +1.810037e+001
+1.822590e+001	   +2.408628e+001
+1.830835e+001	   +2.131285e+001
+1.839116e+001	   +1.761563e+001
+1.847436e+001	   +1.748665e+001
+1.855792e+001	   +1.113913e+001
+1.864187e+001	   +9.382220e+000
+1.872619e+001	   +1.266461e+001
+1.881090e+001	   +2.319949e+001
+1.889599e+001	   +1.711762e+001
+1.898146e+001	   +1.912498e+001
+1.906733e+001	   +3.283053e+001
+1.915358e+001	   +1.725495e+001
+1.924022e+001	   +1.547582e+001
+1.932725e+001	   +1.634511e+001
+1.941467e+001	   +8.446723e+000
+1.950249e+001	   +1.029678e+001
+1.959071e+001	   +1.961913e+001
+1.967933e+001	   +1.257710e+001
+1.976834e+001	   +1.099793e+001
+1.985777e+001	   +1.023466e+001
+1.994759e+001	   +2.310484e+001
+2.003782e+001	   +2.264546e+001
+2.012846e+001	   +2.374883e+001
+2.021951e+001	   +1.448127e+001
+2.031097e+001	   +8.847558e+000
+2.040285e+001	   +1.412936e+001
+2.049514e+001	   +6.827450e+000
+2.058785e+001	   +3.066746e+000
+2.068097e+001	   +1.014389e+001
+2.077452e+001	   +1.416251e+001
+2.086850e+001	   +1.581116e+001
+2.096289e+001	   +1.655678e+001
+2.105772e+001	   +1.460316e+001
+2.115297e+001	   +1.453790e+001
+2.124865e+001	   +1.685924e+001
+2.134477e+001	   +1.423807e+001
+2.144132e+001	   +2.314232e+001
+2.153831e+001	   +1.687079e+001
+2.163574e+001	   +1.568017e+001
+2.173360e+001	   +1.530865e+001
+2.183191e+001	   +1.672624e+001
+2.193067e+001	   +1.562986e+001
+2.202987e+001	   +2.960089e+001
+2.212952e+001	   +1.954469e+001
+2.222962e+001	   +1.863884e+001
+2.233018e+001	   +1.464051e+001
+2.243119e+001	   +1.851476e+001
+2.253265e+001	   +1.647122e+001
+2.263458e+001	   +1.114497e+001
+2.273696e+001	   +1.277030e+001
+2.283981e+001	   +1.138626e+001
+2.294313e+001	   +1.938599e+001
+2.304691e+001	   +2.671659e+001
+2.315116e+001	   +1.555429e+001
+2.325588e+001	   +8.386270e+000
+2.336108e+001	   +1.452830e+001
+2.346675e+001	   +2.281697e+001
+2.357290e+001	   +1.225216e+001
+2.367953e+001	   +1.112982e+001
+2.378664e+001	   +1.972066e+001
+2.389424e+001	   +9.579779e+000
+2.400232e+001	   +2.304432e+001
+2.411090e+001	   +1.174101e+001
+2.421996e+001	   +1.914007e+001
+2.432952e+001	   +1.258568e+001
+2.443957e+001	   +1.079506e+001
+2.455012e+001	   +2.580233e+001
+2.466117e+001	   +1.651103e+001
+2.477272e+001	   +2.289417e+001
+2.488478e+001	   +2.767464e+001
+2.499734e+001	   +1.822002e+001
+2.511042e+001	   +2.442696e+001
+2.522400e+001	   +8.441326e+000
+2.533810e+001	   +1.126760e+001
+2.545272e+001	   +2.201749e+001
+2.556785e+001	   +1.331380e+001
+2.568351e+001	   +8.390963e+000
+2.579968e+001	   +2.078091e+000
+2.591639e+001	   +1.977978e+001
+2.603362e+001	   +1.386198e+001
+2.615138e+001	   +1.048818e+001
+2.626967e+001	   -3.535811e+000
+2.638850e+001	   +7.388985e+000
+2.650787e+001	   -8.126909e-001
+2.662777e+001	   +1.139081e+001
+2.674822e+001	   +4.911567e+000
+2.686922e+001	   +1.385336e+001
+2.699076e+001	   +1.684084e+001
+2.711285e+001	   +1.994116e+001
+2.723549e+001	   +2.131460e+001
+2.735869e+001	   +1.824809e+001
+2.748244e+001	   +2.366349e+001
+2.760676e+001	   +1.149452e+001
+2.773163e+001	   +1.035917e+001
+2.785708e+001	   +5.657777e+000
+2.798309e+001	   -8.561969e+000
+2.810966e+001	   +6.547047e+000
+2.823682e+001	   +2.939328e+000
+2.836454e+001	   +3.253560e+000
+2.849285e+001	   +4.986192e+000
+2.862173e+001	   +1.909170e-001
+2.875120e+001	   +9.403865e+000
+2.888126e+001	   +8.325109e+000
+2.901190e+001	   +9.385653e+000
+2.914313e+001	   -1.002570e+000
+2.927496e+001	   +9.189920e+000
+2.940738e+001	   +6.112283e-001
+2.954040e+001	   +1.790449e+000
+2.967403e+001	   +1.042589e+001
+2.980825e+001	   -3.540436e+000
+2.994309e+001	   +2.064044e+000
+3.007854e+001	   -3.373337e+000
+3.021459e+001	   -1.554946e-001
+3.035127e+001	   +2.330261e+000
+3.048856e+001	   -8.259945e-001
+3.062647e+001	   -2.977211e-001
+3.076501e+001	   +2.163308e+000
+3.090417e+001	   +3.441465e+000
+3.104396e+001	   -6.564720e+000
+3.118439e+001	   +3.237111e+000
+3.132545e+001	   -1.591360e+000
+3.146715e+001	   -6.460053e-001
+3.160949e+001	   +1.966896e+000
+3.175247e+001	   +1.264986e+000
+3.189610e+001	   -2.840086e-002
+3.204038e+001	   -1.807070e+000
+3.218531e+001	   -1.618776e+000
+3.233090e+001	   -1.750449e+000
+3.247715e+001	   -1.682157e+000
+3.262405e+001	   -1.456101e+000
+3.277163e+001	   -3.399712e-001
+3.291986e+001	   +4.741390e+000
+3.306878e+001	   +2.392511e+000
+3.321836e+001	   +7.794034e+000
+3.336862e+001	   +5.529658e-001
+3.351956e+001	   -2.824715e+000
+3.367118e+001	   +2.738918e+000
+3.382349e+001	   -2.774194e+000
+3.397649e+001	   +2.425246e+000
+3.413018e+001	   +1.435682e+000
+3.428457e+001	   -2.132982e-001
+3.443965e+001	   +1.046826e+001
+3.459544e+001	   -2.031000e+000
+3.475193e+001	   +5.849328e+000
+3.490912e+001	   +2.925339e+000
+3.506703e+001	   +3.011445e+000
+3.522565e+001	   -9.468759e-001
+3.538499e+001	   -1.345157e+000
+3.554506e+001	   +1.513558e+001
+3.570584e+001	   +2.365891e+000
+3.586736e+001	   +1.201236e+001
+3.602960e+001	   +6.536050e+000
+3.619258e+001	   -2.009615e+000
+3.635629e+001	   +5.047932e+000
+3.652074e+001	   +9.935694e+000
+3.668594e+001	   +3.992191e+000
+3.685189e+001	   +6.938089e+000
+3.701859e+001	   +1.389826e+001
+3.718604e+001	   +1.436588e-001
+3.735424e+001	   +8.088831e+000
+3.752322e+001	   -2.775186e+000
+3.769295e+001	   +5.838252e+000
+3.786345e+001	   +1.391655e+000
+3.803472e+001	   +3.217159e-002
+3.820677e+001	   +1.659715e+000
+3.837959e+001	   +4.614622e+000
+3.855320e+001	   +1.429669e-001
+3.872760e+001	   +3.300100e+000
+3.890277e+001	   +6.186691e+000
+3.907875e+001	   +1.733683e+000
+3.925552e+001	   -2.253519e+001
+3.943309e+001	   +9.480967e+000
+3.961146e+001	   +2.678262e+000
+3.979064e+001	   +7.960495e+000
+3.997063e+001	   +2.729684e+000
+4.015144e+001	   +1.270299e+001
+4.033306e+001	   -1.028153e+000
+4.051550e+001	   +1.929542e+001
+4.069877e+001	   +2.138333e+000
+4.088287e+001	   +7.705554e+000
+4.106780e+001	   +6.189060e+000
+4.125356e+001	   +4.462334e+000
+4.144017e+001	   +3.314392e+000
+4.162762e+001	   -5.020661e+000
+4.181592e+001	   +9.466315e+000
+4.200507e+001	   -1.978416e+000
+4.219508e+001	   -3.345565e+000
+4.238595e+001	   +8.581005e+000
+4.257767e+001	   +2.006589e+000
+4.277028e+001	   +2.368896e+000
+4.296374e+001	   +3.998458e+000
+4.315808e+001	   +2.578748e-001
+4.335331e+001	   +5.659310e+000
+4.354941e+001	   +2.960346e+000
+4.374641e+001	   -5.476723e+000
+4.394429e+001	   -2.634783e+000
+4.414307e+001	   +6.609013e+000
+4.434275e+001	   -6.962579e-001
+4.454333e+001	   +3.549166e-001
+4.474482e+001	   +6.121813e+000
+4.494721e+001	   +5.709033e+000
+4.515053e+001	   +4.681015e-002
+4.535476e+001	   +3.106932e+000
+4.555993e+001	   +4.694007e+000
+4.576601e+001	   +1.746746e+000
+4.597303e+001	   -3.073724e+000
+4.618098e+001	   -7.159078e+000
+4.638988e+001	   +7.002242e-001
+4.659972e+001	   +6.873312e+000
+4.681051e+001	   +3.008051e+000
+4.702225e+001	   +2.318095e+000
+4.723496e+001	   +3.536149e+000
+4.744862e+001	   -8.013286e+000
+4.766325e+001	   +7.610067e+000
+4.787885e+001	   +8.075117e+000
+4.809543e+001	   +1.146570e+001
+4.831298e+001	   -8.309485e+000
+4.853152e+001	   +5.350572e+000
+4.875105e+001	   -1.348069e+001
+4.897158e+001	   +8.065495e+000
+4.919310e+001	   +1.818663e+001
+4.941562e+001	   +9.352515e+000
+4.963914e+001	   +5.037812e+000
+4.986368e+001	   -1.106393e+001
+5.008924e+001	   +3.463712e+000
+5.031581e+001	   +5.586562e+000
+5.054341e+001	   +1.325017e+001
+5.077204e+001	   +2.904912e+000
+5.100171e+001	   +6.084983e+000
+5.123241e+001	   -6.015301e+000
+5.146415e+001	   +1.186529e+001
+5.169695e+001	   +1.105081e+000
+5.193079e+001	   +7.570365e+000
+5.216570e+001	   +6.684533e+000
+5.240167e+001	   +2.853932e+000
+5.263870e+001	   +8.306092e+000
+5.287681e+001	   -5.041263e+000
+5.311599e+001	   +1.539474e+001
+5.335626e+001	   +7.347179e+000
+5.359761e+001	   +8.388016e+000
+5.384006e+001	   +1.445195e+001
+5.408360e+001	   +6.334620e+000
+5.432824e+001	   +1.762447e+001
+5.457399e+001	   +1.188328e+001
+5.482085e+001	   +5.520597e+000
+5.506883e+001	   +7.118871e+000
+5.531793e+001	   +1.364230e+000
+5.556816e+001	   +1.202540e+001
+5.581952e+001	   +1.113733e+001
+5.607201e+001	   +1.117384e+001
+5.632565e+001	   +6.112436e+000
+5.658043e+001	   +6.468037e+000
+5.683637e+001	   +3.638837e+000
+5.709346e+001	   +9.083249e+000
+5.735172e+001	   +1.055526e+001
+5.761115e+001	   +1.329677e+001
+5.787175e+001	   +1.780869e+001
+5.813353e+001	   +5.443793e+000
+5.839649e+001	   +1.173212e+001
+5.866064e+001	   -1.866379e+000
+5.892599e+001	   +5.839248e+000
+5.919254e+001	   +1.143870e+000
+5.946029e+001	   +8.253293e+000
+5.972925e+001	   +1.241606e+001
+5.999944e+001	   +9.643247e+000
+6.027084e+001	   +9.361588e+000
+6.054347e+001	   +1.487529e+000
+6.081733e+001	   +9.144486e+000
+6.109243e+001	   +2.965619e+001
+6.136878e+001	   +1.814774e+001
+6.164638e+001	   +1.123015e+001
+6.192523e+001	   +1.248886e+001
+6.220535e+001	   +1.190357e+001
+6.248672e+001	   +1.835605e+001
+6.276938e+001	   +1.666952e+001
+6.305331e+001	   +1.180779e+001
+6.333853e+001	   +1.456161e+001
+6.362504e+001	   +1.816648e+001
+6.391284e+001	   +1.328683e+001
+6.420194e+001	   +1.268803e+001
+6.449236e+001	   +8.602028e+000
+6.478408e+001	   +1.410041e+001
+6.507713e+001	   +1.284692e+001
+6.537150e+001	   +1.328427e+001
+6.566721e+001	   +1.507438e+001
+6.596424e+001	   +6.884374e+000
+6.626263e+001	   +1.117980e+001
+6.656236e+001	   +1.181772e+001
+6.686345e+001	   +1.590904e+001
+6.716590e+001	   +1.195097e+001
+6.746973e+001	   +1.176292e+001
+6.777492e+001	   +1.675063e+001
+6.808149e+001	   +7.850030e+000
+6.838946e+001	   +1.320571e+001
+6.869881e+001	   +1.248606e+001
+6.900956e+001	   +1.475257e+001
+6.932172e+001	   +1.474323e+001
+6.963529e+001	   +1.192500e+001
+6.995029e+001	   +1.602044e+001
+7.026670e+001	   +9.740041e+000
+7.058454e+001	   +1.657225e+001
+7.090383e+001	   +1.873918e+001
+7.122456e+001	   +5.797494e+000
+7.154674e+001	   +1.054294e+001
+7.187037e+001	   +1.771305e+001
+7.219547e+001	   +1.458698e+001
+7.252204e+001	   +2.631420e+001
+7.285009e+001	   +1.823846e+001
+7.317963e+001	   +1.122931e+001
+7.351064e+001	   +1.340674e+001
+7.384316e+001	   +1.695388e+001
+7.417719e+001	   +1.235211e+001
+7.451273e+001	   +1.694733e+001
+7.484978e+001	   +1.289943e+001
+7.518835e+001	   +1.212851e+001
+7.552847e+001	   +2.332166e+001
+7.587011e+001	   +7.015810e+000
+7.621330e+001	   +7.756064e+000
+7.655804e+001	   +7.052971e+000
+7.690435e+001	   +1.660540e+001
+7.725222e+001	   +1.841270e+001
+7.760167e+001	   +8.014745e+000
+7.795269e+001	   +5.566866e+000
+7.830531e+001	   +1.473548e+001
+7.865952e+001	   +8.835719e+000
+7.901533e+001	   +1.564385e+001
+7.937274e+001	   +8.145847e+000
+7.973178e+001	   +1.724346e+001
+8.009245e+001	   +9.650785e+000
+8.045473e+001	   +1.711888e+001
+8.081866e+001	   +5.570298e+000
+8.118424e+001	   +6.426860e+000
+8.155148e+001	   +1.388824e+001
+8.192036e+001	   +1.422142e+001
+8.229092e+001	   +2.368285e+001
+8.266316e+001	   +1.872997e+001
+8.303708e+001	   +1.555188e+001
+8.341270e+001	   +1.520047e+001
+8.379001e+001	   +1.588768e+001
+8.416902e+001	   +1.217587e+001
+8.454976e+001	   +1.336190e+001
+8.493221e+001	   +1.001773e+001
+8.531639e+001	   +1.431542e+001
+8.570232e+001	   +1.267063e+001
+8.608998e+001	   +3.165931e+001
+8.647941e+001	   +1.002342e+001
+8.687059e+001	   +1.064011e+001
+8.726354e+001	   +1.480596e+001
+8.765827e+001	   +1.032857e+001
+8.805479e+001	   +1.836443e+001
+8.845309e+001	   +1.393821e+001
+8.885321e+001	   +1.291906e+001
+8.925513e+001	   +1.044872e+001
+8.965887e+001	   +2.090103e+001
+9.006443e+001	   +2.232101e+001
+9.047183e+001	   +1.239988e+001
+9.088107e+001	   +2.091927e+001
+9.129217e+001	   +7.115157e+000
+9.170512e+001	   +1.062365e+001
+9.211994e+001	   +9.227641e+000
+9.253664e+001	   +1.173565e+001
+9.295522e+001	   +2.276569e+000
+9.337569e+001	   +1.331286e+001
+9.379807e+001	   +1.426251e+001
+9.422237e+001	   +1.011339e+001
+9.464857e+001	   +1.464137e+001
+9.507671e+001	   +1.015411e+000
+9.550678e+001	   +1.140003e+001
+9.593880e+001	   +1.102726e+001
+9.637277e+001	   +1.013111e+001
+9.680870e+001	   +1.419300e+001
+9.724661e+001	   +6.386098e+000
+9.768650e+001	   +1.404660e+001
+9.812838e+001	   +7.770262e+000
+9.857225e+001	   +1.408392e+001
+9.901814e+001	   +1.124354e+001
+9.946604e+001	   +2.105221e+001
+9.991596e+001	   +1.372294e+001
+1.003679e+002	   +8.965721e+000
+1.008219e+002	   +2.288173e+001
+1.012780e+002	   +3.049697e+000
+1.017361e+002	   +9.798116e+000
+1.021963e+002	   +1.002728e+001
+1.026586e+002	   +9.827944e+000
+1.031230e+002	   +2.969811e+001
+1.035894e+002	   +1.065975e+001
+1.040580e+002	   +1.960284e+001
+1.045287e+002	   +1.522393e+001
+1.050015e+002	   +2.085641e+001
+1.054765e+002	   +1.689992e+001
+1.059536e+002	   +2.097999e+001
+1.064329e+002	   +1.420178e+001
+1.069143e+002	   +7.704567e+000
+1.073979e+002	   +1.280662e+001
+1.078838e+002	   +1.671514e+001
+1.083718e+002	   +1.258226e+001
+1.088620e+002	   +3.209669e+001
+1.093544e+002	   +1.403612e+001
+1.098491e+002	   +2.252209e+001
+1.103459e+002	   +1.907508e+001
+1.108451e+002	   +2.204058e+001
+1.113465e+002	   +1.956594e+001
+1.118502e+002	   +1.758037e+001
+1.123561e+002	   +1.075908e+001
+1.128643e+002	   +1.113810e+001
+1.133749e+002	   +1.776827e+001
+1.138877e+002	   +1.995046e+001
+1.144029e+002	   +2.215837e+001
+1.149204e+002	   +8.401561e+000
+1.154402e+002	   +1.657761e+001
+1.159624e+002	   +1.182071e+001
+1.164869e+002	   +1.210377e+001
+1.170139e+002	   +1.328084e+001
+1.175432e+002	   +1.554159e+001
+1.180749e+002	   +1.116063e+001
+1.186090e+002	   +1.737469e+001
+1.191455e+002	   +1.273223e+001
+1.196844e+002	   +7.931564e+000
+1.202258e+002	   +2.961027e+001
+1.207696e+002	   +6.744568e+000
+1.213159e+002	   +2.790727e+000
+1.218647e+002	   +1.524533e+001
+1.224159e+002	   +1.416228e+001
+1.229697e+002	   +1.460762e+001
+1.235259e+002	   +1.029348e+001
+1.240847e+002	   +5.531696e+000
+1.246460e+002	   +1.424254e+001
+1.252098e+002	   +4.489727e+000
+1.257762e+002	   +6.139800e+000
+1.263451e+002	   +1.262641e-001
+1.269166e+002	   +1.137475e+001
+1.274907e+002	   +9.849839e+000
+1.280674e+002	   +7.557151e+000
+1.286467e+002	   +2.366113e+000
+1.292286e+002	   +1.021160e+000
+1.298132e+002	   +5.835538e+000
+1.304004e+002	   +1.372494e+001
+1.309902e+002	   +5.272944e+000
+1.315828e+002	   +1.401358e+001
+1.321780e+002	   +1.001724e+001
+1.327759e+002	   +2.571639e+001
+1.333765e+002	   +8.728684e+000
+1.339798e+002	   +1.151718e+001
+1.345858e+002	   +1.429427e+001
+1.351946e+002	   +1.331601e+001
+1.358062e+002	   +1.259848e+001
+1.364205e+002	   +2.009747e+001
+1.370376e+002	   +1.622221e+001
+1.376575e+002	   +9.797462e+000
+1.382801e+002	   +1.131222e+001
+1.389056e+002	   +1.056961e+001
+1.395340e+002	   +2.651488e+001
+1.401651e+002	   +1.605881e+001
+1.407992e+002	   +1.238124e+001
+1.414361e+002	   +1.473013e+001
+1.420758e+002	   +1.063192e+001
+1.427185e+002	   +2.116969e+001
+1.433641e+002	   +1.471309e+001
+1.440126e+002	   +1.790495e+001
+1.446640e+002	   +2.029885e+001
+1.453184e+002	   +1.629838e+001
+1.459757e+002	   +1.475508e+001
+1.466360e+002	   +2.548159e+001
+1.472993e+002	   +2.531351e+001
+1.479656e+002	   +2.310349e+001
+1.486349e+002	   +1.508557e+001
+1.493073e+002	   +1.628129e+001
+1.499827e+002	   +1.610782e+001
+1.506611e+002	   +1.508869e+001
+1.513426e+002	   +2.924331e+001
+1.520272e+002	   +2.003462e+001
+1.527149e+002	   +9.734028e+000
+1.534057e+002	   +2.737449e+001
+1.540996e+002	   +2.163946e+001
+1.547966e+002	   +1.795774e+001
+1.554968e+002	   +2.119155e+001
+1.562002e+002	   +1.768925e+001
+1.569068e+002	   +3.081222e+001
+1.576165e+002	   +2.200464e+001
+1.583295e+002	   +2.719607e+001
+1.590457e+002	   +2.326687e+001
+1.597651e+002	   +2.056224e+001
+1.604878e+002	   +2.550164e+001
+1.612138e+002	   +1.939074e+001
+1.619430e+002	   +2.282267e+001
+1.626756e+002	   +2.049228e+001
+1.634114e+002	   +1.720493e+001
+1.641506e+002	   +1.785996e+001
+1.648931e+002	   +8.802552e+000
+1.656390e+002	   +4.791317e+001
+1.663882e+002	   +2.537451e+001
+1.671409e+002	   +2.854060e+001
+1.678969e+002	   +2.692953e+001
+1.686564e+002	   +2.402722e+001
+1.694193e+002	   +2.371881e+001
+1.701857e+002	   +1.932944e+001
+1.709555e+002	   +1.873562e+001
+1.717288e+002	   +2.566237e+001
+1.725056e+002	   +2.375283e+001
+1.732859e+002	   +4.261728e+001
+1.740697e+002	   +2.288080e+001
+1.748571e+002	   +2.183270e+001
+1.756481e+002	   +1.332650e+001
+1.764426e+002	   +2.762330e+001
+1.772408e+002	   +1.617938e+001
+1.780425e+002	   +2.748292e+001
+1.788478e+002	   +1.921558e+001
+1.796568e+002	   +2.601192e+001
+1.804695e+002	   +1.380449e+001
+1.812859e+002	   +1.823928e+001
+1.821059e+002	   +7.911854e+000
+1.829296e+002	   +1.423382e+001
+1.837571e+002	   +2.136279e+001
+1.845883e+002	   +2.028117e+001
+1.854233e+002	   +2.023972e+001
+1.862620e+002	   +3.133265e+001
+1.871046e+002	   +1.710535e+001
+1.879509e+002	   +2.321122e+001
+1.888011e+002	   +1.976543e+001
+1.896551e+002	   +1.589303e+001
+1.905130e+002	   +3.167353e+001
+1.913748e+002	   +1.538119e+001
+1.922405e+002	   +2.962038e+001
+1.931100e+002	   +2.862639e+001
+1.939836e+002	   +2.581005e+001
+1.948610e+002	   +2.672368e+001
+1.957425e+002	   +1.501074e+001
+1.966279e+002	   +1.715676e+001
+1.975173e+002	   +1.934254e+001
+1.984108e+002	   +1.603431e+001
+1.993083e+002	   +1.268562e+001
+2.002098e+002	   +1.520747e+001
+2.011155e+002	   +3.048025e+001
+2.020252e+002	   +2.067746e+001
+2.029391e+002	   +1.826221e+001
+2.038570e+002	   +1.409657e+001
+2.047792e+002	   +1.414838e+001
+2.057055e+002	   +1.123836e+001
+2.066360e+002	   +7.386977e+000
+2.075707e+002	   +1.820807e+001
+2.085096e+002	   +2.515119e+001
+2.094528e+002	   +1.043154e+001
+2.104002e+002	   +1.521746e+001
+2.113519e+002	   +3.134461e+001
+2.123080e+002	   +2.413170e+001
+2.132683e+002	   +3.097810e+001
+2.142330e+002	   +3.434063e+001
+2.152021e+002	   +3.816773e+001
+2.161756e+002	   +2.207550e+001
+2.171534e+002	   +1.877363e+001
+2.181357e+002	   +1.660557e+001
+2.191224e+002	   +2.242256e+001
+2.201136e+002	   +1.680639e+001
+2.211093e+002	   +1.638044e+001
+2.221094e+002	   +1.609954e+001
+2.231141e+002	   +1.532745e+001
+2.241234e+002	   +3.868625e+001
+2.251372e+002	   +2.625188e+001
+2.261556e+002	   +1.467002e+001
+2.271786e+002	   +2.847582e+001
+2.282062e+002	   +1.865834e+001
+2.292384e+002	   +2.782612e+001
+2.302754e+002	   +2.141806e+001
+2.313170e+002	   +1.686896e+001
+2.323634e+002	   +3.065950e+001
+2.334145e+002	   +2.214615e+001
+2.344703e+002	   +2.269543e+001
+2.355309e+002	   +2.474959e+001
+2.365963e+002	   +1.563420e+001
+2.376665e+002	   +1.514348e+001
+2.387416e+002	   +2.386878e+001
+2.398215e+002	   +2.425692e+001
+2.409063e+002	   +1.644688e+001
+2.419961e+002	   +1.881061e+001
+2.430907e+002	   +1.569655e+001
+2.441903e+002	   +1.590860e+001
+2.452949e+002	   +2.536637e+001
+2.464045e+002	   +1.539208e+001
+2.475191e+002	   +2.075038e+001
+2.486387e+002	   +1.865679e+001
+2.497634e+002	   +2.188087e+001
+2.508932e+002	   +1.367962e+001
+2.520281e+002	   +1.921496e+001
+2.531681e+002	   +1.764541e+001
+2.543133e+002	   +2.404088e+001
+2.554637e+002	   +2.321877e+001
+2.566192e+002	   +2.710328e+001
+2.577800e+002	   +1.622062e+001
+2.589461e+002	   +2.644179e+001
+2.601174e+002	   +1.835396e+001
+2.612940e+002	   +2.360573e+001
+2.624760e+002	   +2.137590e+001
+2.636632e+002	   +2.732487e+001
+2.648559e+002	   +2.908132e+001
+2.660540e+002	   +1.147819e+001
+2.672574e+002	   +2.701224e+001
+2.684664e+002	   +1.618074e+001
+2.696808e+002	   +3.043932e+001
+2.709006e+002	   +2.312231e+001
+2.721260e+002	   +1.912548e+001
+2.733570e+002	   +3.923827e+001
+2.745935e+002	   +1.583488e+001
+2.758356e+002	   +2.546514e+001
+2.770833e+002	   +1.801257e+001
+2.783367e+002	   +1.631332e+001
+2.795957e+002	   +2.594834e+001
+2.808604e+002	   +2.901172e+001
+2.821309e+002	   +2.648387e+001
+2.834071e+002	   +2.974936e+001
+2.846891e+002	   +1.628056e+001
+2.859768e+002	   +3.247718e+001
+2.872704e+002	   +2.770920e+001
+2.885699e+002	   +8.782946e+000
+2.898752e+002	   +2.956498e+001
+2.911864e+002	   +1.677235e+001
+2.925036e+002	   +2.033052e+001
+2.938267e+002	   +2.408503e+001
+2.951558e+002	   +1.760537e+001
+2.964909e+002	   +2.411259e+001
+2.978321e+002	   +2.544922e+001
+2.991793e+002	   +2.327450e+001
+3.005326e+002	   +3.562066e+001
+3.018920e+002	   +1.863508e+001
+3.032576e+002	   +2.413375e+001
+3.046294e+002	   +2.139968e+001
+3.060074e+002	   +2.536076e+001
+3.073915e+002	   +1.525022e+001
+3.087820e+002	   +1.857681e+001
+3.101788e+002	   +1.484755e+001
+3.115818e+002	   +1.461643e+001
+3.129912e+002	   +1.808667e+001
+3.144070e+002	   +2.202434e+001
+3.158292e+002	   +2.466884e+001
+3.172579e+002	   +1.326521e+001
+3.186930e+002	   +3.673715e+001
+3.201346e+002	   +1.705694e+001
+3.215826e+002	   +3.819249e+001
+3.230373e+002	   +1.839255e+001
+3.244985e+002	   +1.603764e+001
+3.259664e+002	   +1.309923e+001
+3.274409e+002	   +2.504298e+001
+3.289220e+002	   +1.891164e+001
+3.304099e+002	   +2.058139e+001
+3.319044e+002	   +1.746628e+001
+3.334058e+002	   +2.347534e+001
+3.349139e+002	   +2.684055e+001
+3.364289e+002	   +2.239891e+001
+3.379507e+002	   +2.962856e+001
+3.394794e+002	   +1.659300e+001
+3.410150e+002	   +2.265014e+001
+3.425576e+002	   +3.584657e+001
+3.441071e+002	   +2.708185e+001
+3.456636e+002	   +2.109652e+001
+3.472272e+002	   +2.210615e+001
+3.487979e+002	   +2.848100e+001
+3.503756e+002	   +2.808681e+001
+3.519605e+002	   +2.358364e+001
+3.535526e+002	   +2.345523e+001
+3.551519e+002	   +1.812618e+001
+3.567584e+002	   +1.843398e+001
+3.583721e+002	   +1.898742e+001
+3.599932e+002	   +1.640305e+001
+3.616216e+002	   +1.710136e+001
+3.632574e+002	   +1.608645e+001
+3.649005e+002	   +1.856057e+001
+3.665511e+002	   +1.961043e+001
+3.682092e+002	   +1.716787e+001
+3.698748e+002	   +2.472801e+001
+3.715479e+002	   +1.859896e+001
+3.732285e+002	   +2.098632e+001
+3.749168e+002	   +1.809928e+001
+3.766127e+002	   +1.842972e+001
+3.783163e+002	   +1.740130e+001
+3.800276e+002	   +1.620394e+001
+3.817466e+002	   +2.089529e+001
+3.834734e+002	   +1.835672e+001
+3.852080e+002	   +1.907297e+001
+3.869505e+002	   +1.669013e+001
+3.887008e+002	   +1.695054e+001
+3.904591e+002	   +1.756362e+001
+3.922253e+002	   +3.492992e+001
+3.939995e+002	   +2.435148e+001
+3.957817e+002	   +1.915140e+001
+3.975720e+002	   +2.283517e+001
+3.993704e+002	   +2.008202e+001
+4.011769e+002	   +3.029267e+001
+4.029916e+002	   +2.085358e+001
+4.048145e+002	   +1.991215e+001
+4.066457e+002	   +2.817056e+001
+4.084851e+002	   +2.157277e+001
+4.103329e+002	   +1.486452e+001
+4.121890e+002	   +2.828774e+001
+4.140535e+002	   +1.853702e+001
+4.159264e+002	   +1.450939e+001
+4.178078e+002	   +1.969484e+001
+4.196978e+002	   +2.032306e+001
+4.215962e+002	   +1.667801e+001
+4.235033e+002	   +2.086122e+001
+4.254190e+002	   +1.599898e+001
+4.273433e+002	   +2.097885e+001
+4.292764e+002	   +1.342248e+001
+4.312182e+002	   +1.588852e+001
+4.331688e+002	   +2.053248e+001
+4.351281e+002	   +1.327465e+001
+4.370964e+002	   +1.690620e+001
+4.390736e+002	   +2.954597e+001
+4.410597e+002	   +2.311407e+001
+4.430548e+002	   +2.229383e+001
+4.450589e+002	   +1.269747e+001
+4.470721e+002	   +2.082966e+001
+4.490944e+002	   +1.712268e+001
+4.511259e+002	   +1.210802e+001
+4.531665e+002	   +1.445851e+001
+4.552164e+002	   +2.522576e+001
+4.572755e+002	   +1.540883e+001
+4.593440e+002	   +2.073219e+001
+4.614218e+002	   +2.114856e+001
+4.635090e+002	   +2.445661e+001
+4.656056e+002	   +1.767369e+001
+4.677118e+002	   +2.087169e+001
+4.698274e+002	   +1.892015e+001
+4.719526e+002	   +2.771376e+001
+4.740875e+002	   +1.610099e+001
+4.762320e+002	   +1.570893e+001
+4.783862e+002	   +1.388824e+001
+4.805501e+002	   +1.605688e+001
+4.827238e+002	   +1.370371e+001
+4.849074e+002	   +1.960823e+001
+4.871009e+002	   +1.204569e+001
+4.893042e+002	   +1.154954e+001
+4.915175e+002	   +1.690258e+001
+4.937409e+002	   +1.538618e+001
+4.959743e+002	   +4.340941e+000
+4.982178e+002	   +1.116419e+001
+5.004714e+002	   +1.368838e+001
+5.027353e+002	   +5.281509e+000
+5.050094e+002	   +8.640553e+000
+5.072938e+002	   +1.556693e+001
+5.095885e+002	   +1.122312e+001
+5.118936e+002	   +1.776155e+001
+5.142090e+002	   +8.734977e+000
+5.165350e+002	   +8.602977e+000
+5.188715e+002	   +9.478416e+000
+5.212186e+002	   +1.648722e+001
+5.235763e+002	   +9.781744e+000
+5.259446e+002	   +1.246711e+001
+5.283237e+002	   +3.016743e+000
+5.307136e+002	   +1.344484e+001
+5.331142e+002	   +1.141680e+001
+5.355257e+002	   +1.308402e+001
+5.379481e+002	   +1.538670e+001
+5.403815e+002	   +1.175833e+001
+5.428259e+002	   +1.159304e+001
+5.452813e+002	   +1.007064e+001
+5.477479e+002	   +1.590393e+001
+5.502255e+002	   +1.126017e+001
+5.527144e+002	   +6.841558e+000
+5.552146e+002	   +1.879881e+001
+5.577261e+002	   +5.164807e+000
+5.602489e+002	   +1.017276e+001
+5.627831e+002	   +1.109110e+001
+5.653289e+002	   +1.846067e+001
+5.678861e+002	   +3.131456e+000
+5.704549e+002	   +4.528659e+000
+5.730353e+002	   +9.940232e+000
+5.756274e+002	   +9.454157e+000
+5.782311e+002	   +8.266367e+000
+5.808467e+002	   +3.811012e+000
+5.834742e+002	   +7.544487e+000
+5.861135e+002	   -4.069446e+000
+5.887647e+002	   +4.529904e+000
+5.914279e+002	   +8.212751e+000
+5.941032e+002	   +1.297274e+001
+5.967906e+002	   +1.956160e-001
+5.994901e+002	   +7.152030e+000
+6.022019e+002	   +8.971823e+000
+6.049259e+002	   +1.332617e+001
+6.076622e+002	   +1.396908e+001
+6.104109e+002	   +6.547398e+000
+6.131721e+002	   +9.369084e+000
+6.159457e+002	   +4.338045e+000
+6.187319e+002	   +7.150034e+000
+6.215307e+002	   +1.086048e+001
+6.243422e+002	   +1.381770e+001
+6.271663e+002	   +1.588578e+001
+6.300032e+002	   +8.186230e+000
+6.328530e+002	   +3.753375e+000
+6.357157e+002	   +7.053431e+000
+6.385913e+002	   +4.614601e+000
+6.414799e+002	   +9.354298e+000
+6.443816e+002	   +1.149912e+001
+6.472964e+002	   +1.321486e+001
+6.502244e+002	   +1.259383e+001
+6.531656e+002	   +5.703658e+000
+6.561202e+002	   +1.495616e+001
+6.590881e+002	   +5.540651e+000
+6.620695e+002	   +1.189883e+001
+6.650643e+002	   +1.372331e+001
+6.680726e+002	   +6.631826e+000
+6.710946e+002	   +9.622776e+000
+6.741302e+002	   +1.324286e+001
+6.771796e+002	   +9.315634e+000
+6.802428e+002	   +1.174638e+001
+6.833198e+002	   +1.207358e+001
+6.864108e+002	   +1.894356e+001
+6.895157e+002	   +5.243034e+000
+6.926347e+002	   +1.167547e+001
+6.957678e+002	   +1.914525e+001
+6.989150e+002	   +1.053263e+001
+7.020765e+002	   +1.392122e+001
+7.052523e+002	   +1.900641e+001
+7.084424e+002	   +1.643062e+001
+7.116470e+002	   +1.011923e+001
+7.148661e+002	   +3.142189e+001
+7.180997e+002	   +1.184973e+001
+7.213480e+002	   +2.045091e+001
+7.246110e+002	   +2.406761e+001
+7.278887e+002	   +1.404876e+001
+7.311813e+002	   +2.432973e+001
+7.344887e+002	   +1.621886e+001
+7.378111e+002	   +1.371886e+001
+7.411486e+002	   +1.112490e+001
+7.445011e+002	   +1.895729e+001
+7.478688e+002	   +1.263960e+001
+7.512517e+002	   +2.067958e+001
+7.546499e+002	   +1.475108e+001
+7.580635e+002	   +1.565207e+001
+7.614926e+002	   +1.915966e+001
+7.649371e+002	   +1.996752e+001
+7.683973e+002	   +9.593163e+000
+7.718730e+002	   +2.170035e+001
+7.753646e+002	   +1.678476e+001
+7.788718e+002	   +2.397377e+001
+7.823950e+002	   +1.494810e+001
+7.859341e+002	   +1.223301e+001
+7.894893e+002	   +2.197496e+001
+7.930604e+002	   +3.060623e+001
+7.966478e+002	   +1.311194e+001
+8.002513e+002	   +1.474619e+001
+8.038712e+002	   +1.583188e+001
+8.075075e+002	   +1.163509e+001
+8.111602e+002	   +1.575380e+001
+8.148294e+002	   +1.504071e+001
+8.185152e+002	   +1.166859e+001
+8.222177e+002	   +1.507005e+001
+8.259370e+002	   +1.106109e+001
+8.296730e+002	   +1.134875e+001
+8.334260e+002	   +1.871342e+001
+8.371959e+002	   +1.786010e+001
+8.409829e+002	   +9.062830e+000
+8.447870e+002	   +2.524578e+000
+8.486084e+002	   +1.188054e+001
+8.524470e+002	   +1.875215e+001
+8.563030e+002	   +5.487208e+000
+8.601764e+002	   +1.365733e+001
+8.640673e+002	   +1.099577e+001
+8.679759e+002	   +7.936125e+000
+8.719021e+002	   +4.812072e+000
+8.758461e+002	   +3.580912e+000
+8.798079e+002	   +1.832415e+000
+8.837877e+002	   +1.859897e+001
+8.877854e+002	   +9.830105e+000
+8.918012e+002	   +9.803177e+000
+8.958352e+002	   +1.830995e+001
+8.998875e+002	   +1.277069e+001
+9.039580e+002	   +1.636509e+001
+9.080470e+002	   +1.518008e+001
+9.121545e+002	   +2.316853e+001
+9.162806e+002	   +1.408466e+001
+9.204253e+002	   +3.462355e+001
+9.245887e+002	   +1.394196e+001
+9.287711e+002	   +1.815652e+001
+9.329723e+002	   +1.504882e+001
+9.371925e+002	   +1.475446e+001
+9.414318e+002	   +1.655501e+001
+9.456904e+002	   +1.302111e+001
+9.499681e+002	   +1.371621e+001
+9.542652e+002	   +1.551266e+001
+9.585817e+002	   +1.523767e+001
+9.629178e+002	   +1.411222e+001
+9.672735e+002	   +1.481272e+001
+9.716489e+002	   +1.790733e+001
+9.760441e+002	   +1.748488e+001
+9.804592e+002	   +1.150775e+001
+9.848942e+002	   +2.642709e+001
+9.893492e+002	   +2.555088e+001
+9.938245e+002	   +1.803587e+001
+9.983200e+002	   +8.529131e+000
+1.002836e+003	   +1.107862e+001
+1.007372e+003	   +1.725456e+001
+1.011929e+003	   +2.109021e+001
+1.016506e+003	   +1.812742e+001
+1.021104e+003	   +1.005394e+001
+1.025723e+003	   +1.407754e+001
+1.030363e+003	   +1.093036e+001
+1.035024e+003	   +2.059933e+001
+1.039706e+003	   +8.048259e+000
+1.044409e+003	   +1.758249e+001
+1.049133e+003	   +6.914786e+000
+1.053879e+003	   +8.274344e+000
+1.058646e+003	   +8.699769e+000
+1.063434e+003	   +1.136060e+001
+1.068245e+003	   +2.250800e+001
+1.073077e+003	   +5.948293e+000
+1.077931e+003	   +2.221455e+001
+1.082807e+003	   +7.832694e+000
+1.087705e+003	   +8.528333e+000
+1.092625e+003	   +9.685557e+000
+1.097567e+003	   +9.650620e+000
+1.102532e+003	   +1.630898e+001
+1.107519e+003	   +5.532214e+000
+1.112529e+003	   +7.957515e+000
+1.117562e+003	   +1.034098e+001
+1.122617e+003	   +1.338245e+001
+1.127695e+003	   +1.528465e+001
+1.132796e+003	   +8.951324e+000
+1.137920e+003	   +1.688819e+001
+1.143067e+003	   +1.314956e+001
+1.148238e+003	   +1.443851e+001
+1.153432e+003	   +1.529731e+001
+1.158649e+003	   +1.879195e+001
+1.163890e+003	   +1.416035e+001
+1.169155e+003	   +1.050437e+001
+1.174444e+003	   +1.529871e+001
+1.179756e+003	   +2.167585e+001
+1.185093e+003	   +1.533373e+001
+1.190453e+003	   +1.580546e+001
+1.195838e+003	   +1.532354e+001
+1.201248e+003	   +2.740408e+001
+1.206682e+003	   +2.042687e+001
+1.212140e+003	   +2.419547e+001
+1.217623e+003	   +1.651345e+001
+1.223131e+003	   +1.434403e+001
+1.228663e+003	   +3.250004e+001
+1.234221e+003	   +1.594388e+001
+1.239804e+003	   +1.822253e+001
+1.245412e+003	   +2.344773e+001
+1.251046e+003	   +2.244913e+001
+1.256705e+003	   +1.559807e+001
+1.262389e+003	   +1.118157e+001
+1.268100e+003	   +1.929837e+001
+1.273836e+003	   +1.880092e+001
+1.279598e+003	   +1.622950e+001
+1.285386e+003	   +1.483742e+001
+1.291200e+003	   +2.560799e+001
+1.297041e+003	   +1.613110e+001
+1.302908e+003	   +9.332420e+000
+1.308802e+003	   +1.563407e+001
+1.314722e+003	   +1.390056e+001
+1.320669e+003	   +1.492960e+001
+1.326643e+003	   +2.563039e+001
+1.332644e+003	   +1.601005e+001
+1.338672e+003	   +1.044158e+001
+1.344728e+003	   +1.564364e+001
+1.350810e+003	   +1.802607e+001
+1.356921e+003	   +1.691026e+001
+1.363058e+003	   +1.800228e+001
+1.369224e+003	   +1.486127e+001
+1.375418e+003	   +1.116331e+001
+1.381639e+003	   +2.884158e+001
+1.387889e+003	   +2.337246e+001
+1.394167e+003	   +1.742689e+001
+1.400474e+003	   +1.432010e+001
+1.406808e+003	   +1.665785e+001
+1.413172e+003	   +1.275202e+001
+1.419564e+003	   +1.249642e+001
+1.425986e+003	   +1.219525e+001
+1.432436e+003	   +1.630067e+001
+1.438916e+003	   +2.420852e+001
+1.445424e+003	   +1.946033e+001
+1.451963e+003	   +1.881336e+001
+1.458531e+003	   +2.314794e+001
+1.465128e+003	   +1.987837e+001
+1.471755e+003	   +1.871870e+001
+1.478413e+003	   +2.125678e+001
+1.485100e+003	   +1.530597e+001
+1.491818e+003	   +1.800136e+001
+1.498566e+003	   +1.945905e+001
+1.505345e+003	   +1.983677e+001
+1.512154e+003	   +1.580161e+001
+1.518994e+003	   +1.767644e+001
+1.525865e+003	   +1.726604e+001
+1.532767e+003	   +1.231979e+001
+1.539701e+003	   +1.197164e+001
+1.546666e+003	   +1.781466e+001
+1.553662e+003	   +1.218825e+001
+1.560690e+003	   +1.663462e+001
+1.567749e+003	   +3.261290e+001
+1.574841e+003	   +3.112543e+001
+1.581965e+003	   +1.388640e+001
+1.589120e+003	   +1.311713e+001
+1.596309e+003	   +1.743320e+001
+1.603530e+003	   +1.835712e+001
+1.610783e+003	   +1.787406e+001
+1.618069e+003	   +1.663799e+001
+1.625388e+003	   +1.934990e+001
+1.632741e+003	   +1.440516e+001
+1.640126e+003	   +2.084762e+001
+1.647545e+003	   +1.903925e+001
+1.654998e+003	   +1.967347e+001
+1.662484e+003	   +1.401936e+001
+1.670004e+003	   +2.129055e+001
+1.677558e+003	   +1.519811e+001
+1.685147e+003	   +1.830223e+001
+1.692769e+003	   +1.632103e+001
+1.700426e+003	   +1.546461e+001
+1.708118e+003	   +1.887560e+001
+1.715845e+003	   +1.935030e+001
+1.723606e+003	   +1.518966e+001
+1.731403e+003	   +1.946848e+001
+1.739235e+003	   +1.285674e+001
+1.747102e+003	   +1.503979e+001
+1.755005e+003	   +1.427883e+001
+1.762943e+003	   +1.627557e+001
+1.770918e+003	   +1.955597e+001
+1.778929e+003	   +1.483261e+001
+1.786975e+003	   +1.358173e+001
+1.795059e+003	   +1.794371e+001
+1.803179e+003	   +1.395578e+001
+1.811335e+003	   +1.273600e+001
+1.819529e+003	   +1.567006e+001
+1.827759e+003	   +2.239010e+001
+1.836027e+003	   +1.461941e+001
+1.844332e+003	   +1.486390e+001
+1.852675e+003	   +1.917835e+001
+1.861055e+003	   +1.674008e+001
+1.869473e+003	   +1.439478e+001
+1.877930e+003	   +1.437676e+001
+1.886424e+003	   +1.543934e+001
+1.894958e+003	   +1.515065e+001
+1.903529e+003	   +1.288397e+001
+1.912140e+003	   +1.945863e+001
+1.920789e+003	   +1.429790e+001
+1.929478e+003	   +1.398779e+001
+1.938206e+003	   +2.121501e+001
+1.946973e+003	   +1.563834e+001
+1.955780e+003	   +1.590423e+001
+1.964627e+003	   +1.203410e+001
+1.973514e+003	   +1.434214e+001
+1.982441e+003	   +1.236956e+001
+1.991408e+003	   +1.495889e+001
+2.000416e+003	   +1.369674e+001
+2.009465e+003	   +1.325817e+001
+2.018554e+003	   +1.325737e+001
+2.027685e+003	   +1.148808e+001
+2.036857e+003	   +1.311428e+001
+2.046071e+003	   +1.464741e+001
+2.055326e+003	   +1.313872e+001
+2.064623e+003	   +1.316162e+001
+2.073962e+003	   +1.256656e+001
+2.083344e+003	   +1.423172e+001
+2.092768e+003	   +1.690554e+001
+2.102234e+003	   +1.148658e+001
+2.111743e+003	   +1.209261e+001
+2.121296e+003	   +1.167134e+001
+2.130891e+003	   +1.451469e+001
+2.140530e+003	   +1.744140e+001
+2.150213e+003	   +1.159158e+001
+2.159939e+003	   +1.384008e+001
+2.169709e+003	   +1.263585e+001
+2.179524e+003	   +1.045023e+001
+2.189383e+003	   +1.194610e+001
+2.199286e+003	   +1.153205e+001
+2.209234e+003	   +1.278638e+001
+2.219228e+003	   +1.255201e+001
+2.229266e+003	   +1.314824e+001
+2.239350e+003	   +9.722069e+000
+2.249480e+003	   +1.316375e+001
+2.259655e+003	   +1.329155e+001
+2.269876e+003	   +1.370995e+001
+2.280144e+003	   +1.022055e+001
+2.290458e+003	   +1.259394e+001
+2.300819e+003	   +1.209793e+001
+2.311226e+003	   +1.117590e+001
+2.321681e+003	   +1.267723e+001
+2.332183e+003	   +1.102538e+001
+2.342732e+003	   +1.131068e+001
+2.353330e+003	   +1.120100e+001
+2.363975e+003	   +1.038267e+001
+2.374668e+003	   +1.234492e+001
+2.385410e+003	   +8.906108e+000
+2.396200e+003	   +1.168091e+001
+2.407039e+003	   +1.069079e+001
+2.417927e+003	   +1.105083e+001
+2.428864e+003	   +9.144998e+000
+2.439851e+003	   +1.171360e+001
+2.450887e+003	   +9.794016e+000
+2.461974e+003	   +1.217825e+001
+2.473111e+003	   +1.149696e+001
+2.484297e+003	   +1.067821e+001
+2.495535e+003	   +1.190461e+001
+2.506823e+003	   +1.159412e+001
+2.518163e+003	   +9.868108e+000
+2.529553e+003	   +9.848456e+000
+2.540996e+003	   +1.046966e+001
+2.552490e+003	   +9.909258e+000
+2.564036e+003	   +9.717127e+000
+2.575634e+003	   +1.122106e+001
+2.587285e+003	   +1.009319e+001
+2.598988e+003	   +9.709050e+000
+2.610744e+003	   +9.424903e+000
+2.622554e+003	   +9.089178e+000
+2.634417e+003	   +9.097057e+000
+2.646333e+003	   +9.501320e+000
+2.658304e+003	   +9.482783e+000
+2.670328e+003	   +9.326308e+000
+2.682407e+003	   +9.329523e+000
+2.694541e+003	   +9.217588e+000
+2.706730e+003	   +9.499030e+000
+2.718973e+003	   +9.643078e+000
+2.731272e+003	   +9.144049e+000
+2.743627e+003	   +9.368516e+000
+2.756038e+003	   +8.995016e+000
+2.768504e+003	   +9.238751e+000
+2.781028e+003	   +9.029730e+000
+2.793607e+003	   +9.380014e+000
+2.806244e+003	   +8.928486e+000
+2.818938e+003	   +8.676023e+000
+2.831689e+003	   +8.620670e+000
+2.844498e+003	   +8.926212e+000
+2.857365e+003	   +8.720381e+000
+2.870290e+003	   +8.205709e+000
+2.883273e+003	   +8.188855e+000
+2.896316e+003	   +8.262030e+000
+2.909417e+003	   +7.914906e+000
+2.922578e+003	   +8.156160e+000
+2.935798e+003	   +7.818459e+000
+2.949078e+003	   +8.144924e+000
+2.962417e+003	   +8.221438e+000
+2.975818e+003	   +8.412650e+000
+2.989279e+003	   +7.826704e+000
+3.002800e+003	   +7.465237e+000
+3.016383e+003	   +7.714739e+000
+3.030028e+003	   +7.891142e+000
+3.043734e+003	   +7.643643e+000
+3.057502e+003	   +7.239416e+000
+3.071332e+003	   +7.948857e+000
+3.085225e+003	   +7.601810e+000
+3.099181e+003	   +6.966370e+000
+3.113200e+003	   +7.125800e+000
+3.127282e+003	   +7.057619e+000
+3.141428e+003	   +7.429593e+000
+3.155638e+003	   +7.249698e+000
+3.169913e+003	   +6.835330e+000
+3.184251e+003	   +6.767432e+000
+3.198655e+003	   +7.197083e+000
+3.213124e+003	   +7.131430e+000
+3.227658e+003	   +6.933414e+000
+3.242258e+003	   +6.684949e+000
+3.256925e+003	   +6.692691e+000
+3.271657e+003	   +6.298542e+000
+3.286456e+003	   +6.511968e+000
+3.301322e+003	   +6.420454e+000
+3.316255e+003	   +6.194050e+000
+3.331256e+003	   +6.150385e+000
+3.346325e+003	   +6.339816e+000
+3.361462e+003	   +6.268377e+000
+3.376667e+003	   +5.901058e+000
+3.391941e+003	   +6.005257e+000
+3.407284e+003	   +5.601345e+000
+3.422697e+003	   +5.932575e+000
+3.438179e+003	   +5.693896e+000
+3.453732e+003	   +5.688474e+000
+3.469354e+003	   +5.957740e+000
+3.485048e+003	   +5.556274e+000
+3.500812e+003	   +5.624373e+000
+3.516648e+003	   +5.501451e+000
+3.532555e+003	   +5.435311e+000
+3.548534e+003	   +5.432474e+000
+3.564586e+003	   +5.625624e+000
+3.580710e+003	   +5.264424e+000
+3.596907e+003	   +5.045411e+000
+3.613177e+003	   +5.279995e+000
+3.629521e+003	   +4.744092e+000
+3.645939e+003	   +5.146634e+000
+3.662431e+003	   +4.668607e+000
+3.678998e+003	   +4.654467e+000
+3.695640e+003	   +4.669302e+000
+3.712356e+003	   +4.665308e+000
+3.729149e+003	   +4.706033e+000
+3.746018e+003	   +4.752304e+000
+3.762962e+003	   +4.322139e+000
+3.779984e+003	   +4.053512e+000
+3.797082e+003	   +4.462803e+000
+3.814258e+003	   +4.425364e+000
+3.831512e+003	   +4.262258e+000
+3.848843e+003	   +4.144635e+000
+3.866253e+003	   +4.062866e+000
+3.883742e+003	   +4.018382e+000
+3.901310e+003	   +3.953106e+000
+3.918957e+003	   +4.025334e+000
+3.936684e+003	   +3.947322e+000
+3.954491e+003	   +3.784807e+000
+3.972379e+003	   +3.763377e+000
+3.990348e+003	   +3.574075e+000
+4.008398e+003	   +3.556386e+000
+4.026530e+003	   +3.533785e+000
+4.044743e+003	   +3.436587e+000
+4.063040e+003	   +3.374945e+000
+4.081418e+003	   +3.383831e+000
+4.099880e+003	   +3.316523e+000
+4.118426e+003	   +3.082043e+000
+4.137055e+003	   +3.087865e+000
+4.155769e+003	   +3.108431e+000
+4.174567e+003	   +2.979897e+000
+4.193451e+003	   +2.849673e+000
+4.212419e+003	   +3.104634e+000
+4.231474e+003	   +2.933391e+000
+4.250615e+003	   +2.917471e+000
+4.269842e+003	   +2.761706e+000
+4.289156e+003	   +2.839946e+000
+4.308558e+003	   +2.545350e+000
+4.328047e+003	   +2.589547e+000
+4.347625e+003	   +2.333122e+000
+4.367291e+003	   +2.547272e+000
+4.387046e+003	   +2.381770e+000
+4.406891e+003	   +2.300556e+000
+4.426825e+003	   +2.085203e+000
+4.446849e+003	   +2.182643e+000
+4.466964e+003	   +2.171015e+000
+4.487170e+003	   +2.191192e+000
+4.507468e+003	   +2.035892e+000
+4.527857e+003	   +2.052838e+000
+4.548338e+003	   +1.969304e+000
+4.568912e+003	   +1.797325e+000
+4.589580e+003	   +1.748802e+000
+4.610340e+003	   +1.724323e+000
+4.631195e+003	   +1.542611e+000
+4.652144e+003	   +1.565593e+000
+4.673187e+003	   +1.568390e+000
+4.694326e+003	   +1.467873e+000
+4.715561e+003	   +1.400409e+000
+4.736891e+003	   +1.358142e+000
+4.758318e+003	   +1.252003e+000
+4.779842e+003	   +1.172367e+000
+4.801463e+003	   +1.167156e+000
+4.823182e+003	   +1.067605e+000
+4.844999e+003	   +1.055928e+000
+4.866915e+003	   +9.984314e-001
+4.888930e+003	   +1.143557e+000
+4.911045e+003	   +7.925645e-001
+4.933260e+003	   +8.077399e-001
+4.955575e+003	   +8.682796e-001
+4.977991e+003	   +6.786276e-001
+5.000509e+003	   +6.739504e-001
+5.023128e+003	   +4.174622e-001
+5.045850e+003	   +6.741946e-001
+5.068674e+003	   +3.437982e-001
+5.091602e+003	   +4.268814e-001
+5.114634e+003	   +6.013284e-001
+5.137770e+003	   +2.804073e-001
+5.161010e+003	   +1.632304e-001
+5.184355e+003	   +8.209942e-002
+5.207806e+003	   +2.589027e-001
+5.231363e+003	   -9.692151e-003
+5.255027e+003	   -2.989795e-002
+5.278798e+003	   -1.369966e-002
+5.302676e+003	   -2.440551e-002
+5.326662e+003	   +6.230071e-003
+5.350757e+003	   -8.773839e-002
+5.374960e+003	   -1.296584e-001
+5.399274e+003	   -3.528227e-001
+5.423697e+003	   -3.353012e-001
+5.448231e+003	   -3.627843e-001
+5.472875e+003	   -4.277909e-001
+5.497631e+003	   -5.648226e-001
+5.522500e+003	   -5.647390e-001
+5.547480e+003	   -5.989912e-001
+5.572574e+003	   -6.550830e-001
+5.597781e+003	   -7.362887e-001
+5.623102e+003	   -7.578391e-001
+5.648538e+003	   -8.090010e-001
+5.674088e+003	   -8.701957e-001
+5.699755e+003	   -9.346623e-001
+5.725537e+003	   -8.964307e-001
+5.751437e+003	   -1.138319e+000
+5.777453e+003	   -1.050627e+000
+5.803586e+003	   -1.052813e+000
+5.829838e+003	   -1.089951e+000
+5.856209e+003	   -1.241895e+000
+5.882699e+003	   -1.333880e+000
+5.909310e+003	   -1.228495e+000
+5.936040e+003	   -1.337985e+000
+5.962891e+003	   -1.487802e+000
+5.989864e+003	   -1.476958e+000
+6.016958e+003	   -1.397728e+000
+6.044175e+003	   -1.586113e+000
+6.071516e+003	   -1.695052e+000
+6.098980e+003	   -1.799998e+000
+6.126568e+003	   -1.601586e+000
+6.154281e+003	   -1.639402e+000
+6.182120e+003	   -1.622028e+000
+6.210084e+003	   -1.805129e+000
+6.238175e+003	   -2.153694e+000
+6.266393e+003	   -1.988508e+000
+6.294738e+003	   -2.150506e+000
+6.323212e+003	   -2.088746e+000
+6.351814e+003	   -2.285004e+000
+6.380547e+003	   -2.386195e+000
+6.409409e+003	   -2.357676e+000
+6.438401e+003	   -2.407804e+000
+6.467524e+003	   -2.422215e+000
+6.496780e+003	   -2.453684e+000
+6.526167e+003	   -2.526326e+000
+6.555688e+003	   -2.579250e+000
+6.585342e+003	   -2.590827e+000
+6.615131e+003	   -2.671562e+000
+6.645054e+003	   -2.704170e+000
+6.675112e+003	   -2.657973e+000
+6.705307e+003	   -2.866238e+000
+6.735638e+003	   -2.901630e+000
+6.766105e+003	   -2.743261e+000
+6.796711e+003	   -2.955200e+000
+6.827456e+003	   -3.112401e+000
+6.858339e+003	   -3.183203e+000
+6.889363e+003	   -3.340329e+000
+6.920526e+003	   -3.335964e+000
+6.951831e+003	   -3.436807e+000
+6.983277e+003	   -3.490275e+000
+7.014865e+003	   -3.512869e+000
+7.046596e+003	   -3.603892e+000
+7.078471e+003	   -3.571121e+000
+7.110490e+003	   -3.730850e+000
+7.142654e+003	   -3.602293e+000
+7.174963e+003	   -3.799111e+000
+7.207418e+003	   -3.723926e+000
+7.240021e+003	   -3.740411e+000
+7.272771e+003	   -3.733916e+000
+7.305668e+003	   -3.720753e+000
+7.338715e+003	   -3.732248e+000
+7.371911e+003	   -3.733428e+000
+7.405257e+003	   -3.889567e+000
+7.438754e+003	   -4.153322e+000
+7.472403e+003	   -4.131045e+000
+7.506204e+003	   -3.971615e+000
+7.540158e+003	   -4.155438e+000
+7.574265e+003	   -4.183189e+000
+7.608526e+003	   -4.232628e+000
+7.642943e+003	   -4.280296e+000
+7.677515e+003	   -4.338711e+000
+7.712244e+003	   -4.404798e+000
+7.747130e+003	   -4.467134e+000
+7.782173e+003	   -4.551649e+000
+7.817375e+003	   -4.698064e+000
+7.852737e+003	   -4.670030e+000
+7.888258e+003	   -4.527176e+000
+7.923940e+003	   -4.772439e+000
+7.959783e+003	   -4.578486e+000
+7.995789e+003	   -4.958483e+000
+8.031957e+003	   -4.784054e+000
+8.068289e+003	   -4.820707e+000
+8.104785e+003	   -4.870179e+000
+8.141447e+003	   -5.056192e+000
+8.178274e+003	   -5.175809e+000
+8.215268e+003	   -4.952728e+000
+8.252429e+003	   -5.246785e+000
+8.289758e+003	   -5.360501e+000
+8.327256e+003	   -5.381545e+000
+8.364924e+003	   -5.290194e+000
+8.402762e+003	   -5.311756e+000
+8.440771e+003	   -5.453924e+000
+8.478952e+003	   -5.327567e+000
+8.517307e+003	   -5.411754e+000
+8.555834e+003	   -5.544246e+000
+8.594535e+003	   -5.565853e+000
+8.633412e+003	   -5.723217e+000
+8.672465e+003	   -5.745297e+000
+8.711694e+003	   -5.872976e+000
+8.751101e+003	   -5.914857e+000
+8.790686e+003	   -5.616056e+000
+8.830449e+003	   -5.894614e+000
+8.870394e+003	   -6.011401e+000
+8.910518e+003	   -6.003063e+000
+8.950824e+003	   -6.082854e+000
+8.991313e+003	   -6.004512e+000
+9.031984e+003	   -6.104452e+000
+9.072840e+003	   -6.095920e+000
+9.113880e+003	   -6.306826e+000
+9.155105e+003	   -6.381534e+000
+9.196519e+003	   -6.393364e+000
+9.238118e+003	   -6.352571e+000
+9.279905e+003	   -6.503642e+000
+9.321883e+003	   -6.550179e+000
+9.364050e+003	   -6.514593e+000
+9.406407e+003	   -6.638996e+000
+9.448956e+003	   -6.578038e+000
+9.491698e+003	   -6.676334e+000
+9.534633e+003	   -6.754961e+000
+9.577762e+003	   -6.803986e+000
+9.621086e+003	   -6.654121e+000
+9.664606e+003	   -6.849736e+000
+9.708323e+003	   -6.991825e+000
+9.752238e+003	   -7.022780e+000
+9.796353e+003	   -6.957533e+000
+9.840665e+003	   -7.020423e+000
+9.885179e+003	   -7.134747e+000
+9.929894e+003	   -7.041735e+000
+9.974811e+003	   -7.228617e+000
+1.001993e+004	   -7.246666e+000
+1.006525e+004	   -7.350693e+000
+1.011079e+004	   -7.618046e+000
+1.015652e+004	   -7.447887e+000
+1.020246e+004	   -7.460947e+000
+1.024861e+004	   -7.573509e+000
+1.029497e+004	   -7.587014e+000
+1.034154e+004	   -7.487500e+000
+1.038832e+004	   -7.734140e+000
+1.043531e+004	   -7.641659e+000
+1.048251e+004	   -7.875240e+000
+1.052993e+004	   -7.809848e+000
+1.057756e+004	   -7.892887e+000
+1.062541e+004	   -7.888155e+000
+1.067347e+004	   -7.884752e+000
+1.072175e+004	   -7.829938e+000
+1.077025e+004	   -7.851418e+000
+1.081897e+004	   -8.018950e+000
+1.086791e+004	   -8.172665e+000
+1.091707e+004	   -8.126169e+000
+1.096645e+004	   -8.456752e+000
+1.101606e+004	   -8.424242e+000
+1.106589e+004	   -8.179078e+000
+1.111594e+004	   -8.292919e+000
+1.116622e+004	   -8.644225e+000
+1.121673e+004	   -8.623174e+000
+1.126747e+004	   -8.525429e+000
+1.131844e+004	   -8.789141e+000
+1.136964e+004	   -8.711452e+000
+1.142107e+004	   -8.428062e+000
+1.147273e+004	   -8.626133e+000
+1.152463e+004	   -8.730882e+000
+1.157676e+004	   -8.821256e+000
+1.162912e+004	   -8.872245e+000
+1.168173e+004	   -8.798762e+000
+1.173457e+004	   -8.985960e+000
+1.178765e+004	   -8.938604e+000
+1.184097e+004	   -9.066046e+000
+1.189453e+004	   -9.163021e+000
+1.194833e+004	   -9.145226e+000
+1.200238e+004	   -9.183741e+000
+1.205667e+004	   -9.255899e+000
+1.211121e+004	   -9.421614e+000
+1.216600e+004	   -9.430912e+000
+1.222103e+004	   -9.430218e+000
+1.227631e+004	   -9.610072e+000
+1.233184e+004	   -9.666373e+000
+1.238762e+004	   -9.490776e+000
+1.244366e+004	   -9.785036e+000
+1.249994e+004	   -9.597683e+000
+1.255649e+004	   -9.646310e+000
+1.261329e+004	   -9.908006e+000
+1.267034e+004	   -9.461809e+000
+1.272765e+004	   -9.942124e+000
+1.278523e+004	   -1.009510e+001
+1.284306e+004	   -1.019246e+001
+1.290115e+004	   -1.004370e+001
+1.295951e+004	   -9.882096e+000
+1.301813e+004	   -9.800346e+000
+1.307702e+004	   -1.042282e+001
+1.313617e+004	   -1.043462e+001
+1.319559e+004	   -1.061102e+001
+1.325528e+004	   -1.063962e+001
+1.331524e+004	   -1.022644e+001
+1.337547e+004	   -1.036326e+001
+1.343597e+004	   -1.014293e+001
+1.349675e+004	   -1.079197e+001
+1.355780e+004	   -1.077060e+001
+1.361913e+004	   -1.045444e+001
+1.368074e+004	   -1.030991e+001
+1.374262e+004	   -1.042224e+001
+1.380478e+004	   -1.064459e+001
+1.386723e+004	   -1.103865e+001
+1.392996e+004	   -1.113073e+001
+1.399297e+004	   -1.115581e+001
+1.405626e+004	   -1.097918e+001
+1.411984e+004	   -1.080712e+001
+1.418371e+004	   -1.100498e+001
+1.424787e+004	   -1.109998e+001
+1.431232e+004	   -1.115483e+001
+1.437706e+004	   -1.122714e+001
+1.444210e+004	   -1.116131e+001
+1.450742e+004	   -1.122078e+001
+1.457305e+004	   -1.094166e+001
+1.463897e+004	   -1.120618e+001
+1.470519e+004	   -1.133846e+001
+1.477170e+004	   -1.157025e+001
+1.483852e+004	   -1.142948e+001
+1.490564e+004	   -1.124374e+001
+1.497307e+004	   -1.191695e+001
+1.504080e+004	   -1.130615e+001
+1.510883e+004	   -1.189319e+001
+1.517718e+004	   -1.198976e+001
+1.524583e+004	   -1.177363e+001
+1.531479e+004	   -1.195533e+001
+1.538407e+004	   -1.204928e+001
+1.545366e+004	   -1.160409e+001
+1.552356e+004	   -1.232813e+001
+1.559378e+004	   -1.199091e+001
+1.566432e+004	   -1.200165e+001
+1.573517e+004	   -1.209474e+001
+1.580635e+004	   -1.191269e+001
+1.587785e+004	   -1.207585e+001
+1.594967e+004	   -1.226894e+001
+1.602182e+004	   -1.193971e+001
+1.609429e+004	   -1.246748e+001
+1.616709e+004	   -1.234300e+001
+1.624023e+004	   -1.252372e+001
+1.631369e+004	   -1.240864e+001
+1.638748e+004	   -1.237791e+001
+1.646161e+004	   -1.264930e+001
+1.653607e+004	   -1.262653e+001
+1.661087e+004	   -1.271185e+001
+1.668601e+004	   -1.279990e+001
+1.676149e+004	   -1.287147e+001
+1.683730e+004	   -1.273810e+001
+1.691347e+004	   -1.269351e+001
+1.698997e+004	   -1.314043e+001
+1.706683e+004	   -1.300603e+001
+1.714403e+004	   -1.310029e+001
+1.722158e+004	   -1.284932e+001
+1.729948e+004	   -1.318168e+001
+1.737773e+004	   -1.327192e+001
+1.745634e+004	   -1.343712e+001
+1.753530e+004	   -1.340716e+001
+1.761462e+004	   -1.328456e+001
+1.769430e+004	   -1.337096e+001
+1.777434e+004	   -1.365851e+001
+1.785474e+004	   -1.349570e+001
+1.793550e+004	   -1.372489e+001
+1.801663e+004	   -1.337219e+001
+1.809813e+004	   -1.360194e+001
+1.817999e+004	   -1.372669e+001
+1.826223e+004	   -1.370564e+001
+1.834484e+004	   -1.376527e+001
+1.842782e+004	   -1.367324e+001
+1.851118e+004	   -1.387130e+001
+1.859491e+004	   -1.398043e+001
+1.867902e+004	   -1.381270e+001
+1.876352e+004	   -1.403569e+001
+1.884839e+004	   -1.421932e+001
+1.893365e+004	   -1.426709e+001
+1.901930e+004	   -1.400476e+001
+1.910533e+004	   -1.397703e+001
+1.919175e+004	   -1.418988e+001
+1.927856e+004	   -1.415266e+001
+1.936577e+004	   -1.410727e+001
+1.945337e+004	   -1.426470e+001
+1.954136e+004	   -1.446979e+001
+1.962976e+004	   -1.435774e+001
+1.971855e+004	   -1.447352e+001
+1.980775e+004	   -1.452697e+001
+1.989735e+004	   -1.450715e+001
+1.998735e+004	   -1.460165e+001
+2.007776e+004	   -1.463402e+001
+2.016858e+004	   -1.449242e+001
+2.025981e+004	   -1.481190e+001
+2.035146e+004	   -1.490671e+001
+2.044351e+004	   -1.501275e+001
+2.053599e+004	   -1.512494e+001
+2.062888e+004	   -1.531142e+001
+2.072219e+004	   -1.564847e+001
+2.081593e+004	   -1.560753e+001
+2.091009e+004	   -1.590209e+001
+2.100467e+004	   -1.563737e+001
+2.109969e+004	   -1.546864e+001
+2.119513e+004	   -1.585203e+001
+2.129100e+004	   -1.592441e+001
+2.138731e+004	   -1.553331e+001
+2.148406e+004	   -1.616215e+001
+2.158124e+004	   -1.594780e+001
+2.167886e+004	   -1.561358e+001
+2.177692e+004	   -1.599300e+001
+2.187543e+004	   -1.580460e+001
+2.197438e+004	   -1.582632e+001
+2.207378e+004	   -1.616027e+001
+2.217363e+004	   -1.607958e+001
+2.227393e+004	   -1.651249e+001
+2.237468e+004	   -1.618473e+001
+2.247589e+004	   -1.642601e+001
+2.257756e+004	   -1.636948e+001
+2.267969e+004	   -1.652642e+001
+2.278228e+004	   -1.648533e+001
+2.288533e+004	   -1.648504e+001
+2.298885e+004	   -1.664737e+001
+2.309284e+004	   -1.697987e+001
+2.319730e+004	   -1.669885e+001
+2.330223e+004	   -1.650253e+001
+2.340764e+004	   -1.676870e+001
+2.351352e+004	   -1.683316e+001
+2.361988e+004	   -1.672692e+001
+2.372672e+004	   -1.698573e+001
+2.383405e+004	   -1.704462e+001
+2.394186e+004	   -1.692355e+001
+2.405016e+004	   -1.714441e+001
+2.415895e+004	   -1.728153e+001
+2.426823e+004	   -1.716709e+001
+2.437801e+004	   -1.721815e+001
+2.448828e+004	   -1.736234e+001
+2.459905e+004	   -1.746698e+001
+2.471032e+004	   -1.731139e+001
+2.482210e+004	   -1.749717e+001
+2.493438e+004	   -1.749039e+001
+2.504717e+004	   -1.749334e+001
+2.516047e+004	   -1.780933e+001
+2.527428e+004	   -1.789401e+001
+2.538860e+004	   -1.790446e+001
+2.550345e+004	   -1.811524e+001
+2.561881e+004	   -1.761392e+001
+2.573470e+004	   -1.818878e+001
+2.585110e+004	   -1.841020e+001
+2.596804e+004	   -1.811061e+001
+2.608550e+004	   -1.800378e+001
+2.620350e+004	   -1.797743e+001
+2.632203e+004	   -1.828617e+001
+2.644110e+004	   -1.869873e+001
+2.656070e+004	   -1.858716e+001
+2.668084e+004	   -1.875875e+001
+2.680153e+004	   -1.849732e+001
+2.692277e+004	   -1.857393e+001
+2.704455e+004	   -1.873194e+001
+2.716688e+004	   -1.884303e+001
+2.728977e+004	   -1.879681e+001
+2.741321e+004	   -1.897625e+001
+2.753722e+004	   -1.903289e+001
+2.766178e+004	   -1.916215e+001
+2.778691e+004	   -1.904606e+001
+2.791260e+004	   -1.915612e+001
+2.803886e+004	   -1.909381e+001
+2.816569e+004	   -1.932365e+001
+2.829310e+004	   -1.937618e+001
+2.842108e+004	   -1.970644e+001
+2.854964e+004	   -1.936547e+001
+2.867878e+004	   -1.941839e+001
+2.880851e+004	   -1.958896e+001
+2.893882e+004	   -1.960990e+001
+2.906972e+004	   -1.984053e+001
+2.920122e+004	   -1.977725e+001
+2.933331e+004	   -1.948303e+001
+2.946599e+004	   -2.004565e+001
+2.959928e+004	   -1.999999e+001
+2.973317e+004	   -2.030777e+001
+2.986767e+004	   -2.006813e+001
+3.000277e+004	   -2.028274e+001
+3.013848e+004	   -2.018952e+001
+3.027481e+004	   -2.006609e+001
+3.041176e+004	   -2.018402e+001
+3.054933e+004	   -2.074401e+001
+3.068751e+004	   -2.065894e+001
+3.082633e+004	   -2.079030e+001
+3.096577e+004	   -2.123658e+001
+3.110584e+004	   -2.117955e+001
+3.124654e+004	   -2.091584e+001
+3.138788e+004	   -2.131931e+001
+3.152987e+004	   -2.105013e+001
+3.167249e+004	   -2.103834e+001
+3.181576e+004	   -2.130955e+001
+3.195967e+004	   -2.147930e+001
+3.210424e+004	   -2.121478e+001
+3.224946e+004	   -2.134081e+001
+3.239534e+004	   -2.160562e+001
+3.254188e+004	   -2.164321e+001
+3.268908e+004	   -2.126682e+001
+3.283694e+004	   -2.180800e+001
+3.298548e+004	   -2.205794e+001
+3.313469e+004	   -2.190368e+001
+3.328457e+004	   -2.210581e+001
+3.343513e+004	   -2.227481e+001
+3.358637e+004	   -2.223915e+001
+3.373829e+004	   -2.233194e+001
+3.389091e+004	   -2.237039e+001
+3.404421e+004	   -2.247540e+001
+3.419821e+004	   -2.231076e+001
+3.435290e+004	   -2.281614e+001
+3.450829e+004	   -2.296996e+001
+3.466439e+004	   -2.262045e+001
+3.482119e+004	   -2.327259e+001
+3.497870e+004	   -2.300080e+001
+3.513693e+004	   -2.293342e+001
+3.529586e+004	   -2.280564e+001
+3.545552e+004	   -2.302322e+001
+3.561590e+004	   -2.364209e+001
+3.577701e+004	   -2.363890e+001
+3.593884e+004	   -2.370216e+001
+3.610141e+004	   -2.373696e+001
+3.626471e+004	   -2.369961e+001
+3.642875e+004	   -2.379701e+001
+3.659354e+004	   -2.382421e+001
+3.675906e+004	   -2.391893e+001
+3.692534e+004	   -2.427684e+001
+3.709237e+004	   -2.445300e+001
+3.726015e+004	   -2.455658e+001
+3.742870e+004	   -2.489105e+001
+3.759800e+004	   -2.465309e+001
+3.776807e+004	   -2.481064e+001
+3.793891e+004	   -2.496338e+001
+3.811053e+004	   -2.509602e+001
+3.828292e+004	   -2.536585e+001
+3.845609e+004	   -2.470449e+001
+3.863004e+004	   -2.497349e+001
+3.880478e+004	   -2.541784e+001
+3.898031e+004	   -2.480207e+001
+3.915664e+004	   -2.518089e+001
+3.933376e+004	   -2.519233e+001
+3.951168e+004	   -2.542473e+001
+3.969041e+004	   -2.546734e+001
+3.986995e+004	   -2.597671e+001
+4.005030e+004	   -2.584230e+001
+4.023146e+004	   -2.536842e+001
+4.041345e+004	   -2.622457e+001
+4.059625e+004	   -2.608136e+001
+4.077989e+004	   -2.584583e+001
+4.096435e+004	   -2.511926e+001
+4.114965e+004	   -2.578494e+001
+4.133579e+004	   -2.577170e+001
+4.152277e+004	   -2.535246e+001
+4.171059e+004	   -2.543962e+001
+4.189927e+004	   -2.549595e+001
+4.208879e+004	   -2.616811e+001
+4.227918e+004	   -2.655369e+001
+4.247043e+004	   -2.558032e+001
+4.266254e+004	   -2.578211e+001
+4.285552e+004	   -2.701801e+001
+4.304937e+004	   -2.635682e+001
+4.324410e+004	   -2.602943e+001
+4.343971e+004	   -2.597173e+001
+4.363621e+004	   -2.644555e+001
+4.383359e+004	   -2.680371e+001
+4.403188e+004	   -2.609295e+001
+4.423105e+004	   -2.717495e+001
+4.443113e+004	   -2.712301e+001
+4.463211e+004	   -2.658441e+001
+4.483400e+004	   -2.603504e+001
+4.503680e+004	   -2.650538e+001
+4.524052e+004	   -2.659552e+001
+4.544516e+004	   -2.674468e+001
+4.565073e+004	   -2.709174e+001
+4.585723e+004	   -2.706857e+001
+4.606466e+004	   -2.645377e+001
+4.627303e+004	   -2.633552e+001
+4.648234e+004	   -2.668771e+001
+4.669260e+004	   -2.630380e+001
+4.690381e+004	   -2.616558e+001
+4.711598e+004	   -2.552588e+001
+4.732910e+004	   -2.569558e+001
+4.754319e+004	   -2.533800e+001
+4.775825e+004	   -2.540523e+001
+4.797428e+004	   -2.489902e+001
+4.819129e+004	   -2.481668e+001
+4.840928e+004	   -2.511520e+001
+4.862825e+004	   -2.481824e+001
+4.884822e+004	   -2.471233e+001
+4.906918e+004	   -2.410777e+001
+4.929114e+004	   -2.362654e+001
+4.951411e+004	   -2.332899e+001
+4.973808e+004	   -2.356964e+001
+4.996307e+004	   -2.370518e+001
+5.018907e+004	   -2.353868e+001
+5.041610e+004	   -2.367429e+001
+5.064415e+004	   -2.341533e+001
+5.087323e+004	   -2.355576e+001
+5.110336e+004	   -2.316510e+001
+5.133452e+004	   -2.346326e+001
+5.156673e+004	   -2.342659e+001
+5.179998e+004	   -2.356329e+001
+5.203430e+004	   -2.357451e+001
+5.226967e+004	   -2.363561e+001
+5.250611e+004	   -2.359437e+001
+5.274362e+004	   -2.358083e+001
+5.298220e+004	   -2.386752e+001
+5.322186e+004	   -2.349858e+001
+5.346261e+004	   -2.359540e+001
+5.370444e+004	   -2.341158e+001
+5.394737e+004	   -2.343751e+001
+5.419139e+004	   -2.370938e+001
+5.443652e+004	   -2.328921e+001
+5.468276e+004	   -2.339428e+001
+5.493012e+004	   -2.359318e+001
+5.517859e+004	   -2.340495e+001
+5.542818e+004	   -2.324295e+001
+5.567891e+004	   -2.345815e+001
+5.593077e+004	   -2.340593e+001
+5.618377e+004	   -2.334069e+001
+5.643791e+004	   -2.302374e+001
+5.669320e+004	   -2.319160e+001
+5.694965e+004	   -2.308282e+001
+5.720726e+004	   -2.287989e+001
+5.746603e+004	   -2.280549e+001
+5.772597e+004	   -2.261596e+001
+5.798709e+004	   -2.256123e+001
+5.824939e+004	   -2.264640e+001
+5.851288e+004	   -2.255154e+001
+5.877756e+004	   -2.231422e+001
+5.904343e+004	   -2.313634e+001
+5.931051e+004	   -2.355424e+001
+5.957880e+004	   -2.431056e+001
+5.984830e+004	   -2.559326e+001
+6.011902e+004	   -2.563713e+001
+6.039096e+004	   -2.536978e+001
+6.066414e+004	   -2.557633e+001
+6.093855e+004	   -2.587095e+001
+6.121420e+004	   -2.555641e+001
+6.149109e+004	   -2.618026e+001
+6.176925e+004	   -2.576035e+001
+6.204865e+004	   -2.573312e+001
+6.232933e+004	   -2.550703e+001
+6.261127e+004	   -2.521184e+001
+6.289448e+004	   -2.521337e+001
+6.317898e+004	   -2.612781e+001
+6.346477e+004	   -2.581526e+001
+6.375185e+004	   -2.538409e+001
+6.404022e+004	   -2.599019e+001
+6.432991e+004	   -2.579881e+001
+6.462090e+004	   -2.571606e+001
+6.491320e+004	   -2.618578e+001
+6.520684e+004	   -2.635565e+001
+6.550179e+004	   -2.603916e+001
+6.579809e+004	   -2.593680e+001
+6.609572e+004	   -2.586348e+001
+6.639470e+004	   -2.615525e+001
+6.669503e+004	   -2.616351e+001
+6.699672e+004	   -2.578195e+001
+6.729977e+004	   -2.584875e+001
+6.760420e+004	   -2.673531e+001
+6.791000e+004	   -2.746537e+001
+6.821719e+004	   -2.664231e+001
+6.852576e+004	   -2.692167e+001
+6.883573e+004	   -2.729250e+001
+6.914711e+004	   -2.705709e+001
+6.945989e+004	   -2.703334e+001
+6.977409e+004	   -2.712952e+001
+7.008970e+004	   -2.730979e+001
+7.040675e+004	   -2.731606e+001
+7.072523e+004	   -2.688834e+001
+7.104515e+004	   -2.725873e+001
+7.136652e+004	   -2.688965e+001
+7.168934e+004	   -2.697562e+001
+7.201362e+004	   -2.694701e+001
+7.233937e+004	   -2.687193e+001
+7.266659e+004	   -2.702423e+001
+7.299529e+004	   -2.650230e+001
+7.332548e+004	   -2.665403e+001
+7.365716e+004	   -2.750763e+001
+7.399034e+004	   -2.720707e+001
+7.432503e+004	   -2.721779e+001
+7.466123e+004	   -2.761367e+001
+7.499896e+004	   -2.763193e+001
+7.533821e+004	   -2.766115e+001
+7.567900e+004	   -2.814686e+001
+7.602133e+004	   -2.805936e+001
+7.636520e+004	   -2.765998e+001
+7.671063e+004	   -2.732970e+001
+7.705763e+004	   -2.799230e+001
+7.740620e+004	   -2.790905e+001
+7.775634e+004	   -2.816482e+001
+7.810806e+004	   -2.767094e+001
+7.846138e+004	   -2.747821e+001
+7.881629e+004	   -2.648399e+001
+7.917281e+004	   -2.897427e+001
+7.953095e+004	   -2.734037e+001
+7.989070e+004	   -2.707674e+001
+8.025207e+004	   -2.731693e+001
+8.061509e+004	   -2.679551e+001
+8.097974e+004	   -2.687497e+001
+8.134605e+004	   -2.686207e+001
+8.171402e+004	   -2.663058e+001
+8.208364e+004	   -2.696312e+001
+8.245494e+004	   -2.861830e+001
+8.282791e+004	   -2.752964e+001
+8.320259e+004	   -2.558300e+001
+8.357895e+004	   -2.787926e+001
+8.395701e+004	   -3.194600e+001
+8.433678e+004	   -3.151097e+001
+8.471827e+004	   -3.131198e+001
+8.510148e+004	   -2.930334e+001
+8.548644e+004	   -3.082098e+001
+8.587313e+004	   -3.146401e+001
+8.626157e+004	   -3.087054e+001
+8.665177e+004	   -3.121164e+001
+8.704373e+004	   -3.149846e+001
+8.743747e+004	   -3.084229e+001
+8.783298e+004	   -3.217625e+001
+8.823029e+004	   -3.187595e+001
+8.862939e+004	   -3.233372e+001
+8.903030e+004	   -3.196547e+001
+8.943302e+004	   -3.114050e+001
+8.983756e+004	   -3.202443e+001
+9.024394e+004	   -3.119506e+001
+9.065215e+004	   -3.021976e+001
+9.106221e+004	   -3.101839e+001
+9.147413e+004	   -3.128092e+001
+9.188790e+004	   -3.079817e+001
+9.230355e+004	   -3.124731e+001
+9.272107e+004	   -3.336003e+001
+9.314049e+004	   -3.241430e+001
+9.356180e+004	   -3.401390e+001
+9.398502e+004	   -3.282236e+001
+9.441016e+004	   -3.306168e+001
+9.483722e+004	   -3.470039e+001
+9.526620e+004	   -3.432395e+001
+9.569713e+004	   -3.543147e+001
+9.613002e+004	   -3.397368e+001
+9.656485e+004	   -3.572578e+001
+9.700166e+004	   -3.500371e+001
+9.744043e+004	   -3.470707e+001
+9.788120e+004	   -3.591909e+001
+9.832395e+004	   -3.649822e+001
+9.876872e+004	   -3.675818e+001
+9.921549e+004	   -3.598407e+001
+9.966428e+004	   -3.612541e+001
+1.001151e+005	   -3.635684e+001
+1.005680e+005	   -3.646270e+001
+1.010229e+005	   -3.644403e+001
+1.014799e+005	   -3.684584e+001
+1.019389e+005	   -3.718547e+001
+1.024000e+005	   -3.688435e+001
