+6.600000e+003	   +3.627262e-006
+6.601000e+003	   +3.609131e-006
+6.602000e+003	   +3.121702e-006
+6.603000e+003	   +3.030175e-006
+6.604000e+003	   +3.193712e-006
+6.605000e+003	   +3.279669e-006
+6.606000e+003	   +3.467262e-006
+6.607000e+003	   +3.878783e-006
+6.608000e+003	   +3.989577e-006
+6.609000e+003	   +3.951571e-006
+6.610000e+003	   +3.986486e-006
+6.611000e+003	   +3.615365e-006
+6.612000e+003	   +3.275509e-006
+6.613000e+003	   +3.150695e-006
+6.614000e+003	   +3.034403e-006
+6.615000e+003	   +3.050203e-006
+6.616000e+003	   +3.383993e-006
+6.617000e+003	   +3.574200e-006
+6.618000e+003	   +3.377208e-006
+6.619000e+003	   +3.302303e-006
+6.620000e+003	   +3.157219e-006
+6.621000e+003	   +2.984953e-006
+6.622000e+003	   +3.260525e-006
+6.623000e+003	   +3.375414e-006
+6.624000e+003	   +3.333706e-006
+6.625000e+003	   +3.195621e-006
+6.626000e+003	   +3.112735e-006
+6.627000e+003	   +3.381527e-006
+6.628000e+003	   +3.203339e-006
+6.629000e+003	   +2.782747e-006
+6.630000e+003	   +2.934796e-006
+6.631000e+003	   +3.451203e-006
+6.632000e+003	   +3.818099e-006
+6.633000e+003	   +4.116894e-006
+6.634000e+003	   +4.086675e-006
+6.635000e+003	   +3.535551e-006
+6.636000e+003	   +3.452700e-006
+6.637000e+003	   +3.589813e-006
+6.638000e+003	   +3.383580e-006
+6.639000e+003	   +3.222911e-006
+6.640000e+003	   +3.241564e-006
+6.641000e+003	   +3.333010e-006
+6.642000e+003	   +3.467555e-006
+6.643000e+003	   +3.237353e-006
+6.644000e+003	   +3.195677e-006
+6.645000e+003	   +3.048673e-006
+6.646000e+003	   +3.162611e-006
+6.647000e+003	   +3.211858e-006
+6.648000e+003	   +3.301201e-006
+6.649000e+003	   +3.421600e-006
+6.650000e+003	   +3.490424e-006
+6.651000e+003	   +3.607768e-006
+6.652000e+003	   +3.600210e-006
+6.653000e+003	   +3.529854e-006
+6.654000e+003	   +3.362201e-006
+6.655000e+003	   +3.581089e-006
+6.656000e+003	   +3.758810e-006
+6.657000e+003	   +3.854115e-006
+6.658000e+003	   +3.890952e-006
+6.659000e+003	   +3.629337e-006
+6.660000e+003	   +3.138656e-006
+6.661000e+003	   +3.177274e-006
+6.662000e+003	   +3.505117e-006
+6.663000e+003	   +3.754516e-006
+6.664000e+003	   +4.142685e-006
+6.665000e+003	   +3.807416e-006
+6.666000e+003	   +3.325816e-006
+6.667000e+003	   +3.274182e-006
+6.668000e+003	   +3.557459e-006
+6.669000e+003	   +3.466089e-006
+6.670000e+003	   +3.378120e-006
+6.671000e+003	   +3.564379e-006
+6.672000e+003	   +3.561738e-006
+6.673000e+003	   +3.458779e-006
+6.674000e+003	   +3.626657e-006
+6.675000e+003	   +3.626278e-006
+6.676000e+003	   +3.556260e-006
+6.677000e+003	   +3.509831e-006
+6.678000e+003	   +3.408922e-006
+6.679000e+003	   +3.345179e-006
+6.680000e+003	   +3.861909e-006
+6.681000e+003	   +4.451180e-006
+6.682000e+003	   +4.385781e-006
+6.683000e+003	   +4.048050e-006
+6.684000e+003	   +3.803238e-006
+6.685000e+003	   +3.862456e-006
+6.686000e+003	   +3.741463e-006
+6.687000e+003	   +3.689686e-006
+6.688000e+003	   +3.695837e-006
+6.689000e+003	   +3.549417e-006
+6.690000e+003	   +3.204887e-006
+6.691000e+003	   +4.446022e-006
+6.692000e+003	   +1.706715e-005
+6.693000e+003	   +3.289836e-005
+6.694000e+003	   +2.934525e-005
+6.695000e+003	   +1.222881e-005
+6.696000e+003	   +3.932065e-006
+6.697000e+003	   +3.664260e-006
+6.698000e+003	   +3.642475e-006
+6.699000e+003	   +3.671787e-006
+6.700000e+003	   +3.901412e-006
+6.701000e+003	   +3.818132e-006
+6.702000e+003	   +3.459565e-006
+6.703000e+003	   +3.676071e-006
+6.704000e+003	   +4.013160e-006
+6.705000e+003	   +3.773203e-006
+6.706000e+003	   +3.682915e-006
+6.707000e+003	   +3.588666e-006
+6.708000e+003	   +3.369833e-006
+6.709000e+003	   +3.195144e-006
+6.710000e+003	   +3.375495e-006
+6.711000e+003	   +3.702376e-006
+6.712000e+003	   +4.152955e-006
+6.713000e+003	   +4.262500e-006
+6.714000e+003	   +3.862629e-006
+6.715000e+003	   +3.619611e-006
+6.716000e+003	   +3.905552e-006
+6.717000e+003	   +4.005818e-006
+6.718000e+003	   +3.714057e-006
+6.719000e+003	   +3.673332e-006
+6.720000e+003	   +3.661031e-006
+6.721000e+003	   +2.997205e-006
+6.722000e+003	   +3.030721e-006
+6.723000e+003	   +3.406554e-006
+6.724000e+003	   +3.432916e-006
+6.725000e+003	   +3.454342e-006
+6.726000e+003	   +3.436298e-006
+6.727000e+003	   +3.526355e-006
+6.728000e+003	   +3.775035e-006
+6.729000e+003	   +3.419204e-006
+6.730000e+003	   +3.315935e-006
+6.731000e+003	   +3.662703e-006
+6.732000e+003	   +3.977562e-006
+6.733000e+003	   +4.111478e-006
+6.734000e+003	   +3.996548e-006
+6.735000e+003	   +3.954657e-006
+6.736000e+003	   +4.058362e-006
+6.737000e+003	   +4.199638e-006
+6.738000e+003	   +4.022544e-006
+6.739000e+003	   +3.596109e-006
+6.740000e+003	   +3.315196e-006
+6.741000e+003	   +3.390564e-006
+6.742000e+003	   +3.923837e-006
+6.743000e+003	   +4.409992e-006
+6.744000e+003	   +4.047779e-006
+6.745000e+003	   +3.826530e-006
+6.746000e+003	   +3.778788e-006
+6.747000e+003	   +3.687981e-006
+6.748000e+003	   +3.740206e-006
+6.749000e+003	   +3.806722e-006
+6.750000e+003	   +4.016691e-006
+6.751000e+003	   +3.861514e-006
+6.752000e+003	   +3.834938e-006
+6.753000e+003	   +3.886653e-006
+6.754000e+003	   +3.969491e-006
+6.755000e+003	   +4.254944e-006
+6.756000e+003	   +4.541905e-006
+6.757000e+003	   +4.253034e-006
+6.758000e+003	   +3.577132e-006
+6.759000e+003	   +3.041976e-006
+6.760000e+003	   +3.386684e-006
+6.761000e+003	   +4.023988e-006
+6.762000e+003	   +4.122910e-006
+6.763000e+003	   +3.756772e-006
+6.764000e+003	   +3.613726e-006
+6.765000e+003	   +3.803359e-006
+6.766000e+003	   +4.111491e-006
+6.767000e+003	   +4.025230e-006
+6.768000e+003	   +3.916924e-006
+6.769000e+003	   +4.202244e-006
+6.770000e+003	   +3.906607e-006
+6.771000e+003	   +4.096477e-006
+6.772000e+003	   +4.296717e-006
+6.773000e+003	   +4.018981e-006
+6.774000e+003	   +3.859709e-006
+6.775000e+003	   +4.112290e-006
+6.776000e+003	   +4.408346e-006
+6.777000e+003	   +4.241329e-006
+6.778000e+003	   +4.156271e-006
+6.779000e+003	   +4.215937e-006
+6.780000e+003	   +4.508620e-006
+6.781000e+003	   +4.885372e-006
+6.782000e+003	   +4.372750e-006
+6.783000e+003	   +3.927017e-006
+6.784000e+003	   +4.470109e-006
+6.785000e+003	   +4.747459e-006
+6.786000e+003	   +4.350793e-006
+6.787000e+003	   +3.979476e-006
+6.788000e+003	   +3.747050e-006
+6.789000e+003	   +3.964961e-006
+6.790000e+003	   +4.345861e-006
+6.791000e+003	   +4.546919e-006
+6.792000e+003	   +4.271782e-006
+6.793000e+003	   +4.004951e-006
+6.794000e+003	   +4.064872e-006
+6.795000e+003	   +4.076932e-006
+6.796000e+003	   +4.016453e-006
+6.797000e+003	   +4.219475e-006
+6.798000e+003	   +4.425562e-006
+6.799000e+003	   +4.323502e-006
+6.800000e+003	   +4.237596e-006
+6.801000e+003	   +4.225358e-006
+6.802000e+003	   +3.996539e-006
+6.803000e+003	   +3.984084e-006
+6.804000e+003	   +3.846590e-006
+6.805000e+003	   +3.833372e-006
+6.806000e+003	   +3.898560e-006
+6.807000e+003	   +3.871372e-006
+6.808000e+003	   +4.403160e-006
+6.809000e+003	   +4.758815e-006
+6.810000e+003	   +4.617220e-006
+6.811000e+003	   +1.128827e-005
+6.812000e+003	   +5.241576e-005
+6.813000e+003	   +1.021565e-004
+6.814000e+003	   +9.162223e-005
+6.815000e+003	   +3.759817e-005
+6.816000e+003	   +7.586919e-006
+6.817000e+003	   +4.320133e-006
+6.818000e+003	   +4.580939e-006
+6.819000e+003	   +4.639218e-006
+6.820000e+003	   +4.422691e-006
+6.821000e+003	   +4.219846e-006
+6.822000e+003	   +4.351151e-006
+6.823000e+003	   +4.512677e-006
+6.824000e+003	   +4.366207e-006
+6.825000e+003	   +4.560824e-006
+6.826000e+003	   +4.767946e-006
+6.827000e+003	   +4.666524e-006
+6.828000e+003	   +4.585009e-006
+6.829000e+003	   +4.831463e-006
+6.830000e+003	   +4.883559e-006
+6.831000e+003	   +4.909715e-006
+6.832000e+003	   +5.165091e-006
+6.833000e+003	   +5.337980e-006
+6.834000e+003	   +5.236399e-006
+6.835000e+003	   +5.090209e-006
+6.836000e+003	   +4.805656e-006
+6.837000e+003	   +4.762531e-006
+6.838000e+003	   +4.894257e-006
+6.839000e+003	   +5.183931e-006
+6.840000e+003	   +5.063509e-006
+6.841000e+003	   +4.834355e-006
+6.842000e+003	   +5.367448e-006
+6.843000e+003	   +5.151589e-006
+6.844000e+003	   +4.822046e-006
+6.845000e+003	   +4.735964e-006
+6.846000e+003	   +4.703338e-006
+6.847000e+003	   +5.066106e-006
+6.848000e+003	   +5.804909e-006
+6.849000e+003	   +5.639737e-006
+6.850000e+003	   +4.920897e-006
+6.851000e+003	   +4.995734e-006
+6.852000e+003	   +5.439416e-006
+6.853000e+003	   +5.290201e-006
+6.854000e+003	   +4.960181e-006
+6.855000e+003	   +5.258085e-006
+6.856000e+003	   +5.281872e-006
+6.857000e+003	   +4.991463e-006
+6.858000e+003	   +5.169597e-006
+6.859000e+003	   +5.274031e-006
+6.860000e+003	   +5.230337e-006
+6.861000e+003	   +5.406187e-006
+6.862000e+003	   +5.419565e-006
+6.863000e+003	   +5.440396e-006
+6.864000e+003	   +5.396692e-006
+6.865000e+003	   +5.558938e-006
+6.866000e+003	   +5.843449e-006
+6.867000e+003	   +5.414468e-006
+6.868000e+003	   +5.401180e-006
+6.869000e+003	   +5.590944e-006
+6.870000e+003	   +5.265387e-006
+6.871000e+003	   +5.848828e-006
+6.872000e+003	   +9.033913e-006
+6.873000e+003	   +1.323246e-005
+6.874000e+003	   +1.153030e-005
+6.875000e+003	   +6.773147e-006
+6.876000e+003	   +5.607580e-006
+6.877000e+003	   +5.931405e-006
+6.878000e+003	   +5.694830e-006
+6.879000e+003	   +5.165035e-006
+6.880000e+003	   +5.284679e-006
+6.881000e+003	   +5.435381e-006
+6.882000e+003	   +5.243200e-006
+6.883000e+003	   +5.672396e-006
+6.884000e+003	   +6.336409e-006
+6.885000e+003	   +6.684530e-006
+6.886000e+003	   +6.262210e-006
+6.887000e+003	   +6.435677e-006
+6.888000e+003	   +6.782665e-006
+6.889000e+003	   +7.448673e-006
+6.890000e+003	   +8.133873e-006
+6.891000e+003	   +7.408527e-006
+6.892000e+003	   +6.387238e-006
+6.893000e+003	   +6.095193e-006
+6.894000e+003	   +6.701638e-006
+6.895000e+003	   +6.866625e-006
+6.896000e+003	   +6.417451e-006
+6.897000e+003	   +6.375593e-006
+6.898000e+003	   +6.429299e-006
+6.899000e+003	   +7.225186e-006
+6.900000e+003	   +8.440696e-006
+6.901000e+003	   +8.758092e-006
+6.902000e+003	   +7.976276e-006
+6.903000e+003	   +7.950107e-006
+6.904000e+003	   +7.312560e-006
+6.905000e+003	   +6.794815e-006
+6.906000e+003	   +6.864605e-006
+6.907000e+003	   +7.513356e-006
+6.908000e+003	   +7.589660e-006
+6.909000e+003	   +7.218605e-006
+6.910000e+003	   +7.333997e-006
+6.911000e+003	   +7.789243e-006
+6.912000e+003	   +7.276016e-006
+6.913000e+003	   +7.301168e-006
+6.914000e+003	   +7.786720e-006
+6.915000e+003	   +7.455439e-006
+6.916000e+003	   +7.712575e-006
+6.917000e+003	   +8.924629e-006
+6.918000e+003	   +9.716038e-006
+6.919000e+003	   +9.419940e-006
+6.920000e+003	   +9.317519e-006
+6.921000e+003	   +8.395416e-006
+6.922000e+003	   +8.113136e-006
+6.923000e+003	   +9.268379e-006
+6.924000e+003	   +9.663207e-006
+6.925000e+003	   +9.635068e-006
+6.926000e+003	   +8.500245e-006
+6.927000e+003	   +8.738056e-006
+6.928000e+003	   +8.925676e-006
+6.929000e+003	   +9.064295e-006
+6.930000e+003	   +1.018981e-005
+6.931000e+003	   +1.753243e-005
+6.932000e+003	   +7.527137e-005
+6.933000e+003	   +1.490272e-004
+6.934000e+003	   +1.370261e-004
+6.935000e+003	   +5.835422e-005
+6.936000e+003	   +1.554127e-005
+6.937000e+003	   +1.205791e-005
+6.938000e+003	   +1.120491e-005
+6.939000e+003	   +1.116854e-005
+6.940000e+003	   +1.222057e-005
+6.941000e+003	   +1.316622e-005
+6.942000e+003	   +1.291639e-005
+6.943000e+003	   +1.235782e-005
+6.944000e+003	   +1.290808e-005
+6.945000e+003	   +1.304059e-005
+6.946000e+003	   +1.286462e-005
+6.947000e+003	   +1.294447e-005
+6.948000e+003	   +1.413900e-005
+6.949000e+003	   +1.504195e-005
+6.950000e+003	   +1.470112e-005
+6.951000e+003	   +1.509238e-005
+6.952000e+003	   +1.488798e-005
+6.953000e+003	   +1.482994e-005
+6.954000e+003	   +1.607631e-005
+6.955000e+003	   +1.701280e-005
+6.956000e+003	   +1.839636e-005
+6.957000e+003	   +1.845947e-005
+6.958000e+003	   +1.741188e-005
+6.959000e+003	   +1.738953e-005
+6.960000e+003	   +1.856958e-005
+6.961000e+003	   +1.983325e-005
+6.962000e+003	   +1.902441e-005
+6.963000e+003	   +1.984418e-005
+6.964000e+003	   +2.245678e-005
+6.965000e+003	   +2.326689e-005
+6.966000e+003	   +2.265492e-005
+6.967000e+003	   +2.144700e-005
+6.968000e+003	   +1.972018e-005
+6.969000e+003	   +2.266065e-005
+6.970000e+003	   +2.580895e-005
+6.971000e+003	   +2.625055e-005
+6.972000e+003	   +2.756332e-005
+6.973000e+003	   +3.133494e-005
+6.974000e+003	   +3.510521e-005
+6.975000e+003	   +3.660975e-005
+6.976000e+003	   +3.718194e-005
+6.977000e+003	   +3.834189e-005
+6.978000e+003	   +3.731613e-005
+6.979000e+003	   +3.768711e-005
+6.980000e+003	   +4.031719e-005
+6.981000e+003	   +4.621277e-005
+6.982000e+003	   +5.204485e-005
+6.983000e+003	   +5.723200e-005
+6.984000e+003	   +6.579176e-005
+6.985000e+003	   +7.697212e-005
+6.986000e+003	   +8.614466e-005
+6.987000e+003	   +1.044384e-004
+6.988000e+003	   +1.362197e-004
+6.989000e+003	   +1.713824e-004
+6.990000e+003	   +6.125396e-004
+6.991000e+003	   +1.635843e-002
+6.992000e+003	   +8.649614e-002
+6.993000e+003	   +1.759815e-001
+6.994000e+003	   +1.636769e-001
+6.995000e+003	   +6.854887e-002
+6.996000e+003	   +1.030024e-002
+6.997000e+003	   +2.779584e-004
+6.998000e+003	   +1.659179e-004
+6.999000e+003	   +1.301345e-004
+7.000000e+003	   +9.855314e-005
+7.001000e+003	   +8.483490e-005
+7.002000e+003	   +7.522709e-005
+7.003000e+003	   +6.411126e-005
+7.004000e+003	   +5.633090e-005
+7.005000e+003	   +5.137389e-005
+7.006000e+003	   +4.394332e-005
+7.007000e+003	   +3.951610e-005
+7.008000e+003	   +3.705841e-005
+7.009000e+003	   +3.687062e-005
+7.010000e+003	   +3.793375e-005
+7.011000e+003	   +3.684990e-005
+7.012000e+003	   +3.640276e-005
+7.013000e+003	   +3.416949e-005
+7.014000e+003	   +3.043900e-005
+7.015000e+003	   +2.707625e-005
+7.016000e+003	   +2.624312e-005
+7.017000e+003	   +2.547645e-005
+7.018000e+003	   +2.214418e-005
+7.019000e+003	   +1.987026e-005
+7.020000e+003	   +2.154260e-005
+7.021000e+003	   +2.263677e-005
+7.022000e+003	   +2.329283e-005
+7.023000e+003	   +2.142840e-005
+7.024000e+003	   +1.870343e-005
+7.025000e+003	   +1.912053e-005
+7.026000e+003	   +1.949307e-005
+7.027000e+003	   +1.796507e-005
+7.028000e+003	   +1.769233e-005
+7.029000e+003	   +1.798309e-005
+7.030000e+003	   +1.867236e-005
+7.031000e+003	   +1.786377e-005
+7.032000e+003	   +1.675677e-005
+7.033000e+003	   +1.599809e-005
+7.034000e+003	   +1.472936e-005
+7.035000e+003	   +1.473076e-005
+7.036000e+003	   +1.447860e-005
+7.037000e+003	   +1.468029e-005
+7.038000e+003	   +1.491442e-005
+7.039000e+003	   +1.322757e-005
+7.040000e+003	   +1.250912e-005
+7.041000e+003	   +1.333552e-005
+7.042000e+003	   +1.362431e-005
+7.043000e+003	   +1.322752e-005
+7.044000e+003	   +1.325181e-005
+7.045000e+003	   +1.365609e-005
+7.046000e+003	   +1.274176e-005
+7.047000e+003	   +1.147517e-005
+7.048000e+003	   +1.069342e-005
+7.049000e+003	   +1.119302e-005
+7.050000e+003	   +1.240401e-005
+7.051000e+003	   +1.841445e-005
+7.052000e+003	   +7.228654e-005
+7.053000e+003	   +1.473570e-004
+7.054000e+003	   +1.394866e-004
+7.055000e+003	   +6.050207e-005
+7.056000e+003	   +1.390425e-005
+7.057000e+003	   +1.045551e-005
+7.058000e+003	   +9.407351e-006
+7.059000e+003	   +9.136175e-006
+7.060000e+003	   +8.936610e-006
+7.061000e+003	   +9.293366e-006
+7.062000e+003	   +1.002836e-005
+7.063000e+003	   +9.271271e-006
+7.064000e+003	   +8.395840e-006
+7.065000e+003	   +8.438990e-006
+7.066000e+003	   +9.240854e-006
+7.067000e+003	   +8.984780e-006
+7.068000e+003	   +8.607819e-006
+7.069000e+003	   +9.003691e-006
+7.070000e+003	   +8.503260e-006
+7.071000e+003	   +7.996478e-006
+7.072000e+003	   +8.032372e-006
+7.073000e+003	   +8.280589e-006
+7.074000e+003	   +7.894975e-006
+7.075000e+003	   +7.786660e-006
+7.076000e+003	   +8.167324e-006
+7.077000e+003	   +7.917250e-006
+7.078000e+003	   +7.532230e-006
+7.079000e+003	   +7.308635e-006
+7.080000e+003	   +7.105809e-006
+7.081000e+003	   +7.007651e-006
+7.082000e+003	   +7.203997e-006
+7.083000e+003	   +7.846133e-006
+7.084000e+003	   +8.434999e-006
+7.085000e+003	   +8.368222e-006
+7.086000e+003	   +8.301909e-006
+7.087000e+003	   +8.010029e-006
+7.088000e+003	   +6.853550e-006
+7.089000e+003	   +6.385534e-006
+7.090000e+003	   +6.743636e-006
+7.091000e+003	   +6.654418e-006
+7.092000e+003	   +6.838667e-006
+7.093000e+003	   +6.873021e-006
+7.094000e+003	   +6.767409e-006
+7.095000e+003	   +7.166681e-006
+7.096000e+003	   +7.852606e-006
+7.097000e+003	   +7.187303e-006
+7.098000e+003	   +6.440257e-006
+7.099000e+003	   +6.603906e-006
+7.100000e+003	   +6.329928e-006
+7.101000e+003	   +6.618256e-006
+7.102000e+003	   +7.072946e-006
+7.103000e+003	   +6.174228e-006
+7.104000e+003	   +5.446905e-006
+7.105000e+003	   +5.154005e-006
+7.106000e+003	   +5.350026e-006
+7.107000e+003	   +5.762558e-006
+7.108000e+003	   +5.947369e-006
+7.109000e+003	   +6.094042e-006
+7.110000e+003	   +6.016291e-006
+7.111000e+003	   +6.059913e-006
+7.112000e+003	   +8.319246e-006
+7.113000e+003	   +1.313344e-005
+7.114000e+003	   +1.242570e-005
+7.115000e+003	   +7.175042e-006
+7.116000e+003	   +5.328529e-006
+7.117000e+003	   +5.231044e-006
+7.118000e+003	   +5.473427e-006
+7.119000e+003	   +5.395217e-006
+7.120000e+003	   +5.419577e-006
+7.121000e+003	   +5.582804e-006
+7.122000e+003	   +5.392173e-006
+7.123000e+003	   +5.200423e-006
+7.124000e+003	   +5.206851e-006
+7.125000e+003	   +5.337236e-006
+7.126000e+003	   +5.363388e-006
+7.127000e+003	   +5.375497e-006
+7.128000e+003	   +5.797463e-006
+7.129000e+003	   +5.994255e-006
+7.130000e+003	   +5.161565e-006
+7.131000e+003	   +4.923712e-006
+7.132000e+003	   +4.903740e-006
+7.133000e+003	   +5.230728e-006
+7.134000e+003	   +5.313450e-006
+7.135000e+003	   +4.733593e-006
+7.136000e+003	   +4.231891e-006
+7.137000e+003	   +4.338214e-006
+7.138000e+003	   +5.369510e-006
+7.139000e+003	   +5.559273e-006
+7.140000e+003	   +4.886439e-006
+7.141000e+003	   +4.844334e-006
+7.142000e+003	   +4.838423e-006
+7.143000e+003	   +4.595195e-006
+7.144000e+003	   +4.891120e-006
+7.145000e+003	   +5.013984e-006
+7.146000e+003	   +5.078140e-006
+7.147000e+003	   +5.328031e-006
+7.148000e+003	   +5.145886e-006
+7.149000e+003	   +4.916981e-006
+7.150000e+003	   +4.881661e-006
+7.151000e+003	   +4.908685e-006
+7.152000e+003	   +4.646044e-006
+7.153000e+003	   +4.527615e-006
+7.154000e+003	   +4.819987e-006
+7.155000e+003	   +4.819818e-006
+7.156000e+003	   +4.642265e-006
+7.157000e+003	   +4.687429e-006
+7.158000e+003	   +5.131318e-006
+7.159000e+003	   +5.069005e-006
+7.160000e+003	   +4.870617e-006
+7.161000e+003	   +4.386614e-006
+7.162000e+003	   +3.646032e-006
+7.163000e+003	   +4.138807e-006
+7.164000e+003	   +4.607755e-006
+7.165000e+003	   +4.237922e-006
+7.166000e+003	   +3.958693e-006
+7.167000e+003	   +4.206782e-006
+7.168000e+003	   +4.315634e-006
+7.169000e+003	   +4.445651e-006
+7.170000e+003	   +4.880879e-006
+7.171000e+003	   +1.060738e-005
+7.172000e+003	   +4.778564e-005
+7.173000e+003	   +9.937241e-005
+7.174000e+003	   +9.561383e-005
+7.175000e+003	   +4.159877e-005
+7.176000e+003	   +7.373455e-006
+7.177000e+003	   +4.369238e-006
+7.178000e+003	   +4.500371e-006
+7.179000e+003	   +4.108897e-006
+7.180000e+003	   +3.957985e-006
+7.181000e+003	   +4.642296e-006
+7.182000e+003	   +4.700674e-006
+7.183000e+003	   +4.389307e-006
+7.184000e+003	   +4.466665e-006
+7.185000e+003	   +4.366542e-006
+7.186000e+003	   +4.030032e-006
+7.187000e+003	   +3.981679e-006
+7.188000e+003	   +4.291465e-006
+7.189000e+003	   +4.422774e-006
+7.190000e+003	   +3.925517e-006
+7.191000e+003	   +3.606568e-006
+7.192000e+003	   +4.068873e-006
+7.193000e+003	   +4.310079e-006
+7.194000e+003	   +4.261340e-006
+7.195000e+003	   +4.109537e-006
+7.196000e+003	   +4.239723e-006
+7.197000e+003	   +4.335562e-006
+7.198000e+003	   +4.096036e-006
+7.199000e+003	   +3.853916e-006
+7.200000e+003	   +3.932445e-006
+7.201000e+003	   +3.970677e-006
+7.202000e+003	   +4.332497e-006
+7.203000e+003	   +4.453932e-006
+7.204000e+003	   +4.285856e-006
+7.205000e+003	   +4.203227e-006
+7.206000e+003	   +4.039947e-006
+7.207000e+003	   +3.329218e-006
+7.208000e+003	   +3.077420e-006
+7.209000e+003	   +3.382585e-006
+7.210000e+003	   +3.616767e-006
+7.211000e+003	   +3.792200e-006
+7.212000e+003	   +4.213845e-006
+7.213000e+003	   +4.359271e-006
+7.214000e+003	   +4.174904e-006
+7.215000e+003	   +3.924009e-006
+7.216000e+003	   +4.048717e-006
+7.217000e+003	   +4.341307e-006
+7.218000e+003	   +4.365008e-006
+7.219000e+003	   +4.179876e-006
+7.220000e+003	   +4.128074e-006
+7.221000e+003	   +4.210840e-006
+7.222000e+003	   +4.026609e-006
+7.223000e+003	   +4.013535e-006
+7.224000e+003	   +4.129914e-006
+7.225000e+003	   +3.859751e-006
+7.226000e+003	   +3.608976e-006
+7.227000e+003	   +3.746383e-006
+7.228000e+003	   +3.939420e-006
+7.229000e+003	   +3.860505e-006
+7.230000e+003	   +3.750746e-006
+7.231000e+003	   +3.602404e-006
+7.232000e+003	   +3.908675e-006
+7.233000e+003	   +4.353899e-006
+7.234000e+003	   +4.193261e-006
+7.235000e+003	   +3.963982e-006
+7.236000e+003	   +3.941177e-006
+7.237000e+003	   +4.095245e-006
+7.238000e+003	   +3.900795e-006
+7.239000e+003	   +3.908237e-006
+7.240000e+003	   +3.721326e-006
+7.241000e+003	   +3.863932e-006
+7.242000e+003	   +3.640060e-006
+7.243000e+003	   +3.794029e-006
+7.244000e+003	   +3.823448e-006
+7.245000e+003	   +3.438555e-006
+7.246000e+003	   +3.117646e-006
+7.247000e+003	   +3.146367e-006
+7.248000e+003	   +3.688726e-006
+7.249000e+003	   +4.015655e-006
+7.250000e+003	   +4.281562e-006
+7.251000e+003	   +4.254846e-006
+7.252000e+003	   +3.839248e-006
+7.253000e+003	   +3.458786e-006
+7.254000e+003	   +3.202547e-006
+7.255000e+003	   +3.555732e-006
+7.256000e+003	   +3.767545e-006
+7.257000e+003	   +3.436046e-006
+7.258000e+003	   +3.051801e-006
+7.259000e+003	   +3.403473e-006
+7.260000e+003	   +3.929204e-006
+7.261000e+003	   +3.959454e-006
+7.262000e+003	   +3.552334e-006
+7.263000e+003	   +3.147404e-006
+7.264000e+003	   +3.103483e-006
+7.265000e+003	   +3.361633e-006
+7.266000e+003	   +3.246251e-006
+7.267000e+003	   +3.441943e-006
+7.268000e+003	   +3.752653e-006
+7.269000e+003	   +4.029386e-006
+7.270000e+003	   +4.117545e-006
+7.271000e+003	   +3.945779e-006
+7.272000e+003	   +3.459178e-006
+7.273000e+003	   +3.451074e-006
+7.274000e+003	   +3.736098e-006
+7.275000e+003	   +3.517384e-006
+7.276000e+003	   +3.439522e-006
+7.277000e+003	   +3.573038e-006
+7.278000e+003	   +3.616342e-006
+7.279000e+003	   +3.276891e-006
+7.280000e+003	   +3.175150e-006
+7.281000e+003	   +3.414852e-006
+7.282000e+003	   +4.022871e-006
+7.283000e+003	   +4.412094e-006
+7.284000e+003	   +4.030647e-006
+7.285000e+003	   +3.500537e-006
+7.286000e+003	   +3.430485e-006
+7.287000e+003	   +3.388670e-006
+7.288000e+003	   +3.554686e-006
+7.289000e+003	   +3.544818e-006
+7.290000e+003	   +3.542635e-006
+7.291000e+003	   +4.448185e-006
+7.292000e+003	   +1.538286e-005
+7.293000e+003	   +3.203715e-005
+7.294000e+003	   +3.112817e-005
+7.295000e+003	   +1.364641e-005
+7.296000e+003	   +3.629158e-006
+7.297000e+003	   +3.575200e-006
+7.298000e+003	   +3.397678e-006
+7.299000e+003	   +3.284797e-006
+7.300000e+003	   +3.273442e-006
+7.301000e+003	   +3.516407e-006
+7.302000e+003	   +3.558779e-006
+7.303000e+003	   +3.156332e-006
+7.304000e+003	   +2.980335e-006
+7.305000e+003	   +3.143988e-006
+7.306000e+003	   +3.343768e-006
+7.307000e+003	   +3.778913e-006
+7.308000e+003	   +3.912776e-006
+7.309000e+003	   +3.730634e-006
+7.310000e+003	   +3.651064e-006
+7.311000e+003	   +3.479683e-006
+7.312000e+003	   +3.641112e-006
+7.313000e+003	   +3.604189e-006
+7.314000e+003	   +3.535509e-006
+7.315000e+003	   +3.573379e-006
+7.316000e+003	   +3.513818e-006
+7.317000e+003	   +3.422149e-006
+7.318000e+003	   +3.373242e-006
+7.319000e+003	   +3.768662e-006
+7.320000e+003	   +4.023471e-006
+7.321000e+003	   +3.736725e-006
+7.322000e+003	   +3.420736e-006
+7.323000e+003	   +3.301647e-006
+7.324000e+003	   +3.179312e-006
+7.325000e+003	   +3.195407e-006
+7.326000e+003	   +3.439273e-006
+7.327000e+003	   +3.469710e-006
+7.328000e+003	   +3.755233e-006
+7.329000e+003	   +3.768389e-006
+7.330000e+003	   +3.436849e-006
+7.331000e+003	   +3.430610e-006
+7.332000e+003	   +3.290461e-006
+7.333000e+003	   +3.317640e-006
+7.334000e+003	   +3.774301e-006
+7.335000e+003	   +3.671368e-006
+7.336000e+003	   +3.572253e-006
+7.337000e+003	   +3.688835e-006
+7.338000e+003	   +3.601123e-006
+7.339000e+003	   +4.004775e-006
+7.340000e+003	   +3.926767e-006
+7.341000e+003	   +3.570144e-006
+7.342000e+003	   +3.711460e-006
+7.343000e+003	   +3.891662e-006
+7.344000e+003	   +3.743353e-006
+7.345000e+003	   +3.338805e-006
+7.346000e+003	   +3.242347e-006
+7.347000e+003	   +3.222306e-006
+7.348000e+003	   +3.376496e-006
+7.349000e+003	   +3.694818e-006
+7.350000e+003	   +3.796704e-006
+7.351000e+003	   +3.433232e-006
+7.352000e+003	   +3.122655e-006
+7.353000e+003	   +3.555237e-006
+7.354000e+003	   +3.979222e-006
+7.355000e+003	   +3.774521e-006
+7.356000e+003	   +3.375402e-006
+7.357000e+003	   +3.480382e-006
+7.358000e+003	   +3.689674e-006
+7.359000e+003	   +3.607328e-006
+7.360000e+003	   +3.432011e-006
+7.361000e+003	   +3.238643e-006
+7.362000e+003	   +3.179808e-006
+7.363000e+003	   +3.124445e-006
+7.364000e+003	   +2.985202e-006
+7.365000e+003	   +2.788265e-006
+7.366000e+003	   +2.818082e-006
+7.367000e+003	   +3.332136e-006
+7.368000e+003	   +3.751578e-006
+7.369000e+003	   +3.829128e-006
+7.370000e+003	   +3.416776e-006
+7.371000e+003	   +3.374020e-006
+7.372000e+003	   +3.309737e-006
+7.373000e+003	   +3.478403e-006
+7.374000e+003	   +3.585846e-006
+7.375000e+003	   +3.633217e-006
+7.376000e+003	   +3.437853e-006
+7.377000e+003	   +3.358696e-006
+7.378000e+003	   +3.542483e-006
+7.379000e+003	   +3.546644e-006
+7.380000e+003	   +3.496415e-006
+7.381000e+003	   +3.450828e-006
+7.382000e+003	   +3.370277e-006
+7.383000e+003	   +3.388354e-006
+7.384000e+003	   +3.466607e-006
+7.385000e+003	   +3.425017e-006
+7.386000e+003	   +3.099169e-006
+7.387000e+003	   +2.911850e-006
+7.388000e+003	   +3.246005e-006
+7.389000e+003	   +3.197562e-006
+7.390000e+003	   +3.328702e-006
+7.391000e+003	   +3.879916e-006
+7.392000e+003	   +3.766879e-006
+7.393000e+003	   +3.252759e-006
+7.394000e+003	   +3.088530e-006
+7.395000e+003	   +2.805938e-006
+7.396000e+003	   +2.567805e-006
+7.397000e+003	   +3.072910e-006
+7.398000e+003	   +3.357494e-006
+7.399000e+003	   +3.320453e-006
+7.400000e+003	   +3.538950e-006
