+1.000000e+003	   +2.975639e+001
+1.001664e+003	   +2.969503e+001
+1.003330e+003	   +3.104881e+001
+1.005000e+003	   +3.034430e+001
+1.006672e+003	   +3.212106e+001
+1.008346e+003	   +3.013858e+001
+1.010024e+003	   +3.077816e+001
+1.011705e+003	   +2.955573e+001
+1.013388e+003	   +2.873441e+001
+1.015074e+003	   +2.833457e+001
+1.016763e+003	   +2.982370e+001
+1.018454e+003	   +2.977124e+001
+1.020149e+003	   +3.021541e+001
+1.021846e+003	   +2.928198e+001
+1.023546e+003	   +3.031668e+001
+1.025249e+003	   +2.824520e+001
+1.026955e+003	   +3.140920e+001
+1.028663e+003	   +3.047461e+001
+1.030375e+003	   +3.094350e+001
+1.032089e+003	   +3.195068e+001
+1.033806e+003	   +3.056462e+001
+1.035526e+003	   +2.980676e+001
+1.037249e+003	   +3.106151e+001
+1.038975e+003	   +2.949702e+001
+1.040703e+003	   +2.852632e+001
+1.042435e+003	   +2.901893e+001
+1.044169e+003	   +2.992700e+001
+1.045906e+003	   +3.005186e+001
+1.047646e+003	   +2.851321e+001
+1.049390e+003	   +2.980794e+001
+1.051135e+003	   +3.124156e+001
+1.052884e+003	   +2.896615e+001
+1.054636e+003	   +2.991833e+001
+1.056391e+003	   +2.959582e+001
+1.058148e+003	   +3.026853e+001
+1.059909e+003	   +2.908640e+001
+1.061672e+003	   +3.016719e+001
+1.063438e+003	   +3.047187e+001
+1.065208e+003	   +3.100727e+001
+1.066980e+003	   +2.955196e+001
+1.068755e+003	   +2.897551e+001
+1.070533e+003	   +3.030871e+001
+1.072314e+003	   +3.017418e+001
+1.074099e+003	   +2.955567e+001
+1.075885e+003	   +2.967137e+001
+1.077676e+003	   +2.983453e+001
+1.079469e+003	   +2.876257e+001
+1.081264e+003	   +2.918352e+001
+1.083063e+003	   +2.960880e+001
+1.084865e+003	   +2.907716e+001
+1.086670e+003	   +2.811005e+001
+1.088478e+003	   +2.887078e+001
+1.090289e+003	   +2.956264e+001
+1.092103e+003	   +2.817341e+001
+1.093920e+003	   +2.925052e+001
+1.095740e+003	   +2.874652e+001
+1.097563e+003	   +2.992449e+001
+1.099389e+003	   +2.931645e+001
+1.101218e+003	   +2.928369e+001
+1.103050e+003	   +2.932859e+001
+1.104886e+003	   +2.954142e+001
+1.106724e+003	   +2.826073e+001
+1.108565e+003	   +2.897629e+001
+1.110410e+003	   +3.098606e+001
+1.112257e+003	   +2.824730e+001
+1.114108e+003	   +2.817687e+001
+1.115961e+003	   +2.875532e+001
+1.117818e+003	   +2.856311e+001
+1.119678e+003	   +2.855892e+001
+1.121540e+003	   +2.939560e+001
+1.123406e+003	   +2.719315e+001
+1.125276e+003	   +2.763144e+001
+1.127148e+003	   +2.814334e+001
+1.129023e+003	   +2.783063e+001
+1.130901e+003	   +2.803170e+001
+1.132783e+003	   +2.792071e+001
+1.134667e+003	   +2.844594e+001
+1.136555e+003	   +2.828131e+001
+1.138446e+003	   +2.862135e+001
+1.140340e+003	   +2.790431e+001
+1.142238e+003	   +2.843234e+001
+1.144138e+003	   +2.819817e+001
+1.146042e+003	   +2.795336e+001
+1.147948e+003	   +2.855762e+001
+1.149858e+003	   +2.823224e+001
+1.151771e+003	   +2.803815e+001
+1.153688e+003	   +2.769106e+001
+1.155607e+003	   +2.781802e+001
+1.157530e+003	   +2.798800e+001
+1.159455e+003	   +2.750585e+001
+1.161384e+003	   +2.745601e+001
+1.163317e+003	   +2.794423e+001
+1.165252e+003	   +2.838117e+001
+1.167191e+003	   +2.750960e+001
+1.169133e+003	   +2.759615e+001
+1.171078e+003	   +2.778181e+001
+1.173026e+003	   +2.792789e+001
+1.174978e+003	   +2.737861e+001
+1.176933e+003	   +2.844428e+001
+1.178891e+003	   +2.689239e+001
+1.180852e+003	   +2.887757e+001
+1.182817e+003	   +2.707711e+001
+1.184785e+003	   +2.786157e+001
+1.186756e+003	   +2.841619e+001
+1.188730e+003	   +2.710565e+001
+1.190708e+003	   +2.730616e+001
+1.192689e+003	   +2.732816e+001
+1.194674e+003	   +2.790821e+001
+1.196661e+003	   +2.735081e+001
+1.198652e+003	   +2.661842e+001
+1.200646e+003	   +2.762683e+001
+1.202644e+003	   +2.834405e+001
+1.204645e+003	   +2.665236e+001
+1.206649e+003	   +2.713560e+001
+1.208657e+003	   +2.730864e+001
+1.210668e+003	   +2.745515e+001
+1.212682e+003	   +2.680044e+001
+1.214699e+003	   +2.741742e+001
+1.216720e+003	   +2.723693e+001
+1.218745e+003	   +2.743650e+001
+1.220772e+003	   +2.696923e+001
+1.222803e+003	   +2.699171e+001
+1.224838e+003	   +2.734362e+001
+1.226876e+003	   +2.640658e+001
+1.228917e+003	   +2.695452e+001
+1.230961e+003	   +2.661518e+001
+1.233010e+003	   +2.705142e+001
+1.235061e+003	   +2.647234e+001
+1.237116e+003	   +2.657716e+001
+1.239174e+003	   +2.692889e+001
+1.241236e+003	   +2.706142e+001
+1.243301e+003	   +2.655283e+001
+1.245369e+003	   +2.693684e+001
+1.247441e+003	   +2.692873e+001
+1.249517e+003	   +2.645264e+001
+1.251596e+003	   +2.728484e+001
+1.253678e+003	   +2.723908e+001
+1.255764e+003	   +2.673116e+001
+1.257853e+003	   +2.639437e+001
+1.259946e+003	   +2.698930e+001
+1.262042e+003	   +2.695490e+001
+1.264142e+003	   +2.704175e+001
+1.266245e+003	   +2.566362e+001
+1.268352e+003	   +2.682250e+001
+1.270462e+003	   +2.676007e+001
+1.272576e+003	   +2.664281e+001
+1.274693e+003	   +2.653949e+001
+1.276814e+003	   +2.572532e+001
+1.278938e+003	   +2.599493e+001
+1.281066e+003	   +2.555219e+001
+1.283197e+003	   +2.648200e+001
+1.285332e+003	   +2.601689e+001
+1.287470e+003	   +2.513610e+001
+1.289612e+003	   +2.531040e+001
+1.291758e+003	   +2.582363e+001
+1.293907e+003	   +2.531486e+001
+1.296060e+003	   +2.574858e+001
+1.298216e+003	   +2.583646e+001
+1.300376e+003	   +2.560968e+001
+1.302540e+003	   +2.612474e+001
+1.304707e+003	   +2.559731e+001
+1.306877e+003	   +2.603858e+001
+1.309052e+003	   +2.540884e+001
+1.311230e+003	   +2.550126e+001
+1.313411e+003	   +2.596038e+001
+1.315596e+003	   +2.634871e+001
+1.317785e+003	   +2.537890e+001
+1.319978e+003	   +2.583695e+001
+1.322174e+003	   +2.550427e+001
+1.324374e+003	   +2.512728e+001
+1.326577e+003	   +2.575963e+001
+1.328784e+003	   +2.551167e+001
+1.330995e+003	   +2.584703e+001
+1.333209e+003	   +2.535636e+001
+1.335427e+003	   +2.533250e+001
+1.337649e+003	   +2.566785e+001
+1.339875e+003	   +2.515440e+001
+1.342104e+003	   +2.576185e+001
+1.344337e+003	   +2.593760e+001
+1.346573e+003	   +2.471404e+001
+1.348814e+003	   +2.489396e+001
+1.351058e+003	   +2.520273e+001
+1.353306e+003	   +2.553228e+001
+1.355557e+003	   +2.525738e+001
+1.357813e+003	   +2.535164e+001
+1.360072e+003	   +2.534239e+001
+1.362334e+003	   +2.531452e+001
+1.364601e+003	   +2.508318e+001
+1.366871e+003	   +2.496544e+001
+1.369146e+003	   +2.575477e+001
+1.371423e+003	   +2.509097e+001
+1.373705e+003	   +2.525919e+001
+1.375991e+003	   +2.502731e+001
+1.378280e+003	   +2.577552e+001
+1.380573e+003	   +2.473919e+001
+1.382870e+003	   +2.509931e+001
+1.385171e+003	   +2.562191e+001
+1.387475e+003	   +2.412966e+001
+1.389784e+003	   +2.462505e+001
+1.392096e+003	   +2.503756e+001
+1.394412e+003	   +2.472559e+001
+1.396732e+003	   +2.437513e+001
+1.399056e+003	   +2.495901e+001
+1.401384e+003	   +2.511497e+001
+1.403715e+003	   +2.468349e+001
+1.406050e+003	   +2.427745e+001
+1.408390e+003	   +2.432502e+001
+1.410733e+003	   +2.421921e+001
+1.413080e+003	   +2.470082e+001
+1.415431e+003	   +2.451402e+001
+1.417786e+003	   +2.412906e+001
+1.420145e+003	   +2.417965e+001
+1.422508e+003	   +2.464376e+001
+1.424874e+003	   +2.440350e+001
+1.427245e+003	   +2.428300e+001
+1.429620e+003	   +2.440106e+001
+1.431998e+003	   +2.437783e+001
+1.434380e+003	   +2.385373e+001
+1.436767e+003	   +2.353082e+001
+1.439157e+003	   +2.410031e+001
+1.441552e+003	   +2.413624e+001
+1.443950e+003	   +2.425936e+001
+1.446353e+003	   +2.451427e+001
+1.448759e+003	   +2.411230e+001
+1.451169e+003	   +2.333026e+001
+1.453584e+003	   +2.439392e+001
+1.456002e+003	   +2.393121e+001
+1.458424e+003	   +2.394113e+001
+1.460851e+003	   +2.369573e+001
+1.463281e+003	   +2.428402e+001
+1.465716e+003	   +2.348288e+001
+1.468154e+003	   +2.366694e+001
+1.470597e+003	   +2.390115e+001
+1.473044e+003	   +2.448993e+001
+1.475495e+003	   +2.315865e+001
+1.477949e+003	   +2.378219e+001
+1.480408e+003	   +2.376305e+001
+1.482871e+003	   +2.339130e+001
+1.485339e+003	   +2.372555e+001
+1.487810e+003	   +2.409427e+001
+1.490285e+003	   +2.351384e+001
+1.492765e+003	   +2.366389e+001
+1.495248e+003	   +2.380266e+001
+1.497736e+003	   +2.380320e+001
+1.500228e+003	   +2.399906e+001
+1.502724e+003	   +2.253026e+001
+1.505224e+003	   +2.387593e+001
+1.507728e+003	   +2.353663e+001
+1.510237e+003	   +2.317137e+001
+1.512749e+003	   +2.364067e+001
+1.515266e+003	   +2.328684e+001
+1.517787e+003	   +2.353085e+001
+1.520312e+003	   +2.344227e+001
+1.522842e+003	   +2.310717e+001
+1.525375e+003	   +2.352256e+001
+1.527913e+003	   +2.265113e+001
+1.530455e+003	   +2.308487e+001
+1.533002e+003	   +2.337028e+001
+1.535552e+003	   +2.265736e+001
+1.538107e+003	   +2.278125e+001
+1.540666e+003	   +2.336765e+001
+1.543229e+003	   +2.281947e+001
+1.545797e+003	   +2.269825e+001
+1.548369e+003	   +2.254156e+001
+1.550945e+003	   +2.303699e+001
+1.553525e+003	   +2.288435e+001
+1.556110e+003	   +2.310506e+001
+1.558699e+003	   +2.366539e+001
+1.561292e+003	   +2.288998e+001
+1.563890e+003	   +2.327036e+001
+1.566491e+003	   +2.247495e+001
+1.569098e+003	   +2.285322e+001
+1.571708e+003	   +2.275248e+001
+1.574323e+003	   +2.258876e+001
+1.576943e+003	   +2.251379e+001
+1.579566e+003	   +2.249322e+001
+1.582194e+003	   +2.264713e+001
+1.584826e+003	   +2.245654e+001
+1.587463e+003	   +2.263196e+001
+1.590104e+003	   +2.235836e+001
+1.592750e+003	   +2.270919e+001
+1.595400e+003	   +2.253065e+001
+1.598054e+003	   +2.251413e+001
+1.600713e+003	   +2.242653e+001
+1.603376e+003	   +2.212767e+001
+1.606044e+003	   +2.224667e+001
+1.608716e+003	   +2.258794e+001
+1.611392e+003	   +2.297578e+001
+1.614073e+003	   +2.244774e+001
+1.616759e+003	   +2.201317e+001
+1.619448e+003	   +2.253146e+001
+1.622143e+003	   +2.176830e+001
+1.624842e+003	   +2.201261e+001
+1.627545e+003	   +2.200481e+001
+1.630253e+003	   +2.273410e+001
+1.632965e+003	   +2.199020e+001
+1.635682e+003	   +2.210896e+001
+1.638403e+003	   +2.201232e+001
+1.641129e+003	   +2.196679e+001
+1.643860e+003	   +2.185157e+001
+1.646595e+003	   +2.149225e+001
+1.649334e+003	   +2.219374e+001
+1.652078e+003	   +2.149024e+001
+1.654827e+003	   +2.183888e+001
+1.657580e+003	   +2.172008e+001
+1.660338e+003	   +2.190507e+001
+1.663100e+003	   +2.184923e+001
+1.665867e+003	   +2.235669e+001
+1.668639e+003	   +2.140658e+001
+1.671415e+003	   +2.140858e+001
+1.674196e+003	   +2.163411e+001
+1.676981e+003	   +2.210012e+001
+1.679771e+003	   +2.214799e+001
+1.682566e+003	   +2.179662e+001
+1.685365e+003	   +2.136633e+001
+1.688169e+003	   +2.165772e+001
+1.690978e+003	   +2.142453e+001
+1.693792e+003	   +2.129905e+001
+1.696609e+003	   +2.149752e+001
+1.699432e+003	   +2.116322e+001
+1.702260e+003	   +2.113979e+001
+1.705092e+003	   +2.134179e+001
+1.707929e+003	   +2.118956e+001
+1.710770e+003	   +2.132442e+001
+1.713616e+003	   +2.117353e+001
+1.716468e+003	   +2.168186e+001
+1.719323e+003	   +2.088550e+001
+1.722184e+003	   +2.113808e+001
+1.725049e+003	   +2.084972e+001
+1.727919e+003	   +2.099005e+001
+1.730794e+003	   +2.116875e+001
+1.733674e+003	   +2.135818e+001
+1.736558e+003	   +2.120377e+001
+1.739447e+003	   +2.104929e+001
+1.742341e+003	   +2.148987e+001
+1.745240e+003	   +2.092143e+001
+1.748144e+003	   +2.099803e+001
+1.751052e+003	   +2.071631e+001
+1.753965e+003	   +2.084710e+001
+1.756884e+003	   +2.105338e+001
+1.759807e+003	   +2.006943e+001
+1.762734e+003	   +2.112013e+001
+1.765667e+003	   +2.049309e+001
+1.768605e+003	   +2.078935e+001
+1.771547e+003	   +2.070290e+001
+1.774495e+003	   +2.064948e+001
+1.777447e+003	   +2.092085e+001
+1.780404e+003	   +2.074656e+001
+1.783366e+003	   +2.124814e+001
+1.786333e+003	   +2.092286e+001
+1.789305e+003	   +2.084752e+001
+1.792282e+003	   +2.050102e+001
+1.795264e+003	   +2.024003e+001
+1.798251e+003	   +2.046365e+001
+1.801243e+003	   +2.050053e+001
+1.804240e+003	   +2.063286e+001
+1.807242e+003	   +2.031034e+001
+1.810248e+003	   +2.066756e+001
+1.813260e+003	   +2.041377e+001
+1.816277e+003	   +2.027031e+001
+1.819299e+003	   +2.038787e+001
+1.822326e+003	   +2.077846e+001
+1.825358e+003	   +2.012941e+001
+1.828395e+003	   +2.011138e+001
+1.831436e+003	   +2.035341e+001
+1.834484e+003	   +2.007579e+001
+1.837536e+003	   +2.012574e+001
+1.840593e+003	   +2.005966e+001
+1.843655e+003	   +2.026043e+001
+1.846722e+003	   +2.007098e+001
+1.849795e+003	   +2.016103e+001
+1.852873e+003	   +2.006561e+001
+1.855955e+003	   +1.991876e+001
+1.859043e+003	   +2.012951e+001
+1.862136e+003	   +1.979465e+001
+1.865234e+003	   +1.994533e+001
+1.868338e+003	   +1.975418e+001
+1.871446e+003	   +1.987888e+001
+1.874560e+003	   +1.989941e+001
+1.877678e+003	   +1.974175e+001
+1.880802e+003	   +1.976060e+001
+1.883932e+003	   +1.984813e+001
+1.887066e+003	   +1.970673e+001
+1.890205e+003	   +1.979307e+001
+1.893350e+003	   +1.955630e+001
+1.896500e+003	   +1.958969e+001
+1.899656e+003	   +1.977607e+001
+1.902816e+003	   +1.956510e+001
+1.905982e+003	   +1.959048e+001
+1.909153e+003	   +1.951597e+001
+1.912329e+003	   +1.942664e+001
+1.915511e+003	   +1.954618e+001
+1.918698e+003	   +1.957322e+001
+1.921890e+003	   +1.939108e+001
+1.925088e+003	   +1.948676e+001
+1.928291e+003	   +1.925591e+001
+1.931499e+003	   +1.941085e+001
+1.934712e+003	   +1.931836e+001
+1.937931e+003	   +1.938892e+001
+1.941155e+003	   +1.919343e+001
+1.944385e+003	   +1.921965e+001
+1.947620e+003	   +1.929085e+001
+1.950860e+003	   +1.910800e+001
+1.954106e+003	   +1.933202e+001
+1.957357e+003	   +1.907686e+001
+1.960614e+003	   +1.913445e+001
+1.963876e+003	   +1.916781e+001
+1.967143e+003	   +1.898228e+001
+1.970416e+003	   +1.904205e+001
+1.973694e+003	   +1.892889e+001
+1.976978e+003	   +1.882438e+001
+1.980267e+003	   +1.886263e+001
+1.983562e+003	   +1.892448e+001
+1.986862e+003	   +1.892294e+001
+1.990167e+003	   +1.866709e+001
+1.993479e+003	   +1.877136e+001
+1.996795e+003	   +1.858250e+001
+2.000117e+003	   +1.873739e+001
+2.003445e+003	   +1.885073e+001
+2.006778e+003	   +1.856509e+001
+2.010117e+003	   +1.868625e+001
+2.013462e+003	   +1.872240e+001
+2.016811e+003	   +1.861738e+001
+2.020167e+003	   +1.860485e+001
+2.023528e+003	   +1.871294e+001
+2.026895e+003	   +1.853553e+001
+2.030267e+003	   +1.838653e+001
+2.033645e+003	   +1.843212e+001
+2.037028e+003	   +1.848731e+001
+2.040417e+003	   +1.855487e+001
+2.043812e+003	   +1.837022e+001
+2.047212e+003	   +1.832312e+001
+2.050618e+003	   +1.821580e+001
+2.054030e+003	   +1.818713e+001
+2.057448e+003	   +1.825419e+001
+2.060871e+003	   +1.807634e+001
+2.064299e+003	   +1.810873e+001
+2.067734e+003	   +1.826314e+001
+2.071174e+003	   +1.801975e+001
+2.074620e+003	   +1.817507e+001
+2.078072e+003	   +1.809805e+001
+2.081529e+003	   +1.794695e+001
+2.084992e+003	   +1.819675e+001
+2.088461e+003	   +1.799999e+001
+2.091936e+003	   +1.815459e+001
+2.095416e+003	   +1.798568e+001
+2.098902e+003	   +1.800429e+001
+2.102394e+003	   +1.782390e+001
+2.105892e+003	   +1.812904e+001
+2.109396e+003	   +1.803224e+001
+2.112905e+003	   +1.798305e+001
+2.116421e+003	   +1.785435e+001
+2.119942e+003	   +1.785567e+001
+2.123469e+003	   +1.777961e+001
+2.127002e+003	   +1.769765e+001
+2.130541e+003	   +1.777067e+001
+2.134085e+003	   +1.769828e+001
+2.137636e+003	   +1.762153e+001
+2.141192e+003	   +1.757326e+001
+2.144755e+003	   +1.756215e+001
+2.148323e+003	   +1.756410e+001
+2.151897e+003	   +1.754065e+001
+2.155478e+003	   +1.754658e+001
+2.159064e+003	   +1.750500e+001
+2.162656e+003	   +1.752819e+001
+2.166254e+003	   +1.738800e+001
+2.169858e+003	   +1.744555e+001
+2.173468e+003	   +1.729095e+001
+2.177084e+003	   +1.742267e+001
+2.180706e+003	   +1.720999e+001
+2.184334e+003	   +1.738402e+001
+2.187969e+003	   +1.724071e+001
+2.191609e+003	   +1.733953e+001
+2.195255e+003	   +1.728436e+001
+2.198907e+003	   +1.720280e+001
+2.202566e+003	   +1.718105e+001
+2.206230e+003	   +1.720751e+001
+2.209901e+003	   +1.712241e+001
+2.213578e+003	   +1.704136e+001
+2.217261e+003	   +1.707535e+001
+2.220950e+003	   +1.702934e+001
+2.224645e+003	   +1.712156e+001
+2.228346e+003	   +1.697982e+001
+2.232053e+003	   +1.688210e+001
+2.235767e+003	   +1.707796e+001
+2.239487e+003	   +1.682940e+001
+2.243213e+003	   +1.677528e+001
+2.246945e+003	   +1.687039e+001
+2.250683e+003	   +1.670146e+001
+2.254428e+003	   +1.678124e+001
+2.258178e+003	   +1.688954e+001
+2.261936e+003	   +1.674107e+001
+2.265699e+003	   +1.669661e+001
+2.269468e+003	   +1.662057e+001
+2.273244e+003	   +1.672375e+001
+2.277026e+003	   +1.661401e+001
+2.280815e+003	   +1.661558e+001
+2.284609e+003	   +1.671547e+001
+2.288410e+003	   +1.651248e+001
+2.292218e+003	   +1.652434e+001
+2.296031e+003	   +1.645061e+001
+2.299851e+003	   +1.643139e+001
+2.303678e+003	   +1.651357e+001
+2.307510e+003	   +1.663848e+001
+2.311350e+003	   +1.662984e+001
+2.315195e+003	   +1.664526e+001
+2.319047e+003	   +1.658705e+001
+2.322905e+003	   +1.660548e+001
+2.326770e+003	   +1.630801e+001
+2.330641e+003	   +1.632873e+001
+2.334519e+003	   +1.636831e+001
+2.338403e+003	   +1.631313e+001
+2.342293e+003	   +1.598372e+001
+2.346190e+003	   +1.632595e+001
+2.350094e+003	   +1.622972e+001
+2.354004e+003	   +1.599924e+001
+2.357920e+003	   +1.610613e+001
+2.361843e+003	   +1.599384e+001
+2.365773e+003	   +1.601745e+001
+2.369709e+003	   +1.619342e+001
+2.373651e+003	   +1.583423e+001
+2.377601e+003	   +1.603591e+001
+2.381556e+003	   +1.589411e+001
+2.385519e+003	   +1.594369e+001
+2.389488e+003	   +1.599102e+001
+2.393463e+003	   +1.593872e+001
+2.397445e+003	   +1.601530e+001
+2.401434e+003	   +1.587335e+001
+2.405429e+003	   +1.582093e+001
+2.409431e+003	   +1.578801e+001
+2.413440e+003	   +1.560234e+001
+2.417455e+003	   +1.572756e+001
+2.421477e+003	   +1.570255e+001
+2.425506e+003	   +1.568349e+001
+2.429542e+003	   +1.572584e+001
+2.433583e+003	   +1.553252e+001
+2.437633e+003	   +1.546844e+001
+2.441688e+003	   +1.562294e+001
+2.445750e+003	   +1.561249e+001
+2.449820e+003	   +1.553108e+001
+2.453896e+003	   +1.555704e+001
+2.457978e+003	   +1.547403e+001
+2.462068e+003	   +1.551326e+001
+2.466164e+003	   +1.537560e+001
+2.470267e+003	   +1.537185e+001
+2.474377e+003	   +1.545786e+001
+2.478493e+003	   +1.528984e+001
+2.482617e+003	   +1.531300e+001
+2.486748e+003	   +1.535022e+001
+2.490885e+003	   +1.522707e+001
+2.495029e+003	   +1.533670e+001
+2.499180e+003	   +1.527143e+001
+2.503338e+003	   +1.529086e+001
+2.507503e+003	   +1.523465e+001
+2.511675e+003	   +1.511678e+001
+2.515854e+003	   +1.517168e+001
+2.520040e+003	   +1.509379e+001
+2.524232e+003	   +1.496708e+001
+2.528432e+003	   +1.502827e+001
+2.532638e+003	   +1.501288e+001
+2.536852e+003	   +1.496692e+001
+2.541073e+003	   +1.499547e+001
+2.545301e+003	   +1.495833e+001
+2.549535e+003	   +1.492481e+001
+2.553777e+003	   +1.489561e+001
+2.558026e+003	   +1.477231e+001
+2.562282e+003	   +1.475560e+001
+2.566545e+003	   +1.480069e+001
+2.570815e+003	   +1.483853e+001
+2.575092e+003	   +1.472674e+001
+2.579376e+003	   +1.476909e+001
+2.583668e+003	   +1.458618e+001
+2.587966e+003	   +1.467641e+001
+2.592272e+003	   +1.463396e+001
+2.596585e+003	   +1.471190e+001
+2.600905e+003	   +1.452123e+001
+2.605232e+003	   +1.445145e+001
+2.609567e+003	   +1.453515e+001
+2.613908e+003	   +1.460941e+001
+2.618257e+003	   +1.452235e+001
+2.622613e+003	   +1.434999e+001
+2.626977e+003	   +1.452646e+001
+2.631347e+003	   +1.436533e+001
+2.635725e+003	   +1.443291e+001
+2.640110e+003	   +1.446489e+001
+2.644503e+003	   +1.436860e+001
+2.648903e+003	   +1.430541e+001
+2.653310e+003	   +1.437529e+001
+2.657724e+003	   +1.437348e+001
+2.662146e+003	   +1.419866e+001
+2.666575e+003	   +1.421228e+001
+2.671012e+003	   +1.417550e+001
+2.675456e+003	   +1.403408e+001
+2.679907e+003	   +1.421824e+001
+2.684365e+003	   +1.411798e+001
+2.688832e+003	   +1.415352e+001
+2.693305e+003	   +1.415340e+001
+2.697786e+003	   +1.412967e+001
+2.702275e+003	   +1.391574e+001
+2.706771e+003	   +1.398459e+001
+2.711274e+003	   +1.397042e+001
+2.715785e+003	   +1.386166e+001
+2.720303e+003	   +1.388058e+001
+2.724829e+003	   +1.356854e+001
+2.729363e+003	   +1.383993e+001
+2.733903e+003	   +1.380267e+001
+2.738452e+003	   +1.380319e+001
+2.743008e+003	   +1.382746e+001
+2.747572e+003	   +1.394741e+001
+2.752143e+003	   +1.375350e+001
+2.756722e+003	   +1.390996e+001
+2.761308e+003	   +1.377114e+001
+2.765902e+003	   +1.359687e+001
+2.770504e+003	   +1.356941e+001
+2.775114e+003	   +1.376129e+001
+2.779731e+003	   +1.350932e+001
+2.784355e+003	   +1.360112e+001
+2.788988e+003	   +1.359379e+001
+2.793628e+003	   +1.355649e+001
+2.798276e+003	   +1.328739e+001
+2.802932e+003	   +1.349645e+001
+2.807595e+003	   +1.354305e+001
+2.812266e+003	   +1.333774e+001
+2.816945e+003	   +1.321943e+001
+2.821632e+003	   +1.326678e+001
+2.826326e+003	   +1.325544e+001
+2.831029e+003	   +1.318525e+001
+2.835739e+003	   +1.319665e+001
+2.840457e+003	   +1.319751e+001
+2.845182e+003	   +1.315176e+001
+2.849916e+003	   +1.317731e+001
+2.854657e+003	   +1.319997e+001
+2.859407e+003	   +1.302017e+001
+2.864164e+003	   +1.276670e+001
+2.868929e+003	   +1.282973e+001
+2.873703e+003	   +1.297397e+001
+2.878484e+003	   +1.318550e+001
+2.883273e+003	   +1.301563e+001
+2.888070e+003	   +1.295968e+001
+2.892875e+003	   +1.290648e+001
+2.897688e+003	   +1.306910e+001
+2.902509e+003	   +1.283782e+001
+2.907338e+003	   +1.287137e+001
+2.912175e+003	   +1.300163e+001
+2.917020e+003	   +1.280309e+001
+2.921873e+003	   +1.265271e+001
+2.926735e+003	   +1.280739e+001
+2.931604e+003	   +1.275019e+001
+2.936481e+003	   +1.263025e+001
+2.941367e+003	   +1.265459e+001
+2.946261e+003	   +1.265862e+001
+2.951163e+003	   +1.259309e+001
+2.956073e+003	   +1.260831e+001
+2.960991e+003	   +1.238841e+001
+2.965917e+003	   +1.241617e+001
+2.970852e+003	   +1.276418e+001
+2.975794e+003	   +1.255863e+001
+2.980745e+003	   +1.226059e+001
+2.985704e+003	   +1.252422e+001
+2.990672e+003	   +1.246803e+001
+2.995648e+003	   +1.239557e+001
+3.000632e+003	   +1.210647e+001
+3.005624e+003	   +1.235452e+001
+3.010625e+003	   +1.241612e+001
+3.015634e+003	   +1.220335e+001
+3.020651e+003	   +1.213383e+001
+3.025676e+003	   +1.226913e+001
+3.030710e+003	   +1.247690e+001
+3.035753e+003	   +1.216632e+001
+3.040803e+003	   +1.245365e+001
+3.045863e+003	   +1.197745e+001
+3.050930e+003	   +1.181461e+001
+3.056006e+003	   +1.202748e+001
+3.061090e+003	   +1.224582e+001
+3.066183e+003	   +1.254531e+001
+3.071285e+003	   +1.162236e+001
+3.076395e+003	   +1.199285e+001
+3.081513e+003	   +1.199774e+001
+3.086640e+003	   +1.196964e+001
+3.091775e+003	   +1.150498e+001
+3.096919e+003	   +1.200973e+001
+3.102072e+003	   +1.189943e+001
+3.107232e+003	   +1.172961e+001
+3.112402e+003	   +1.191429e+001
+3.117580e+003	   +1.161327e+001
+3.122767e+003	   +1.155099e+001
+3.127963e+003	   +1.208520e+001
+3.133167e+003	   +1.195434e+001
+3.138380e+003	   +1.173354e+001
+3.143601e+003	   +1.193997e+001
+3.148831e+003	   +1.155725e+001
+3.154070e+003	   +1.144106e+001
+3.159318e+003	   +1.177035e+001
+3.164574e+003	   +1.148180e+001
+3.169839e+003	   +1.159790e+001
+3.175113e+003	   +1.149300e+001
+3.180396e+003	   +1.149547e+001
+3.185687e+003	   +1.187553e+001
+3.190987e+003	   +1.138656e+001
+3.196296e+003	   +1.150998e+001
+3.201614e+003	   +1.122972e+001
+3.206940e+003	   +1.153338e+001
+3.212276e+003	   +1.122693e+001
+3.217621e+003	   +1.160849e+001
+3.222974e+003	   +1.144738e+001
+3.228336e+003	   +1.128858e+001
+3.233707e+003	   +1.118526e+001
+3.239087e+003	   +1.120239e+001
+3.244476e+003	   +1.114221e+001
+3.249874e+003	   +1.116275e+001
+3.255281e+003	   +1.129588e+001
+3.260697e+003	   +1.111076e+001
+3.266122e+003	   +1.089529e+001
+3.271556e+003	   +1.098621e+001
+3.276999e+003	   +1.124778e+001
+3.282451e+003	   +1.109592e+001
+3.287912e+003	   +1.120782e+001
+3.293383e+003	   +1.087402e+001
+3.298862e+003	   +1.082844e+001
+3.304351e+003	   +1.091253e+001
+3.309848e+003	   +1.101139e+001
+3.315355e+003	   +1.092816e+001
+3.320871e+003	   +1.077421e+001
+3.326396e+003	   +1.059338e+001
+3.331930e+003	   +1.087629e+001
+3.337474e+003	   +1.094761e+001
+3.343026e+003	   +1.060330e+001
+3.348588e+003	   +1.055626e+001
+3.354159e+003	   +1.084225e+001
+3.359740e+003	   +1.109844e+001
+3.365330e+003	   +1.070790e+001
+3.370929e+003	   +1.070425e+001
+3.376537e+003	   +1.050839e+001
+3.382155e+003	   +1.066859e+001
+3.387782e+003	   +1.056578e+001
+3.393418e+003	   +1.070013e+001
+3.399064e+003	   +1.061315e+001
+3.404719e+003	   +1.038210e+001
+3.410384e+003	   +1.020376e+001
+3.416058e+003	   +1.033573e+001
+3.421741e+003	   +1.064407e+001
+3.427434e+003	   +1.050582e+001
+3.433137e+003	   +1.063512e+001
+3.438849e+003	   +1.028494e+001
+3.444570e+003	   +1.038516e+001
+3.450301e+003	   +1.003286e+001
+3.456041e+003	   +1.053813e+001
+3.461791e+003	   +1.046838e+001
+3.467551e+003	   +1.026383e+001
+3.473320e+003	   +1.034557e+001
+3.479099e+003	   +1.030156e+001
+3.484887e+003	   +1.044107e+001
+3.490685e+003	   +9.958616e+000
+3.496492e+003	   +1.031355e+001
+3.502310e+003	   +9.346246e+000
+3.508137e+003	   +1.025149e+001
+3.513973e+003	   +1.014470e+001
+3.519820e+003	   +9.827163e+000
+3.525676e+003	   +9.749848e+000
+3.531542e+003	   +1.008807e+001
+3.537417e+003	   +1.000786e+001
+3.543303e+003	   +9.751543e+000
+3.549198e+003	   +1.007698e+001
+3.555103e+003	   +1.005603e+001
+3.561018e+003	   +9.811487e+000
+3.566942e+003	   +1.001636e+001
+3.572877e+003	   +9.898654e+000
+3.578821e+003	   +9.651479e+000
+3.584775e+003	   +9.646581e+000
+3.590740e+003	   +9.733131e+000
+3.596714e+003	   +9.937716e+000
+3.602698e+003	   +9.771863e+000
+3.608691e+003	   +9.603092e+000
+3.614696e+003	   +9.357126e+000
+3.620709e+003	   +9.500351e+000
+3.626733e+003	   +9.562204e+000
+3.632767e+003	   +9.480360e+000
+3.638811e+003	   +9.445975e+000
+3.644865e+003	   +9.483425e+000
+3.650929e+003	   +9.473548e+000
+3.657004e+003	   +9.472187e+000
+3.663088e+003	   +9.366763e+000
+3.669183e+003	   +9.446339e+000
+3.675287e+003	   +9.340693e+000
+3.681402e+003	   +9.612251e+000
+3.687527e+003	   +9.400925e+000
+3.693662e+003	   +9.300486e+000
+3.699807e+003	   +9.462765e+000
+3.705963e+003	   +9.216415e+000
+3.712128e+003	   +9.234908e+000
+3.718305e+003	   +9.280983e+000
+3.724491e+003	   +9.331566e+000
+3.730688e+003	   +9.258327e+000
+3.736895e+003	   +9.155918e+000
+3.743112e+003	   +9.125783e+000
+3.749339e+003	   +9.180267e+000
+3.755577e+003	   +9.103443e+000
+3.761825e+003	   +9.133483e+000
+3.768084e+003	   +9.036399e+000
+3.774354e+003	   +9.093390e+000
+3.780633e+003	   +8.840766e+000
+3.786923e+003	   +9.084681e+000
+3.793223e+003	   +8.932685e+000
+3.799534e+003	   +9.000002e+000
+3.805856e+003	   +8.842402e+000
+3.812188e+003	   +8.803249e+000
+3.818530e+003	   +8.789520e+000
+3.824884e+003	   +8.872399e+000
+3.831247e+003	   +8.807279e+000
+3.837621e+003	   +8.783645e+000
+3.844006e+003	   +8.780793e+000
+3.850402e+003	   +8.748316e+000
+3.856808e+003	   +8.777334e+000
+3.863224e+003	   +8.774642e+000
+3.869652e+003	   +8.685295e+000
+3.876090e+003	   +8.648640e+000
+3.882539e+003	   +8.636157e+000
+3.888998e+003	   +8.639631e+000
+3.895469e+003	   +8.571524e+000
+3.901950e+003	   +8.558145e+000
+3.908442e+003	   +8.545148e+000
+3.914944e+003	   +8.516829e+000
+3.921458e+003	   +8.484288e+000
+3.927982e+003	   +8.433286e+000
+3.934517e+003	   +8.523735e+000
+3.941063e+003	   +8.387330e+000
+3.947620e+003	   +8.301407e+000
+3.954188e+003	   +8.409616e+000
+3.960767e+003	   +8.312856e+000
+3.967356e+003	   +8.251497e+000
+3.973957e+003	   +8.241322e+000
+3.980569e+003	   +8.296124e+000
+3.987192e+003	   +8.256388e+000
+3.993825e+003	   +8.185065e+000
+4.000470e+003	   +8.247373e+000
+4.007126e+003	   +8.148105e+000
+4.013792e+003	   +8.110990e+000
+4.020470e+003	   +8.138938e+000
+4.027159e+003	   +8.157429e+000
+4.033860e+003	   +8.019639e+000
+4.040571e+003	   +8.089404e+000
+4.047293e+003	   +8.022532e+000
+4.054027e+003	   +8.058488e+000
+4.060772e+003	   +7.997173e+000
+4.067528e+003	   +7.937474e+000
+4.074295e+003	   +7.923787e+000
+4.081074e+003	   +7.907426e+000
+4.087864e+003	   +7.910087e+000
+4.094665e+003	   +7.921795e+000
+4.101478e+003	   +7.882526e+000
+4.108301e+003	   +7.849092e+000
+4.115137e+003	   +7.789864e+000
+4.121983e+003	   +7.778068e+000
+4.128841e+003	   +7.793514e+000
+4.135710e+003	   +7.761666e+000
+4.142591e+003	   +7.708354e+000
+4.149483e+003	   +7.688712e+000
+4.156387e+003	   +7.667201e+000
+4.163302e+003	   +7.654068e+000
+4.170229e+003	   +7.599342e+000
+4.177167e+003	   +7.573014e+000
+4.184117e+003	   +7.585914e+000
+4.191078e+003	   +7.577496e+000
+4.198051e+003	   +7.518756e+000
+4.205036e+003	   +7.466590e+000
+4.212032e+003	   +7.509461e+000
+4.219040e+003	   +7.438443e+000
+4.226059e+003	   +7.434494e+000
+4.233090e+003	   +7.389744e+000
+4.240133e+003	   +7.393803e+000
+4.247188e+003	   +7.389398e+000
+4.254253e+003	   +7.320988e+000
+4.261332e+003	   +7.305588e+000
+4.268421e+003	   +7.270846e+000
+4.275523e+003	   +7.253407e+000
+4.282636e+003	   +7.263830e+000
+4.289762e+003	   +7.244686e+000
+4.296898e+003	   +7.205187e+000
+4.304047e+003	   +7.166732e+000
+4.311208e+003	   +7.166509e+000
+4.318381e+003	   +7.110367e+000
+4.325566e+003	   +7.113224e+000
+4.332763e+003	   +7.083323e+000
+4.339971e+003	   +7.046465e+000
+4.347192e+003	   +7.043237e+000
+4.354424e+003	   +7.000391e+000
+4.361669e+003	   +6.969715e+000
+4.368926e+003	   +6.988726e+000
+4.376194e+003	   +6.938398e+000
+4.383476e+003	   +6.909261e+000
+4.390769e+003	   +6.904101e+000
+4.398074e+003	   +6.866067e+000
+4.405391e+003	   +6.869727e+000
+4.412720e+003	   +6.855621e+000
+4.420062e+003	   +6.804628e+000
+4.427416e+003	   +6.774555e+000
+4.434782e+003	   +6.779209e+000
+4.442160e+003	   +6.719504e+000
+4.449551e+003	   +6.698929e+000
+4.456954e+003	   +6.692498e+000
+4.464369e+003	   +6.679980e+000
+4.471796e+003	   +6.633098e+000
+4.479236e+003	   +6.673011e+000
+4.486689e+003	   +6.633378e+000
+4.494153e+003	   +6.635522e+000
+4.501631e+003	   +6.580093e+000
+4.509120e+003	   +6.529009e+000
+4.516622e+003	   +6.509158e+000
+4.524137e+003	   +6.516478e+000
+4.531664e+003	   +6.497513e+000
+4.539203e+003	   +6.441694e+000
+4.546755e+003	   +6.414733e+000
+4.554320e+003	   +6.395635e+000
+4.561897e+003	   +6.376202e+000
+4.569487e+003	   +6.359781e+000
+4.577090e+003	   +6.353052e+000
+4.584705e+003	   +6.301312e+000
+4.592333e+003	   +6.285485e+000
+4.599973e+003	   +6.269048e+000
+4.607626e+003	   +6.263063e+000
+4.615292e+003	   +6.234524e+000
+4.622971e+003	   +6.194555e+000
+4.630662e+003	   +6.210441e+000
+4.638367e+003	   +6.133157e+000
+4.646083e+003	   +6.152916e+000
+4.653813e+003	   +6.126055e+000
+4.661556e+003	   +6.130494e+000
+4.669312e+003	   +6.094233e+000
+4.677081e+003	   +6.082229e+000
+4.684862e+003	   +6.042213e+000
+4.692656e+003	   +6.028349e+000
+4.700464e+003	   +6.001649e+000
+4.708284e+003	   +6.024964e+000
+4.716118e+003	   +5.950300e+000
+4.723964e+003	   +5.960496e+000
+4.731823e+003	   +5.956755e+000
+4.739696e+003	   +5.807183e+000
+4.747582e+003	   +5.877737e+000
+4.755480e+003	   +5.843348e+000
+4.763392e+003	   +5.845780e+000
+4.771317e+003	   +5.832058e+000
+4.779256e+003	   +5.782997e+000
+4.787207e+003	   +5.784013e+000
+4.795172e+003	   +5.737827e+000
+4.803150e+003	   +5.713728e+000
+4.811141e+003	   +5.690685e+000
+4.819146e+003	   +5.657751e+000
+4.827164e+003	   +5.645245e+000
+4.835194e+003	   +5.630994e+000
+4.843239e+003	   +5.593588e+000
+4.851297e+003	   +5.595422e+000
+4.859368e+003	   +5.576309e+000
+4.867453e+003	   +5.553958e+000
+4.875551e+003	   +5.508246e+000
+4.883663e+003	   +5.485145e+000
+4.891788e+003	   +5.454658e+000
+4.899927e+003	   +5.445584e+000
+4.908079e+003	   +5.447241e+000
+4.916245e+003	   +5.403512e+000
+4.924424e+003	   +5.369637e+000
+4.932617e+003	   +5.352518e+000
+4.940824e+003	   +5.335346e+000
+4.949044e+003	   +5.312013e+000
+4.957278e+003	   +5.294712e+000
+4.965526e+003	   +5.236980e+000
+4.973787e+003	   +5.253094e+000
+4.982063e+003	   +5.230272e+000
+4.990351e+003	   +5.189278e+000
+4.998654e+003	   +5.181368e+000
+5.006970e+003	   +5.156361e+000
+5.015301e+003	   +5.129324e+000
+5.023645e+003	   +5.108644e+000
+5.032003e+003	   +5.088603e+000
+5.040375e+003	   +5.062416e+000
+5.048761e+003	   +5.044936e+000
+5.057161e+003	   +5.020974e+000
+5.065575e+003	   +5.009763e+000
+5.074002e+003	   +4.992622e+000
+5.082444e+003	   +4.964484e+000
+5.090900e+003	   +4.936576e+000
+5.099370e+003	   +4.916482e+000
+5.107854e+003	   +4.877516e+000
+5.116353e+003	   +4.874074e+000
+5.124865e+003	   +4.846223e+000
+5.133391e+003	   +4.832093e+000
+5.141932e+003	   +4.821255e+000
+5.150487e+003	   +4.789316e+000
+5.159056e+003	   +4.766284e+000
+5.167639e+003	   +4.757671e+000
+5.176237e+003	   +4.730155e+000
+5.184849e+003	   +4.696017e+000
+5.193475e+003	   +4.691051e+000
+5.202116e+003	   +4.664553e+000
+5.210771e+003	   +4.643935e+000
+5.219440e+003	   +4.619207e+000
+5.228124e+003	   +4.608021e+000
+5.236822e+003	   +4.594146e+000
+5.245535e+003	   +4.559505e+000
+5.254262e+003	   +4.535697e+000
+5.263004e+003	   +4.526461e+000
+5.271760e+003	   +4.490560e+000
+5.280531e+003	   +4.470112e+000
+5.289316e+003	   +4.428995e+000
+5.298117e+003	   +4.428201e+000
+5.306931e+003	   +4.408295e+000
+5.315761e+003	   +4.379711e+000
+5.324605e+003	   +4.354307e+000
+5.333463e+003	   +4.335980e+000
+5.342337e+003	   +4.308752e+000
+5.351226e+003	   +4.277893e+000
+5.360128e+003	   +4.267841e+000
+5.369046e+003	   +4.249670e+000
+5.377979e+003	   +4.216278e+000
+5.386927e+003	   +4.196578e+000
+5.395889e+003	   +4.172805e+000
+5.404867e+003	   +4.151262e+000
+5.413859e+003	   +4.139706e+000
+5.422866e+003	   +4.107757e+000
+5.431889e+003	   +4.088720e+000
+5.440926e+003	   +4.060947e+000
+5.449978e+003	   +4.041396e+000
+5.459045e+003	   +4.018977e+000
+5.468128e+003	   +3.988168e+000
+5.477226e+003	   +3.977710e+000
+5.486338e+003	   +3.956289e+000
+5.495466e+003	   +3.929862e+000
+5.504609e+003	   +3.916861e+000
+5.513768e+003	   +3.892019e+000
+5.522941e+003	   +3.865988e+000
+5.532130e+003	   +3.860038e+000
+5.541334e+003	   +3.833224e+000
+5.550553e+003	   +3.799711e+000
+5.559788e+003	   +3.787889e+000
+5.569038e+003	   +3.780211e+000
+5.578304e+003	   +3.743003e+000
+5.587584e+003	   +3.719781e+000
+5.596881e+003	   +3.699872e+000
+5.606192e+003	   +3.683445e+000
+5.615520e+003	   +3.665914e+000
+5.624863e+003	   +3.647250e+000
+5.634221e+003	   +3.626727e+000
+5.643595e+003	   +3.613062e+000
+5.652984e+003	   +3.585466e+000
+5.662390e+003	   +3.558624e+000
+5.671810e+003	   +3.540851e+000
+5.681247e+003	   +3.524970e+000
+5.690699e+003	   +3.494378e+000
+5.700167e+003	   +3.473536e+000
+5.709650e+003	   +3.469298e+000
+5.719150e+003	   +3.445334e+000
+5.728665e+003	   +3.416094e+000
+5.738196e+003	   +3.400208e+000
+5.747743e+003	   +3.389227e+000
+5.757306e+003	   +3.351486e+000
+5.766884e+003	   +3.337361e+000
+5.776479e+003	   +3.311872e+000
+5.786090e+003	   +3.292711e+000
+5.795716e+003	   +3.272823e+000
+5.805359e+003	   +3.253840e+000
+5.815018e+003	   +3.221227e+000
+5.824692e+003	   +3.207868e+000
+5.834383e+003	   +3.185596e+000
+5.844090e+003	   +3.168636e+000
+5.853813e+003	   +3.144826e+000
+5.863552e+003	   +3.121716e+000
+5.873308e+003	   +3.096921e+000
+5.883080e+003	   +3.085481e+000
+5.892868e+003	   +3.058823e+000
+5.902672e+003	   +3.033511e+000
+5.912492e+003	   +3.016275e+000
+5.922329e+003	   +3.004992e+000
+5.932183e+003	   +2.969887e+000
+5.942052e+003	   +2.954663e+000
+5.951938e+003	   +2.941418e+000
+5.961841e+003	   +2.924315e+000
+5.971760e+003	   +2.903028e+000
+5.981695e+003	   +2.876105e+000
+5.991647e+003	   +2.856266e+000
+6.001616e+003	   +2.844077e+000
+6.011601e+003	   +2.822748e+000
+6.021603e+003	   +2.794643e+000
+6.031621e+003	   +2.783042e+000
+6.041656e+003	   +2.759477e+000
+6.051708e+003	   +2.739639e+000
+6.061776e+003	   +2.721385e+000
+6.071862e+003	   +2.700153e+000
+6.081964e+003	   +2.687495e+000
+6.092083e+003	   +2.665152e+000
+6.102218e+003	   +2.644893e+000
+6.112371e+003	   +2.618704e+000
+6.122541e+003	   +2.600162e+000
+6.132727e+003	   +2.584803e+000
+6.142930e+003	   +2.558940e+000
+6.153150e+003	   +2.539258e+000
+6.163388e+003	   +2.519499e+000
+6.173642e+003	   +2.508185e+000
+6.183913e+003	   +2.479429e+000
+6.194202e+003	   +2.470263e+000
+6.204507e+003	   +2.452342e+000
+6.214830e+003	   +2.423491e+000
+6.225170e+003	   +2.400054e+000
+6.235527e+003	   +2.388454e+000
+6.245901e+003	   +2.374621e+000
+6.256293e+003	   +2.348114e+000
+6.266702e+003	   +2.328898e+000
+6.277128e+003	   +2.312977e+000
+6.287572e+003	   +2.292420e+000
+6.298033e+003	   +2.277931e+000
+6.308511e+003	   +2.255135e+000
+6.319007e+003	   +2.234158e+000
+6.329520e+003	   +2.216725e+000
+6.340051e+003	   +2.202034e+000
+6.350599e+003	   +2.180544e+000
+6.361165e+003	   +2.154670e+000
+6.371748e+003	   +2.135396e+000
+6.382349e+003	   +2.118889e+000
+6.392968e+003	   +2.096409e+000
+6.403604e+003	   +2.080729e+000
+6.414258e+003	   +2.063794e+000
+6.424930e+003	   +2.040056e+000
+6.435619e+003	   +2.019663e+000
+6.446326e+003	   +2.000722e+000
+6.457051e+003	   +1.979933e+000
+6.467794e+003	   +1.962608e+000
+6.478555e+003	   +1.944174e+000
+6.489333e+003	   +1.915234e+000
+6.500130e+003	   +1.898287e+000
+6.510945e+003	   +1.882064e+000
+6.521777e+003	   +1.861485e+000
+6.532628e+003	   +1.846738e+000
+6.543497e+003	   +1.824023e+000
+6.554383e+003	   +1.802916e+000
+6.565288e+003	   +1.787048e+000
+6.576211e+003	   +1.772500e+000
+6.587152e+003	   +1.750643e+000
+6.598112e+003	   +1.723379e+000
+6.609089e+003	   +1.706716e+000
+6.620085e+003	   +1.691768e+000
+6.631099e+003	   +1.672393e+000
+6.642132e+003	   +1.649205e+000
+6.653183e+003	   +1.630684e+000
+6.664252e+003	   +1.612456e+000
+6.675339e+003	   +1.593750e+000
+6.686445e+003	   +1.573439e+000
+6.697570e+003	   +1.555185e+000
+6.708713e+003	   +1.532029e+000
+6.719875e+003	   +1.511544e+000
+6.731055e+003	   +1.498291e+000
+6.742253e+003	   +1.475792e+000
+6.753471e+003	   +1.456061e+000
+6.764707e+003	   +1.444669e+000
+6.775962e+003	   +1.423171e+000
+6.787235e+003	   +1.405113e+000
+6.798527e+003	   +1.384219e+000
+6.809838e+003	   +1.368820e+000
+6.821168e+003	   +1.350971e+000
+6.832517e+003	   +1.341815e+000
+6.843885e+003	   +1.319306e+000
+6.855271e+003	   +1.294026e+000
+6.866677e+003	   +1.276180e+000
+6.878101e+003	   +1.260786e+000
+6.889544e+003	   +1.239004e+000
+6.901007e+003	   +1.224785e+000
+6.912488e+003	   +1.203691e+000
+6.923989e+003	   +1.186024e+000
+6.935509e+003	   +1.162854e+000
+6.947048e+003	   +1.153594e+000
+6.958606e+003	   +1.127496e+000
+6.970183e+003	   +1.106754e+000
+6.981780e+003	   +1.090723e+000
+6.993396e+003	   +1.074900e+000
+7.005031e+003	   +1.053002e+000
+7.016686e+003	   +1.038862e+000
+7.028359e+003	   +1.018489e+000
+7.040053e+003	   +9.964789e-001
+7.051766e+003	   +9.800383e-001
+7.063498e+003	   +9.600317e-001
+7.075250e+003	   +9.406630e-001
+7.087021e+003	   +9.265184e-001
+7.098813e+003	   +9.123259e-001
+7.110623e+003	   +8.856522e-001
+7.122454e+003	   +8.555031e-001
+7.134303e+003	   +8.441892e-001
+7.146173e+003	   +8.293101e-001
+7.158063e+003	   +8.253186e-001
+7.169972e+003	   +7.988209e-001
+7.181901e+003	   +7.729877e-001
+7.193850e+003	   +7.724143e-001
+7.205818e+003	   +7.477452e-001
+7.217807e+003	   +7.089830e-001
+7.229815e+003	   +7.046402e-001
+7.241844e+003	   +6.922464e-001
+7.253893e+003	   +6.609948e-001
+7.265961e+003	   +6.570840e-001
+7.278050e+003	   +6.308743e-001
+7.290159e+003	   +6.239142e-001
+7.302288e+003	   +5.947902e-001
+7.314437e+003	   +5.811353e-001
+7.326606e+003	   +5.632366e-001
+7.338796e+003	   +5.453601e-001
+7.351006e+003	   +5.254022e-001
+7.363236e+003	   +5.094826e-001
+7.375487e+003	   +4.856858e-001
+7.387758e+003	   +4.578467e-001
+7.400049e+003	   +4.513160e-001
+7.412361e+003	   +4.248617e-001
+7.424693e+003	   +4.103280e-001
+7.437046e+003	   +3.911065e-001
+7.449419e+003	   +3.775198e-001
+7.461813e+003	   +3.563660e-001
+7.474228e+003	   +3.449081e-001
+7.486663e+003	   +3.213193e-001
+7.499119e+003	   +3.037032e-001
+7.511596e+003	   +2.818310e-001
+7.524093e+003	   +2.599263e-001
+7.536611e+003	   +2.500232e-001
+7.549150e+003	   +2.321672e-001
+7.561710e+003	   +2.110313e-001
+7.574291e+003	   +1.985054e-001
+7.586893e+003	   +1.774403e-001
+7.599515e+003	   +1.594562e-001
+7.612159e+003	   +1.458343e-001
+7.624824e+003	   +1.273974e-001
+7.637509e+003	   +1.071306e-001
+7.650216e+003	   +8.669145e-002
+7.662944e+003	   +7.466070e-002
+7.675693e+003	   +5.879778e-002
+7.688464e+003	   +3.979524e-002
+7.701255e+003	   +2.780067e-002
+7.714068e+003	   +9.870265e-003
+7.726903e+003	   -1.302594e-002
+7.739758e+003	   -3.289901e-002
+7.752635e+003	   -4.683456e-002
+7.765534e+003	   -6.568947e-002
+7.778454e+003	   -8.791540e-002
+7.791395e+003	   -1.081903e-001
+7.804358e+003	   -1.243993e-001
+7.817342e+003	   -1.447454e-001
+7.830349e+003	   -1.718509e-001
+7.843376e+003	   -1.894350e-001
+7.856426e+003	   -1.852496e-001
+7.869497e+003	   -2.057373e-001
+7.882589e+003	   -2.066422e-001
+7.895704e+003	   -2.471467e-001
+7.908841e+003	   -2.627085e-001
+7.921999e+003	   -2.844103e-001
+7.935179e+003	   -3.001651e-001
+7.948381e+003	   -3.102822e-001
+7.961605e+003	   -3.399244e-001
+7.974852e+003	   -3.463734e-001
+7.988120e+003	   -3.768181e-001
+8.001410e+003	   -3.789506e-001
+8.014722e+003	   -3.921490e-001
+8.028057e+003	   -4.201494e-001
+8.041413e+003	   -4.374006e-001
+8.054792e+003	   -4.466476e-001
+8.068193e+003	   -4.681542e-001
+8.081617e+003	   -4.854119e-001
+8.095063e+003	   -5.009041e-001
+8.108531e+003	   -5.281289e-001
+8.122021e+003	   -5.410524e-001
+8.135534e+003	   -5.611794e-001
+8.149070e+003	   -5.788113e-001
+8.162627e+003	   -5.932849e-001
+8.176208e+003	   -6.090826e-001
+8.189811e+003	   -6.312080e-001
+8.203438e+003	   -6.367283e-001
+8.217086e+003	   -6.660802e-001
+8.230757e+003	   -6.764217e-001
+8.244450e+003	   -6.920571e-001
+8.258167e+003	   -7.106922e-001
+8.271906e+003	   -7.281058e-001
+8.285669e+003	   -7.441497e-001
+8.299454e+003	   -7.564727e-001
+8.313263e+003	   -7.787315e-001
+8.327094e+003	   -7.984712e-001
+8.340948e+003	   -8.144671e-001
+8.354825e+003	   -8.366056e-001
+8.368726e+003	   -8.481199e-001
+8.382648e+003	   -8.688902e-001
+8.396596e+003	   -8.785897e-001
+8.410565e+003	   -8.972388e-001
+8.424559e+003	   -9.156945e-001
+8.438574e+003	   -9.301673e-001
+8.452614e+003	   -1.022060e+000
+8.466678e+003	   -9.662157e-001
+8.480764e+003	   -9.837583e-001
+8.494874e+003	   -1.007343e+000
+8.509007e+003	   -1.018522e+000
+8.523164e+003	   -1.038493e+000
+8.537344e+003	   -1.052246e+000
+8.551548e+003	   -1.072932e+000
+8.565775e+003	   -1.087862e+000
+8.580027e+003	   -1.106898e+000
+8.594302e+003	   -1.117723e+000
+8.608601e+003	   -1.138649e+000
+8.622923e+003	   -1.162137e+000
+8.637270e+003	   -1.175971e+000
+8.651640e+003	   -1.188447e+000
+8.666034e+003	   -1.203276e+000
+8.680452e+003	   -1.225757e+000
+8.694895e+003	   -1.240887e+000
+8.709360e+003	   -1.257467e+000
+8.723851e+003	   -1.278368e+000
+8.738364e+003	   -1.297825e+000
+8.752903e+003	   -1.308967e+000
+8.767466e+003	   -1.323567e+000
+8.782053e+003	   -1.336599e+000
+8.796664e+003	   -1.360554e+000
+8.811299e+003	   -1.374783e+000
+8.825959e+003	   -1.390443e+000
+8.840643e+003	   -1.408115e+000
+8.855352e+003	   -1.424891e+000
+8.870085e+003	   -1.444392e+000
+8.884842e+003	   -1.456301e+000
+8.899624e+003	   -1.474283e+000
+8.914431e+003	   -1.493283e+000
+8.929263e+003	   -1.511973e+000
+8.944118e+003	   -1.525117e+000
+8.958999e+003	   -1.545236e+000
+8.973904e+003	   -1.560837e+000
+8.988835e+003	   -1.578107e+000
+9.003790e+003	   -1.601749e+000
+9.018771e+003	   -1.617253e+000
+9.033775e+003	   -1.634229e+000
+9.048805e+003	   -1.649938e+000
+9.063860e+003	   -1.671005e+000
+9.078940e+003	   -1.685872e+000
+9.094045e+003	   -1.696012e+000
+9.109175e+003	   -1.718796e+000
+9.124331e+003	   -1.734922e+000
+9.139511e+003	   -1.753294e+000
+9.154717e+003	   -1.769389e+000
+9.169948e+003	   -1.787663e+000
+9.185204e+003	   -1.800275e+000
+9.200486e+003	   -1.818068e+000
+9.215794e+003	   -1.843617e+000
+9.231126e+003	   -1.854455e+000
+9.246484e+003	   -1.873281e+000
+9.261868e+003	   -1.883439e+000
+9.277278e+003	   -1.905603e+000
+9.292713e+003	   -1.920935e+000
+9.308174e+003	   -1.940899e+000
+9.323660e+003	   -1.955183e+000
+9.339172e+003	   -1.976097e+000
+9.354710e+003	   -1.989950e+000
+9.370274e+003	   -2.009143e+000
+9.385864e+003	   -2.023367e+000
+9.401479e+003	   -2.041170e+000
+9.417121e+003	   -2.058126e+000
+9.432789e+003	   -2.077115e+000
+9.448482e+003	   -2.089372e+000
+9.464203e+003	   -2.112048e+000
+9.479949e+003	   -2.131541e+000
+9.495721e+003	   -2.143078e+000
+9.511520e+003	   -2.168194e+000
+9.527345e+003	   -2.185218e+000
+9.543195e+003	   -2.202790e+000
+9.559073e+003	   -2.221094e+000
+9.574977e+003	   -2.238471e+000
+9.590907e+003	   -2.255702e+000
+9.606864e+003	   -2.276070e+000
+9.622848e+003	   -2.294925e+000
+9.638857e+003	   -2.314364e+000
+9.654894e+003	   -2.331701e+000
+9.670957e+003	   -2.347194e+000
+9.687047e+003	   -2.367856e+000
+9.703164e+003	   -2.386905e+000
+9.719308e+003	   -2.405586e+000
+9.735479e+003	   -2.423687e+000
+9.751676e+003	   -2.438119e+000
+9.767899e+003	   -2.450850e+000
+9.784151e+003	   -2.475863e+000
+9.800430e+003	   -2.492711e+000
+9.816734e+003	   -2.504206e+000
+9.833067e+003	   -2.524291e+000
+9.849427e+003	   -2.542114e+000
+9.865814e+003	   -2.563387e+000
+9.882229e+003	   -2.577444e+000
+9.898670e+003	   -2.593862e+000
+9.915139e+003	   -2.613090e+000
+9.931635e+003	   -2.623289e+000
+9.948159e+003	   -2.640118e+000
+9.964710e+003	   -2.660928e+000
+9.981289e+003	   -2.675783e+000
+9.997895e+003	   -2.694547e+000
+1.001453e+004	   -2.709002e+000
+1.003119e+004	   -2.732414e+000
+1.004788e+004	   -2.744384e+000
+1.006460e+004	   -2.760883e+000
+1.008134e+004	   -2.778379e+000
+1.009812e+004	   -2.791881e+000
+1.011492e+004	   -2.813154e+000
+1.013174e+004	   -2.830343e+000
+1.014860e+004	   -2.846780e+000
+1.016549e+004	   -2.860928e+000
+1.018240e+004	   -2.881100e+000
+1.019934e+004	   -2.895213e+000
+1.021631e+004	   -2.908298e+000
+1.023331e+004	   -2.925545e+000
+1.025033e+004	   -2.941490e+000
+1.026739e+004	   -2.960233e+000
+1.028447e+004	   -2.977432e+000
+1.030158e+004	   -2.994988e+000
+1.031872e+004	   -3.010216e+000
+1.033589e+004	   -3.030855e+000
+1.035308e+004	   -3.045844e+000
+1.037031e+004	   -3.059997e+000
+1.038756e+004	   -3.075352e+000
+1.040484e+004	   -3.095298e+000
+1.042215e+004	   -3.107416e+000
+1.043949e+004	   -3.125651e+000
+1.045686e+004	   -3.143823e+000
+1.047426e+004	   -3.159726e+000
+1.049169e+004	   -3.174078e+000
+1.050914e+004	   -3.189039e+000
+1.052663e+004	   -3.205403e+000
+1.054414e+004	   -3.230549e+000
+1.056168e+004	   -3.240311e+000
+1.057925e+004	   -3.251504e+000
+1.059686e+004	   -3.273912e+000
+1.061449e+004	   -3.290733e+000
+1.063215e+004	   -3.310531e+000
+1.064983e+004	   -3.324257e+000
+1.066755e+004	   -3.339121e+000
+1.068530e+004	   -3.354757e+000
+1.070308e+004	   -3.373257e+000
+1.072089e+004	   -3.386673e+000
+1.073872e+004	   -3.404119e+000
+1.075659e+004	   -3.421912e+000
+1.077449e+004	   -3.437884e+000
+1.079241e+004	   -3.455495e+000
+1.081037e+004	   -3.471903e+000
+1.082835e+004	   -3.489425e+000
+1.084637e+004	   -3.507849e+000
+1.086442e+004	   -3.523723e+000
+1.088249e+004	   -3.539555e+000
+1.090060e+004	   -3.555894e+000
+1.091873e+004	   -3.570484e+000
+1.093690e+004	   -3.588852e+000
+1.095509e+004	   -3.606593e+000
+1.097332e+004	   -3.620956e+000
+1.099158e+004	   -3.632937e+000
+1.100987e+004	   -3.653674e+000
+1.102818e+004	   -3.667179e+000
+1.104653e+004	   -3.689208e+000
+1.106491e+004	   -3.702132e+000
+1.108332e+004	   -3.718421e+000
+1.110176e+004	   -3.737156e+000
+1.112023e+004	   -3.756318e+000
+1.113873e+004	   -3.770602e+000
+1.115726e+004	   -3.790598e+000
+1.117583e+004	   -3.804974e+000
+1.119442e+004	   -3.826445e+000
+1.121304e+004	   -3.841620e+000
+1.123170e+004	   -3.857475e+000
+1.125039e+004	   -3.877447e+000
+1.126910e+004	   -3.889396e+000
+1.128785e+004	   -3.914020e+000
+1.130663e+004	   -3.925155e+000
+1.132544e+004	   -3.944200e+000
+1.134429e+004	   -3.959009e+000
+1.136316e+004	   -3.979823e+000
+1.138207e+004	   -3.996597e+000
+1.140100e+004	   -4.010264e+000
+1.141997e+004	   -4.030346e+000
+1.143897e+004	   -4.042794e+000
+1.145800e+004	   -4.058805e+000
+1.147707e+004	   -4.077328e+000
+1.149616e+004	   -4.097358e+000
+1.151529e+004	   -4.108513e+000
+1.153445e+004	   -4.128716e+000
+1.155364e+004	   -4.142698e+000
+1.157286e+004	   -4.161839e+000
+1.159211e+004	   -4.178760e+000
+1.161140e+004	   -4.195967e+000
+1.163072e+004	   -4.211673e+000
+1.165007e+004	   -4.231041e+000
+1.166945e+004	   -4.245153e+000
+1.168887e+004	   -4.262679e+000
+1.170831e+004	   -4.277164e+000
+1.172779e+004	   -4.286377e+000
+1.174731e+004	   -4.308422e+000
+1.176685e+004	   -4.318372e+000
+1.178643e+004	   -4.337800e+000
+1.180604e+004	   -4.351408e+000
+1.182568e+004	   -4.368409e+000
+1.184535e+004	   -4.385913e+000
+1.186506e+004	   -4.400908e+000
+1.188480e+004	   -4.421766e+000
+1.190458e+004	   -4.434772e+000
+1.192438e+004	   -4.453894e+000
+1.194422e+004	   -4.468073e+000
+1.196409e+004	   -4.483306e+000
+1.198400e+004	   -4.501168e+000
+1.200394e+004	   -4.515702e+000
+1.202391e+004	   -4.531844e+000
+1.204391e+004	   -4.548886e+000
+1.206395e+004	   -4.569500e+000
+1.208402e+004	   -4.581987e+000
+1.210413e+004	   -4.599167e+000
+1.212427e+004	   -4.619321e+000
+1.214444e+004	   -4.633867e+000
+1.216464e+004	   -4.652450e+000
+1.218488e+004	   -4.669444e+000
+1.220515e+004	   -4.685725e+000
+1.222546e+004	   -4.700049e+000
+1.224580e+004	   -4.712108e+000
+1.226617e+004	   -4.728700e+000
+1.228658e+004	   -4.748839e+000
+1.230702e+004	   -4.764572e+000
+1.232750e+004	   -4.787571e+000
+1.234801e+004	   -4.801297e+000
+1.236855e+004	   -4.815384e+000
+1.238913e+004	   -4.831735e+000
+1.240974e+004	   -4.847831e+000
+1.243039e+004	   -4.862387e+000
+1.245107e+004	   -4.883348e+000
+1.247179e+004	   -4.899304e+000
+1.249254e+004	   -4.917946e+000
+1.251332e+004	   -4.935223e+000
+1.253414e+004	   -4.951199e+000
+1.255499e+004	   -4.968390e+000
+1.257588e+004	   -4.983014e+000
+1.259680e+004	   -5.000157e+000
+1.261776e+004	   -5.020414e+000
+1.263876e+004	   -5.037801e+000
+1.265978e+004	   -5.051351e+000
+1.268085e+004	   -5.065534e+000
+1.270194e+004	   -5.089055e+000
+1.272308e+004	   -5.101804e+000
+1.274424e+004	   -5.118273e+000
+1.276545e+004	   -5.140092e+000
+1.278669e+004	   -5.151754e+000
+1.280796e+004	   -5.170112e+000
+1.282927e+004	   -5.181783e+000
+1.285061e+004	   -5.200509e+000
+1.287199e+004	   -5.216618e+000
+1.289341e+004	   -5.236910e+000
+1.291486e+004	   -5.252028e+000
+1.293635e+004	   -5.265964e+000
+1.295787e+004	   -5.283122e+000
+1.297943e+004	   -5.302783e+000
+1.300102e+004	   -5.318361e+000
+1.302265e+004	   -5.336566e+000
+1.304432e+004	   -5.353700e+000
+1.306602e+004	   -5.364320e+000
+1.308776e+004	   -5.382145e+000
+1.310954e+004	   -5.393189e+000
+1.313135e+004	   -5.414540e+000
+1.315320e+004	   -5.429713e+000
+1.317508e+004	   -5.447474e+000
+1.319700e+004	   -5.462868e+000
+1.321896e+004	   -5.482835e+000
+1.324095e+004	   -5.495033e+000
+1.326298e+004	   -5.517447e+000
+1.328504e+004	   -5.528419e+000
+1.330715e+004	   -5.545467e+000
+1.332929e+004	   -5.562634e+000
+1.335146e+004	   -5.575482e+000
+1.337368e+004	   -5.596771e+000
+1.339593e+004	   -5.607823e+000
+1.341821e+004	   -5.628101e+000
+1.344054e+004	   -5.643690e+000
+1.346290e+004	   -5.663167e+000
+1.348530e+004	   -5.675540e+000
+1.350774e+004	   -5.696038e+000
+1.353021e+004	   -5.711415e+000
+1.355272e+004	   -5.731500e+000
+1.357527e+004	   -5.743990e+000
+1.359785e+004	   -5.764269e+000
+1.362048e+004	   -5.784657e+000
+1.364314e+004	   -5.796607e+000
+1.366584e+004	   -5.819575e+000
+1.368857e+004	   -5.831792e+000
+1.371135e+004	   -5.849939e+000
+1.373416e+004	   -5.866604e+000
+1.375701e+004	   -5.883857e+000
+1.377990e+004	   -5.900781e+000
+1.380282e+004	   -5.915212e+000
+1.382579e+004	   -5.929694e+000
+1.384879e+004	   -5.951463e+000
+1.387183e+004	   -5.967502e+000
+1.389491e+004	   -5.986424e+000
+1.391803e+004	   -6.003594e+000
+1.394119e+004	   -6.020164e+000
+1.396438e+004	   -6.040102e+000
+1.398761e+004	   -6.057038e+000
+1.401088e+004	   -6.070783e+000
+1.403420e+004	   -6.090069e+000
+1.405754e+004	   -6.109124e+000
+1.408093e+004	   -6.127524e+000
+1.410436e+004	   -6.142072e+000
+1.412783e+004	   -6.163627e+000
+1.415133e+004	   -6.179802e+000
+1.417488e+004	   -6.191305e+000
+1.419846e+004	   -6.211805e+000
+1.422208e+004	   -6.227742e+000
+1.424574e+004	   -6.242398e+000
+1.426945e+004	   -6.260195e+000
+1.429319e+004	   -6.277256e+000
+1.431697e+004	   -6.289924e+000
+1.434079e+004	   -6.302487e+000
+1.436465e+004	   -6.325942e+000
+1.438854e+004	   -6.336988e+000
+1.441248e+004	   -6.351940e+000
+1.443646e+004	   -6.369354e+000
+1.446048e+004	   -6.387625e+000
+1.448454e+004	   -6.398814e+000
+1.450864e+004	   -6.423352e+000
+1.453278e+004	   -6.434624e+000
+1.455696e+004	   -6.454800e+000
+1.458117e+004	   -6.472606e+000
+1.460543e+004	   -6.486836e+000
+1.462973e+004	   -6.502020e+000
+1.465407e+004	   -6.518548e+000
+1.467845e+004	   -6.534271e+000
+1.470288e+004	   -6.549519e+000
+1.472734e+004	   -6.568664e+000
+1.475184e+004	   -6.586640e+000
+1.477638e+004	   -6.600145e+000
+1.480097e+004	   -6.615711e+000
+1.482559e+004	   -6.630098e+000
+1.485026e+004	   -6.649538e+000
+1.487497e+004	   -6.661036e+000
+1.489971e+004	   -6.673653e+000
+1.492450e+004	   -6.694335e+000
+1.494933e+004	   -6.714541e+000
+1.497421e+004	   -6.729088e+000
+1.499912e+004	   -6.745819e+000
+1.502407e+004	   -6.754936e+000
+1.504907e+004	   -6.776495e+000
+1.507411e+004	   -6.790009e+000
+1.509919e+004	   -6.801608e+000
+1.512431e+004	   -6.822015e+000
+1.514947e+004	   -6.839641e+000
+1.517468e+004	   -6.848280e+000
+1.519992e+004	   -6.867958e+000
+1.522521e+004	   -6.879260e+000
+1.525054e+004	   -6.895723e+000
+1.527592e+004	   -6.912294e+000
+1.530133e+004	   -6.927080e+000
+1.532679e+004	   -6.945759e+000
+1.535229e+004	   -6.965400e+000
+1.537783e+004	   -6.978223e+000
+1.540342e+004	   -6.993565e+000
+1.542904e+004	   -7.006377e+000
+1.545471e+004	   -7.024538e+000
+1.548043e+004	   -7.038196e+000
+1.550618e+004	   -7.052805e+000
+1.553198e+004	   -7.070321e+000
+1.555782e+004	   -7.085440e+000
+1.558371e+004	   -7.102562e+000
+1.560963e+004	   -7.114908e+000
+1.563560e+004	   -7.125283e+000
+1.566162e+004	   -7.141232e+000
+1.568767e+004	   -7.155929e+000
+1.571377e+004	   -7.176895e+000
+1.573992e+004	   -7.197083e+000
+1.576611e+004	   -7.208054e+000
+1.579234e+004	   -7.221667e+000
+1.581861e+004	   -7.231310e+000
+1.584493e+004	   -7.247782e+000
+1.587129e+004	   -7.261656e+000
+1.589770e+004	   -7.275173e+000
+1.592415e+004	   -7.302924e+000
+1.595064e+004	   -7.313945e+000
+1.597718e+004	   -7.346066e+000
+1.600376e+004	   -7.361778e+000
+1.603039e+004	   -7.390669e+000
+1.605706e+004	   -7.409845e+000
+1.608377e+004	   -7.431444e+000
+1.611053e+004	   -7.444925e+000
+1.613733e+004	   -7.471309e+000
+1.616418e+004	   -7.482214e+000
+1.619108e+004	   -7.506529e+000
+1.621801e+004	   -7.511133e+000
+1.624500e+004	   -7.520724e+000
+1.627202e+004	   -7.534816e+000
+1.629910e+004	   -7.548972e+000
+1.632621e+004	   -7.565867e+000
+1.635338e+004	   -7.582723e+000
+1.638058e+004	   -7.597732e+000
+1.640784e+004	   -7.617258e+000
+1.643514e+004	   -7.634637e+000
+1.646248e+004	   -7.660335e+000
+1.648987e+004	   -7.668249e+000
+1.651730e+004	   -7.687931e+000
+1.654479e+004	   -7.716840e+000
+1.657231e+004	   -7.734778e+000
+1.659988e+004	   -7.752772e+000
+1.662750e+004	   -7.771118e+000
+1.665517e+004	   -7.787537e+000
+1.668288e+004	   -7.809258e+000
+1.671063e+004	   -7.827901e+000
+1.673843e+004	   -7.841725e+000
+1.676628e+004	   -7.863401e+000
+1.679418e+004	   -7.886794e+000
+1.682212e+004	   -7.897296e+000
+1.685011e+004	   -7.915972e+000
+1.687814e+004	   -7.940116e+000
+1.690622e+004	   -7.953370e+000
+1.693435e+004	   -7.969947e+000
+1.696252e+004	   -7.983300e+000
+1.699074e+004	   -7.998317e+000
+1.701901e+004	   -8.015272e+000
+1.704733e+004	   -8.035563e+000
+1.707569e+004	   -8.051273e+000
+1.710410e+004	   -8.069062e+000
+1.713256e+004	   -8.081717e+000
+1.716106e+004	   -8.100413e+000
+1.718961e+004	   -8.129200e+000
+1.721821e+004	   -8.144717e+000
+1.724686e+004	   -8.177455e+000
+1.727555e+004	   -8.192412e+000
+1.730430e+004	   -8.214659e+000
+1.733309e+004	   -8.229393e+000
+1.736192e+004	   -8.246030e+000
+1.739081e+004	   -8.268938e+000
+1.741974e+004	   -8.282437e+000
+1.744873e+004	   -8.314819e+000
+1.747776e+004	   -8.325833e+000
+1.750683e+004	   -8.343691e+000
+1.753596e+004	   -8.357631e+000
+1.756514e+004	   -8.376723e+000
+1.759436e+004	   -8.394813e+000
+1.762363e+004	   -8.406524e+000
+1.765296e+004	   -8.421865e+000
+1.768232e+004	   -8.435940e+000
+1.771174e+004	   -8.455911e+000
+1.774121e+004	   -8.469856e+000
+1.777073e+004	   -8.480877e+000
+1.780029e+004	   -8.501244e+000
+1.782991e+004	   -8.511456e+000
+1.785957e+004	   -8.527366e+000
+1.788929e+004	   -8.545813e+000
+1.791905e+004	   -8.565555e+000
+1.794886e+004	   -8.584010e+000
+1.797873e+004	   -8.610841e+000
+1.800864e+004	   -8.619998e+000
+1.803860e+004	   -8.646206e+000
+1.806861e+004	   -8.657529e+000
+1.809867e+004	   -8.673018e+000
+1.812879e+004	   -8.694258e+000
+1.815895e+004	   -8.703636e+000
+1.818916e+004	   -8.722556e+000
+1.821942e+004	   -8.734955e+000
+1.824973e+004	   -8.755698e+000
+1.828010e+004	   -8.767727e+000
+1.831051e+004	   -8.782126e+000
+1.834097e+004	   -8.799290e+000
+1.837149e+004	   -8.815366e+000
+1.840205e+004	   -8.827042e+000
+1.843267e+004	   -8.839668e+000
+1.846334e+004	   -8.854321e+000
+1.849406e+004	   -8.876286e+000
+1.852482e+004	   -8.890106e+000
+1.855565e+004	   -8.908822e+000
+1.858652e+004	   -8.919786e+000
+1.861744e+004	   -8.931678e+000
+1.864842e+004	   -8.946865e+000
+1.867944e+004	   -8.960016e+000
+1.871052e+004	   -8.973680e+000
+1.874165e+004	   -8.988490e+000
+1.877283e+004	   -9.010921e+000
+1.880406e+004	   -9.022001e+000
+1.883535e+004	   -9.033998e+000
+1.886669e+004	   -9.051539e+000
+1.889808e+004	   -9.063077e+000
+1.892952e+004	   -9.077059e+000
+1.896101e+004	   -9.100836e+000
+1.899256e+004	   -9.113656e+000
+1.902416e+004	   -9.128616e+000
+1.905581e+004	   -9.131842e+000
+1.908751e+004	   -9.151999e+000
+1.911927e+004	   -9.169996e+000
+1.915108e+004	   -9.183416e+000
+1.918294e+004	   -9.195914e+000
+1.921486e+004	   -9.214237e+000
+1.924682e+004	   -9.226954e+000
+1.927885e+004	   -9.248715e+000
+1.931092e+004	   -9.264486e+000
+1.934305e+004	   -9.261655e+000
+1.937523e+004	   -9.315442e+000
+1.940747e+004	   -9.275096e+000
+1.943976e+004	   -9.341737e+000
+1.947210e+004	   -9.338238e+000
+1.950450e+004	   -9.366282e+000
+1.953695e+004	   -9.399729e+000
+1.956945e+004	   -9.400082e+000
+1.960201e+004	   -9.436424e+000
+1.963462e+004	   -9.462132e+000
+1.966729e+004	   -9.464879e+000
+1.970001e+004	   -9.482936e+000
+1.973279e+004	   -9.504007e+000
+1.976562e+004	   -9.517203e+000
+1.979850e+004	   -9.538024e+000
+1.983144e+004	   -9.538817e+000
+1.986444e+004	   -9.556458e+000
+1.989749e+004	   -9.573707e+000
+1.993059e+004	   -9.592963e+000
+1.996375e+004	   -9.599012e+000
+1.999696e+004	   -9.611325e+000
+2.003023e+004	   -9.622480e+000
+2.006356e+004	   -9.643699e+000
+2.009694e+004	   -9.661623e+000
+2.013038e+004	   -9.690091e+000
+2.016387e+004	   -9.720527e+000
+2.019742e+004	   -9.738476e+000
+2.023102e+004	   -9.774060e+000
+2.026468e+004	   -9.818167e+000
+2.029839e+004	   -9.861252e+000
+2.033217e+004	   -9.913702e+000
+2.036599e+004	   -9.960362e+000
+2.039988e+004	   -1.001187e+001
+2.043382e+004	   -1.005909e+001
+2.046781e+004	   -1.010163e+001
+2.050187e+004	   -1.014898e+001
+2.053598e+004	   -1.018127e+001
+2.057014e+004	   -1.021576e+001
+2.060437e+004	   -1.026003e+001
+2.063865e+004	   -1.030074e+001
+2.067298e+004	   -1.032891e+001
+2.070738e+004	   -1.035820e+001
+2.074183e+004	   -1.038871e+001
+2.077634e+004	   -1.040029e+001
+2.081091e+004	   -1.041520e+001
+2.084553e+004	   -1.042654e+001
+2.088021e+004	   -1.044339e+001
+2.091495e+004	   -1.046030e+001
+2.094975e+004	   -1.047802e+001
+2.098461e+004	   -1.049232e+001
+2.101952e+004	   -1.050621e+001
+2.105449e+004	   -1.052182e+001
+2.108952e+004	   -1.053464e+001
+2.112461e+004	   -1.055637e+001
+2.115975e+004	   -1.057677e+001
+2.119496e+004	   -1.058519e+001
+2.123022e+004	   -1.073600e+001
+2.126554e+004	   -1.061446e+001
+2.130092e+004	   -1.062771e+001
+2.133636e+004	   -1.063475e+001
+2.137186e+004	   -1.065193e+001
+2.140742e+004	   -1.066778e+001
+2.144303e+004	   -1.068219e+001
+2.147871e+004	   -1.069136e+001
+2.151444e+004	   -1.071224e+001
+2.155024e+004	   -1.072063e+001
+2.158609e+004	   -1.073461e+001
+2.162201e+004	   -1.075957e+001
+2.165798e+004	   -1.077593e+001
+2.169401e+004	   -1.078327e+001
+2.173011e+004	   -1.080510e+001
+2.176626e+004	   -1.081834e+001
+2.180247e+004	   -1.083872e+001
+2.183875e+004	   -1.085711e+001
+2.187508e+004	   -1.086399e+001
+2.191148e+004	   -1.088222e+001
+2.194793e+004	   -1.089922e+001
+2.198445e+004	   -1.091610e+001
+2.202102e+004	   -1.093436e+001
+2.205766e+004	   -1.095903e+001
+2.209436e+004	   -1.097072e+001
+2.213112e+004	   -1.099545e+001
+2.216794e+004	   -1.101201e+001
+2.220482e+004	   -1.103308e+001
+2.224176e+004	   -1.105689e+001
+2.227877e+004	   -1.108570e+001
+2.231584e+004	   -1.109711e+001
+2.235296e+004	   -1.111362e+001
+2.239015e+004	   -1.113611e+001
+2.242740e+004	   -1.115370e+001
+2.246472e+004	   -1.117627e+001
+2.250209e+004	   -1.118956e+001
+2.253953e+004	   -1.121091e+001
+2.257703e+004	   -1.122369e+001
+2.261459e+004	   -1.123944e+001
+2.265222e+004	   -1.126291e+001
+2.268991e+004	   -1.127470e+001
+2.272766e+004	   -1.128887e+001
+2.276547e+004	   -1.130505e+001
+2.280335e+004	   -1.132346e+001
+2.284129e+004	   -1.134085e+001
+2.287929e+004	   -1.136327e+001
+2.291735e+004	   -1.137716e+001
+2.295548e+004	   -1.139461e+001
+2.299367e+004	   -1.141186e+001
+2.303193e+004	   -1.143266e+001
+2.307025e+004	   -1.145278e+001
+2.310863e+004	   -1.146732e+001
+2.314708e+004	   -1.148820e+001
+2.318559e+004	   -1.150727e+001
+2.322416e+004	   -1.153526e+001
+2.326280e+004	   -1.154306e+001
+2.330151e+004	   -1.156394e+001
+2.334027e+004	   -1.159185e+001
+2.337911e+004	   -1.160767e+001
+2.341800e+004	   -1.162586e+001
+2.345696e+004	   -1.165406e+001
+2.349599e+004	   -1.166432e+001
+2.353508e+004	   -1.167903e+001
+2.357424e+004	   -1.170019e+001
+2.361346e+004	   -1.172293e+001
+2.365275e+004	   -1.173560e+001
+2.369210e+004	   -1.176220e+001
+2.373152e+004	   -1.177286e+001
+2.377100e+004	   -1.181143e+001
+2.381055e+004	   -1.180873e+001
+2.385016e+004	   -1.183359e+001
+2.388985e+004	   -1.185621e+001
+2.392959e+004	   -1.186643e+001
+2.396940e+004	   -1.188893e+001
+2.400928e+004	   -1.191490e+001
+2.404923e+004	   -1.192897e+001
+2.408924e+004	   -1.195318e+001
+2.412932e+004	   -1.197388e+001
+2.416946e+004	   -1.199145e+001
+2.420968e+004	   -1.201189e+001
+2.424996e+004	   -1.202763e+001
+2.429030e+004	   -1.205298e+001
+2.433071e+004	   -1.207977e+001
+2.437119e+004	   -1.209597e+001
+2.441174e+004	   -1.212341e+001
+2.445236e+004	   -1.214512e+001
+2.449304e+004	   -1.216360e+001
+2.453379e+004	   -1.218409e+001
+2.457461e+004	   -1.220688e+001
+2.461549e+004	   -1.222284e+001
+2.465645e+004	   -1.224658e+001
+2.469747e+004	   -1.226365e+001
+2.473856e+004	   -1.228731e+001
+2.477972e+004	   -1.230512e+001
+2.482095e+004	   -1.231343e+001
+2.486224e+004	   -1.233209e+001
+2.490361e+004	   -1.235617e+001
+2.494504e+004	   -1.238538e+001
+2.498654e+004	   -1.239192e+001
+2.502811e+004	   -1.242092e+001
+2.506975e+004	   -1.243558e+001
+2.511146e+004	   -1.245890e+001
+2.515324e+004	   -1.246601e+001
+2.519509e+004	   -1.249203e+001
+2.523701e+004	   -1.251513e+001
+2.527900e+004	   -1.253228e+001
+2.532105e+004	   -1.255760e+001
+2.536318e+004	   -1.257833e+001
+2.540538e+004	   -1.258998e+001
+2.544765e+004	   -1.261117e+001
+2.548999e+004	   -1.262843e+001
+2.553239e+004	   -1.264380e+001
+2.557488e+004	   -1.268128e+001
+2.561742e+004	   -1.270436e+001
+2.566004e+004	   -1.272069e+001
+2.570274e+004	   -1.273413e+001
+2.574550e+004	   -1.274926e+001
+2.578833e+004	   -1.288616e+001
+2.583124e+004	   -1.279947e+001
+2.587422e+004	   -1.281729e+001
+2.591726e+004	   -1.285653e+001
+2.596038e+004	   -1.285476e+001
+2.600358e+004	   -1.287733e+001
+2.604684e+004	   -1.290351e+001
+2.609017e+004	   -1.292524e+001
+2.613358e+004	   -1.294310e+001
+2.617706e+004	   -1.295682e+001
+2.622061e+004	   -1.299530e+001
+2.626424e+004	   -1.300196e+001
+2.630794e+004	   -1.303726e+001
+2.635171e+004	   -1.304479e+001
+2.639555e+004	   -1.307038e+001
+2.643946e+004	   -1.309445e+001
+2.648345e+004	   -1.311132e+001
+2.652751e+004	   -1.313062e+001
+2.657165e+004	   -1.315629e+001
+2.661586e+004	   -1.317406e+001
+2.666014e+004	   -1.319806e+001
+2.670449e+004	   -1.322130e+001
+2.674892e+004	   -1.324469e+001
+2.679343e+004	   -1.327004e+001
+2.683800e+004	   -1.329459e+001
+2.688266e+004	   -1.332017e+001
+2.692738e+004	   -1.332292e+001
+2.697218e+004	   -1.333651e+001
+2.701706e+004	   -1.337365e+001
+2.706201e+004	   -1.338791e+001
+2.710703e+004	   -1.341303e+001
+2.715213e+004	   -1.342663e+001
+2.719730e+004	   -1.347273e+001
+2.724255e+004	   -1.348775e+001
+2.728788e+004	   -1.351106e+001
+2.733328e+004	   -1.353065e+001
+2.737876e+004	   -1.354755e+001
+2.742431e+004	   -1.357768e+001
+2.746993e+004	   -1.358947e+001
+2.751564e+004	   -1.362004e+001
+2.756142e+004	   -1.363261e+001
+2.760727e+004	   -1.365693e+001
+2.765320e+004	   -1.367834e+001
+2.769921e+004	   -1.369612e+001
+2.774529e+004	   -1.372275e+001
+2.779146e+004	   -1.373932e+001
+2.783769e+004	   -1.376402e+001
+2.788401e+004	   -1.377971e+001
+2.793040e+004	   -1.380216e+001
+2.797687e+004	   -1.383047e+001
+2.802342e+004	   -1.385534e+001
+2.807004e+004	   -1.387660e+001
+2.811674e+004	   -1.390153e+001
+2.816352e+004	   -1.390867e+001
+2.821038e+004	   -1.394962e+001
+2.825731e+004	   -1.395298e+001
+2.830433e+004	   -1.397657e+001
+2.835142e+004	   -1.400954e+001
+2.839859e+004	   -1.402425e+001
+2.844583e+004	   -1.405296e+001
+2.849316e+004	   -1.406032e+001
+2.854057e+004	   -1.409013e+001
+2.858805e+004	   -1.410836e+001
+2.863561e+004	   -1.413809e+001
+2.868326e+004	   -1.415390e+001
+2.873098e+004	   -1.417727e+001
+2.877878e+004	   -1.418883e+001
+2.882666e+004	   -1.420617e+001
+2.887462e+004	   -1.423632e+001
+2.892266e+004	   -1.425663e+001
+2.897078e+004	   -1.426983e+001
+2.901898e+004	   -1.430069e+001
+2.906726e+004	   -1.431216e+001
+2.911562e+004	   -1.434824e+001
+2.916406e+004	   -1.437154e+001
+2.921258e+004	   -1.439173e+001
+2.926119e+004	   -1.441150e+001
+2.930987e+004	   -1.443911e+001
+2.935863e+004	   -1.445049e+001
+2.940748e+004	   -1.447521e+001
+2.945640e+004	   -1.449684e+001
+2.950541e+004	   -1.451368e+001
+2.955450e+004	   -1.454933e+001
+2.960367e+004	   -1.455092e+001
+2.965293e+004	   -1.458844e+001
+2.970226e+004	   -1.460124e+001
+2.975168e+004	   -1.463512e+001
+2.980118e+004	   -1.465145e+001
+2.985076e+004	   -1.467375e+001
+2.990042e+004	   -1.468655e+001
+2.995017e+004	   -1.473129e+001
+3.000000e+004	   -1.473811e+001
