+4.600000e+003	   +3.288489e-005
+4.601000e+003	   +3.287312e-005
+4.602000e+003	   +3.581604e-005
+4.603000e+003	   +3.772317e-005
+4.604000e+003	   +3.521875e-005
+4.605000e+003	   +3.320890e-005
+4.606000e+003	   +3.312922e-005
+4.607000e+003	   +3.094103e-005
+4.608000e+003	   +2.962340e-005
+4.609000e+003	   +3.329828e-005
+4.610000e+003	   +3.410700e-005
+4.611000e+003	   +3.062667e-005
+4.612000e+003	   +2.946296e-005
+4.613000e+003	   +3.012587e-005
+4.614000e+003	   +2.802709e-005
+4.615000e+003	   +2.814331e-005
+4.616000e+003	   +2.845551e-005
+4.617000e+003	   +2.995347e-005
+4.618000e+003	   +3.234588e-005
+4.619000e+003	   +3.301923e-005
+4.620000e+003	   +3.322101e-005
+4.621000e+003	   +3.165981e-005
+4.622000e+003	   +3.038114e-005
+4.623000e+003	   +2.956325e-005
+4.624000e+003	   +2.884443e-005
+4.625000e+003	   +3.073399e-005
+4.626000e+003	   +3.104857e-005
+4.627000e+003	   +3.031543e-005
+4.628000e+003	   +3.275959e-005
+4.629000e+003	   +3.520375e-005
+4.630000e+003	   +3.283690e-005
+4.631000e+003	   +3.141459e-005
+4.632000e+003	   +3.221638e-005
+4.633000e+003	   +3.323035e-005
+4.634000e+003	   +3.401209e-005
+4.635000e+003	   +3.542690e-005
+4.636000e+003	   +3.574757e-005
+4.637000e+003	   +3.306414e-005
+4.638000e+003	   +3.240852e-005
+4.639000e+003	   +3.233949e-005
+4.640000e+003	   +3.063407e-005
+4.641000e+003	   +2.887156e-005
+4.642000e+003	   +2.954171e-005
+4.643000e+003	   +2.954262e-005
+4.644000e+003	   +2.865925e-005
+4.645000e+003	   +2.852270e-005
+4.646000e+003	   +2.786578e-005
+4.647000e+003	   +2.773076e-005
+4.648000e+003	   +2.902715e-005
+4.649000e+003	   +3.021673e-005
+4.650000e+003	   +3.037690e-005
+4.651000e+003	   +2.870331e-005
+4.652000e+003	   +3.076677e-005
+4.653000e+003	   +3.405836e-005
+4.654000e+003	   +3.236756e-005
+4.655000e+003	   +3.023475e-005
+4.656000e+003	   +3.064961e-005
+4.657000e+003	   +3.154562e-005
+4.658000e+003	   +3.276782e-005
+4.659000e+003	   +3.314457e-005
+4.660000e+003	   +3.346916e-005
+4.661000e+003	   +3.405581e-005
+4.662000e+003	   +3.076393e-005
+4.663000e+003	   +2.755856e-005
+4.664000e+003	   +2.754976e-005
+4.665000e+003	   +2.780276e-005
+4.666000e+003	   +2.940189e-005
+4.667000e+003	   +2.863532e-005
+4.668000e+003	   +2.661778e-005
+4.669000e+003	   +2.817599e-005
+4.670000e+003	   +3.076789e-005
+4.671000e+003	   +2.976777e-005
+4.672000e+003	   +2.945918e-005
+4.673000e+003	   +3.178150e-005
+4.674000e+003	   +2.985503e-005
+4.675000e+003	   +2.908897e-005
+4.676000e+003	   +2.902775e-005
+4.677000e+003	   +3.065038e-005
+4.678000e+003	   +3.168099e-005
+4.679000e+003	   +2.852709e-005
+4.680000e+003	   +2.879109e-005
+4.681000e+003	   +3.052880e-005
+4.682000e+003	   +2.960714e-005
+4.683000e+003	   +2.753050e-005
+4.684000e+003	   +2.778778e-005
+4.685000e+003	   +2.927211e-005
+4.686000e+003	   +2.835366e-005
+4.687000e+003	   +2.870454e-005
+4.688000e+003	   +2.828364e-005
+4.689000e+003	   +2.656852e-005
+4.690000e+003	   +2.793606e-005
+4.691000e+003	   +2.795106e-005
+4.692000e+003	   +2.710784e-005
+4.693000e+003	   +2.751258e-005
+4.694000e+003	   +2.676537e-005
+4.695000e+003	   +2.845914e-005
+4.696000e+003	   +3.021338e-005
+4.697000e+003	   +3.321317e-005
+4.698000e+003	   +3.306225e-005
+4.699000e+003	   +3.375580e-005
+4.700000e+003	   +3.947491e-005
+4.701000e+003	   +4.022186e-005
+4.702000e+003	   +3.471269e-005
+4.703000e+003	   +3.195789e-005
+4.704000e+003	   +3.179092e-005
+4.705000e+003	   +3.078492e-005
+4.706000e+003	   +2.761181e-005
+4.707000e+003	   +2.576673e-005
+4.708000e+003	   +2.698179e-005
+4.709000e+003	   +2.920594e-005
+4.710000e+003	   +3.277823e-005
+4.711000e+003	   +3.420188e-005
+4.712000e+003	   +3.337863e-005
+4.713000e+003	   +3.243166e-005
+4.714000e+003	   +3.139562e-005
+4.715000e+003	   +3.225775e-005
+4.716000e+003	   +3.174042e-005
+4.717000e+003	   +3.228663e-005
+4.718000e+003	   +3.184178e-005
+4.719000e+003	   +3.278474e-005
+4.720000e+003	   +3.501578e-005
+4.721000e+003	   +3.422498e-005
+4.722000e+003	   +3.477506e-005
+4.723000e+003	   +3.277405e-005
+4.724000e+003	   +3.014744e-005
+4.725000e+003	   +3.156103e-005
+4.726000e+003	   +3.146305e-005
+4.727000e+003	   +3.054801e-005
+4.728000e+003	   +2.830731e-005
+4.729000e+003	   +2.683788e-005
+4.730000e+003	   +2.796862e-005
+4.731000e+003	   +2.746990e-005
+4.732000e+003	   +2.460896e-005
+4.733000e+003	   +2.430552e-005
+4.734000e+003	   +2.784694e-005
+4.735000e+003	   +3.213950e-005
+4.736000e+003	   +3.316591e-005
+4.737000e+003	   +3.268073e-005
+4.738000e+003	   +3.520761e-005
+4.739000e+003	   +3.445448e-005
+4.740000e+003	   +3.260024e-005
+4.741000e+003	   +3.266290e-005
+4.742000e+003	   +3.502420e-005
+4.743000e+003	   +3.487030e-005
+4.744000e+003	   +3.277995e-005
+4.745000e+003	   +3.082929e-005
+4.746000e+003	   +3.158801e-005
+4.747000e+003	   +3.381972e-005
+4.748000e+003	   +3.168801e-005
+4.749000e+003	   +2.847420e-005
+4.750000e+003	   +2.970655e-005
+4.751000e+003	   +2.952054e-005
+4.752000e+003	   +2.859319e-005
+4.753000e+003	   +2.993749e-005
+4.754000e+003	   +3.022901e-005
+4.755000e+003	   +2.869578e-005
+4.756000e+003	   +2.840164e-005
+4.757000e+003	   +2.936456e-005
+4.758000e+003	   +3.113907e-005
+4.759000e+003	   +3.062351e-005
+4.760000e+003	   +3.003237e-005
+4.761000e+003	   +3.042253e-005
+4.762000e+003	   +3.189675e-005
+4.763000e+003	   +3.112564e-005
+4.764000e+003	   +2.679724e-005
+4.765000e+003	   +2.492097e-005
+4.766000e+003	   +2.556853e-005
+4.767000e+003	   +2.829373e-005
+4.768000e+003	   +3.019312e-005
+4.769000e+003	   +3.011651e-005
+4.770000e+003	   +2.825524e-005
+4.771000e+003	   +2.843590e-005
+4.772000e+003	   +2.732242e-005
+4.773000e+003	   +2.652914e-005
+4.774000e+003	   +2.629659e-005
+4.775000e+003	   +2.723293e-005
+4.776000e+003	   +2.788552e-005
+4.777000e+003	   +2.753682e-005
+4.778000e+003	   +2.903999e-005
+4.779000e+003	   +3.031643e-005
+4.780000e+003	   +3.011866e-005
+4.781000e+003	   +3.129657e-005
+4.782000e+003	   +3.150654e-005
+4.783000e+003	   +3.334841e-005
+4.784000e+003	   +3.301810e-005
+4.785000e+003	   +2.884364e-005
+4.786000e+003	   +2.792741e-005
+4.787000e+003	   +2.682509e-005
+4.788000e+003	   +2.617299e-005
+4.789000e+003	   +2.945084e-005
+4.790000e+003	   +3.170643e-005
+4.791000e+003	   +2.968796e-005
+4.792000e+003	   +2.710936e-005
+4.793000e+003	   +2.952754e-005
+4.794000e+003	   +3.174913e-005
+4.795000e+003	   +2.886908e-005
+4.796000e+003	   +2.630144e-005
+4.797000e+003	   +2.619740e-005
+4.798000e+003	   +2.608523e-005
+4.799000e+003	   +2.453665e-005
+4.800000e+003	   +2.499114e-005
+4.801000e+003	   +2.498802e-005
+4.802000e+003	   +2.550130e-005
+4.803000e+003	   +3.008967e-005
+4.804000e+003	   +3.225786e-005
+4.805000e+003	   +3.270162e-005
+4.806000e+003	   +3.039288e-005
+4.807000e+003	   +2.933804e-005
+4.808000e+003	   +2.852552e-005
+4.809000e+003	   +2.522347e-005
+4.810000e+003	   +2.426345e-005
+4.811000e+003	   +2.385591e-005
+4.812000e+003	   +2.527471e-005
+4.813000e+003	   +2.458190e-005
+4.814000e+003	   +2.425498e-005
+4.815000e+003	   +2.505219e-005
+4.816000e+003	   +2.328427e-005
+4.817000e+003	   +2.193010e-005
+4.818000e+003	   +2.173564e-005
+4.819000e+003	   +2.542029e-005
+4.820000e+003	   +3.008078e-005
+4.821000e+003	   +2.988908e-005
+4.822000e+003	   +2.800872e-005
+4.823000e+003	   +2.626635e-005
+4.824000e+003	   +2.488171e-005
+4.825000e+003	   +2.786162e-005
+4.826000e+003	   +3.019461e-005
+4.827000e+003	   +2.854212e-005
+4.828000e+003	   +2.598025e-005
+4.829000e+003	   +2.381147e-005
+4.830000e+003	   +2.560994e-005
+4.831000e+003	   +2.724298e-005
+4.832000e+003	   +2.766656e-005
+4.833000e+003	   +3.017522e-005
+4.834000e+003	   +2.912327e-005
+4.835000e+003	   +2.708416e-005
+4.836000e+003	   +2.470995e-005
+4.837000e+003	   +2.298336e-005
+4.838000e+003	   +2.459081e-005
+4.839000e+003	   +2.482203e-005
+4.840000e+003	   +2.326239e-005
+4.841000e+003	   +2.291057e-005
+4.842000e+003	   +2.370333e-005
+4.843000e+003	   +2.436840e-005
+4.844000e+003	   +2.535141e-005
+4.845000e+003	   +2.549251e-005
+4.846000e+003	   +2.573052e-005
+4.847000e+003	   +2.449270e-005
+4.848000e+003	   +2.386568e-005
+4.849000e+003	   +2.544997e-005
+4.850000e+003	   +2.588586e-005
+4.851000e+003	   +2.481408e-005
+4.852000e+003	   +2.399405e-005
+4.853000e+003	   +2.286739e-005
+4.854000e+003	   +2.112078e-005
+4.855000e+003	   +2.029942e-005
+4.856000e+003	   +2.103968e-005
+4.857000e+003	   +2.167780e-005
+4.858000e+003	   +2.309266e-005
+4.859000e+003	   +2.358759e-005
+4.860000e+003	   +2.146528e-005
+4.861000e+003	   +2.354399e-005
+4.862000e+003	   +2.595000e-005
+4.863000e+003	   +2.655671e-005
+4.864000e+003	   +2.562972e-005
+4.865000e+003	   +2.311219e-005
+4.866000e+003	   +2.140254e-005
+4.867000e+003	   +2.202634e-005
+4.868000e+003	   +2.272698e-005
+4.869000e+003	   +2.363446e-005
+4.870000e+003	   +2.244477e-005
+4.871000e+003	   +2.165865e-005
+4.872000e+003	   +2.348956e-005
+4.873000e+003	   +2.575016e-005
+4.874000e+003	   +2.550399e-005
+4.875000e+003	   +2.553007e-005
+4.876000e+003	   +2.559502e-005
+4.877000e+003	   +2.591430e-005
+4.878000e+003	   +2.572269e-005
+4.879000e+003	   +2.575678e-005
+4.880000e+003	   +2.743430e-005
+4.881000e+003	   +2.921589e-005
+4.882000e+003	   +2.851735e-005
+4.883000e+003	   +2.770212e-005
+4.884000e+003	   +2.791990e-005
+4.885000e+003	   +2.858396e-005
+4.886000e+003	   +2.810181e-005
+4.887000e+003	   +2.734811e-005
+4.888000e+003	   +2.670894e-005
+4.889000e+003	   +2.565652e-005
+4.890000e+003	   +2.498931e-005
+4.891000e+003	   +2.288266e-005
+4.892000e+003	   +2.249322e-005
+4.893000e+003	   +2.252763e-005
+4.894000e+003	   +2.301452e-005
+4.895000e+003	   +2.260044e-005
+4.896000e+003	   +2.334345e-005
+4.897000e+003	   +2.417437e-005
+4.898000e+003	   +2.290921e-005
+4.899000e+003	   +2.306873e-005
+4.900000e+003	   +2.421650e-005
+4.901000e+003	   +2.360741e-005
+4.902000e+003	   +2.381100e-005
+4.903000e+003	   +2.481438e-005
+4.904000e+003	   +2.782042e-005
+4.905000e+003	   +3.010527e-005
+4.906000e+003	   +2.943761e-005
+4.907000e+003	   +2.709386e-005
+4.908000e+003	   +2.457105e-005
+4.909000e+003	   +2.350829e-005
+4.910000e+003	   +2.227034e-005
+4.911000e+003	   +2.120577e-005
+4.912000e+003	   +2.123110e-005
+4.913000e+003	   +2.236090e-005
+4.914000e+003	   +2.401318e-005
+4.915000e+003	   +2.668084e-005
+4.916000e+003	   +2.857028e-005
+4.917000e+003	   +2.921056e-005
+4.918000e+003	   +2.859149e-005
+4.919000e+003	   +2.570807e-005
+4.920000e+003	   +2.376211e-005
+4.921000e+003	   +2.433586e-005
+4.922000e+003	   +2.553083e-005
+4.923000e+003	   +2.487726e-005
+4.924000e+003	   +2.427363e-005
+4.925000e+003	   +2.313499e-005
+4.926000e+003	   +2.294010e-005
+4.927000e+003	   +2.326114e-005
+4.928000e+003	   +2.266226e-005
+4.929000e+003	   +2.237069e-005
+4.930000e+003	   +2.236905e-005
+4.931000e+003	   +2.117297e-005
+4.932000e+003	   +2.181267e-005
+4.933000e+003	   +2.254847e-005
+4.934000e+003	   +2.210425e-005
+4.935000e+003	   +2.088636e-005
+4.936000e+003	   +1.996212e-005
+4.937000e+003	   +1.923427e-005
+4.938000e+003	   +1.918538e-005
+4.939000e+003	   +2.015307e-005
+4.940000e+003	   +2.069919e-005
+4.941000e+003	   +2.060784e-005
+4.942000e+003	   +1.981033e-005
+4.943000e+003	   +2.124880e-005
+4.944000e+003	   +2.242950e-005
+4.945000e+003	   +2.198637e-005
+4.946000e+003	   +2.302751e-005
+4.947000e+003	   +2.388788e-005
+4.948000e+003	   +2.214537e-005
+4.949000e+003	   +2.264207e-005
+4.950000e+003	   +2.283954e-005
+4.951000e+003	   +2.088547e-005
+4.952000e+003	   +2.155929e-005
+4.953000e+003	   +2.278061e-005
+4.954000e+003	   +2.350202e-005
+4.955000e+003	   +2.262847e-005
+4.956000e+003	   +2.239630e-005
+4.957000e+003	   +2.100067e-005
+4.958000e+003	   +2.176717e-005
+4.959000e+003	   +2.413946e-005
+4.960000e+003	   +2.409744e-005
+4.961000e+003	   +2.275796e-005
+4.962000e+003	   +2.184002e-005
+4.963000e+003	   +2.120014e-005
+4.964000e+003	   +1.995241e-005
+4.965000e+003	   +1.988414e-005
+4.966000e+003	   +2.043115e-005
+4.967000e+003	   +2.212967e-005
+4.968000e+003	   +2.186125e-005
+4.969000e+003	   +2.078938e-005
+4.970000e+003	   +2.070735e-005
+4.971000e+003	   +2.186310e-005
+4.972000e+003	   +2.266080e-005
+4.973000e+003	   +2.181552e-005
+4.974000e+003	   +2.062249e-005
+4.975000e+003	   +2.067777e-005
+4.976000e+003	   +2.068605e-005
+4.977000e+003	   +2.002270e-005
+4.978000e+003	   +1.866301e-005
+4.979000e+003	   +1.890613e-005
+4.980000e+003	   +2.114050e-005
+4.981000e+003	   +2.423121e-005
+4.982000e+003	   +2.305035e-005
+4.983000e+003	   +2.021601e-005
+4.984000e+003	   +2.178108e-005
+4.985000e+003	   +2.252558e-005
+4.986000e+003	   +2.255723e-005
+4.987000e+003	   +2.245409e-005
+4.988000e+003	   +2.050884e-005
+4.989000e+003	   +1.796659e-005
+4.990000e+003	   +1.748681e-005
+4.991000e+003	   +1.922713e-005
+4.992000e+003	   +2.058751e-005
+4.993000e+003	   +2.090869e-005
+4.994000e+003	   +2.192986e-005
+4.995000e+003	   +2.326903e-005
+4.996000e+003	   +2.144893e-005
+4.997000e+003	   +2.143787e-005
+4.998000e+003	   +1.397519e-004
+4.999000e+003	   +4.867468e-004
+5.000000e+003	   +7.177552e-004
+5.001000e+003	   +4.894628e-004
+5.002000e+003	   +1.417681e-004
+5.003000e+003	   +2.420486e-005
+5.004000e+003	   +2.273127e-005
+5.005000e+003	   +2.294367e-005
+5.006000e+003	   +2.055262e-005
+5.007000e+003	   +1.965341e-005
+5.008000e+003	   +2.311229e-005
+5.009000e+003	   +2.312595e-005
+5.010000e+003	   +2.108167e-005
+5.011000e+003	   +2.011965e-005
+5.012000e+003	   +1.971434e-005
+5.013000e+003	   +2.023351e-005
+5.014000e+003	   +1.950121e-005
+5.015000e+003	   +1.992019e-005
+5.016000e+003	   +2.051337e-005
+5.017000e+003	   +1.938857e-005
+5.018000e+003	   +1.784954e-005
+5.019000e+003	   +1.771027e-005
+5.020000e+003	   +1.864002e-005
+5.021000e+003	   +1.976911e-005
+5.022000e+003	   +1.947241e-005
+5.023000e+003	   +1.813560e-005
+5.024000e+003	   +1.926820e-005
+5.025000e+003	   +2.133722e-005
+5.026000e+003	   +2.140059e-005
+5.027000e+003	   +2.222642e-005
+5.028000e+003	   +2.166360e-005
+5.029000e+003	   +2.228181e-005
+5.030000e+003	   +2.424912e-005
+5.031000e+003	   +2.340204e-005
+5.032000e+003	   +2.155884e-005
+5.033000e+003	   +2.122390e-005
+5.034000e+003	   +2.183911e-005
+5.035000e+003	   +2.123220e-005
+5.036000e+003	   +2.108449e-005
+5.037000e+003	   +2.263126e-005
+5.038000e+003	   +2.369867e-005
+5.039000e+003	   +2.596491e-005
+5.040000e+003	   +2.698253e-005
+5.041000e+003	   +2.561686e-005
+5.042000e+003	   +2.604548e-005
+5.043000e+003	   +2.649052e-005
+5.044000e+003	   +2.434802e-005
+5.045000e+003	   +2.196516e-005
+5.046000e+003	   +2.052405e-005
+5.047000e+003	   +2.183889e-005
+5.048000e+003	   +2.317854e-005
+5.049000e+003	   +2.155458e-005
+5.050000e+003	   +1.927990e-005
+5.051000e+003	   +2.150633e-005
+5.052000e+003	   +2.412648e-005
+5.053000e+003	   +2.376908e-005
+5.054000e+003	   +2.759878e-005
+5.055000e+003	   +3.072920e-005
+5.056000e+003	   +2.787606e-005
+5.057000e+003	   +2.570550e-005
+5.058000e+003	   +2.896214e-005
+5.059000e+003	   +3.109346e-005
+5.060000e+003	   +3.096628e-005
+5.061000e+003	   +3.057822e-005
+5.062000e+003	   +2.896920e-005
+5.063000e+003	   +2.754934e-005
+5.064000e+003	   +2.778815e-005
+5.065000e+003	   +2.765754e-005
+5.066000e+003	   +2.562173e-005
+5.067000e+003	   +2.414532e-005
+5.068000e+003	   +2.222983e-005
+5.069000e+003	   +2.399711e-005
+5.070000e+003	   +2.746296e-005
+5.071000e+003	   +2.980715e-005
+5.072000e+003	   +2.788460e-005
+5.073000e+003	   +2.738877e-005
+5.074000e+003	   +2.908422e-005
+5.075000e+003	   +2.967949e-005
+5.076000e+003	   +2.955897e-005
+5.077000e+003	   +2.900389e-005
+5.078000e+003	   +2.702013e-005
+5.079000e+003	   +2.544983e-005
+5.080000e+003	   +2.813321e-005
+5.081000e+003	   +2.772113e-005
+5.082000e+003	   +2.516936e-005
+5.083000e+003	   +2.625577e-005
+5.084000e+003	   +2.948620e-005
+5.085000e+003	   +3.361430e-005
+5.086000e+003	   +3.381980e-005
+5.087000e+003	   +3.149409e-005
+5.088000e+003	   +2.987933e-005
+5.089000e+003	   +2.816482e-005
+5.090000e+003	   +2.679651e-005
+5.091000e+003	   +2.767734e-005
+5.092000e+003	   +2.829320e-005
+5.093000e+003	   +2.712916e-005
+5.094000e+003	   +2.708363e-005
+5.095000e+003	   +2.776927e-005
+5.096000e+003	   +2.703799e-005
+5.097000e+003	   +2.607089e-005
+5.098000e+003	   +2.745705e-005
+5.099000e+003	   +2.738735e-005
+5.100000e+003	   +2.606322e-005
+5.101000e+003	   +2.589152e-005
+5.102000e+003	   +2.490366e-005
+5.103000e+003	   +2.434909e-005
+5.104000e+003	   +2.453722e-005
+5.105000e+003	   +2.332039e-005
+5.106000e+003	   +2.360432e-005
+5.107000e+003	   +2.384373e-005
+5.108000e+003	   +2.355927e-005
+5.109000e+003	   +2.420050e-005
+5.110000e+003	   +2.481073e-005
+5.111000e+003	   +2.616342e-005
+5.112000e+003	   +2.706888e-005
+5.113000e+003	   +2.551738e-005
+5.114000e+003	   +2.626269e-005
+5.115000e+003	   +2.760196e-005
+5.116000e+003	   +2.549514e-005
+5.117000e+003	   +2.151878e-005
+5.118000e+003	   +2.026253e-005
+5.119000e+003	   +2.153499e-005
+5.120000e+003	   +2.153513e-005
+5.121000e+003	   +2.045231e-005
+5.122000e+003	   +2.120075e-005
+5.123000e+003	   +2.239264e-005
+5.124000e+003	   +2.467630e-005
+5.125000e+003	   +2.477907e-005
+5.126000e+003	   +2.306478e-005
+5.127000e+003	   +2.313926e-005
+5.128000e+003	   +2.390194e-005
+5.129000e+003	   +2.400554e-005
+5.130000e+003	   +2.189942e-005
+5.131000e+003	   +1.943887e-005
+5.132000e+003	   +1.939106e-005
+5.133000e+003	   +2.175398e-005
+5.134000e+003	   +2.383253e-005
+5.135000e+003	   +2.409665e-005
+5.136000e+003	   +2.506815e-005
+5.137000e+003	   +2.635802e-005
+5.138000e+003	   +2.647177e-005
+5.139000e+003	   +2.462672e-005
+5.140000e+003	   +2.200371e-005
+5.141000e+003	   +2.293030e-005
+5.142000e+003	   +2.269937e-005
+5.143000e+003	   +2.085852e-005
+5.144000e+003	   +1.944880e-005
+5.145000e+003	   +1.853129e-005
+5.146000e+003	   +2.113797e-005
+5.147000e+003	   +2.342391e-005
+5.148000e+003	   +2.160720e-005
+5.149000e+003	   +2.173290e-005
+5.150000e+003	   +2.181227e-005
+5.151000e+003	   +1.976351e-005
+5.152000e+003	   +2.029064e-005
+5.153000e+003	   +2.153620e-005
+5.154000e+003	   +2.137506e-005
+5.155000e+003	   +2.144830e-005
+5.156000e+003	   +2.312650e-005
+5.157000e+003	   +2.527235e-005
+5.158000e+003	   +2.709481e-005
+5.159000e+003	   +2.471524e-005
+5.160000e+003	   +2.182144e-005
+5.161000e+003	   +2.155062e-005
+5.162000e+003	   +2.047390e-005
+5.163000e+003	   +1.989003e-005
+5.164000e+003	   +1.957973e-005
+5.165000e+003	   +2.046867e-005
+5.166000e+003	   +2.127992e-005
+5.167000e+003	   +2.260928e-005
+5.168000e+003	   +2.458409e-005
+5.169000e+003	   +2.534020e-005
+5.170000e+003	   +2.303229e-005
+5.171000e+003	   +2.090832e-005
+5.172000e+003	   +2.232410e-005
+5.173000e+003	   +2.236947e-005
+5.174000e+003	   +1.983904e-005
+5.175000e+003	   +1.991986e-005
+5.176000e+003	   +2.067865e-005
+5.177000e+003	   +1.977152e-005
+5.178000e+003	   +1.878635e-005
+5.179000e+003	   +1.935774e-005
+5.180000e+003	   +1.957958e-005
+5.181000e+003	   +2.051276e-005
+5.182000e+003	   +2.024082e-005
+5.183000e+003	   +1.883298e-005
+5.184000e+003	   +1.726135e-005
+5.185000e+003	   +1.760620e-005
+5.186000e+003	   +1.712756e-005
+5.187000e+003	   +1.762089e-005
+5.188000e+003	   +1.876223e-005
+5.189000e+003	   +1.776958e-005
+5.190000e+003	   +1.751935e-005
+5.191000e+003	   +2.016073e-005
+5.192000e+003	   +2.044636e-005
+5.193000e+003	   +2.068201e-005
+5.194000e+003	   +2.267682e-005
+5.195000e+003	   +2.236072e-005
+5.196000e+003	   +2.172495e-005
+5.197000e+003	   +2.311858e-005
+5.198000e+003	   +2.365128e-005
+5.199000e+003	   +2.413719e-005
+5.200000e+003	   +2.388817e-005
+5.201000e+003	   +2.310975e-005
+5.202000e+003	   +2.141784e-005
+5.203000e+003	   +2.035922e-005
+5.204000e+003	   +2.093497e-005
+5.205000e+003	   +1.984945e-005
+5.206000e+003	   +1.911572e-005
+5.207000e+003	   +1.941948e-005
+5.208000e+003	   +2.003711e-005
+5.209000e+003	   +1.959825e-005
+5.210000e+003	   +1.880938e-005
+5.211000e+003	   +1.831411e-005
+5.212000e+003	   +1.731061e-005
+5.213000e+003	   +1.833945e-005
+5.214000e+003	   +2.199828e-005
+5.215000e+003	   +2.350310e-005
+5.216000e+003	   +2.303823e-005
+5.217000e+003	   +2.395094e-005
+5.218000e+003	   +2.393977e-005
+5.219000e+003	   +2.298162e-005
+5.220000e+003	   +2.203908e-005
+5.221000e+003	   +2.075708e-005
+5.222000e+003	   +2.032021e-005
+5.223000e+003	   +1.951905e-005
+5.224000e+003	   +2.046550e-005
+5.225000e+003	   +2.283658e-005
+5.226000e+003	   +2.518667e-005
+5.227000e+003	   +2.547421e-005
+5.228000e+003	   +2.551679e-005
+5.229000e+003	   +2.430539e-005
+5.230000e+003	   +2.238416e-005
+5.231000e+003	   +2.106113e-005
+5.232000e+003	   +2.064279e-005
+5.233000e+003	   +2.096123e-005
+5.234000e+003	   +2.193981e-005
+5.235000e+003	   +2.132937e-005
+5.236000e+003	   +2.017081e-005
+5.237000e+003	   +2.127196e-005
+5.238000e+003	   +2.137950e-005
+5.239000e+003	   +2.084341e-005
+5.240000e+003	   +2.165632e-005
+5.241000e+003	   +2.287023e-005
+5.242000e+003	   +2.375084e-005
+5.243000e+003	   +2.209993e-005
+5.244000e+003	   +2.057969e-005
+5.245000e+003	   +2.153083e-005
+5.246000e+003	   +2.298596e-005
+5.247000e+003	   +2.315483e-005
+5.248000e+003	   +2.204530e-005
+5.249000e+003	   +1.992802e-005
+5.250000e+003	   +2.083691e-005
+5.251000e+003	   +2.003970e-005
+5.252000e+003	   +1.779854e-005
+5.253000e+003	   +1.719030e-005
+5.254000e+003	   +1.844133e-005
+5.255000e+003	   +1.973744e-005
+5.256000e+003	   +2.035891e-005
+5.257000e+003	   +2.078121e-005
+5.258000e+003	   +2.165385e-005
+5.259000e+003	   +2.266993e-005
+5.260000e+003	   +2.246211e-005
+5.261000e+003	   +2.307684e-005
+5.262000e+003	   +2.207885e-005
+5.263000e+003	   +2.100720e-005
+5.264000e+003	   +2.065793e-005
+5.265000e+003	   +2.024758e-005
+5.266000e+003	   +2.105574e-005
+5.267000e+003	   +2.117374e-005
+5.268000e+003	   +1.968336e-005
+5.269000e+003	   +1.963585e-005
+5.270000e+003	   +2.193222e-005
+5.271000e+003	   +2.237546e-005
+5.272000e+003	   +2.027617e-005
+5.273000e+003	   +1.927774e-005
+5.274000e+003	   +2.050817e-005
+5.275000e+003	   +2.076919e-005
+5.276000e+003	   +2.041700e-005
+5.277000e+003	   +2.011861e-005
+5.278000e+003	   +1.993927e-005
+5.279000e+003	   +2.020377e-005
+5.280000e+003	   +2.017707e-005
+5.281000e+003	   +1.994729e-005
+5.282000e+003	   +1.895981e-005
+5.283000e+003	   +1.857128e-005
+5.284000e+003	   +2.037118e-005
+5.285000e+003	   +2.206468e-005
+5.286000e+003	   +2.344740e-005
+5.287000e+003	   +2.483057e-005
+5.288000e+003	   +2.552590e-005
+5.289000e+003	   +2.328690e-005
+5.290000e+003	   +2.217990e-005
+5.291000e+003	   +2.207333e-005
+5.292000e+003	   +2.033837e-005
+5.293000e+003	   +1.962137e-005
+5.294000e+003	   +1.955406e-005
+5.295000e+003	   +2.070662e-005
+5.296000e+003	   +2.159845e-005
+5.297000e+003	   +1.946033e-005
+5.298000e+003	   +1.936723e-005
+5.299000e+003	   +2.082538e-005
+5.300000e+003	   +2.159767e-005
+5.301000e+003	   +2.096238e-005
+5.302000e+003	   +2.009545e-005
+5.303000e+003	   +1.887171e-005
+5.304000e+003	   +1.828745e-005
+5.305000e+003	   +2.019062e-005
+5.306000e+003	   +2.212085e-005
+5.307000e+003	   +2.291173e-005
+5.308000e+003	   +2.260808e-005
+5.309000e+003	   +2.298798e-005
+5.310000e+003	   +2.172143e-005
+5.311000e+003	   +1.828127e-005
+5.312000e+003	   +1.726569e-005
+5.313000e+003	   +1.847770e-005
+5.314000e+003	   +1.975349e-005
+5.315000e+003	   +2.019310e-005
+5.316000e+003	   +2.238480e-005
+5.317000e+003	   +2.268925e-005
+5.318000e+003	   +2.089285e-005
+5.319000e+003	   +2.016120e-005
+5.320000e+003	   +1.975961e-005
+5.321000e+003	   +2.166605e-005
+5.322000e+003	   +2.233631e-005
+5.323000e+003	   +2.382852e-005
+5.324000e+003	   +2.386130e-005
+5.325000e+003	   +2.221322e-005
+5.326000e+003	   +1.969028e-005
+5.327000e+003	   +1.823266e-005
+5.328000e+003	   +1.913636e-005
+5.329000e+003	   +2.105336e-005
+5.330000e+003	   +2.261039e-005
+5.331000e+003	   +2.311166e-005
+5.332000e+003	   +2.028423e-005
+5.333000e+003	   +1.841556e-005
+5.334000e+003	   +1.983599e-005
+5.335000e+003	   +2.045260e-005
+5.336000e+003	   +2.028000e-005
+5.337000e+003	   +2.253906e-005
+5.338000e+003	   +2.219688e-005
+5.339000e+003	   +2.032380e-005
+5.340000e+003	   +2.034572e-005
+5.341000e+003	   +2.080536e-005
+5.342000e+003	   +2.007692e-005
+5.343000e+003	   +2.047918e-005
+5.344000e+003	   +2.252511e-005
+5.345000e+003	   +2.338888e-005
+5.346000e+003	   +2.264207e-005
+5.347000e+003	   +2.208625e-005
+5.348000e+003	   +2.271869e-005
+5.349000e+003	   +2.263424e-005
+5.350000e+003	   +2.166731e-005
+5.351000e+003	   +2.173689e-005
+5.352000e+003	   +2.387551e-005
+5.353000e+003	   +2.568663e-005
+5.354000e+003	   +2.651825e-005
+5.355000e+003	   +2.542749e-005
+5.356000e+003	   +2.473327e-005
+5.357000e+003	   +2.588859e-005
+5.358000e+003	   +2.871132e-005
+5.359000e+003	   +3.103814e-005
+5.360000e+003	   +2.944039e-005
+5.361000e+003	   +2.655170e-005
+5.362000e+003	   +2.390851e-005
+5.363000e+003	   +2.205714e-005
+5.364000e+003	   +2.060115e-005
+5.365000e+003	   +2.041141e-005
+5.366000e+003	   +2.115034e-005
+5.367000e+003	   +2.191094e-005
+5.368000e+003	   +1.946815e-005
+5.369000e+003	   +1.715208e-005
+5.370000e+003	   +1.732751e-005
+5.371000e+003	   +1.787060e-005
+5.372000e+003	   +1.855884e-005
+5.373000e+003	   +1.969528e-005
+5.374000e+003	   +2.105768e-005
+5.375000e+003	   +2.086267e-005
+5.376000e+003	   +1.967371e-005
+5.377000e+003	   +1.894171e-005
+5.378000e+003	   +1.931359e-005
+5.379000e+003	   +2.063968e-005
+5.380000e+003	   +2.015068e-005
+5.381000e+003	   +1.918989e-005
+5.382000e+003	   +1.914696e-005
+5.383000e+003	   +1.949297e-005
+5.384000e+003	   +1.916793e-005
+5.385000e+003	   +1.951266e-005
+5.386000e+003	   +2.128340e-005
+5.387000e+003	   +2.223557e-005
+5.388000e+003	   +2.292139e-005
+5.389000e+003	   +2.439943e-005
+5.390000e+003	   +2.618081e-005
+5.391000e+003	   +2.744141e-005
+5.392000e+003	   +2.604497e-005
+5.393000e+003	   +2.443745e-005
+5.394000e+003	   +2.297102e-005
+5.395000e+003	   +2.241118e-005
+5.396000e+003	   +2.235309e-005
+5.397000e+003	   +2.006494e-005
+5.398000e+003	   +2.013947e-005
+5.399000e+003	   +2.084849e-005
+5.400000e+003	   +1.962286e-005
