+2.060000e+004	   +1.237538e-005
+2.060100e+004	   +1.220299e-005
+2.060200e+004	   +1.157082e-005
+2.060300e+004	   +1.127141e-005
+2.060400e+004	   +1.185762e-005
+2.060500e+004	   +1.329957e-005
+2.060600e+004	   +1.366153e-005
+2.060700e+004	   +1.287236e-005
+2.060800e+004	   +1.253495e-005
+2.060900e+004	   +1.310045e-005
+2.061000e+004	   +1.355835e-005
+2.061100e+004	   +1.312284e-005
+2.061200e+004	   +1.215791e-005
+2.061300e+004	   +1.286151e-005
+2.061400e+004	   +1.282299e-005
+2.061500e+004	   +1.217634e-005
+2.061600e+004	   +1.199427e-005
+2.061700e+004	   +1.268960e-005
+2.061800e+004	   +1.328048e-005
+2.061900e+004	   +1.313926e-005
+2.062000e+004	   +1.301929e-005
+2.062100e+004	   +1.221062e-005
+2.062200e+004	   +1.129242e-005
+2.062300e+004	   +1.177343e-005
+2.062400e+004	   +1.212018e-005
+2.062500e+004	   +1.193333e-005
+2.062600e+004	   +1.220654e-005
+2.062700e+004	   +1.332302e-005
+2.062800e+004	   +1.322786e-005
+2.062900e+004	   +1.305059e-005
+2.063000e+004	   +1.323381e-005
+2.063100e+004	   +1.333580e-005
+2.063200e+004	   +1.270936e-005
+2.063300e+004	   +1.261105e-005
+2.063400e+004	   +1.312452e-005
+2.063500e+004	   +1.261008e-005
+2.063600e+004	   +1.166539e-005
+2.063700e+004	   +1.161842e-005
+2.063800e+004	   +1.316359e-005
+2.063900e+004	   +1.378362e-005
+2.064000e+004	   +1.321082e-005
+2.064100e+004	   +1.357736e-005
+2.064200e+004	   +1.394975e-005
+2.064300e+004	   +1.245839e-005
+2.064400e+004	   +1.150460e-005
+2.064500e+004	   +1.263860e-005
+2.064600e+004	   +1.381741e-005
+2.064700e+004	   +1.373108e-005
+2.064800e+004	   +1.185636e-005
+2.064900e+004	   +1.062853e-005
+2.065000e+004	   +1.042856e-005
+2.065100e+004	   +1.108845e-005
+2.065200e+004	   +1.189325e-005
+2.065300e+004	   +1.171756e-005
+2.065400e+004	   +1.121812e-005
+2.065500e+004	   +1.111751e-005
+2.065600e+004	   +1.198966e-005
+2.065700e+004	   +1.175190e-005
+2.065800e+004	   +1.163198e-005
+2.065900e+004	   +1.259210e-005
+2.066000e+004	   +1.315943e-005
+2.066100e+004	   +1.277734e-005
+2.066200e+004	   +1.299163e-005
+2.066300e+004	   +1.241216e-005
+2.066400e+004	   +1.156317e-005
+2.066500e+004	   +1.242720e-005
+2.066600e+004	   +1.286292e-005
+2.066700e+004	   +1.237543e-005
+2.066800e+004	   +1.166685e-005
+2.066900e+004	   +1.220487e-005
+2.067000e+004	   +1.304595e-005
+2.067100e+004	   +1.272426e-005
+2.067200e+004	   +1.302106e-005
+2.067300e+004	   +1.305903e-005
+2.067400e+004	   +1.208829e-005
+2.067500e+004	   +1.149285e-005
+2.067600e+004	   +1.175675e-005
+2.067700e+004	   +1.180781e-005
+2.067800e+004	   +1.131053e-005
+2.067900e+004	   +1.180973e-005
+2.068000e+004	   +1.315063e-005
+2.068100e+004	   +1.354104e-005
+2.068200e+004	   +1.314076e-005
+2.068300e+004	   +1.269884e-005
+2.068400e+004	   +1.273527e-005
+2.068500e+004	   +1.298650e-005
+2.068600e+004	   +1.257504e-005
+2.068700e+004	   +1.147394e-005
+2.068800e+004	   +1.205901e-005
+2.068900e+004	   +1.314533e-005
+2.069000e+004	   +1.182899e-005
+2.069100e+004	   +1.252118e-005
+2.069200e+004	   +1.337207e-005
+2.069300e+004	   +1.209013e-005
+2.069400e+004	   +1.112904e-005
+2.069500e+004	   +1.112905e-005
+2.069600e+004	   +1.183230e-005
+2.069700e+004	   +1.367861e-005
+2.069800e+004	   +1.388626e-005
+2.069900e+004	   +1.240814e-005
+2.070000e+004	   +1.201417e-005
+2.070100e+004	   +1.145415e-005
+2.070200e+004	   +1.158600e-005
+2.070300e+004	   +1.272192e-005
+2.070400e+004	   +1.260188e-005
+2.070500e+004	   +1.220447e-005
+2.070600e+004	   +1.263161e-005
+2.070700e+004	   +1.301527e-005
+2.070800e+004	   +1.344626e-005
+2.070900e+004	   +1.433746e-005
+2.071000e+004	   +1.502604e-005
+2.071100e+004	   +1.521677e-005
+2.071200e+004	   +1.366716e-005
+2.071300e+004	   +1.194100e-005
+2.071400e+004	   +1.086193e-005
+2.071500e+004	   +1.045733e-005
+2.071600e+004	   +1.120182e-005
+2.071700e+004	   +1.192906e-005
+2.071800e+004	   +1.197849e-005
+2.071900e+004	   +1.262408e-005
+2.072000e+004	   +1.346805e-005
+2.072100e+004	   +1.311260e-005
+2.072200e+004	   +1.222014e-005
+2.072300e+004	   +1.134884e-005
+2.072400e+004	   +1.195711e-005
+2.072500e+004	   +1.227482e-005
+2.072600e+004	   +1.137071e-005
+2.072700e+004	   +1.244035e-005
+2.072800e+004	   +1.316038e-005
+2.072900e+004	   +1.302435e-005
+2.073000e+004	   +1.244062e-005
+2.073100e+004	   +1.292272e-005
+2.073200e+004	   +1.290458e-005
+2.073300e+004	   +1.209499e-005
+2.073400e+004	   +1.215876e-005
+2.073500e+004	   +1.261646e-005
+2.073600e+004	   +1.248582e-005
+2.073700e+004	   +1.146717e-005
+2.073800e+004	   +1.126107e-005
+2.073900e+004	   +1.279839e-005
+2.074000e+004	   +1.390362e-005
+2.074100e+004	   +1.378441e-005
+2.074200e+004	   +1.283027e-005
+2.074300e+004	   +1.144286e-005
+2.074400e+004	   +1.140133e-005
+2.074500e+004	   +1.246216e-005
+2.074600e+004	   +1.213836e-005
+2.074700e+004	   +1.195836e-005
+2.074800e+004	   +1.253834e-005
+2.074900e+004	   +1.264675e-005
+2.075000e+004	   +1.315960e-005
+2.075100e+004	   +1.362539e-005
+2.075200e+004	   +1.248993e-005
+2.075300e+004	   +1.200316e-005
+2.075400e+004	   +1.239396e-005
+2.075500e+004	   +1.245747e-005
+2.075600e+004	   +1.254406e-005
+2.075700e+004	   +1.229501e-005
+2.075800e+004	   +1.304074e-005
+2.075900e+004	   +1.283195e-005
+2.076000e+004	   +1.289616e-005
+2.076100e+004	   +1.348827e-005
+2.076200e+004	   +1.223635e-005
+2.076300e+004	   +1.238969e-005
+2.076400e+004	   +1.367160e-005
+2.076500e+004	   +1.337522e-005
+2.076600e+004	   +1.223553e-005
+2.076700e+004	   +1.181119e-005
+2.076800e+004	   +1.215294e-005
+2.076900e+004	   +1.249968e-005
+2.077000e+004	   +1.224629e-005
+2.077100e+004	   +1.219944e-005
+2.077200e+004	   +1.135294e-005
+2.077300e+004	   +1.027706e-005
+2.077400e+004	   +1.106356e-005
+2.077500e+004	   +1.240432e-005
+2.077600e+004	   +1.276507e-005
+2.077700e+004	   +1.181259e-005
+2.077800e+004	   +1.193766e-005
+2.077900e+004	   +1.231099e-005
+2.078000e+004	   +1.170176e-005
+2.078100e+004	   +1.151680e-005
+2.078200e+004	   +1.227251e-005
+2.078300e+004	   +1.257923e-005
+2.078400e+004	   +1.240347e-005
+2.078500e+004	   +1.307286e-005
+2.078600e+004	   +1.286500e-005
+2.078700e+004	   +1.174599e-005
+2.078800e+004	   +1.227239e-005
+2.078900e+004	   +1.247158e-005
+2.079000e+004	   +1.240902e-005
+2.079100e+004	   +1.313696e-005
+2.079200e+004	   +1.288785e-005
+2.079300e+004	   +1.252536e-005
+2.079400e+004	   +1.220262e-005
+2.079500e+004	   +1.231609e-005
+2.079600e+004	   +1.218632e-005
+2.079700e+004	   +1.265680e-005
+2.079800e+004	   +1.392559e-005
+2.079900e+004	   +1.340904e-005
+2.080000e+004	   +1.232623e-005
+2.080100e+004	   +1.203166e-005
+2.080200e+004	   +1.288732e-005
+2.080300e+004	   +1.376429e-005
+2.080400e+004	   +1.386692e-005
+2.080500e+004	   +1.257084e-005
+2.080600e+004	   +1.095651e-005
+2.080700e+004	   +1.186939e-005
+2.080800e+004	   +1.268185e-005
+2.080900e+004	   +1.240232e-005
+2.081000e+004	   +1.263391e-005
+2.081100e+004	   +1.262574e-005
+2.081200e+004	   +1.262555e-005
+2.081300e+004	   +1.323201e-005
+2.081400e+004	   +1.257355e-005
+2.081500e+004	   +1.147622e-005
+2.081600e+004	   +1.172609e-005
+2.081700e+004	   +1.207495e-005
+2.081800e+004	   +1.159580e-005
+2.081900e+004	   +1.241353e-005
+2.082000e+004	   +1.271095e-005
+2.082100e+004	   +1.225645e-005
+2.082200e+004	   +1.271741e-005
+2.082300e+004	   +1.338497e-005
+2.082400e+004	   +1.309835e-005
+2.082500e+004	   +1.260381e-005
+2.082600e+004	   +1.214061e-005
+2.082700e+004	   +1.222997e-005
+2.082800e+004	   +1.150526e-005
+2.082900e+004	   +1.104380e-005
+2.083000e+004	   +1.159065e-005
+2.083100e+004	   +1.203968e-005
+2.083200e+004	   +1.288539e-005
+2.083300e+004	   +1.242380e-005
+2.083400e+004	   +1.239929e-005
+2.083500e+004	   +1.373697e-005
+2.083600e+004	   +1.411465e-005
+2.083700e+004	   +1.365006e-005
+2.083800e+004	   +1.375455e-005
+2.083900e+004	   +1.384623e-005
+2.084000e+004	   +1.355280e-005
+2.084100e+004	   +1.294435e-005
+2.084200e+004	   +1.301319e-005
+2.084300e+004	   +1.289081e-005
+2.084400e+004	   +1.197845e-005
+2.084500e+004	   +1.201458e-005
+2.084600e+004	   +1.222834e-005
+2.084700e+004	   +1.212617e-005
+2.084800e+004	   +1.275055e-005
+2.084900e+004	   +1.260672e-005
+2.085000e+004	   +1.366931e-005
+2.085100e+004	   +1.441460e-005
+2.085200e+004	   +1.449627e-005
+2.085300e+004	   +1.449352e-005
+2.085400e+004	   +1.409890e-005
+2.085500e+004	   +1.393333e-005
+2.085600e+004	   +1.354706e-005
+2.085700e+004	   +1.277915e-005
+2.085800e+004	   +1.352295e-005
+2.085900e+004	   +1.445655e-005
+2.086000e+004	   +1.308105e-005
+2.086100e+004	   +1.157548e-005
+2.086200e+004	   +1.182184e-005
+2.086300e+004	   +1.233668e-005
+2.086400e+004	   +1.247573e-005
+2.086500e+004	   +1.189758e-005
+2.086600e+004	   +1.098943e-005
+2.086700e+004	   +1.213156e-005
+2.086800e+004	   +1.253165e-005
+2.086900e+004	   +1.189743e-005
+2.087000e+004	   +1.275840e-005
+2.087100e+004	   +1.358949e-005
+2.087200e+004	   +1.315131e-005
+2.087300e+004	   +1.255491e-005
+2.087400e+004	   +1.165354e-005
+2.087500e+004	   +1.148746e-005
+2.087600e+004	   +1.236427e-005
+2.087700e+004	   +1.299443e-005
+2.087800e+004	   +1.380252e-005
+2.087900e+004	   +1.453942e-005
+2.088000e+004	   +1.410336e-005
+2.088100e+004	   +1.304294e-005
+2.088200e+004	   +1.351353e-005
+2.088300e+004	   +1.313466e-005
+2.088400e+004	   +1.307875e-005
+2.088500e+004	   +1.314185e-005
+2.088600e+004	   +1.224711e-005
+2.088700e+004	   +1.237023e-005
+2.088800e+004	   +1.246381e-005
+2.088900e+004	   +1.280419e-005
+2.089000e+004	   +1.323797e-005
+2.089100e+004	   +1.323303e-005
+2.089200e+004	   +1.294567e-005
+2.089300e+004	   +1.317691e-005
+2.089400e+004	   +1.349267e-005
+2.089500e+004	   +1.364048e-005
+2.089600e+004	   +1.373118e-005
+2.089700e+004	   +1.409690e-005
+2.089800e+004	   +1.417872e-005
+2.089900e+004	   +1.399507e-005
+2.090000e+004	   +1.380238e-005
+2.090100e+004	   +1.323034e-005
+2.090200e+004	   +1.297283e-005
+2.090300e+004	   +1.303421e-005
+2.090400e+004	   +1.371377e-005
+2.090500e+004	   +1.444636e-005
+2.090600e+004	   +1.362084e-005
+2.090700e+004	   +1.283047e-005
+2.090800e+004	   +1.294248e-005
+2.090900e+004	   +1.358066e-005
+2.091000e+004	   +1.377795e-005
+2.091100e+004	   +1.360477e-005
+2.091200e+004	   +1.277406e-005
+2.091300e+004	   +1.199231e-005
+2.091400e+004	   +1.227875e-005
+2.091500e+004	   +1.292238e-005
+2.091600e+004	   +1.244056e-005
+2.091700e+004	   +1.164293e-005
+2.091800e+004	   +1.214358e-005
+2.091900e+004	   +1.307371e-005
+2.092000e+004	   +1.375674e-005
+2.092100e+004	   +1.411832e-005
+2.092200e+004	   +1.340936e-005
+2.092300e+004	   +1.308149e-005
+2.092400e+004	   +1.277667e-005
+2.092500e+004	   +1.217679e-005
+2.092600e+004	   +1.232308e-005
+2.092700e+004	   +1.147247e-005
+2.092800e+004	   +1.178217e-005
+2.092900e+004	   +1.221775e-005
+2.093000e+004	   +1.113528e-005
+2.093100e+004	   +1.113356e-005
+2.093200e+004	   +1.257009e-005
+2.093300e+004	   +1.216313e-005
+2.093400e+004	   +1.029017e-005
+2.093500e+004	   +1.003694e-005
+2.093600e+004	   +1.127495e-005
+2.093700e+004	   +1.302520e-005
+2.093800e+004	   +1.326149e-005
+2.093900e+004	   +1.282437e-005
+2.094000e+004	   +1.251017e-005
+2.094100e+004	   +1.209034e-005
+2.094200e+004	   +1.161796e-005
+2.094300e+004	   +1.248575e-005
+2.094400e+004	   +1.264105e-005
+2.094500e+004	   +1.248360e-005
+2.094600e+004	   +1.233735e-005
+2.094700e+004	   +1.303099e-005
+2.094800e+004	   +1.257073e-005
+2.094900e+004	   +1.240646e-005
+2.095000e+004	   +1.260146e-005
+2.095100e+004	   +1.166735e-005
+2.095200e+004	   +1.130283e-005
+2.095300e+004	   +1.268318e-005
+2.095400e+004	   +1.353157e-005
+2.095500e+004	   +1.224563e-005
+2.095600e+004	   +1.253498e-005
+2.095700e+004	   +1.315698e-005
+2.095800e+004	   +1.256569e-005
+2.095900e+004	   +1.249614e-005
+2.096000e+004	   +1.198579e-005
+2.096100e+004	   +1.169170e-005
+2.096200e+004	   +1.188859e-005
+2.096300e+004	   +1.142624e-005
+2.096400e+004	   +1.209001e-005
+2.096500e+004	   +1.304038e-005
+2.096600e+004	   +1.260215e-005
+2.096700e+004	   +1.332661e-005
+2.096800e+004	   +1.435521e-005
+2.096900e+004	   +1.277976e-005
+2.097000e+004	   +1.160102e-005
+2.097100e+004	   +1.140166e-005
+2.097200e+004	   +1.188259e-005
+2.097300e+004	   +1.201905e-005
+2.097400e+004	   +1.228010e-005
+2.097500e+004	   +1.253258e-005
+2.097600e+004	   +1.283485e-005
+2.097700e+004	   +1.180585e-005
+2.097800e+004	   +1.073558e-005
+2.097900e+004	   +1.103380e-005
+2.098000e+004	   +1.175348e-005
+2.098100e+004	   +1.219568e-005
+2.098200e+004	   +1.304091e-005
+2.098300e+004	   +1.332133e-005
+2.098400e+004	   +1.252081e-005
+2.098500e+004	   +1.278168e-005
+2.098600e+004	   +1.355430e-005
+2.098700e+004	   +1.418129e-005
+2.098800e+004	   +1.299049e-005
+2.098900e+004	   +1.090637e-005
+2.099000e+004	   +9.462929e-006
+2.099100e+004	   +9.342350e-006
+2.099200e+004	   +9.688618e-006
+2.099300e+004	   +1.119214e-005
+2.099400e+004	   +1.314702e-005
+2.099500e+004	   +1.227245e-005
+2.099600e+004	   +1.223195e-005
+2.099700e+004	   +1.327080e-005
+2.099800e+004	   +1.586399e-005
+2.099900e+004	   +3.622323e-005
+2.100000e+004	   +5.182047e-005
+2.100100e+004	   +3.573611e-005
+2.100200e+004	   +1.493966e-005
+2.100300e+004	   +1.241850e-005
+2.100400e+004	   +1.219166e-005
+2.100500e+004	   +1.238369e-005
+2.100600e+004	   +1.247306e-005
+2.100700e+004	   +1.314832e-005
+2.100800e+004	   +1.249270e-005
+2.100900e+004	   +1.260015e-005
+2.101000e+004	   +1.321314e-005
+2.101100e+004	   +1.275833e-005
+2.101200e+004	   +1.164052e-005
+2.101300e+004	   +1.139961e-005
+2.101400e+004	   +1.141740e-005
+2.101500e+004	   +1.147607e-005
+2.101600e+004	   +1.155221e-005
+2.101700e+004	   +1.177719e-005
+2.101800e+004	   +1.177946e-005
+2.101900e+004	   +1.126517e-005
+2.102000e+004	   +1.140695e-005
+2.102100e+004	   +1.243775e-005
+2.102200e+004	   +1.260971e-005
+2.102300e+004	   +1.141015e-005
+2.102400e+004	   +1.141066e-005
+2.102500e+004	   +1.290582e-005
+2.102600e+004	   +1.348940e-005
+2.102700e+004	   +1.296480e-005
+2.102800e+004	   +1.258356e-005
+2.102900e+004	   +1.229624e-005
+2.103000e+004	   +1.182599e-005
+2.103100e+004	   +1.225413e-005
+2.103200e+004	   +1.266204e-005
+2.103300e+004	   +1.235288e-005
+2.103400e+004	   +1.212350e-005
+2.103500e+004	   +1.259484e-005
+2.103600e+004	   +1.261165e-005
+2.103700e+004	   +1.225316e-005
+2.103800e+004	   +1.294015e-005
+2.103900e+004	   +1.391072e-005
+2.104000e+004	   +1.287977e-005
+2.104100e+004	   +1.201891e-005
+2.104200e+004	   +1.312219e-005
+2.104300e+004	   +1.368906e-005
+2.104400e+004	   +1.295561e-005
+2.104500e+004	   +1.195170e-005
+2.104600e+004	   +1.229408e-005
+2.104700e+004	   +1.252463e-005
+2.104800e+004	   +1.160844e-005
+2.104900e+004	   +1.185727e-005
+2.105000e+004	   +1.265997e-005
+2.105100e+004	   +1.313500e-005
+2.105200e+004	   +1.275154e-005
+2.105300e+004	   +1.264271e-005
+2.105400e+004	   +1.255903e-005
+2.105500e+004	   +1.286315e-005
+2.105600e+004	   +1.276753e-005
+2.105700e+004	   +1.238826e-005
+2.105800e+004	   +1.291071e-005
+2.105900e+004	   +1.282561e-005
+2.106000e+004	   +1.257092e-005
+2.106100e+004	   +1.276956e-005
+2.106200e+004	   +1.297743e-005
+2.106300e+004	   +1.172390e-005
+2.106400e+004	   +1.040622e-005
+2.106500e+004	   +1.225639e-005
+2.106600e+004	   +1.301417e-005
+2.106700e+004	   +1.255051e-005
+2.106800e+004	   +1.151766e-005
+2.106900e+004	   +1.211547e-005
+2.107000e+004	   +1.300907e-005
+2.107100e+004	   +1.147157e-005
+2.107200e+004	   +1.117259e-005
+2.107300e+004	   +1.233017e-005
+2.107400e+004	   +1.156805e-005
+2.107500e+004	   +1.133704e-005
+2.107600e+004	   +1.227591e-005
+2.107700e+004	   +1.135987e-005
+2.107800e+004	   +1.100557e-005
+2.107900e+004	   +1.185490e-005
+2.108000e+004	   +1.217191e-005
+2.108100e+004	   +1.303524e-005
+2.108200e+004	   +1.370665e-005
+2.108300e+004	   +1.266398e-005
+2.108400e+004	   +1.223585e-005
+2.108500e+004	   +1.332140e-005
+2.108600e+004	   +1.297408e-005
+2.108700e+004	   +1.158237e-005
+2.108800e+004	   +1.123763e-005
+2.108900e+004	   +1.209299e-005
+2.109000e+004	   +1.309880e-005
+2.109100e+004	   +1.278997e-005
+2.109200e+004	   +1.235942e-005
+2.109300e+004	   +1.340294e-005
+2.109400e+004	   +1.273116e-005
+2.109500e+004	   +1.138450e-005
+2.109600e+004	   +1.215336e-005
+2.109700e+004	   +1.206447e-005
+2.109800e+004	   +1.109007e-005
+2.109900e+004	   +1.169021e-005
+2.110000e+004	   +1.193864e-005
+2.110100e+004	   +1.276065e-005
+2.110200e+004	   +1.277706e-005
+2.110300e+004	   +1.194980e-005
+2.110400e+004	   +1.278037e-005
+2.110500e+004	   +1.236604e-005
+2.110600e+004	   +1.093170e-005
+2.110700e+004	   +1.088821e-005
+2.110800e+004	   +1.130269e-005
+2.110900e+004	   +1.241585e-005
+2.111000e+004	   +1.262693e-005
+2.111100e+004	   +1.197685e-005
+2.111200e+004	   +1.226403e-005
+2.111300e+004	   +1.257422e-005
+2.111400e+004	   +1.272655e-005
+2.111500e+004	   +1.220816e-005
+2.111600e+004	   +1.186369e-005
+2.111700e+004	   +1.185420e-005
+2.111800e+004	   +1.165930e-005
+2.111900e+004	   +1.206493e-005
+2.112000e+004	   +1.235262e-005
+2.112100e+004	   +1.212884e-005
+2.112200e+004	   +1.115527e-005
+2.112300e+004	   +1.101518e-005
+2.112400e+004	   +1.119056e-005
+2.112500e+004	   +1.089549e-005
+2.112600e+004	   +1.131603e-005
+2.112700e+004	   +1.214147e-005
+2.112800e+004	   +1.201239e-005
+2.112900e+004	   +1.156350e-005
+2.113000e+004	   +1.100627e-005
+2.113100e+004	   +1.218046e-005
+2.113200e+004	   +1.324930e-005
+2.113300e+004	   +1.319073e-005
+2.113400e+004	   +1.307914e-005
+2.113500e+004	   +1.238322e-005
+2.113600e+004	   +1.197919e-005
+2.113700e+004	   +1.186722e-005
+2.113800e+004	   +1.237206e-005
+2.113900e+004	   +1.274116e-005
+2.114000e+004	   +1.279156e-005
+2.114100e+004	   +1.266068e-005
+2.114200e+004	   +1.233117e-005
+2.114300e+004	   +1.231338e-005
+2.114400e+004	   +1.259874e-005
+2.114500e+004	   +1.269501e-005
+2.114600e+004	   +1.273244e-005
+2.114700e+004	   +1.220071e-005
+2.114800e+004	   +1.209175e-005
+2.114900e+004	   +1.178584e-005
+2.115000e+004	   +1.186981e-005
+2.115100e+004	   +1.209848e-005
+2.115200e+004	   +1.148385e-005
+2.115300e+004	   +1.125055e-005
+2.115400e+004	   +1.150799e-005
+2.115500e+004	   +1.146778e-005
+2.115600e+004	   +1.146643e-005
+2.115700e+004	   +1.281985e-005
+2.115800e+004	   +1.345065e-005
+2.115900e+004	   +1.373362e-005
+2.116000e+004	   +1.310208e-005
+2.116100e+004	   +1.220788e-005
+2.116200e+004	   +1.236717e-005
+2.116300e+004	   +1.229428e-005
+2.116400e+004	   +1.236744e-005
+2.116500e+004	   +1.162709e-005
+2.116600e+004	   +1.101016e-005
+2.116700e+004	   +1.184094e-005
+2.116800e+004	   +1.265746e-005
+2.116900e+004	   +1.329882e-005
+2.117000e+004	   +1.311110e-005
+2.117100e+004	   +1.168842e-005
+2.117200e+004	   +1.155728e-005
+2.117300e+004	   +1.255062e-005
+2.117400e+004	   +1.297156e-005
+2.117500e+004	   +1.298695e-005
+2.117600e+004	   +1.289550e-005
+2.117700e+004	   +1.179196e-005
+2.117800e+004	   +1.186086e-005
+2.117900e+004	   +1.172187e-005
+2.118000e+004	   +1.115914e-005
+2.118100e+004	   +1.041729e-005
+2.118200e+004	   +1.129211e-005
+2.118300e+004	   +1.353455e-005
+2.118400e+004	   +1.461671e-005
+2.118500e+004	   +1.399516e-005
+2.118600e+004	   +1.266138e-005
+2.118700e+004	   +1.213434e-005
+2.118800e+004	   +1.231569e-005
+2.118900e+004	   +1.261600e-005
+2.119000e+004	   +1.259976e-005
+2.119100e+004	   +1.267573e-005
+2.119200e+004	   +1.225949e-005
+2.119300e+004	   +1.202989e-005
+2.119400e+004	   +1.235680e-005
+2.119500e+004	   +1.306597e-005
+2.119600e+004	   +1.339829e-005
+2.119700e+004	   +1.319931e-005
+2.119800e+004	   +1.252207e-005
+2.119900e+004	   +1.111297e-005
+2.120000e+004	   +1.145230e-005
+2.120100e+004	   +1.297665e-005
+2.120200e+004	   +1.336832e-005
+2.120300e+004	   +1.310383e-005
+2.120400e+004	   +1.287847e-005
+2.120500e+004	   +1.197102e-005
+2.120600e+004	   +1.157642e-005
+2.120700e+004	   +1.237808e-005
+2.120800e+004	   +1.273702e-005
+2.120900e+004	   +1.208602e-005
+2.121000e+004	   +1.264973e-005
+2.121100e+004	   +1.371424e-005
+2.121200e+004	   +1.246010e-005
+2.121300e+004	   +1.135791e-005
+2.121400e+004	   +1.235538e-005
+2.121500e+004	   +1.159340e-005
+2.121600e+004	   +1.085708e-005
+2.121700e+004	   +1.155911e-005
+2.121800e+004	   +1.227335e-005
+2.121900e+004	   +1.188761e-005
+2.122000e+004	   +1.254924e-005
+2.122100e+004	   +1.322112e-005
+2.122200e+004	   +1.305849e-005
+2.122300e+004	   +1.296184e-005
+2.122400e+004	   +1.363700e-005
+2.122500e+004	   +1.445882e-005
+2.122600e+004	   +1.320667e-005
+2.122700e+004	   +1.184173e-005
+2.122800e+004	   +1.182265e-005
+2.122900e+004	   +1.164671e-005
+2.123000e+004	   +1.123617e-005
+2.123100e+004	   +1.180006e-005
+2.123200e+004	   +1.238826e-005
+2.123300e+004	   +1.282150e-005
+2.123400e+004	   +1.243101e-005
+2.123500e+004	   +1.267594e-005
+2.123600e+004	   +1.472544e-005
+2.123700e+004	   +1.554807e-005
+2.123800e+004	   +1.402778e-005
+2.123900e+004	   +1.228993e-005
+2.124000e+004	   +1.256916e-005
+2.124100e+004	   +1.312554e-005
+2.124200e+004	   +1.331063e-005
+2.124300e+004	   +1.242804e-005
+2.124400e+004	   +1.217923e-005
+2.124500e+004	   +1.367821e-005
+2.124600e+004	   +1.513471e-005
+2.124700e+004	   +1.501839e-005
+2.124800e+004	   +1.431726e-005
+2.124900e+004	   +1.335073e-005
+2.125000e+004	   +1.235673e-005
+2.125100e+004	   +1.224899e-005
+2.125200e+004	   +1.268202e-005
+2.125300e+004	   +1.373556e-005
+2.125400e+004	   +1.390260e-005
+2.125500e+004	   +1.294294e-005
+2.125600e+004	   +1.239677e-005
+2.125700e+004	   +1.227087e-005
+2.125800e+004	   +1.229656e-005
+2.125900e+004	   +1.122077e-005
+2.126000e+004	   +1.056146e-005
+2.126100e+004	   +1.028662e-005
+2.126200e+004	   +1.039806e-005
+2.126300e+004	   +1.056992e-005
+2.126400e+004	   +1.097859e-005
+2.126500e+004	   +1.107717e-005
+2.126600e+004	   +1.071096e-005
+2.126700e+004	   +1.070365e-005
+2.126800e+004	   +1.188636e-005
+2.126900e+004	   +1.256546e-005
+2.127000e+004	   +1.200279e-005
+2.127100e+004	   +1.238262e-005
+2.127200e+004	   +1.273376e-005
+2.127300e+004	   +1.198750e-005
+2.127400e+004	   +1.032638e-005
+2.127500e+004	   +1.149465e-005
+2.127600e+004	   +1.366344e-005
+2.127700e+004	   +1.317500e-005
+2.127800e+004	   +1.186619e-005
+2.127900e+004	   +1.126943e-005
+2.128000e+004	   +1.085356e-005
+2.128100e+004	   +1.139399e-005
+2.128200e+004	   +1.237055e-005
+2.128300e+004	   +1.317362e-005
+2.128400e+004	   +1.356982e-005
+2.128500e+004	   +1.304303e-005
+2.128600e+004	   +1.189106e-005
+2.128700e+004	   +1.127978e-005
+2.128800e+004	   +1.192203e-005
+2.128900e+004	   +1.241123e-005
+2.129000e+004	   +1.134551e-005
+2.129100e+004	   +1.013353e-005
+2.129200e+004	   +1.043982e-005
+2.129300e+004	   +1.198304e-005
+2.129400e+004	   +1.260510e-005
+2.129500e+004	   +1.296955e-005
+2.129600e+004	   +1.280779e-005
+2.129700e+004	   +1.333150e-005
+2.129800e+004	   +1.342462e-005
+2.129900e+004	   +1.314382e-005
+2.130000e+004	   +1.287667e-005
+2.130100e+004	   +1.250993e-005
+2.130200e+004	   +1.190242e-005
+2.130300e+004	   +1.120035e-005
+2.130400e+004	   +1.214964e-005
+2.130500e+004	   +1.327281e-005
+2.130600e+004	   +1.259446e-005
+2.130700e+004	   +1.173056e-005
+2.130800e+004	   +1.167959e-005
+2.130900e+004	   +1.355497e-005
+2.131000e+004	   +1.410456e-005
+2.131100e+004	   +1.273959e-005
+2.131200e+004	   +1.184886e-005
+2.131300e+004	   +1.300715e-005
+2.131400e+004	   +1.250934e-005
+2.131500e+004	   +1.129098e-005
+2.131600e+004	   +1.173543e-005
+2.131700e+004	   +1.266651e-005
+2.131800e+004	   +1.254634e-005
+2.131900e+004	   +1.182948e-005
+2.132000e+004	   +1.171211e-005
+2.132100e+004	   +1.165042e-005
+2.132200e+004	   +1.203711e-005
+2.132300e+004	   +1.206199e-005
+2.132400e+004	   +1.253064e-005
+2.132500e+004	   +1.299112e-005
+2.132600e+004	   +1.425076e-005
+2.132700e+004	   +1.438233e-005
+2.132800e+004	   +1.355716e-005
+2.132900e+004	   +1.288942e-005
+2.133000e+004	   +1.210534e-005
+2.133100e+004	   +1.175412e-005
+2.133200e+004	   +1.245668e-005
+2.133300e+004	   +1.262261e-005
+2.133400e+004	   +1.163888e-005
+2.133500e+004	   +1.147459e-005
+2.133600e+004	   +1.218426e-005
+2.133700e+004	   +1.264065e-005
+2.133800e+004	   +1.215256e-005
+2.133900e+004	   +1.126304e-005
+2.134000e+004	   +1.191363e-005
+2.134100e+004	   +1.255546e-005
+2.134200e+004	   +1.228138e-005
+2.134300e+004	   +1.229378e-005
+2.134400e+004	   +1.187198e-005
+2.134500e+004	   +1.059602e-005
+2.134600e+004	   +1.165959e-005
+2.134700e+004	   +1.352374e-005
+2.134800e+004	   +1.426415e-005
+2.134900e+004	   +1.427494e-005
+2.135000e+004	   +1.382582e-005
+2.135100e+004	   +1.340818e-005
+2.135200e+004	   +1.380766e-005
+2.135300e+004	   +1.366248e-005
+2.135400e+004	   +1.265587e-005
+2.135500e+004	   +1.271322e-005
+2.135600e+004	   +1.303684e-005
+2.135700e+004	   +1.250025e-005
+2.135800e+004	   +1.196088e-005
+2.135900e+004	   +1.209742e-005
+2.136000e+004	   +1.225363e-005
+2.136100e+004	   +1.165302e-005
+2.136200e+004	   +1.251761e-005
+2.136300e+004	   +1.293887e-005
+2.136400e+004	   +1.280504e-005
+2.136500e+004	   +1.335428e-005
+2.136600e+004	   +1.340672e-005
+2.136700e+004	   +1.253093e-005
+2.136800e+004	   +1.281822e-005
+2.136900e+004	   +1.265354e-005
+2.137000e+004	   +1.240861e-005
+2.137100e+004	   +1.152488e-005
+2.137200e+004	   +1.206268e-005
+2.137300e+004	   +1.274909e-005
+2.137400e+004	   +1.223953e-005
+2.137500e+004	   +1.204976e-005
+2.137600e+004	   +1.191869e-005
+2.137700e+004	   +1.159965e-005
+2.137800e+004	   +1.124035e-005
+2.137900e+004	   +1.201413e-005
+2.138000e+004	   +1.222115e-005
+2.138100e+004	   +1.222457e-005
+2.138200e+004	   +1.219588e-005
+2.138300e+004	   +1.198351e-005
+2.138400e+004	   +1.182108e-005
+2.138500e+004	   +1.108625e-005
+2.138600e+004	   +1.120817e-005
+2.138700e+004	   +1.148851e-005
+2.138800e+004	   +1.219565e-005
+2.138900e+004	   +1.230557e-005
+2.139000e+004	   +1.209751e-005
+2.139100e+004	   +1.247346e-005
+2.139200e+004	   +1.238156e-005
+2.139300e+004	   +1.167881e-005
+2.139400e+004	   +1.258647e-005
+2.139500e+004	   +1.279026e-005
+2.139600e+004	   +1.177058e-005
+2.139700e+004	   +1.091296e-005
+2.139800e+004	   +1.110835e-005
+2.139900e+004	   +1.220152e-005
+2.140000e+004	   +1.310751e-005
