+2.300000e+004	   +1.199540e-005
+2.300100e+004	   +1.277050e-005
+2.300200e+004	   +1.251658e-005
+2.300300e+004	   +1.154806e-005
+2.300400e+004	   +1.142029e-005
+2.300500e+004	   +1.166620e-005
+2.300600e+004	   +1.147234e-005
+2.300700e+004	   +1.210686e-005
+2.300800e+004	   +1.322100e-005
+2.300900e+004	   +1.312406e-005
+2.301000e+004	   +1.227744e-005
+2.301100e+004	   +1.172004e-005
+2.301200e+004	   +1.066456e-005
+2.301300e+004	   +1.207919e-005
+2.301400e+004	   +1.428010e-005
+2.301500e+004	   +1.359646e-005
+2.301600e+004	   +1.219674e-005
+2.301700e+004	   +1.186338e-005
+2.301800e+004	   +1.176322e-005
+2.301900e+004	   +1.231830e-005
+2.302000e+004	   +1.183877e-005
+2.302100e+004	   +1.266442e-005
+2.302200e+004	   +1.336859e-005
+2.302300e+004	   +1.241100e-005
+2.302400e+004	   +1.177386e-005
+2.302500e+004	   +1.251725e-005
+2.302600e+004	   +1.286634e-005
+2.302700e+004	   +1.219143e-005
+2.302800e+004	   +1.199804e-005
+2.302900e+004	   +1.215353e-005
+2.303000e+004	   +1.114390e-005
+2.303100e+004	   +1.027731e-005
+2.303200e+004	   +1.156396e-005
+2.303300e+004	   +1.183304e-005
+2.303400e+004	   +1.017468e-005
+2.303500e+004	   +1.095184e-005
+2.303600e+004	   +1.286866e-005
+2.303700e+004	   +1.313696e-005
+2.303800e+004	   +1.361262e-005
+2.303900e+004	   +1.331603e-005
+2.304000e+004	   +1.200009e-005
+2.304100e+004	   +1.110158e-005
+2.304200e+004	   +1.081328e-005
+2.304300e+004	   +1.235475e-005
+2.304400e+004	   +1.361532e-005
+2.304500e+004	   +1.457170e-005
+2.304600e+004	   +1.349503e-005
+2.304700e+004	   +1.149666e-005
+2.304800e+004	   +1.073195e-005
+2.304900e+004	   +1.156169e-005
+2.305000e+004	   +1.091980e-005
+2.305100e+004	   +1.095915e-005
+2.305200e+004	   +1.169087e-005
+2.305300e+004	   +1.248232e-005
+2.305400e+004	   +1.247401e-005
+2.305500e+004	   +1.172893e-005
+2.305600e+004	   +1.209175e-005
+2.305700e+004	   +1.247333e-005
+2.305800e+004	   +1.145420e-005
+2.305900e+004	   +1.206521e-005
+2.306000e+004	   +1.293669e-005
+2.306100e+004	   +1.264211e-005
+2.306200e+004	   +1.207624e-005
+2.306300e+004	   +1.303203e-005
+2.306400e+004	   +1.308353e-005
+2.306500e+004	   +1.221262e-005
+2.306600e+004	   +1.221196e-005
+2.306700e+004	   +1.157418e-005
+2.306800e+004	   +1.073585e-005
+2.306900e+004	   +1.107274e-005
+2.307000e+004	   +1.115086e-005
+2.307100e+004	   +1.200826e-005
+2.307200e+004	   +1.354889e-005
+2.307300e+004	   +1.234233e-005
+2.307400e+004	   +9.330868e-006
+2.307500e+004	   +9.392902e-006
+2.307600e+004	   +1.047972e-005
+2.307700e+004	   +1.248321e-005
+2.307800e+004	   +1.212725e-005
+2.307900e+004	   +1.117074e-005
+2.308000e+004	   +1.190791e-005
+2.308100e+004	   +1.240635e-005
+2.308200e+004	   +1.269674e-005
+2.308300e+004	   +1.225502e-005
+2.308400e+004	   +1.297360e-005
+2.308500e+004	   +1.316807e-005
+2.308600e+004	   +1.241964e-005
+2.308700e+004	   +1.219492e-005
+2.308800e+004	   +1.258324e-005
+2.308900e+004	   +1.205501e-005
+2.309000e+004	   +1.226407e-005
+2.309100e+004	   +1.280564e-005
+2.309200e+004	   +1.193418e-005
+2.309300e+004	   +1.007111e-005
+2.309400e+004	   +1.109126e-005
+2.309500e+004	   +1.284542e-005
+2.309600e+004	   +1.104507e-005
+2.309700e+004	   +1.251776e-005
+2.309800e+004	   +1.459623e-005
+2.309900e+004	   +1.369560e-005
+2.310000e+004	   +1.109017e-005
+2.310100e+004	   +1.089255e-005
+2.310200e+004	   +1.121351e-005
+2.310300e+004	   +1.221775e-005
+2.310400e+004	   +1.295481e-005
+2.310500e+004	   +1.211000e-005
+2.310600e+004	   +1.109148e-005
+2.310700e+004	   +1.190645e-005
+2.310800e+004	   +1.221546e-005
+2.310900e+004	   +1.181324e-005
+2.311000e+004	   +1.133933e-005
+2.311100e+004	   +1.011697e-005
+2.311200e+004	   +1.012452e-005
+2.311300e+004	   +1.169730e-005
+2.311400e+004	   +1.319926e-005
+2.311500e+004	   +1.424372e-005
+2.311600e+004	   +1.242379e-005
+2.311700e+004	   +1.030532e-005
+2.311800e+004	   +9.554929e-006
+2.311900e+004	   +1.034393e-005
+2.312000e+004	   +1.067839e-005
+2.312100e+004	   +1.118388e-005
+2.312200e+004	   +1.187756e-005
+2.312300e+004	   +1.187729e-005
+2.312400e+004	   +1.275693e-005
+2.312500e+004	   +1.282262e-005
+2.312600e+004	   +1.320348e-005
+2.312700e+004	   +1.313414e-005
+2.312800e+004	   +1.217745e-005
+2.312900e+004	   +1.161353e-005
+2.313000e+004	   +1.099475e-005
+2.313100e+004	   +1.160957e-005
+2.313200e+004	   +1.158499e-005
+2.313300e+004	   +1.070145e-005
+2.313400e+004	   +1.003859e-005
+2.313500e+004	   +1.055960e-005
+2.313600e+004	   +1.190518e-005
+2.313700e+004	   +1.073645e-005
+2.313800e+004	   +1.036968e-005
+2.313900e+004	   +1.224380e-005
+2.314000e+004	   +1.263235e-005
+2.314100e+004	   +1.162555e-005
+2.314200e+004	   +1.145283e-005
+2.314300e+004	   +1.082593e-005
+2.314400e+004	   +1.093252e-005
+2.314500e+004	   +1.200464e-005
+2.314600e+004	   +1.289335e-005
+2.314700e+004	   +1.105637e-005
+2.314800e+004	   +1.148157e-005
+2.314900e+004	   +1.280497e-005
+2.315000e+004	   +1.119115e-005
+2.315100e+004	   +1.120344e-005
+2.315200e+004	   +1.184485e-005
+2.315300e+004	   +1.173725e-005
+2.315400e+004	   +1.178610e-005
+2.315500e+004	   +1.302890e-005
+2.315600e+004	   +1.357721e-005
+2.315700e+004	   +1.294292e-005
+2.315800e+004	   +1.293879e-005
+2.315900e+004	   +1.224374e-005
+2.316000e+004	   +1.259742e-005
+2.316100e+004	   +1.343509e-005
+2.316200e+004	   +1.190530e-005
+2.316300e+004	   +1.110302e-005
+2.316400e+004	   +1.262021e-005
+2.316500e+004	   +1.389753e-005
+2.316600e+004	   +1.484370e-005
+2.316700e+004	   +1.375089e-005
+2.316800e+004	   +1.197970e-005
+2.316900e+004	   +1.074988e-005
+2.317000e+004	   +1.128181e-005
+2.317100e+004	   +1.212237e-005
+2.317200e+004	   +1.188251e-005
+2.317300e+004	   +1.167113e-005
+2.317400e+004	   +1.148171e-005
+2.317500e+004	   +1.130730e-005
+2.317600e+004	   +1.082976e-005
+2.317700e+004	   +9.741279e-006
+2.317800e+004	   +1.038712e-005
+2.317900e+004	   +1.187311e-005
+2.318000e+004	   +1.392319e-005
+2.318100e+004	   +1.536621e-005
+2.318200e+004	   +1.288062e-005
+2.318300e+004	   +1.119162e-005
+2.318400e+004	   +1.178451e-005
+2.318500e+004	   +1.153231e-005
+2.318600e+004	   +1.219738e-005
+2.318700e+004	   +1.194844e-005
+2.318800e+004	   +1.126803e-005
+2.318900e+004	   +1.177962e-005
+2.319000e+004	   +1.265393e-005
+2.319100e+004	   +1.208179e-005
+2.319200e+004	   +1.164318e-005
+2.319300e+004	   +1.268002e-005
+2.319400e+004	   +1.382676e-005
+2.319500e+004	   +1.296493e-005
+2.319600e+004	   +1.123818e-005
+2.319700e+004	   +1.093487e-005
+2.319800e+004	   +1.180233e-005
+2.319900e+004	   +1.126846e-005
+2.320000e+004	   +1.139015e-005
+2.320100e+004	   +1.185448e-005
+2.320200e+004	   +1.239146e-005
+2.320300e+004	   +1.204598e-005
+2.320400e+004	   +1.110103e-005
+2.320500e+004	   +1.050996e-005
+2.320600e+004	   +1.255046e-005
+2.320700e+004	   +1.403879e-005
+2.320800e+004	   +1.517866e-005
+2.320900e+004	   +1.575370e-005
+2.321000e+004	   +1.502459e-005
+2.321100e+004	   +1.288014e-005
+2.321200e+004	   +1.256938e-005
+2.321300e+004	   +1.309333e-005
+2.321400e+004	   +1.274607e-005
+2.321500e+004	   +1.355170e-005
+2.321600e+004	   +1.306457e-005
+2.321700e+004	   +1.144886e-005
+2.321800e+004	   +1.109671e-005
+2.321900e+004	   +1.166324e-005
+2.322000e+004	   +1.216783e-005
+2.322100e+004	   +1.210398e-005
+2.322200e+004	   +1.256339e-005
+2.322300e+004	   +1.253429e-005
+2.322400e+004	   +1.092565e-005
+2.322500e+004	   +1.135819e-005
+2.322600e+004	   +1.221972e-005
+2.322700e+004	   +1.135564e-005
+2.322800e+004	   +1.136270e-005
+2.322900e+004	   +1.192525e-005
+2.323000e+004	   +1.228470e-005
+2.323100e+004	   +1.251337e-005
+2.323200e+004	   +1.218806e-005
+2.323300e+004	   +1.139551e-005
+2.323400e+004	   +1.091966e-005
+2.323500e+004	   +1.162435e-005
+2.323600e+004	   +1.231402e-005
+2.323700e+004	   +1.119624e-005
+2.323800e+004	   +1.140566e-005
+2.323900e+004	   +1.160425e-005
+2.324000e+004	   +1.161720e-005
+2.324100e+004	   +1.107308e-005
+2.324200e+004	   +1.044286e-005
+2.324300e+004	   +1.131048e-005
+2.324400e+004	   +1.152517e-005
+2.324500e+004	   +1.181575e-005
+2.324600e+004	   +1.175493e-005
+2.324700e+004	   +1.213956e-005
+2.324800e+004	   +1.285369e-005
+2.324900e+004	   +1.283916e-005
+2.325000e+004	   +1.334134e-005
+2.325100e+004	   +1.318314e-005
+2.325200e+004	   +1.244177e-005
+2.325300e+004	   +1.260781e-005
+2.325400e+004	   +1.313448e-005
+2.325500e+004	   +1.411174e-005
+2.325600e+004	   +1.528395e-005
+2.325700e+004	   +1.565509e-005
+2.325800e+004	   +1.552223e-005
+2.325900e+004	   +1.431226e-005
+2.326000e+004	   +1.232677e-005
+2.326100e+004	   +1.293764e-005
+2.326200e+004	   +1.376021e-005
+2.326300e+004	   +1.157282e-005
+2.326400e+004	   +1.021120e-005
+2.326500e+004	   +1.134855e-005
+2.326600e+004	   +1.218098e-005
+2.326700e+004	   +1.115083e-005
+2.326800e+004	   +1.176691e-005
+2.326900e+004	   +1.177818e-005
+2.327000e+004	   +1.223313e-005
+2.327100e+004	   +1.297088e-005
+2.327200e+004	   +1.174979e-005
+2.327300e+004	   +9.509987e-006
+2.327400e+004	   +9.567190e-006
+2.327500e+004	   +1.052606e-005
+2.327600e+004	   +1.180667e-005
+2.327700e+004	   +1.214627e-005
+2.327800e+004	   +1.128499e-005
+2.327900e+004	   +1.222770e-005
+2.328000e+004	   +1.282893e-005
+2.328100e+004	   +1.344576e-005
+2.328200e+004	   +1.363911e-005
+2.328300e+004	   +1.315519e-005
+2.328400e+004	   +1.208392e-005
+2.328500e+004	   +1.171694e-005
+2.328600e+004	   +1.162422e-005
+2.328700e+004	   +1.062774e-005
+2.328800e+004	   +1.062395e-005
+2.328900e+004	   +1.189938e-005
+2.329000e+004	   +1.278607e-005
+2.329100e+004	   +1.245297e-005
+2.329200e+004	   +1.103064e-005
+2.329300e+004	   +1.173453e-005
+2.329400e+004	   +1.167255e-005
+2.329500e+004	   +1.071672e-005
+2.329600e+004	   +1.203506e-005
+2.329700e+004	   +1.278158e-005
+2.329800e+004	   +1.158545e-005
+2.329900e+004	   +1.128145e-005
+2.330000e+004	   +1.161190e-005
+2.330100e+004	   +1.133988e-005
+2.330200e+004	   +1.166280e-005
+2.330300e+004	   +1.251163e-005
+2.330400e+004	   +1.248232e-005
+2.330500e+004	   +1.353716e-005
+2.330600e+004	   +1.398610e-005
+2.330700e+004	   +1.220369e-005
+2.330800e+004	   +1.114200e-005
+2.330900e+004	   +1.103736e-005
+2.331000e+004	   +1.106966e-005
+2.331100e+004	   +1.163684e-005
+2.331200e+004	   +1.379187e-005
+2.331300e+004	   +1.410299e-005
+2.331400e+004	   +1.380055e-005
+2.331500e+004	   +1.347551e-005
+2.331600e+004	   +1.203758e-005
+2.331700e+004	   +1.237762e-005
+2.331800e+004	   +1.445855e-005
+2.331900e+004	   +1.485948e-005
+2.332000e+004	   +1.321442e-005
+2.332100e+004	   +1.173873e-005
+2.332200e+004	   +1.208474e-005
+2.332300e+004	   +1.181970e-005
+2.332400e+004	   +1.125282e-005
+2.332500e+004	   +1.211603e-005
+2.332600e+004	   +1.073252e-005
+2.332700e+004	   +1.020831e-005
+2.332800e+004	   +1.145692e-005
+2.332900e+004	   +1.104270e-005
+2.333000e+004	   +1.044373e-005
+2.333100e+004	   +1.111796e-005
+2.333200e+004	   +1.164159e-005
+2.333300e+004	   +1.069149e-005
+2.333400e+004	   +9.999231e-006
+2.333500e+004	   +1.099100e-005
+2.333600e+004	   +1.263438e-005
+2.333700e+004	   +1.324003e-005
+2.333800e+004	   +1.396747e-005
+2.333900e+004	   +1.340486e-005
+2.334000e+004	   +1.216069e-005
+2.334100e+004	   +1.112900e-005
+2.334200e+004	   +1.018673e-005
+2.334300e+004	   +1.028099e-005
+2.334400e+004	   +1.003090e-005
+2.334500e+004	   +1.087805e-005
+2.334600e+004	   +1.098962e-005
+2.334700e+004	   +1.135500e-005
+2.334800e+004	   +1.081931e-005
+2.334900e+004	   +1.105772e-005
+2.335000e+004	   +1.245387e-005
+2.335100e+004	   +1.282146e-005
+2.335200e+004	   +1.306100e-005
+2.335300e+004	   +1.409973e-005
+2.335400e+004	   +1.306815e-005
+2.335500e+004	   +1.138924e-005
+2.335600e+004	   +1.100939e-005
+2.335700e+004	   +9.530663e-006
+2.335800e+004	   +1.053581e-005
+2.335900e+004	   +1.187122e-005
+2.336000e+004	   +1.161608e-005
+2.336100e+004	   +1.145928e-005
+2.336200e+004	   +1.172182e-005
+2.336300e+004	   +1.213385e-005
+2.336400e+004	   +1.176897e-005
+2.336500e+004	   +1.062689e-005
+2.336600e+004	   +1.117259e-005
+2.336700e+004	   +1.229558e-005
+2.336800e+004	   +1.232348e-005
+2.336900e+004	   +1.246764e-005
+2.337000e+004	   +1.231133e-005
+2.337100e+004	   +1.243928e-005
+2.337200e+004	   +1.180931e-005
+2.337300e+004	   +1.217823e-005
+2.337400e+004	   +1.166667e-005
+2.337500e+004	   +1.027461e-005
+2.337600e+004	   +1.029513e-005
+2.337700e+004	   +1.086950e-005
+2.337800e+004	   +1.054043e-005
+2.337900e+004	   +9.860293e-006
+2.338000e+004	   +1.081599e-005
+2.338100e+004	   +1.136726e-005
+2.338200e+004	   +1.066180e-005
+2.338300e+004	   +1.045230e-005
+2.338400e+004	   +1.046277e-005
+2.338500e+004	   +1.131746e-005
+2.338600e+004	   +1.151341e-005
+2.338700e+004	   +1.169531e-005
+2.338800e+004	   +1.222390e-005
+2.338900e+004	   +1.188610e-005
+2.339000e+004	   +1.289546e-005
+2.339100e+004	   +1.453355e-005
+2.339200e+004	   +1.401183e-005
+2.339300e+004	   +1.230666e-005
+2.339400e+004	   +1.185667e-005
+2.339500e+004	   +1.162070e-005
+2.339600e+004	   +1.067717e-005
+2.339700e+004	   +1.230506e-005
+2.339800e+004	   +1.680513e-005
+2.339900e+004	   +3.297829e-005
+2.340000e+004	   +4.432521e-005
+2.340100e+004	   +3.062831e-005
+2.340200e+004	   +1.344551e-005
+2.340300e+004	   +1.172250e-005
+2.340400e+004	   +1.259345e-005
+2.340500e+004	   +1.287219e-005
+2.340600e+004	   +1.296151e-005
+2.340700e+004	   +1.252019e-005
+2.340800e+004	   +1.349606e-005
+2.340900e+004	   +1.439209e-005
+2.341000e+004	   +1.290891e-005
+2.341100e+004	   +1.169746e-005
+2.341200e+004	   +1.186249e-005
+2.341300e+004	   +1.217870e-005
+2.341400e+004	   +1.170401e-005
+2.341500e+004	   +1.070492e-005
+2.341600e+004	   +1.079819e-005
+2.341700e+004	   +1.122411e-005
+2.341800e+004	   +1.225241e-005
+2.341900e+004	   +1.143473e-005
+2.342000e+004	   +1.005348e-005
+2.342100e+004	   +1.131452e-005
+2.342200e+004	   +1.153785e-005
+2.342300e+004	   +1.190408e-005
+2.342400e+004	   +1.286480e-005
+2.342500e+004	   +1.320864e-005
+2.342600e+004	   +1.241180e-005
+2.342700e+004	   +1.178477e-005
+2.342800e+004	   +1.341577e-005
+2.342900e+004	   +1.395568e-005
+2.343000e+004	   +1.376008e-005
+2.343100e+004	   +1.361024e-005
+2.343200e+004	   +1.299701e-005
+2.343300e+004	   +1.163991e-005
+2.343400e+004	   +1.156410e-005
+2.343500e+004	   +1.337188e-005
+2.343600e+004	   +1.566755e-005
+2.343700e+004	   +1.630466e-005
+2.343800e+004	   +1.559956e-005
+2.343900e+004	   +1.371980e-005
+2.344000e+004	   +1.371379e-005
+2.344100e+004	   +1.350874e-005
+2.344200e+004	   +1.295482e-005
+2.344300e+004	   +1.369994e-005
+2.344400e+004	   +1.330745e-005
+2.344500e+004	   +1.204040e-005
+2.344600e+004	   +1.201538e-005
+2.344700e+004	   +1.251197e-005
+2.344800e+004	   +1.233594e-005
+2.344900e+004	   +1.152859e-005
+2.345000e+004	   +1.087186e-005
+2.345100e+004	   +1.128904e-005
+2.345200e+004	   +1.223420e-005
+2.345300e+004	   +1.267001e-005
+2.345400e+004	   +1.135225e-005
+2.345500e+004	   +1.035830e-005
+2.345600e+004	   +1.301512e-005
+2.345700e+004	   +1.442879e-005
+2.345800e+004	   +1.408112e-005
+2.345900e+004	   +1.268493e-005
+2.346000e+004	   +1.119124e-005
+2.346100e+004	   +1.174337e-005
+2.346200e+004	   +1.332927e-005
+2.346300e+004	   +1.350751e-005
+2.346400e+004	   +1.337503e-005
+2.346500e+004	   +1.365609e-005
+2.346600e+004	   +1.342646e-005
+2.346700e+004	   +1.157247e-005
+2.346800e+004	   +1.017089e-005
+2.346900e+004	   +1.063398e-005
+2.347000e+004	   +1.096689e-005
+2.347100e+004	   +1.251020e-005
+2.347200e+004	   +1.275951e-005
+2.347300e+004	   +1.225972e-005
+2.347400e+004	   +1.174151e-005
+2.347500e+004	   +1.159400e-005
+2.347600e+004	   +1.114318e-005
+2.347700e+004	   +1.072239e-005
+2.347800e+004	   +1.173872e-005
+2.347900e+004	   +1.183083e-005
+2.348000e+004	   +1.147928e-005
+2.348100e+004	   +1.075163e-005
+2.348200e+004	   +1.036235e-005
+2.348300e+004	   +1.116306e-005
+2.348400e+004	   +1.175587e-005
+2.348500e+004	   +1.107802e-005
+2.348600e+004	   +1.004550e-005
+2.348700e+004	   +1.061678e-005
+2.348800e+004	   +1.093415e-005
+2.348900e+004	   +1.176920e-005
+2.349000e+004	   +1.255115e-005
+2.349100e+004	   +1.293419e-005
+2.349200e+004	   +1.260568e-005
+2.349300e+004	   +1.158097e-005
+2.349400e+004	   +1.108145e-005
+2.349500e+004	   +1.163076e-005
+2.349600e+004	   +1.235728e-005
+2.349700e+004	   +1.233557e-005
+2.349800e+004	   +1.148305e-005
+2.349900e+004	   +1.200223e-005
+2.350000e+004	   +1.258768e-005
+2.350100e+004	   +1.260412e-005
+2.350200e+004	   +1.232122e-005
+2.350300e+004	   +1.192208e-005
+2.350400e+004	   +1.255196e-005
+2.350500e+004	   +1.340543e-005
+2.350600e+004	   +1.251052e-005
+2.350700e+004	   +1.267818e-005
+2.350800e+004	   +1.294281e-005
+2.350900e+004	   +1.243133e-005
+2.351000e+004	   +1.231786e-005
+2.351100e+004	   +1.297800e-005
+2.351200e+004	   +1.182395e-005
+2.351300e+004	   +1.172415e-005
+2.351400e+004	   +1.205815e-005
+2.351500e+004	   +1.208941e-005
+2.351600e+004	   +1.183751e-005
+2.351700e+004	   +1.048754e-005
+2.351800e+004	   +9.886212e-006
+2.351900e+004	   +1.099312e-005
+2.352000e+004	   +1.212227e-005
+2.352100e+004	   +1.211204e-005
+2.352200e+004	   +1.311978e-005
+2.352300e+004	   +1.381799e-005
+2.352400e+004	   +1.375982e-005
+2.352500e+004	   +1.296111e-005
+2.352600e+004	   +1.229370e-005
+2.352700e+004	   +1.306311e-005
+2.352800e+004	   +1.256633e-005
+2.352900e+004	   +1.148484e-005
+2.353000e+004	   +1.103665e-005
+2.353100e+004	   +1.164681e-005
+2.353200e+004	   +1.351390e-005
+2.353300e+004	   +1.321986e-005
+2.353400e+004	   +1.253273e-005
+2.353500e+004	   +1.254541e-005
+2.353600e+004	   +1.136366e-005
+2.353700e+004	   +1.048324e-005
+2.353800e+004	   +1.167812e-005
+2.353900e+004	   +1.234565e-005
+2.354000e+004	   +1.101019e-005
+2.354100e+004	   +1.086265e-005
+2.354200e+004	   +1.243251e-005
+2.354300e+004	   +1.233725e-005
+2.354400e+004	   +1.159791e-005
+2.354500e+004	   +1.145619e-005
+2.354600e+004	   +1.068995e-005
+2.354700e+004	   +1.140256e-005
+2.354800e+004	   +1.315311e-005
+2.354900e+004	   +1.240912e-005
+2.355000e+004	   +1.131910e-005
+2.355100e+004	   +1.265056e-005
+2.355200e+004	   +1.312175e-005
+2.355300e+004	   +1.361184e-005
+2.355400e+004	   +1.381495e-005
+2.355500e+004	   +1.289144e-005
+2.355600e+004	   +1.191545e-005
+2.355700e+004	   +1.260978e-005
+2.355800e+004	   +1.293591e-005
+2.355900e+004	   +1.287215e-005
+2.356000e+004	   +1.227747e-005
+2.356100e+004	   +1.215834e-005
+2.356200e+004	   +1.266980e-005
+2.356300e+004	   +1.405113e-005
+2.356400e+004	   +1.377146e-005
+2.356500e+004	   +1.149859e-005
+2.356600e+004	   +1.074827e-005
+2.356700e+004	   +1.197642e-005
+2.356800e+004	   +1.251092e-005
+2.356900e+004	   +1.149406e-005
+2.357000e+004	   +1.069232e-005
+2.357100e+004	   +1.060186e-005
+2.357200e+004	   +1.094806e-005
+2.357300e+004	   +1.145053e-005
+2.357400e+004	   +1.170892e-005
+2.357500e+004	   +1.061873e-005
+2.357600e+004	   +1.099706e-005
+2.357700e+004	   +1.299050e-005
+2.357800e+004	   +1.280959e-005
+2.357900e+004	   +1.164090e-005
+2.358000e+004	   +1.080812e-005
+2.358100e+004	   +1.179416e-005
+2.358200e+004	   +1.177180e-005
+2.358300e+004	   +1.106735e-005
+2.358400e+004	   +1.095386e-005
+2.358500e+004	   +1.129757e-005
+2.358600e+004	   +1.209553e-005
+2.358700e+004	   +1.320209e-005
+2.358800e+004	   +1.419057e-005
+2.358900e+004	   +1.362956e-005
+2.359000e+004	   +1.222410e-005
+2.359100e+004	   +1.199910e-005
+2.359200e+004	   +1.232756e-005
+2.359300e+004	   +1.191551e-005
+2.359400e+004	   +1.202792e-005
+2.359500e+004	   +1.235093e-005
+2.359600e+004	   +1.165126e-005
+2.359700e+004	   +1.175885e-005
+2.359800e+004	   +1.320670e-005
+2.359900e+004	   +1.316795e-005
+2.360000e+004	   +1.271629e-005
+2.360100e+004	   +1.268676e-005
+2.360200e+004	   +1.320047e-005
+2.360300e+004	   +1.411727e-005
+2.360400e+004	   +1.467787e-005
+2.360500e+004	   +1.411256e-005
+2.360600e+004	   +1.433239e-005
+2.360700e+004	   +1.434458e-005
+2.360800e+004	   +1.309135e-005
+2.360900e+004	   +1.202291e-005
+2.361000e+004	   +1.105512e-005
+2.361100e+004	   +1.109268e-005
+2.361200e+004	   +1.163122e-005
+2.361300e+004	   +1.145030e-005
+2.361400e+004	   +1.233789e-005
+2.361500e+004	   +1.360828e-005
+2.361600e+004	   +1.398085e-005
+2.361700e+004	   +1.329900e-005
+2.361800e+004	   +1.234921e-005
+2.361900e+004	   +1.110259e-005
+2.362000e+004	   +1.124693e-005
+2.362100e+004	   +1.032419e-005
+2.362200e+004	   +1.031896e-005
+2.362300e+004	   +1.142811e-005
+2.362400e+004	   +1.160025e-005
+2.362500e+004	   +1.094630e-005
+2.362600e+004	   +1.021973e-005
+2.362700e+004	   +1.092105e-005
+2.362800e+004	   +1.150792e-005
+2.362900e+004	   +1.158752e-005
+2.363000e+004	   +1.108123e-005
+2.363100e+004	   +1.167228e-005
+2.363200e+004	   +1.265552e-005
+2.363300e+004	   +1.286876e-005
+2.363400e+004	   +1.270916e-005
+2.363500e+004	   +1.180015e-005
+2.363600e+004	   +1.018671e-005
+2.363700e+004	   +1.069447e-005
+2.363800e+004	   +1.199282e-005
+2.363900e+004	   +1.281944e-005
+2.364000e+004	   +1.292794e-005
+2.364100e+004	   +1.212686e-005
+2.364200e+004	   +1.117302e-005
+2.364300e+004	   +1.166187e-005
+2.364400e+004	   +1.169498e-005
+2.364500e+004	   +1.219117e-005
+2.364600e+004	   +1.375419e-005
+2.364700e+004	   +1.415172e-005
+2.364800e+004	   +1.258234e-005
+2.364900e+004	   +1.150694e-005
+2.365000e+004	   +1.125879e-005
+2.365100e+004	   +1.029541e-005
+2.365200e+004	   +9.918503e-006
+2.365300e+004	   +1.079331e-005
+2.365400e+004	   +1.123075e-005
+2.365500e+004	   +1.164697e-005
+2.365600e+004	   +1.198895e-005
+2.365700e+004	   +1.123293e-005
+2.365800e+004	   +9.880027e-006
+2.365900e+004	   +1.006243e-005
+2.366000e+004	   +1.100427e-005
+2.366100e+004	   +1.159832e-005
+2.366200e+004	   +1.213236e-005
+2.366300e+004	   +1.291402e-005
+2.366400e+004	   +1.257896e-005
+2.366500e+004	   +1.089192e-005
+2.366600e+004	   +1.131744e-005
+2.366700e+004	   +1.286446e-005
+2.366800e+004	   +1.309687e-005
+2.366900e+004	   +1.228384e-005
+2.367000e+004	   +1.190586e-005
+2.367100e+004	   +1.166584e-005
+2.367200e+004	   +1.198729e-005
+2.367300e+004	   +1.162923e-005
+2.367400e+004	   +1.106990e-005
+2.367500e+004	   +1.065863e-005
+2.367600e+004	   +1.095754e-005
+2.367700e+004	   +1.166852e-005
+2.367800e+004	   +1.146865e-005
+2.367900e+004	   +1.197524e-005
+2.368000e+004	   +1.261574e-005
+2.368100e+004	   +1.287433e-005
+2.368200e+004	   +1.311781e-005
+2.368300e+004	   +1.285368e-005
+2.368400e+004	   +1.241520e-005
+2.368500e+004	   +1.279687e-005
+2.368600e+004	   +1.300302e-005
+2.368700e+004	   +1.221612e-005
+2.368800e+004	   +1.128016e-005
+2.368900e+004	   +1.165494e-005
+2.369000e+004	   +1.335488e-005
+2.369100e+004	   +1.373574e-005
+2.369200e+004	   +1.290104e-005
+2.369300e+004	   +1.212528e-005
+2.369400e+004	   +1.221382e-005
+2.369500e+004	   +1.216266e-005
+2.369600e+004	   +1.103866e-005
+2.369700e+004	   +1.040910e-005
+2.369800e+004	   +1.040688e-005
+2.369900e+004	   +1.154476e-005
+2.370000e+004	   +1.248945e-005
+2.370100e+004	   +1.231952e-005
+2.370200e+004	   +1.287905e-005
+2.370300e+004	   +1.329859e-005
+2.370400e+004	   +1.344332e-005
+2.370500e+004	   +1.142614e-005
+2.370600e+004	   +1.091046e-005
+2.370700e+004	   +1.236532e-005
+2.370800e+004	   +1.290983e-005
+2.370900e+004	   +1.234862e-005
+2.371000e+004	   +1.129140e-005
+2.371100e+004	   +1.100220e-005
+2.371200e+004	   +1.219721e-005
+2.371300e+004	   +1.368676e-005
+2.371400e+004	   +1.395576e-005
+2.371500e+004	   +1.293558e-005
+2.371600e+004	   +1.139574e-005
+2.371700e+004	   +1.143694e-005
+2.371800e+004	   +1.285476e-005
+2.371900e+004	   +1.194676e-005
+2.372000e+004	   +1.184143e-005
+2.372100e+004	   +1.308882e-005
+2.372200e+004	   +1.381118e-005
+2.372300e+004	   +1.274086e-005
+2.372400e+004	   +1.209045e-005
+2.372500e+004	   +1.290468e-005
+2.372600e+004	   +1.350669e-005
+2.372700e+004	   +1.387140e-005
+2.372800e+004	   +1.349627e-005
+2.372900e+004	   +1.189431e-005
+2.373000e+004	   +1.082911e-005
+2.373100e+004	   +1.169539e-005
+2.373200e+004	   +1.205857e-005
+2.373300e+004	   +1.301765e-005
+2.373400e+004	   +1.304401e-005
+2.373500e+004	   +1.236849e-005
+2.373600e+004	   +1.219599e-005
+2.373700e+004	   +1.380766e-005
+2.373800e+004	   +1.515320e-005
+2.373900e+004	   +1.398183e-005
+2.374000e+004	   +1.153125e-005
+2.374100e+004	   +1.292442e-005
+2.374200e+004	   +1.353325e-005
+2.374300e+004	   +1.252207e-005
+2.374400e+004	   +1.232446e-005
+2.374500e+004	   +1.226168e-005
+2.374600e+004	   +1.217131e-005
+2.374700e+004	   +1.125229e-005
+2.374800e+004	   +1.139906e-005
+2.374900e+004	   +1.200842e-005
+2.375000e+004	   +1.180608e-005
+2.375100e+004	   +1.198200e-005
+2.375200e+004	   +1.227344e-005
+2.375300e+004	   +1.282692e-005
+2.375400e+004	   +1.410305e-005
+2.375500e+004	   +1.441086e-005
+2.375600e+004	   +1.357372e-005
+2.375700e+004	   +1.230977e-005
+2.375800e+004	   +1.140210e-005
+2.375900e+004	   +1.199638e-005
+2.376000e+004	   +1.291648e-005
+2.376100e+004	   +1.277346e-005
+2.376200e+004	   +1.349316e-005
+2.376300e+004	   +1.287689e-005
+2.376400e+004	   +1.014093e-005
+2.376500e+004	   +8.944935e-006
+2.376600e+004	   +9.956637e-006
+2.376700e+004	   +1.230812e-005
+2.376800e+004	   +1.251708e-005
+2.376900e+004	   +1.095855e-005
+2.377000e+004	   +1.083039e-005
+2.377100e+004	   +1.237528e-005
+2.377200e+004	   +1.438111e-005
+2.377300e+004	   +1.482258e-005
+2.377400e+004	   +1.214425e-005
+2.377500e+004	   +9.301767e-006
+2.377600e+004	   +1.090047e-005
+2.377700e+004	   +1.207727e-005
+2.377800e+004	   +1.123403e-005
+2.377900e+004	   +1.051117e-005
+2.378000e+004	   +1.195080e-005
+2.378100e+004	   +1.233239e-005
+2.378200e+004	   +1.154072e-005
+2.378300e+004	   +1.232480e-005
+2.378400e+004	   +1.145419e-005
+2.378500e+004	   +1.111865e-005
+2.378600e+004	   +1.331687e-005
+2.378700e+004	   +1.472903e-005
+2.378800e+004	   +1.349560e-005
+2.378900e+004	   +1.285603e-005
+2.379000e+004	   +1.381946e-005
+2.379100e+004	   +1.325267e-005
+2.379200e+004	   +1.203798e-005
+2.379300e+004	   +1.220593e-005
+2.379400e+004	   +1.229296e-005
+2.379500e+004	   +1.254310e-005
+2.379600e+004	   +1.251718e-005
+2.379700e+004	   +1.213397e-005
+2.379800e+004	   +1.224832e-005
+2.379900e+004	   +1.292485e-005
+2.380000e+004	   +1.244979e-005
