+2.860000e+004	   +1.078693e-005
+2.860100e+004	   +1.170829e-005
+2.860200e+004	   +1.336676e-005
+2.860300e+004	   +1.301697e-005
+2.860400e+004	   +1.126621e-005
+2.860500e+004	   +1.164081e-005
+2.860600e+004	   +1.184562e-005
+2.860700e+004	   +1.226426e-005
+2.860800e+004	   +1.260844e-005
+2.860900e+004	   +1.287185e-005
+2.861000e+004	   +1.353129e-005
+2.861100e+004	   +1.414273e-005
+2.861200e+004	   +1.339800e-005
+2.861300e+004	   +1.270538e-005
+2.861400e+004	   +1.164605e-005
+2.861500e+004	   +1.170375e-005
+2.861600e+004	   +1.229774e-005
+2.861700e+004	   +1.139377e-005
+2.861800e+004	   +1.080580e-005
+2.861900e+004	   +1.030033e-005
+2.862000e+004	   +1.122670e-005
+2.862100e+004	   +1.251550e-005
+2.862200e+004	   +1.272653e-005
+2.862300e+004	   +1.280276e-005
+2.862400e+004	   +1.224429e-005
+2.862500e+004	   +1.227107e-005
+2.862600e+004	   +1.157232e-005
+2.862700e+004	   +1.178937e-005
+2.862800e+004	   +1.227571e-005
+2.862900e+004	   +1.264486e-005
+2.863000e+004	   +1.209310e-005
+2.863100e+004	   +1.236558e-005
+2.863200e+004	   +1.293386e-005
+2.863300e+004	   +1.233242e-005
+2.863400e+004	   +1.255068e-005
+2.863500e+004	   +1.259991e-005
+2.863600e+004	   +1.226820e-005
+2.863700e+004	   +1.197019e-005
+2.863800e+004	   +1.216603e-005
+2.863900e+004	   +1.269191e-005
+2.864000e+004	   +1.277713e-005
+2.864100e+004	   +1.252053e-005
+2.864200e+004	   +1.279646e-005
+2.864300e+004	   +1.274411e-005
+2.864400e+004	   +1.273482e-005
+2.864500e+004	   +1.298778e-005
+2.864600e+004	   +1.354182e-005
+2.864700e+004	   +1.354115e-005
+2.864800e+004	   +1.386377e-005
+2.864900e+004	   +1.385612e-005
+2.865000e+004	   +1.283578e-005
+2.865100e+004	   +1.221197e-005
+2.865200e+004	   +1.182291e-005
+2.865300e+004	   +1.144946e-005
+2.865400e+004	   +1.132614e-005
+2.865500e+004	   +1.151505e-005
+2.865600e+004	   +1.220665e-005
+2.865700e+004	   +1.280346e-005
+2.865800e+004	   +1.156778e-005
+2.865900e+004	   +1.100783e-005
+2.866000e+004	   +1.114931e-005
+2.866100e+004	   +1.130281e-005
+2.866200e+004	   +1.243617e-005
+2.866300e+004	   +1.352436e-005
+2.866400e+004	   +1.352007e-005
+2.866500e+004	   +1.386461e-005
+2.866600e+004	   +1.448117e-005
+2.866700e+004	   +1.451170e-005
+2.866800e+004	   +1.508224e-005
+2.866900e+004	   +1.425710e-005
+2.867000e+004	   +1.370558e-005
+2.867100e+004	   +1.517194e-005
+2.867200e+004	   +1.413314e-005
+2.867300e+004	   +1.231987e-005
+2.867400e+004	   +1.324444e-005
+2.867500e+004	   +1.286329e-005
+2.867600e+004	   +1.330735e-005
+2.867700e+004	   +1.375345e-005
+2.867800e+004	   +1.217771e-005
+2.867900e+004	   +1.122914e-005
+2.868000e+004	   +1.083096e-005
+2.868100e+004	   +1.141134e-005
+2.868200e+004	   +1.115881e-005
+2.868300e+004	   +1.055869e-005
+2.868400e+004	   +1.066972e-005
+2.868500e+004	   +1.141937e-005
+2.868600e+004	   +1.308097e-005
+2.868700e+004	   +1.321836e-005
+2.868800e+004	   +1.211415e-005
+2.868900e+004	   +1.169977e-005
+2.869000e+004	   +1.149174e-005
+2.869100e+004	   +1.236276e-005
+2.869200e+004	   +1.332273e-005
+2.869300e+004	   +1.130264e-005
+2.869400e+004	   +9.816738e-006
+2.869500e+004	   +1.018702e-005
+2.869600e+004	   +1.120099e-005
+2.869700e+004	   +1.226960e-005
+2.869800e+004	   +1.205125e-005
+2.869900e+004	   +1.126481e-005
+2.870000e+004	   +1.190482e-005
+2.870100e+004	   +1.292947e-005
+2.870200e+004	   +1.373624e-005
+2.870300e+004	   +1.404232e-005
+2.870400e+004	   +1.241716e-005
+2.870500e+004	   +1.174162e-005
+2.870600e+004	   +1.215571e-005
+2.870700e+004	   +1.226999e-005
+2.870800e+004	   +1.288028e-005
+2.870900e+004	   +1.244349e-005
+2.871000e+004	   +1.237479e-005
+2.871100e+004	   +1.265115e-005
+2.871200e+004	   +1.191094e-005
+2.871300e+004	   +1.108267e-005
+2.871400e+004	   +1.076702e-005
+2.871500e+004	   +1.136231e-005
+2.871600e+004	   +1.277590e-005
+2.871700e+004	   +1.321484e-005
+2.871800e+004	   +1.255964e-005
+2.871900e+004	   +1.257807e-005
+2.872000e+004	   +1.227247e-005
+2.872100e+004	   +1.240488e-005
+2.872200e+004	   +1.388434e-005
+2.872300e+004	   +1.357523e-005
+2.872400e+004	   +1.213646e-005
+2.872500e+004	   +1.194761e-005
+2.872600e+004	   +1.238233e-005
+2.872700e+004	   +1.178404e-005
+2.872800e+004	   +1.137722e-005
+2.872900e+004	   +1.156284e-005
+2.873000e+004	   +1.227305e-005
+2.873100e+004	   +1.323413e-005
+2.873200e+004	   +1.329087e-005
+2.873300e+004	   +1.275625e-005
+2.873400e+004	   +1.289834e-005
+2.873500e+004	   +1.245076e-005
+2.873600e+004	   +1.135902e-005
+2.873700e+004	   +1.028759e-005
+2.873800e+004	   +1.146282e-005
+2.873900e+004	   +1.313160e-005
+2.874000e+004	   +1.401791e-005
+2.874100e+004	   +1.502881e-005
+2.874200e+004	   +1.428517e-005
+2.874300e+004	   +1.243865e-005
+2.874400e+004	   +1.305747e-005
+2.874500e+004	   +1.374164e-005
+2.874600e+004	   +1.255460e-005
+2.874700e+004	   +1.102437e-005
+2.874800e+004	   +1.060610e-005
+2.874900e+004	   +1.007589e-005
+2.875000e+004	   +9.936477e-006
+2.875100e+004	   +1.078979e-005
+2.875200e+004	   +1.193245e-005
+2.875300e+004	   +1.220104e-005
+2.875400e+004	   +1.293602e-005
+2.875500e+004	   +1.290290e-005
+2.875600e+004	   +1.247448e-005
+2.875700e+004	   +1.282110e-005
+2.875800e+004	   +1.302282e-005
+2.875900e+004	   +1.276858e-005
+2.876000e+004	   +1.168484e-005
+2.876100e+004	   +1.116509e-005
+2.876200e+004	   +1.164910e-005
+2.876300e+004	   +1.188600e-005
+2.876400e+004	   +1.283155e-005
+2.876500e+004	   +1.301579e-005
+2.876600e+004	   +1.263162e-005
+2.876700e+004	   +1.304841e-005
+2.876800e+004	   +1.337020e-005
+2.876900e+004	   +1.298308e-005
+2.877000e+004	   +1.211750e-005
+2.877100e+004	   +1.078297e-005
+2.877200e+004	   +1.099720e-005
+2.877300e+004	   +1.188718e-005
+2.877400e+004	   +1.245706e-005
+2.877500e+004	   +1.224661e-005
+2.877600e+004	   +1.387737e-005
+2.877700e+004	   +1.358855e-005
+2.877800e+004	   +1.242347e-005
+2.877900e+004	   +1.156932e-005
+2.878000e+004	   +1.164403e-005
+2.878100e+004	   +1.295999e-005
+2.878200e+004	   +1.316307e-005
+2.878300e+004	   +1.298453e-005
+2.878400e+004	   +1.333492e-005
+2.878500e+004	   +1.248357e-005
+2.878600e+004	   +1.165954e-005
+2.878700e+004	   +1.186280e-005
+2.878800e+004	   +1.171550e-005
+2.878900e+004	   +1.096584e-005
+2.879000e+004	   +1.135913e-005
+2.879100e+004	   +1.144282e-005
+2.879200e+004	   +1.184956e-005
+2.879300e+004	   +1.273601e-005
+2.879400e+004	   +1.186489e-005
+2.879500e+004	   +1.187839e-005
+2.879600e+004	   +1.271121e-005
+2.879700e+004	   +1.158475e-005
+2.879800e+004	   +1.260736e-005
+2.879900e+004	   +1.394638e-005
+2.880000e+004	   +1.296605e-005
+2.880100e+004	   +1.325356e-005
+2.880200e+004	   +1.356756e-005
+2.880300e+004	   +1.253703e-005
+2.880400e+004	   +1.292918e-005
+2.880500e+004	   +1.277946e-005
+2.880600e+004	   +1.093882e-005
+2.880700e+004	   +1.135579e-005
+2.880800e+004	   +1.304807e-005
+2.880900e+004	   +1.435157e-005
+2.881000e+004	   +1.420947e-005
+2.881100e+004	   +1.359789e-005
+2.881200e+004	   +1.289641e-005
+2.881300e+004	   +1.172157e-005
+2.881400e+004	   +1.242229e-005
+2.881500e+004	   +1.229304e-005
+2.881600e+004	   +1.205262e-005
+2.881700e+004	   +1.231989e-005
+2.881800e+004	   +1.115063e-005
+2.881900e+004	   +1.118398e-005
+2.882000e+004	   +1.236155e-005
+2.882100e+004	   +1.193793e-005
+2.882200e+004	   +1.111672e-005
+2.882300e+004	   +1.055124e-005
+2.882400e+004	   +9.917719e-006
+2.882500e+004	   +1.198457e-005
+2.882600e+004	   +1.425770e-005
+2.882700e+004	   +1.375556e-005
+2.882800e+004	   +1.225781e-005
+2.882900e+004	   +1.188587e-005
+2.883000e+004	   +1.130427e-005
+2.883100e+004	   +1.133734e-005
+2.883200e+004	   +1.211575e-005
+2.883300e+004	   +1.101799e-005
+2.883400e+004	   +1.120080e-005
+2.883500e+004	   +1.087806e-005
+2.883600e+004	   +1.173461e-005
+2.883700e+004	   +1.337431e-005
+2.883800e+004	   +1.297447e-005
+2.883900e+004	   +1.165923e-005
+2.884000e+004	   +1.098535e-005
+2.884100e+004	   +1.158528e-005
+2.884200e+004	   +1.201699e-005
+2.884300e+004	   +1.346973e-005
+2.884400e+004	   +1.397620e-005
+2.884500e+004	   +1.275114e-005
+2.884600e+004	   +1.150550e-005
+2.884700e+004	   +1.158965e-005
+2.884800e+004	   +1.175608e-005
+2.884900e+004	   +1.227502e-005
+2.885000e+004	   +1.228015e-005
+2.885100e+004	   +1.234719e-005
+2.885200e+004	   +1.285406e-005
+2.885300e+004	   +1.219746e-005
+2.885400e+004	   +1.135992e-005
+2.885500e+004	   +1.128365e-005
+2.885600e+004	   +1.168570e-005
+2.885700e+004	   +1.310874e-005
+2.885800e+004	   +1.313408e-005
+2.885900e+004	   +1.219651e-005
+2.886000e+004	   +1.201414e-005
+2.886100e+004	   +1.178372e-005
+2.886200e+004	   +1.293842e-005
+2.886300e+004	   +1.359308e-005
+2.886400e+004	   +1.311867e-005
+2.886500e+004	   +1.226269e-005
+2.886600e+004	   +1.275744e-005
+2.886700e+004	   +1.268245e-005
+2.886800e+004	   +1.336350e-005
+2.886900e+004	   +1.336110e-005
+2.887000e+004	   +1.210298e-005
+2.887100e+004	   +1.167608e-005
+2.887200e+004	   +1.244453e-005
+2.887300e+004	   +1.380332e-005
+2.887400e+004	   +1.291324e-005
+2.887500e+004	   +1.106795e-005
+2.887600e+004	   +1.103833e-005
+2.887700e+004	   +1.212895e-005
+2.887800e+004	   +1.254547e-005
+2.887900e+004	   +1.296901e-005
+2.888000e+004	   +1.353925e-005
+2.888100e+004	   +1.328083e-005
+2.888200e+004	   +1.236524e-005
+2.888300e+004	   +1.228976e-005
+2.888400e+004	   +1.216046e-005
+2.888500e+004	   +1.175497e-005
+2.888600e+004	   +1.149214e-005
+2.888700e+004	   +1.210729e-005
+2.888800e+004	   +1.315736e-005
+2.888900e+004	   +1.267103e-005
+2.889000e+004	   +1.187865e-005
+2.889100e+004	   +1.289869e-005
+2.889200e+004	   +1.222666e-005
+2.889300e+004	   +1.111728e-005
+2.889400e+004	   +1.157105e-005
+2.889500e+004	   +1.189822e-005
+2.889600e+004	   +1.109767e-005
+2.889700e+004	   +9.910339e-006
+2.889800e+004	   +9.972358e-006
+2.889900e+004	   +1.085798e-005
+2.890000e+004	   +1.184000e-005
+2.890100e+004	   +1.251413e-005
+2.890200e+004	   +1.241791e-005
+2.890300e+004	   +1.221205e-005
+2.890400e+004	   +1.270562e-005
+2.890500e+004	   +1.407735e-005
+2.890600e+004	   +1.378792e-005
+2.890700e+004	   +1.299135e-005
+2.890800e+004	   +1.295067e-005
+2.890900e+004	   +1.290016e-005
+2.891000e+004	   +1.304165e-005
+2.891100e+004	   +1.215994e-005
+2.891200e+004	   +1.192393e-005
+2.891300e+004	   +1.184742e-005
+2.891400e+004	   +1.208165e-005
+2.891500e+004	   +1.277539e-005
+2.891600e+004	   +1.193882e-005
+2.891700e+004	   +1.197619e-005
+2.891800e+004	   +1.266060e-005
+2.891900e+004	   +1.294824e-005
+2.892000e+004	   +1.331098e-005
+2.892100e+004	   +1.335763e-005
+2.892200e+004	   +1.287939e-005
+2.892300e+004	   +1.257149e-005
+2.892400e+004	   +1.146044e-005
+2.892500e+004	   +1.133400e-005
+2.892600e+004	   +1.099610e-005
+2.892700e+004	   +1.107214e-005
+2.892800e+004	   +1.196425e-005
+2.892900e+004	   +1.277630e-005
+2.893000e+004	   +1.262409e-005
+2.893100e+004	   +1.308612e-005
+2.893200e+004	   +1.361398e-005
+2.893300e+004	   +1.136417e-005
+2.893400e+004	   +9.260731e-006
+2.893500e+004	   +1.071889e-005
+2.893600e+004	   +1.172215e-005
+2.893700e+004	   +1.185301e-005
+2.893800e+004	   +1.195627e-005
+2.893900e+004	   +1.223819e-005
+2.894000e+004	   +1.274640e-005
+2.894100e+004	   +1.300477e-005
+2.894200e+004	   +1.303484e-005
+2.894300e+004	   +1.331524e-005
+2.894400e+004	   +1.399255e-005
+2.894500e+004	   +1.397565e-005
+2.894600e+004	   +1.306632e-005
+2.894700e+004	   +1.176841e-005
+2.894800e+004	   +1.147915e-005
+2.894900e+004	   +1.362092e-005
+2.895000e+004	   +1.387899e-005
+2.895100e+004	   +1.333680e-005
+2.895200e+004	   +1.372462e-005
+2.895300e+004	   +1.274941e-005
+2.895400e+004	   +1.245520e-005
+2.895500e+004	   +1.417368e-005
+2.895600e+004	   +1.387140e-005
+2.895700e+004	   +1.282350e-005
+2.895800e+004	   +1.433494e-005
+2.895900e+004	   +1.528371e-005
+2.896000e+004	   +1.376148e-005
+2.896100e+004	   +1.248314e-005
+2.896200e+004	   +1.182496e-005
+2.896300e+004	   +1.126003e-005
+2.896400e+004	   +1.175099e-005
+2.896500e+004	   +1.226342e-005
+2.896600e+004	   +1.158032e-005
+2.896700e+004	   +1.136695e-005
+2.896800e+004	   +1.081424e-005
+2.896900e+004	   +1.101884e-005
+2.897000e+004	   +1.260145e-005
+2.897100e+004	   +1.157028e-005
+2.897200e+004	   +1.077969e-005
+2.897300e+004	   +1.194985e-005
+2.897400e+004	   +1.184396e-005
+2.897500e+004	   +1.263591e-005
+2.897600e+004	   +1.277555e-005
+2.897700e+004	   +1.257029e-005
+2.897800e+004	   +1.278405e-005
+2.897900e+004	   +1.256546e-005
+2.898000e+004	   +1.181572e-005
+2.898100e+004	   +1.129137e-005
+2.898200e+004	   +1.178046e-005
+2.898300e+004	   +1.313137e-005
+2.898400e+004	   +1.349784e-005
+2.898500e+004	   +1.127953e-005
+2.898600e+004	   +1.232254e-005
+2.898700e+004	   +1.326988e-005
+2.898800e+004	   +1.239373e-005
+2.898900e+004	   +1.178486e-005
+2.899000e+004	   +1.196841e-005
+2.899100e+004	   +1.232718e-005
+2.899200e+004	   +1.202172e-005
+2.899300e+004	   +1.203434e-005
+2.899400e+004	   +1.217161e-005
+2.899500e+004	   +1.209659e-005
+2.899600e+004	   +1.121374e-005
+2.899700e+004	   +1.132519e-005
+2.899800e+004	   +1.537570e-005
+2.899900e+004	   +2.743644e-005
+2.900000e+004	   +3.485881e-005
+2.900100e+004	   +2.418201e-005
+2.900200e+004	   +1.383573e-005
+2.900300e+004	   +1.231435e-005
+2.900400e+004	   +1.166937e-005
+2.900500e+004	   +1.285925e-005
+2.900600e+004	   +1.369985e-005
+2.900700e+004	   +1.382404e-005
+2.900800e+004	   +1.381033e-005
+2.900900e+004	   +1.293457e-005
+2.901000e+004	   +1.163201e-005
+2.901100e+004	   +1.243117e-005
+2.901200e+004	   +1.175032e-005
+2.901300e+004	   +1.128945e-005
+2.901400e+004	   +1.135922e-005
+2.901500e+004	   +1.123467e-005
+2.901600e+004	   +1.167394e-005
+2.901700e+004	   +1.312756e-005
+2.901800e+004	   +1.357727e-005
+2.901900e+004	   +1.224134e-005
+2.902000e+004	   +1.188848e-005
+2.902100e+004	   +1.197951e-005
+2.902200e+004	   +1.106841e-005
+2.902300e+004	   +1.177565e-005
+2.902400e+004	   +1.306552e-005
+2.902500e+004	   +1.213128e-005
+2.902600e+004	   +1.253507e-005
+2.902700e+004	   +1.284102e-005
+2.902800e+004	   +1.264523e-005
+2.902900e+004	   +1.351489e-005
+2.903000e+004	   +1.349070e-005
+2.903100e+004	   +1.372144e-005
+2.903200e+004	   +1.406664e-005
+2.903300e+004	   +1.326792e-005
+2.903400e+004	   +1.327210e-005
+2.903500e+004	   +1.358987e-005
+2.903600e+004	   +1.364437e-005
+2.903700e+004	   +1.253078e-005
+2.903800e+004	   +1.154688e-005
+2.903900e+004	   +1.277643e-005
+2.904000e+004	   +1.375832e-005
+2.904100e+004	   +1.362485e-005
+2.904200e+004	   +1.328776e-005
+2.904300e+004	   +1.334752e-005
+2.904400e+004	   +1.338622e-005
+2.904500e+004	   +1.258819e-005
+2.904600e+004	   +1.165958e-005
+2.904700e+004	   +1.120123e-005
+2.904800e+004	   +1.044642e-005
+2.904900e+004	   +1.128281e-005
+2.905000e+004	   +1.278217e-005
+2.905100e+004	   +1.184917e-005
+2.905200e+004	   +1.156057e-005
+2.905300e+004	   +1.301462e-005
+2.905400e+004	   +1.362605e-005
+2.905500e+004	   +1.482440e-005
+2.905600e+004	   +1.406175e-005
+2.905700e+004	   +1.206795e-005
+2.905800e+004	   +1.211883e-005
+2.905900e+004	   +1.380222e-005
+2.906000e+004	   +1.412502e-005
+2.906100e+004	   +1.266067e-005
+2.906200e+004	   +1.193798e-005
+2.906300e+004	   +1.170429e-005
+2.906400e+004	   +1.288005e-005
+2.906500e+004	   +1.367666e-005
+2.906600e+004	   +1.431797e-005
+2.906700e+004	   +1.293835e-005
+2.906800e+004	   +1.244466e-005
+2.906900e+004	   +1.284413e-005
+2.907000e+004	   +1.209341e-005
+2.907100e+004	   +1.254490e-005
+2.907200e+004	   +1.310229e-005
+2.907300e+004	   +1.203091e-005
+2.907400e+004	   +1.098416e-005
+2.907500e+004	   +1.138089e-005
+2.907600e+004	   +1.214893e-005
+2.907700e+004	   +1.209403e-005
+2.907800e+004	   +1.285290e-005
+2.907900e+004	   +1.194754e-005
+2.908000e+004	   +1.114051e-005
+2.908100e+004	   +1.162369e-005
+2.908200e+004	   +1.108705e-005
+2.908300e+004	   +1.056311e-005
+2.908400e+004	   +1.136441e-005
+2.908500e+004	   +1.343809e-005
+2.908600e+004	   +1.462288e-005
+2.908700e+004	   +1.496606e-005
+2.908800e+004	   +1.564708e-005
+2.908900e+004	   +1.518118e-005
+2.909000e+004	   +1.415663e-005
+2.909100e+004	   +1.328736e-005
+2.909200e+004	   +1.240046e-005
+2.909300e+004	   +1.263819e-005
+2.909400e+004	   +1.209055e-005
+2.909500e+004	   +1.271174e-005
+2.909600e+004	   +1.375636e-005
+2.909700e+004	   +1.364857e-005
+2.909800e+004	   +1.229333e-005
+2.909900e+004	   +1.042663e-005
+2.910000e+004	   +9.555055e-006
+2.910100e+004	   +1.077678e-005
+2.910200e+004	   +1.226042e-005
+2.910300e+004	   +1.330564e-005
+2.910400e+004	   +1.371084e-005
+2.910500e+004	   +1.270268e-005
+2.910600e+004	   +1.143741e-005
+2.910700e+004	   +1.071006e-005
+2.910800e+004	   +1.149764e-005
+2.910900e+004	   +1.249208e-005
+2.911000e+004	   +1.199614e-005
+2.911100e+004	   +1.072002e-005
+2.911200e+004	   +1.103977e-005
+2.911300e+004	   +1.253701e-005
+2.911400e+004	   +1.321624e-005
+2.911500e+004	   +1.280615e-005
+2.911600e+004	   +1.358607e-005
+2.911700e+004	   +1.371797e-005
+2.911800e+004	   +1.334321e-005
+2.911900e+004	   +1.316453e-005
+2.912000e+004	   +1.264350e-005
+2.912100e+004	   +1.318048e-005
+2.912200e+004	   +1.296134e-005
+2.912300e+004	   +1.242566e-005
+2.912400e+004	   +1.194893e-005
+2.912500e+004	   +1.121314e-005
+2.912600e+004	   +1.103013e-005
+2.912700e+004	   +1.098342e-005
+2.912800e+004	   +1.139402e-005
+2.912900e+004	   +1.208372e-005
+2.913000e+004	   +1.257748e-005
+2.913100e+004	   +1.115149e-005
+2.913200e+004	   +1.005844e-005
+2.913300e+004	   +1.112400e-005
+2.913400e+004	   +1.158268e-005
+2.913500e+004	   +1.157181e-005
+2.913600e+004	   +1.098112e-005
+2.913700e+004	   +1.118539e-005
+2.913800e+004	   +1.231649e-005
+2.913900e+004	   +1.311160e-005
+2.914000e+004	   +1.301938e-005
+2.914100e+004	   +1.314308e-005
+2.914200e+004	   +1.362801e-005
+2.914300e+004	   +1.296615e-005
+2.914400e+004	   +1.270792e-005
+2.914500e+004	   +1.285592e-005
+2.914600e+004	   +1.254656e-005
+2.914700e+004	   +1.201776e-005
+2.914800e+004	   +1.204312e-005
+2.914900e+004	   +1.328965e-005
+2.915000e+004	   +1.393953e-005
+2.915100e+004	   +1.349953e-005
+2.915200e+004	   +1.248935e-005
+2.915300e+004	   +1.168398e-005
+2.915400e+004	   +1.080631e-005
+2.915500e+004	   +1.015314e-005
+2.915600e+004	   +1.096270e-005
+2.915700e+004	   +1.247548e-005
+2.915800e+004	   +1.328462e-005
+2.915900e+004	   +1.372014e-005
+2.916000e+004	   +1.385268e-005
+2.916100e+004	   +1.174316e-005
+2.916200e+004	   +1.110690e-005
+2.916300e+004	   +1.111605e-005
+2.916400e+004	   +1.126482e-005
+2.916500e+004	   +1.257106e-005
+2.916600e+004	   +1.303719e-005
+2.916700e+004	   +1.291224e-005
+2.916800e+004	   +1.195252e-005
+2.916900e+004	   +1.137494e-005
+2.917000e+004	   +1.233965e-005
+2.917100e+004	   +1.236471e-005
+2.917200e+004	   +1.243240e-005
+2.917300e+004	   +1.363902e-005
+2.917400e+004	   +1.382785e-005
+2.917500e+004	   +1.300156e-005
+2.917600e+004	   +1.279798e-005
+2.917700e+004	   +1.267995e-005
+2.917800e+004	   +1.117727e-005
+2.917900e+004	   +1.057455e-005
+2.918000e+004	   +1.101923e-005
+2.918100e+004	   +1.098967e-005
+2.918200e+004	   +1.129395e-005
+2.918300e+004	   +1.223261e-005
+2.918400e+004	   +1.255594e-005
+2.918500e+004	   +1.208514e-005
+2.918600e+004	   +1.192757e-005
+2.918700e+004	   +1.282659e-005
+2.918800e+004	   +1.354063e-005
+2.918900e+004	   +1.324937e-005
+2.919000e+004	   +1.271867e-005
+2.919100e+004	   +1.216306e-005
+2.919200e+004	   +1.149179e-005
+2.919300e+004	   +1.263783e-005
+2.919400e+004	   +1.325790e-005
+2.919500e+004	   +1.311671e-005
+2.919600e+004	   +1.334484e-005
+2.919700e+004	   +1.233239e-005
+2.919800e+004	   +1.085599e-005
+2.919900e+004	   +1.179740e-005
+2.920000e+004	   +1.315815e-005
+2.920100e+004	   +1.386332e-005
+2.920200e+004	   +1.328634e-005
+2.920300e+004	   +1.305744e-005
+2.920400e+004	   +1.245467e-005
+2.920500e+004	   +1.127633e-005
+2.920600e+004	   +1.119936e-005
+2.920700e+004	   +1.234518e-005
+2.920800e+004	   +1.372848e-005
+2.920900e+004	   +1.264619e-005
+2.921000e+004	   +1.158835e-005
+2.921100e+004	   +1.070429e-005
+2.921200e+004	   +1.082259e-005
+2.921300e+004	   +1.201896e-005
+2.921400e+004	   +1.153719e-005
+2.921500e+004	   +1.216579e-005
+2.921600e+004	   +1.470058e-005
+2.921700e+004	   +1.562018e-005
+2.921800e+004	   +1.499797e-005
+2.921900e+004	   +1.385737e-005
+2.922000e+004	   +1.301970e-005
+2.922100e+004	   +1.201248e-005
+2.922200e+004	   +1.186916e-005
+2.922300e+004	   +1.189076e-005
+2.922400e+004	   +1.071670e-005
+2.922500e+004	   +1.054743e-005
+2.922600e+004	   +1.161857e-005
+2.922700e+004	   +1.095859e-005
+2.922800e+004	   +1.112096e-005
+2.922900e+004	   +1.177151e-005
+2.923000e+004	   +1.286949e-005
+2.923100e+004	   +1.333460e-005
+2.923200e+004	   +1.168080e-005
+2.923300e+004	   +1.137753e-005
+2.923400e+004	   +1.151983e-005
+2.923500e+004	   +1.229501e-005
+2.923600e+004	   +1.347739e-005
+2.923700e+004	   +1.338748e-005
+2.923800e+004	   +1.374831e-005
+2.923900e+004	   +1.453321e-005
+2.924000e+004	   +1.272219e-005
+2.924100e+004	   +1.144540e-005
+2.924200e+004	   +1.068906e-005
+2.924300e+004	   +1.096993e-005
+2.924400e+004	   +1.223601e-005
+2.924500e+004	   +1.275987e-005
+2.924600e+004	   +1.250262e-005
+2.924700e+004	   +1.282603e-005
+2.924800e+004	   +1.338112e-005
+2.924900e+004	   +1.342260e-005
+2.925000e+004	   +1.415373e-005
+2.925100e+004	   +1.503760e-005
+2.925200e+004	   +1.505899e-005
+2.925300e+004	   +1.442749e-005
+2.925400e+004	   +1.271029e-005
+2.925500e+004	   +1.202968e-005
+2.925600e+004	   +1.113294e-005
+2.925700e+004	   +9.727257e-006
+2.925800e+004	   +1.128757e-005
+2.925900e+004	   +1.411902e-005
+2.926000e+004	   +1.326862e-005
+2.926100e+004	   +1.294349e-005
+2.926200e+004	   +1.327520e-005
+2.926300e+004	   +1.300309e-005
+2.926400e+004	   +1.226900e-005
+2.926500e+004	   +1.161488e-005
+2.926600e+004	   +1.140318e-005
+2.926700e+004	   +1.176144e-005
+2.926800e+004	   +1.271567e-005
+2.926900e+004	   +1.384912e-005
+2.927000e+004	   +1.454054e-005
+2.927100e+004	   +1.441607e-005
+2.927200e+004	   +1.347813e-005
+2.927300e+004	   +1.209007e-005
+2.927400e+004	   +1.190429e-005
+2.927500e+004	   +1.334262e-005
+2.927600e+004	   +1.381911e-005
+2.927700e+004	   +1.258092e-005
+2.927800e+004	   +1.144764e-005
+2.927900e+004	   +1.260419e-005
+2.928000e+004	   +1.349655e-005
+2.928100e+004	   +1.181865e-005
+2.928200e+004	   +1.104901e-005
+2.928300e+004	   +1.278384e-005
+2.928400e+004	   +1.393549e-005
+2.928500e+004	   +1.281860e-005
+2.928600e+004	   +1.206019e-005
+2.928700e+004	   +1.333835e-005
+2.928800e+004	   +1.355154e-005
+2.928900e+004	   +1.255487e-005
+2.929000e+004	   +1.245226e-005
+2.929100e+004	   +1.305134e-005
+2.929200e+004	   +1.258897e-005
+2.929300e+004	   +1.243095e-005
+2.929400e+004	   +1.236991e-005
+2.929500e+004	   +1.159489e-005
+2.929600e+004	   +1.236177e-005
+2.929700e+004	   +1.309694e-005
+2.929800e+004	   +1.249260e-005
+2.929900e+004	   +1.262519e-005
+2.930000e+004	   +1.369462e-005
+2.930100e+004	   +1.355925e-005
+2.930200e+004	   +1.182603e-005
+2.930300e+004	   +1.128412e-005
+2.930400e+004	   +1.205373e-005
+2.930500e+004	   +1.207389e-005
+2.930600e+004	   +1.158841e-005
+2.930700e+004	   +1.129600e-005
+2.930800e+004	   +1.213488e-005
+2.930900e+004	   +1.243741e-005
+2.931000e+004	   +1.136426e-005
+2.931100e+004	   +1.182482e-005
+2.931200e+004	   +1.299093e-005
+2.931300e+004	   +1.164351e-005
+2.931400e+004	   +9.997936e-006
+2.931500e+004	   +9.757304e-006
+2.931600e+004	   +1.070162e-005
+2.931700e+004	   +1.139056e-005
+2.931800e+004	   +1.258383e-005
+2.931900e+004	   +1.449352e-005
+2.932000e+004	   +1.459662e-005
+2.932100e+004	   +1.403972e-005
+2.932200e+004	   +1.262301e-005
+2.932300e+004	   +1.095657e-005
+2.932400e+004	   +1.168035e-005
+2.932500e+004	   +1.223434e-005
+2.932600e+004	   +1.181543e-005
+2.932700e+004	   +1.198276e-005
+2.932800e+004	   +1.094926e-005
+2.932900e+004	   +1.075163e-005
+2.933000e+004	   +1.130745e-005
+2.933100e+004	   +1.200099e-005
+2.933200e+004	   +1.256907e-005
+2.933300e+004	   +1.285389e-005
+2.933400e+004	   +1.313543e-005
+2.933500e+004	   +1.217525e-005
+2.933600e+004	   +1.178517e-005
+2.933700e+004	   +1.220392e-005
+2.933800e+004	   +1.269604e-005
+2.933900e+004	   +1.282586e-005
+2.934000e+004	   +1.299971e-005
+2.934100e+004	   +1.338487e-005
+2.934200e+004	   +1.388913e-005
+2.934300e+004	   +1.359222e-005
+2.934400e+004	   +1.288456e-005
+2.934500e+004	   +1.216093e-005
+2.934600e+004	   +1.090129e-005
+2.934700e+004	   +9.936095e-006
+2.934800e+004	   +1.108986e-005
+2.934900e+004	   +1.331830e-005
+2.935000e+004	   +1.395190e-005
+2.935100e+004	   +1.244194e-005
+2.935200e+004	   +1.194850e-005
+2.935300e+004	   +1.338371e-005
+2.935400e+004	   +1.346511e-005
+2.935500e+004	   +1.319919e-005
+2.935600e+004	   +1.370214e-005
+2.935700e+004	   +1.434664e-005
+2.935800e+004	   +1.495707e-005
+2.935900e+004	   +1.468134e-005
+2.936000e+004	   +1.287926e-005
+2.936100e+004	   +1.211843e-005
+2.936200e+004	   +1.305462e-005
+2.936300e+004	   +1.483379e-005
+2.936400e+004	   +1.529824e-005
+2.936500e+004	   +1.430749e-005
+2.936600e+004	   +1.317851e-005
+2.936700e+004	   +1.241784e-005
+2.936800e+004	   +1.199781e-005
+2.936900e+004	   +1.270880e-005
+2.937000e+004	   +1.318672e-005
+2.937100e+004	   +1.124731e-005
+2.937200e+004	   +9.491440e-006
+2.937300e+004	   +9.880396e-006
+2.937400e+004	   +1.055127e-005
+2.937500e+004	   +1.111083e-005
+2.937600e+004	   +1.302055e-005
+2.937700e+004	   +1.274260e-005
+2.937800e+004	   +1.146228e-005
+2.937900e+004	   +1.222533e-005
+2.938000e+004	   +1.217657e-005
+2.938100e+004	   +1.210051e-005
+2.938200e+004	   +1.101419e-005
+2.938300e+004	   +9.586948e-006
+2.938400e+004	   +1.038551e-005
+2.938500e+004	   +1.221378e-005
+2.938600e+004	   +1.112717e-005
+2.938700e+004	   +1.095105e-005
+2.938800e+004	   +1.207821e-005
+2.938900e+004	   +1.237320e-005
+2.939000e+004	   +1.202203e-005
+2.939100e+004	   +1.132388e-005
+2.939200e+004	   +1.063415e-005
+2.939300e+004	   +1.109949e-005
+2.939400e+004	   +1.301264e-005
+2.939500e+004	   +1.339262e-005
+2.939600e+004	   +1.289107e-005
+2.939700e+004	   +1.146828e-005
+2.939800e+004	   +1.234866e-005
+2.939900e+004	   +1.284853e-005
+2.940000e+004	   +1.153596e-005
