1.078895e+01
1.078734e+01
1.078573e+01
1.078412e+01
1.078251e+01
1.077557e+01
1.076864e+01
1.076170e+01
1.075476e+01
1.075032e+01
1.074588e+01
1.074145e+01
1.073701e+01
1.072870e+01
1.072038e+01
1.071206e+01
1.070374e+01
1.069807e+01
1.069239e+01
1.068671e+01
1.068103e+01
1.066817e+01
1.065531e+01
1.064244e+01
1.062958e+01
1.061774e+01
1.060591e+01
1.059407e+01
1.058223e+01
1.056820e+01
1.055416e+01
1.054013e+01
1.052609e+01
1.051169e+01
1.049729e+01
1.048288e+01
1.046848e+01
1.044926e+01
1.043003e+01
1.041081e+01
1.039159e+01
1.035997e+01
1.032835e+01
1.029673e+01
1.026511e+01
1.023844e+01
1.021177e+01
1.018511e+01
1.015844e+01
1.011250e+01
1.006655e+01
1.002061e+01
9.974665e+00
9.933786e+00
9.892909e+00
9.852032e+00
9.811155e+00
9.760695e+00
9.710235e+00
9.659775e+00
9.609314e+00
9.538454e+00
9.467594e+00
9.396734e+00
9.325874e+00
9.256085e+00
9.186296e+00
9.116508e+00
9.046719e+00
8.973614e+00
8.900508e+00
8.827403e+00
8.754298e+00
8.664608e+00
8.574919e+00
8.485229e+00
8.395538e+00
8.288464e+00
8.181390e+00
8.074315e+00
7.967241e+00
7.866638e+00
7.766035e+00
7.665432e+00
7.564829e+00
7.444649e+00
7.324469e+00
7.204288e+00
7.084107e+00
6.958088e+00
6.832069e+00
6.706050e+00
6.580030e+00
6.448246e+00
6.316462e+00
6.184678e+00
6.052893e+00
5.915855e+00
5.778817e+00
5.641780e+00
5.504742e+00
5.359042e+00
5.213342e+00
5.067642e+00
4.921941e+00
4.787518e+00
4.653096e+00
4.518673e+00
4.384250e+00
4.232260e+00
4.080270e+00
3.928279e+00
3.776289e+00
3.639934e+00
3.503580e+00
3.367225e+00
3.230870e+00
3.082830e+00
2.934789e+00
2.786749e+00
2.638708e+00
2.500197e+00
2.361686e+00
2.223176e+00
2.084665e+00
1.940840e+00
1.797015e+00
1.653191e+00
1.509366e+00
1.359253e+00
1.209139e+00
1.059025e+00
9.089117e-01
7.594179e-01
6.099239e-01
4.604297e-01
3.109358e-01
1.728839e-01
3.483194e-02
-1.032203e-01
-2.412722e-01
-4.114353e-01
-5.815977e-01
-7.517607e-01
-9.219233e-01
-1.081348e+00
-1.240773e+00
-1.400197e+00
-1.559622e+00
-1.691813e+00
-1.824003e+00
-1.956194e+00
-2.088385e+00
-2.266323e+00
-2.444260e+00
-2.622198e+00
-2.800135e+00
-2.953386e+00
-3.106637e+00
-3.259887e+00
-3.413137e+00
-3.609057e+00
-3.804976e+00
-4.000895e+00
-4.196814e+00
-4.359446e+00
-4.522079e+00
-4.684711e+00
-4.847343e+00
-4.889088e+00
-4.930833e+00
-4.972579e+00
-5.014323e+00
-5.425943e+00
-5.837563e+00
-6.249182e+00
-6.660801e+00
-6.751674e+00
-6.842547e+00
-6.933419e+00
-7.024291e+00
-7.253183e+00
-7.482074e+00
-7.710966e+00
-7.939857e+00
-8.116559e+00
-8.293260e+00
-8.469962e+00
-8.646664e+00
-8.996722e+00
-9.346781e+00
-9.696839e+00
-1.004690e+01
-1.021241e+01
-1.037792e+01
-1.054344e+01
-1.070895e+01
-1.082330e+01
-1.093766e+01
-1.105202e+01
-1.116637e+01
-1.150430e+01
-1.184223e+01
-1.218016e+01
-1.251809e+01
-1.272479e+01
-1.293149e+01
-1.313820e+01
-1.334490e+01
-1.357444e+01
-1.380399e+01
-1.403354e+01
-1.426308e+01
-1.438795e+01
-1.451282e+01
-1.463769e+01
-1.476256e+01
-1.504770e+01
-1.533284e+01
-1.561798e+01
-1.590313e+01
-1.612667e+01
-1.635022e+01
-1.657377e+01
-1.679731e+01
-1.695019e+01
-1.710307e+01
-1.725595e+01
-1.740883e+01
-1.776578e+01
-1.812274e+01
-1.847969e+01
-1.883665e+01
-1.896537e+01
-1.909409e+01
-1.922281e+01
-1.935152e+01
-1.976347e+01
-2.017542e+01
-2.058736e+01
-2.099931e+01
-2.109568e+01
-2.119206e+01
-2.128843e+01
-2.138480e+01
-2.160292e+01
-2.182104e+01
-2.203915e+01
-2.225727e+01
-2.247822e+01
-2.269916e+01
-2.292011e+01
-2.314106e+01
-2.337473e+01
-2.360839e+01
-2.384206e+01
-2.407572e+01
-2.455243e+01
-2.502914e+01
-2.550585e+01
-2.598256e+01
-2.627133e+01
-2.656011e+01
-2.684888e+01
-2.713765e+01
-2.730603e+01
-2.747440e+01
-2.764277e+01
-2.781115e+01
-2.802533e+01
-2.823952e+01
-2.845371e+01
-2.866789e+01
-2.891672e+01
-2.916554e+01
-2.941437e+01
-2.966319e+01
-2.993558e+01
-3.020796e+01
-3.048034e+01
-3.075273e+01
-3.097525e+01
-3.119778e+01
-3.142030e+01
-3.164283e+01
-3.204020e+01
-3.243756e+01
-3.283493e+01
-3.323230e+01
-3.326348e+01
-3.329466e+01
-3.332584e+01
-3.335701e+01
-3.367656e+01
-3.399611e+01
-3.431565e+01
-3.463520e+01
-3.518254e+01
-3.572989e+01
-3.627724e+01
-3.682459e+01
-3.688013e+01
-3.693567e+01
-3.699121e+01
-3.704675e+01
-3.725899e+01
-3.747124e+01
-3.768349e+01
-3.789574e+01
-3.807045e+01
-3.824517e+01
-3.841989e+01
-3.859460e+01
-3.896707e+01
-3.933953e+01
-3.971199e+01
-4.008446e+01
-4.013945e+01
-4.019443e+01
-4.024942e+01
-4.030440e+01
-4.074052e+01
-4.117664e+01
-4.161275e+01
-4.204887e+01
-4.229189e+01
-4.253490e+01
-4.277792e+01
-4.302094e+01
-4.337577e+01
-4.373060e+01
-4.408542e+01
-4.444025e+01
-4.446666e+01
-4.449307e+01
-4.451948e+01
-4.454589e+01
-4.495026e+01
-4.535463e+01
-4.575900e+01
-4.616336e+01
-4.641830e+01
-4.667324e+01
-4.692817e+01
-4.718310e+01
-4.726086e+01
-4.733863e+01
-4.741639e+01
-4.749415e+01
-4.785873e+01
-4.822330e+01
-4.858788e+01
-4.895246e+01
-4.901265e+01
-4.907284e+01
-4.913303e+01
-4.919322e+01
-4.969289e+01
-5.019255e+01
-5.069221e+01
-5.119188e+01
-5.140699e+01
-5.162210e+01
-5.183720e+01
-5.205231e+01
-5.223027e+01
-5.240823e+01
-5.258619e+01
-5.276414e+01
-5.310173e+01
-5.343932e+01
-5.377691e+01
-5.411450e+01
-5.433910e+01
-5.456369e+01
-5.478829e+01
-5.501289e+01
-5.528748e+01
-5.556207e+01
-5.583666e+01
-5.611125e+01
-5.647508e+01
-5.683892e+01
-5.720275e+01
-5.756659e+01
-5.772585e+01
-5.788512e+01
-5.804438e+01
-5.820364e+01
-5.830392e+01
-5.840421e+01
-5.850449e+01
-5.860477e+01
-5.884008e+01
-5.907539e+01
-5.931069e+01
-5.954600e+01
-5.979363e+01
-6.004125e+01
-6.028888e+01
-6.053651e+01
