+1.000000e+003	   +2.219637e+001
+1.001664e+003	   +2.269502e+001
+1.003330e+003	   +2.206877e+001
+1.005000e+003	   +2.177030e+001
+1.006672e+003	   +2.089182e+001
+1.008346e+003	   +2.271618e+001
+1.010024e+003	   +2.287507e+001
+1.011705e+003	   +2.229690e+001
+1.013388e+003	   +2.176792e+001
+1.015074e+003	   +2.070528e+001
+1.016763e+003	   +2.216691e+001
+1.018454e+003	   +2.203683e+001
+1.020149e+003	   +2.310671e+001
+1.021846e+003	   +2.258811e+001
+1.023546e+003	   +1.931994e+001
+1.025249e+003	   +2.406874e+001
+1.026955e+003	   +2.266165e+001
+1.028663e+003	   +2.528863e+001
+1.030375e+003	   +2.168168e+001
+1.032089e+003	   +2.283180e+001
+1.033806e+003	   +2.348153e+001
+1.035526e+003	   +2.263383e+001
+1.037249e+003	   +1.916553e+001
+1.038975e+003	   +2.403726e+001
+1.040703e+003	   +2.213844e+001
+1.042435e+003	   +2.346884e+001
+1.044169e+003	   +2.183064e+001
+1.045906e+003	   +2.253929e+001
+1.047646e+003	   +2.102776e+001
+1.049390e+003	   +2.428893e+001
+1.051135e+003	   +2.631310e+001
+1.052884e+003	   +2.000510e+001
+1.054636e+003	   +2.217606e+001
+1.056391e+003	   +2.310398e+001
+1.058148e+003	   +2.396539e+001
+1.059909e+003	   +2.134950e+001
+1.061672e+003	   +2.211182e+001
+1.063438e+003	   +2.279308e+001
+1.065208e+003	   +2.611755e+001
+1.066980e+003	   +2.031061e+001
+1.068755e+003	   +2.376555e+001
+1.070533e+003	   +2.403918e+001
+1.072314e+003	   +2.265335e+001
+1.074099e+003	   +2.177760e+001
+1.075885e+003	   +2.246874e+001
+1.077676e+003	   +2.319549e+001
+1.079469e+003	   +2.211161e+001
+1.081264e+003	   +2.213629e+001
+1.083063e+003	   +2.118885e+001
+1.084865e+003	   +2.310961e+001
+1.086670e+003	   +2.430875e+001
+1.088478e+003	   +2.280546e+001
+1.090289e+003	   +2.316732e+001
+1.092103e+003	   +2.392747e+001
+1.093920e+003	   +2.196669e+001
+1.095740e+003	   +2.228193e+001
+1.097563e+003	   +2.253722e+001
+1.099389e+003	   +2.061567e+001
+1.101218e+003	   +2.499006e+001
+1.103050e+003	   +2.270028e+001
+1.104886e+003	   +2.186633e+001
+1.106724e+003	   +2.289411e+001
+1.108565e+003	   +2.108941e+001
+1.110410e+003	   +2.292566e+001
+1.112257e+003	   +2.474298e+001
+1.114108e+003	   +1.824423e+001
+1.115961e+003	   +2.241436e+001
+1.117818e+003	   +2.058614e+001
+1.119678e+003	   +2.281608e+001
+1.121540e+003	   +2.284371e+001
+1.123406e+003	   +2.610805e+001
+1.125276e+003	   +2.076570e+001
+1.127148e+003	   +2.119470e+001
+1.129023e+003	   +2.662511e+001
+1.130901e+003	   +2.301521e+001
+1.132783e+003	   +2.381315e+001
+1.134667e+003	   +2.261363e+001
+1.136555e+003	   +2.328290e+001
+1.138446e+003	   +2.165766e+001
+1.140340e+003	   +2.312091e+001
+1.142238e+003	   +2.251867e+001
+1.144138e+003	   +2.519746e+001
+1.146042e+003	   +2.242274e+001
+1.147948e+003	   +2.195625e+001
+1.149858e+003	   +2.382159e+001
+1.151771e+003	   +2.267817e+001
+1.153688e+003	   +2.168653e+001
+1.155607e+003	   +2.349032e+001
+1.157530e+003	   +2.362272e+001
+1.159455e+003	   +2.317980e+001
+1.161384e+003	   +2.242900e+001
+1.163317e+003	   +2.204669e+001
+1.165252e+003	   +2.200618e+001
+1.167191e+003	   +2.372437e+001
+1.169133e+003	   +2.756337e+001
+1.171078e+003	   +2.288030e+001
+1.173026e+003	   +2.150809e+001
+1.174978e+003	   +2.251304e+001
+1.176933e+003	   +2.420642e+001
+1.178891e+003	   +2.432417e+001
+1.180852e+003	   +2.596101e+001
+1.182817e+003	   +2.258228e+001
+1.184785e+003	   +2.018279e+001
+1.186756e+003	   +2.576691e+001
+1.188730e+003	   +2.170610e+001
+1.190708e+003	   +2.314684e+001
+1.192689e+003	   +2.295634e+001
+1.194674e+003	   +2.389359e+001
+1.196661e+003	   +2.207396e+001
+1.198652e+003	   +2.338444e+001
+1.200646e+003	   +2.304968e+001
+1.202644e+003	   +2.115060e+001
+1.204645e+003	   +2.138525e+001
+1.206649e+003	   +2.137659e+001
+1.208657e+003	   +2.456980e+001
+1.210668e+003	   +2.569465e+001
+1.212682e+003	   +2.584663e+001
+1.214699e+003	   +2.363332e+001
+1.216720e+003	   +2.306872e+001
+1.218745e+003	   +2.015426e+001
+1.220772e+003	   +2.237749e+001
+1.222803e+003	   +2.226521e+001
+1.224838e+003	   +2.367330e+001
+1.226876e+003	   +2.437896e+001
+1.228917e+003	   +2.402964e+001
+1.230961e+003	   +2.352048e+001
+1.233010e+003	   +2.331149e+001
+1.235061e+003	   +2.089826e+001
+1.237116e+003	   +2.280794e+001
+1.239174e+003	   +2.263600e+001
+1.241236e+003	   +2.329797e+001
+1.243301e+003	   +2.293446e+001
+1.245369e+003	   +2.425620e+001
+1.247441e+003	   +2.273586e+001
+1.249517e+003	   +2.260100e+001
+1.251596e+003	   +2.425066e+001
+1.253678e+003	   +2.349641e+001
+1.255764e+003	   +2.185283e+001
+1.257853e+003	   +2.311040e+001
+1.259946e+003	   +2.144814e+001
+1.262042e+003	   +2.412171e+001
+1.264142e+003	   +2.406149e+001
+1.266245e+003	   +2.237699e+001
+1.268352e+003	   +2.129499e+001
+1.270462e+003	   +2.418882e+001
+1.272576e+003	   +2.200285e+001
+1.274693e+003	   +2.182340e+001
+1.276814e+003	   +2.489423e+001
+1.278938e+003	   +2.485110e+001
+1.281066e+003	   +2.444411e+001
+1.283197e+003	   +2.354473e+001
+1.285332e+003	   +2.282536e+001
+1.287470e+003	   +2.313869e+001
+1.289612e+003	   +2.511250e+001
+1.291758e+003	   +2.500717e+001
+1.293907e+003	   +2.245570e+001
+1.296060e+003	   +2.180382e+001
+1.298216e+003	   +2.279939e+001
+1.300376e+003	   +2.442980e+001
+1.302540e+003	   +2.481132e+001
+1.304707e+003	   +2.175484e+001
+1.306877e+003	   +2.270777e+001
+1.309052e+003	   +2.357254e+001
+1.311230e+003	   +2.254681e+001
+1.313411e+003	   +2.217493e+001
+1.315596e+003	   +2.307463e+001
+1.317785e+003	   +2.353564e+001
+1.319978e+003	   +2.425454e+001
+1.322174e+003	   +2.163874e+001
+1.324374e+003	   +2.263103e+001
+1.326577e+003	   +2.286310e+001
+1.328784e+003	   +2.266045e+001
+1.330995e+003	   +2.324035e+001
+1.333209e+003	   +2.425041e+001
+1.335427e+003	   +2.369402e+001
+1.337649e+003	   +2.356445e+001
+1.339875e+003	   +2.305007e+001
+1.342104e+003	   +2.244837e+001
+1.344337e+003	   +2.426506e+001
+1.346573e+003	   +2.413059e+001
+1.348814e+003	   +2.348608e+001
+1.351058e+003	   +2.252266e+001
+1.353306e+003	   +2.526066e+001
+1.355557e+003	   +2.446144e+001
+1.357813e+003	   +2.460621e+001
+1.360072e+003	   +2.360966e+001
+1.362334e+003	   +2.376539e+001
+1.364601e+003	   +2.472506e+001
+1.366871e+003	   +2.437406e+001
+1.369146e+003	   +2.365172e+001
+1.371423e+003	   +2.312220e+001
+1.373705e+003	   +2.345796e+001
+1.375991e+003	   +2.518536e+001
+1.378280e+003	   +2.438682e+001
+1.380573e+003	   +2.379316e+001
+1.382870e+003	   +2.299294e+001
+1.385171e+003	   +2.368788e+001
+1.387475e+003	   +2.342932e+001
+1.389784e+003	   +2.489969e+001
+1.392096e+003	   +2.299610e+001
+1.394412e+003	   +2.547585e+001
+1.396732e+003	   +2.406155e+001
+1.399056e+003	   +2.448155e+001
+1.401384e+003	   +2.416957e+001
+1.403715e+003	   +2.369812e+001
+1.406050e+003	   +2.502292e+001
+1.408390e+003	   +2.507816e+001
+1.410733e+003	   +2.598824e+001
+1.413080e+003	   +2.373536e+001
+1.415431e+003	   +2.451662e+001
+1.417786e+003	   +2.511193e+001
+1.420145e+003	   +2.416505e+001
+1.422508e+003	   +2.371550e+001
+1.424874e+003	   +2.457124e+001
+1.427245e+003	   +2.329021e+001
+1.429620e+003	   +2.337789e+001
+1.431998e+003	   +2.328451e+001
+1.434380e+003	   +2.330525e+001
+1.436767e+003	   +2.521272e+001
+1.439157e+003	   +2.447660e+001
+1.441552e+003	   +2.212119e+001
+1.443950e+003	   +2.459683e+001
+1.446353e+003	   +2.599163e+001
+1.448759e+003	   +2.407697e+001
+1.451169e+003	   +2.409665e+001
+1.453584e+003	   +2.458469e+001
+1.456002e+003	   +2.491128e+001
+1.458424e+003	   +2.448812e+001
+1.460851e+003	   +2.556484e+001
+1.463281e+003	   +2.385564e+001
+1.465716e+003	   +2.369765e+001
+1.468154e+003	   +2.481735e+001
+1.470597e+003	   +2.630937e+001
+1.473044e+003	   +2.556636e+001
+1.475495e+003	   +2.444488e+001
+1.477949e+003	   +2.474339e+001
+1.480408e+003	   +2.408469e+001
+1.482871e+003	   +2.401225e+001
+1.485339e+003	   +2.533082e+001
+1.487810e+003	   +2.492691e+001
+1.490285e+003	   +2.414239e+001
+1.492765e+003	   +2.414411e+001
+1.495248e+003	   +2.482104e+001
+1.497736e+003	   +2.364724e+001
+1.500228e+003	   +2.468846e+001
+1.502724e+003	   +2.455957e+001
+1.505224e+003	   +2.473283e+001
+1.507728e+003	   +2.563069e+001
+1.510237e+003	   +2.491092e+001
+1.512749e+003	   +2.456859e+001
+1.515266e+003	   +2.383426e+001
+1.517787e+003	   +2.463134e+001
+1.520312e+003	   +2.404383e+001
+1.522842e+003	   +2.483201e+001
+1.525375e+003	   +2.518284e+001
+1.527913e+003	   +2.513707e+001
+1.530455e+003	   +2.449507e+001
+1.533002e+003	   +2.472536e+001
+1.535552e+003	   +2.442456e+001
+1.538107e+003	   +2.363814e+001
+1.540666e+003	   +2.480892e+001
+1.543229e+003	   +2.482942e+001
+1.545797e+003	   +2.497697e+001
+1.548369e+003	   +2.515234e+001
+1.550945e+003	   +2.423176e+001
+1.553525e+003	   +2.511980e+001
+1.556110e+003	   +2.517074e+001
+1.558699e+003	   +2.493998e+001
+1.561292e+003	   +2.611374e+001
+1.563890e+003	   +2.430604e+001
+1.566491e+003	   +2.588762e+001
+1.569098e+003	   +2.445380e+001
+1.571708e+003	   +2.399536e+001
+1.574323e+003	   +2.550840e+001
+1.576943e+003	   +2.433227e+001
+1.579566e+003	   +2.560299e+001
+1.582194e+003	   +2.538093e+001
+1.584826e+003	   +2.414707e+001
+1.587463e+003	   +2.528433e+001
+1.590104e+003	   +2.416449e+001
+1.592750e+003	   +2.391476e+001
+1.595400e+003	   +2.461650e+001
+1.598054e+003	   +2.476622e+001
+1.600713e+003	   +2.543873e+001
+1.603376e+003	   +2.433645e+001
+1.606044e+003	   +2.556570e+001
+1.608716e+003	   +2.637569e+001
+1.611392e+003	   +2.558840e+001
+1.614073e+003	   +2.422739e+001
+1.616759e+003	   +2.540034e+001
+1.619448e+003	   +2.603439e+001
+1.622143e+003	   +2.505892e+001
+1.624842e+003	   +2.488133e+001
+1.627545e+003	   +2.406091e+001
+1.630253e+003	   +2.548069e+001
+1.632965e+003	   +2.507735e+001
+1.635682e+003	   +2.309838e+001
+1.638403e+003	   +2.536295e+001
+1.641129e+003	   +2.549394e+001
+1.643860e+003	   +2.602654e+001
+1.646595e+003	   +2.512219e+001
+1.649334e+003	   +2.523256e+001
+1.652078e+003	   +2.553312e+001
+1.654827e+003	   +2.582613e+001
+1.657580e+003	   +2.546456e+001
+1.660338e+003	   +2.691175e+001
+1.663100e+003	   +2.471525e+001
+1.665867e+003	   +2.519844e+001
+1.668639e+003	   +2.557144e+001
+1.671415e+003	   +2.586382e+001
+1.674196e+003	   +2.548844e+001
+1.676981e+003	   +2.559271e+001
+1.679771e+003	   +2.558516e+001
+1.682566e+003	   +2.573054e+001
+1.685365e+003	   +2.545000e+001
+1.688169e+003	   +2.654751e+001
+1.690978e+003	   +2.527541e+001
+1.693792e+003	   +2.506014e+001
+1.696609e+003	   +2.506601e+001
+1.699432e+003	   +2.592973e+001
+1.702260e+003	   +2.590424e+001
+1.705092e+003	   +2.626833e+001
+1.707929e+003	   +2.547335e+001
+1.710770e+003	   +2.483641e+001
+1.713616e+003	   +2.671626e+001
+1.716468e+003	   +2.587397e+001
+1.719323e+003	   +2.675675e+001
+1.722184e+003	   +2.681575e+001
+1.725049e+003	   +2.560138e+001
+1.727919e+003	   +2.607208e+001
+1.730794e+003	   +2.582661e+001
+1.733674e+003	   +2.566233e+001
+1.736558e+003	   +2.544208e+001
+1.739447e+003	   +2.607496e+001
+1.742341e+003	   +2.636756e+001
+1.745240e+003	   +2.563956e+001
+1.748144e+003	   +2.374182e+001
+1.751052e+003	   +2.757489e+001
+1.753965e+003	   +2.602600e+001
+1.756884e+003	   +2.650801e+001
+1.759807e+003	   +2.566164e+001
+1.762734e+003	   +2.573859e+001
+1.765667e+003	   +2.673383e+001
+1.768605e+003	   +2.570568e+001
+1.771547e+003	   +2.631040e+001
+1.774495e+003	   +2.634072e+001
+1.777447e+003	   +2.630158e+001
+1.780404e+003	   +2.686443e+001
+1.783366e+003	   +2.594522e+001
+1.786333e+003	   +2.603071e+001
+1.789305e+003	   +2.652023e+001
+1.792282e+003	   +2.636807e+001
+1.795264e+003	   +2.633716e+001
+1.798251e+003	   +2.672662e+001
+1.801243e+003	   +2.667087e+001
+1.804240e+003	   +2.642611e+001
+1.807242e+003	   +2.646118e+001
+1.810248e+003	   +2.702414e+001
+1.813260e+003	   +2.693132e+001
+1.816277e+003	   +2.612015e+001
+1.819299e+003	   +2.623240e+001
+1.822326e+003	   +2.625979e+001
+1.825358e+003	   +2.618158e+001
+1.828395e+003	   +2.654889e+001
+1.831436e+003	   +2.660958e+001
+1.834484e+003	   +2.672562e+001
+1.837536e+003	   +2.581651e+001
+1.840593e+003	   +2.652060e+001
+1.843655e+003	   +2.697017e+001
+1.846722e+003	   +2.617994e+001
+1.849795e+003	   +2.691247e+001
+1.852873e+003	   +2.667690e+001
+1.855955e+003	   +2.717878e+001
+1.859043e+003	   +2.730350e+001
+1.862136e+003	   +2.625272e+001
+1.865234e+003	   +2.595065e+001
+1.868338e+003	   +2.710686e+001
+1.871446e+003	   +2.709894e+001
+1.874560e+003	   +2.703393e+001
+1.877678e+003	   +2.696944e+001
+1.880802e+003	   +2.710319e+001
+1.883932e+003	   +2.699530e+001
+1.887066e+003	   +2.662434e+001
+1.890205e+003	   +2.625463e+001
+1.893350e+003	   +2.710398e+001
+1.896500e+003	   +2.713429e+001
+1.899656e+003	   +2.705456e+001
+1.902816e+003	   +2.678947e+001
+1.905982e+003	   +2.769157e+001
+1.909153e+003	   +2.670949e+001
+1.912329e+003	   +2.709019e+001
+1.915511e+003	   +2.733260e+001
+1.918698e+003	   +2.709619e+001
+1.921890e+003	   +2.680707e+001
+1.925088e+003	   +2.726812e+001
+1.928291e+003	   +2.694015e+001
+1.931499e+003	   +2.754715e+001
+1.934712e+003	   +2.654449e+001
+1.937931e+003	   +2.738440e+001
+1.941155e+003	   +2.730080e+001
+1.944385e+003	   +2.694851e+001
+1.947620e+003	   +2.752431e+001
+1.950860e+003	   +2.735634e+001
+1.954106e+003	   +2.749483e+001
+1.957357e+003	   +2.740601e+001
+1.960614e+003	   +2.682983e+001
+1.963876e+003	   +2.711207e+001
+1.967143e+003	   +2.780094e+001
+1.970416e+003	   +2.741753e+001
+1.973694e+003	   +2.736024e+001
+1.976978e+003	   +2.764456e+001
+1.980267e+003	   +2.724583e+001
+1.983562e+003	   +2.760010e+001
+1.986862e+003	   +2.764547e+001
+1.990167e+003	   +2.787874e+001
+1.993479e+003	   +2.782162e+001
+1.996795e+003	   +2.729160e+001
+2.000117e+003	   +2.785910e+001
+2.003445e+003	   +2.785670e+001
+2.006778e+003	   +2.722593e+001
+2.010117e+003	   +2.801385e+001
+2.013462e+003	   +2.760515e+001
+2.016811e+003	   +2.827066e+001
+2.020167e+003	   +2.791596e+001
+2.023528e+003	   +2.807610e+001
+2.026895e+003	   +2.805897e+001
+2.030267e+003	   +2.850409e+001
+2.033645e+003	   +2.780286e+001
+2.037028e+003	   +2.902480e+001
+2.040417e+003	   +2.824125e+001
+2.043812e+003	   +2.693228e+001
+2.047212e+003	   +2.789316e+001
+2.050618e+003	   +2.792621e+001
+2.054030e+003	   +2.853809e+001
+2.057448e+003	   +2.807162e+001
+2.060871e+003	   +2.782085e+001
+2.064299e+003	   +2.770884e+001
+2.067734e+003	   +2.831254e+001
+2.071174e+003	   +2.852323e+001
+2.074620e+003	   +2.835933e+001
+2.078072e+003	   +2.841315e+001
+2.081529e+003	   +2.797390e+001
+2.084992e+003	   +2.898291e+001
+2.088461e+003	   +2.831485e+001
+2.091936e+003	   +2.848781e+001
+2.095416e+003	   +2.822151e+001
+2.098902e+003	   +2.892594e+001
+2.102394e+003	   +2.845643e+001
+2.105892e+003	   +2.776534e+001
+2.109396e+003	   +2.816404e+001
+2.112905e+003	   +2.849091e+001
+2.116421e+003	   +2.840362e+001
+2.119942e+003	   +2.828811e+001
+2.123469e+003	   +2.864553e+001
+2.127002e+003	   +2.902820e+001
+2.130541e+003	   +2.889906e+001
+2.134085e+003	   +2.862644e+001
+2.137636e+003	   +2.897427e+001
+2.141192e+003	   +2.899976e+001
+2.144755e+003	   +2.842294e+001
+2.148323e+003	   +2.839400e+001
+2.151897e+003	   +2.870802e+001
+2.155478e+003	   +2.892441e+001
+2.159064e+003	   +2.901073e+001
+2.162656e+003	   +2.877232e+001
+2.166254e+003	   +2.910710e+001
+2.169858e+003	   +2.902210e+001
+2.173468e+003	   +2.869234e+001
+2.177084e+003	   +2.931084e+001
+2.180706e+003	   +2.940722e+001
+2.184334e+003	   +2.909478e+001
+2.187969e+003	   +2.886779e+001
+2.191609e+003	   +2.892629e+001
+2.195255e+003	   +2.874206e+001
+2.198907e+003	   +2.953134e+001
+2.202566e+003	   +2.896945e+001
+2.206230e+003	   +2.900529e+001
+2.209901e+003	   +2.923038e+001
+2.213578e+003	   +2.911213e+001
+2.217261e+003	   +2.946958e+001
+2.220950e+003	   +2.927431e+001
+2.224645e+003	   +2.916097e+001
+2.228346e+003	   +2.961344e+001
+2.232053e+003	   +2.910825e+001
+2.235767e+003	   +2.950391e+001
+2.239487e+003	   +2.938742e+001
+2.243213e+003	   +2.966805e+001
+2.246945e+003	   +2.943206e+001
+2.250683e+003	   +2.974108e+001
+2.254428e+003	   +2.973076e+001
+2.258178e+003	   +2.937012e+001
+2.261936e+003	   +2.949452e+001
+2.265699e+003	   +2.959303e+001
+2.269468e+003	   +2.927796e+001
+2.273244e+003	   +2.979876e+001
+2.277026e+003	   +2.979259e+001
+2.280815e+003	   +3.002064e+001
+2.284609e+003	   +2.988973e+001
+2.288410e+003	   +2.999644e+001
+2.292218e+003	   +2.953268e+001
+2.296031e+003	   +3.007530e+001
+2.299851e+003	   +2.987579e+001
+2.303678e+003	   +2.956870e+001
+2.307510e+003	   +2.985911e+001
+2.311350e+003	   +2.990052e+001
+2.315195e+003	   +2.991600e+001
+2.319047e+003	   +3.006274e+001
+2.322905e+003	   +3.049720e+001
+2.326770e+003	   +3.047546e+001
+2.330641e+003	   +3.014293e+001
+2.334519e+003	   +2.984693e+001
+2.338403e+003	   +3.037980e+001
+2.342293e+003	   +3.034172e+001
+2.346190e+003	   +2.976933e+001
+2.350094e+003	   +2.989961e+001
+2.354004e+003	   +3.028686e+001
+2.357920e+003	   +3.057312e+001
+2.361843e+003	   +3.045372e+001
+2.365773e+003	   +3.042419e+001
+2.369709e+003	   +3.065585e+001
+2.373651e+003	   +3.016457e+001
+2.377601e+003	   +3.019682e+001
+2.381556e+003	   +3.039830e+001
+2.385519e+003	   +3.059502e+001
+2.389488e+003	   +3.056875e+001
+2.393463e+003	   +3.025738e+001
+2.397445e+003	   +3.036953e+001
+2.401434e+003	   +3.135124e+001
+2.405429e+003	   +3.097648e+001
+2.409431e+003	   +3.050082e+001
+2.413440e+003	   +3.109764e+001
+2.417455e+003	   +3.031299e+001
+2.421477e+003	   +2.998933e+001
+2.425506e+003	   +3.112978e+001
+2.429542e+003	   +3.110985e+001
+2.433583e+003	   +3.085984e+001
+2.437633e+003	   +3.096445e+001
+2.441688e+003	   +3.122644e+001
+2.445750e+003	   +3.091708e+001
+2.449820e+003	   +3.134300e+001
+2.453896e+003	   +3.109578e+001
+2.457978e+003	   +3.082021e+001
+2.462068e+003	   +3.129444e+001
+2.466164e+003	   +3.118348e+001
+2.470267e+003	   +3.073070e+001
+2.474377e+003	   +3.122290e+001
+2.478493e+003	   +3.164264e+001
+2.482617e+003	   +3.129944e+001
+2.486748e+003	   +3.147336e+001
+2.490885e+003	   +3.100066e+001
+2.495029e+003	   +3.143942e+001
+2.499180e+003	   +3.157026e+001
+2.503338e+003	   +3.122259e+001
+2.507503e+003	   +3.173048e+001
+2.511675e+003	   +3.122150e+001
+2.515854e+003	   +3.155491e+001
+2.520040e+003	   +3.158581e+001
+2.524232e+003	   +3.148428e+001
+2.528432e+003	   +3.163493e+001
+2.532638e+003	   +3.175871e+001
+2.536852e+003	   +3.165639e+001
+2.541073e+003	   +3.127681e+001
+2.545301e+003	   +3.175582e+001
+2.549535e+003	   +3.236283e+001
+2.553777e+003	   +3.198994e+001
+2.558026e+003	   +3.204711e+001
+2.562282e+003	   +3.130642e+001
+2.566545e+003	   +3.180708e+001
+2.570815e+003	   +3.173338e+001
+2.575092e+003	   +3.198204e+001
+2.579376e+003	   +3.212556e+001
+2.583668e+003	   +3.216267e+001
+2.587966e+003	   +3.165956e+001
+2.592272e+003	   +3.212056e+001
+2.596585e+003	   +3.238595e+001
+2.600905e+003	   +3.241666e+001
+2.605232e+003	   +3.140649e+001
+2.609567e+003	   +3.276160e+001
+2.613908e+003	   +3.219993e+001
+2.618257e+003	   +3.224887e+001
+2.622613e+003	   +3.192527e+001
+2.626977e+003	   +3.187482e+001
+2.631347e+003	   +3.129324e+001
+2.635725e+003	   +3.211053e+001
+2.640110e+003	   +3.281955e+001
+2.644503e+003	   +3.235210e+001
+2.648903e+003	   +3.237551e+001
+2.653310e+003	   +3.275440e+001
+2.657724e+003	   +3.208892e+001
+2.662146e+003	   +3.225879e+001
+2.666575e+003	   +3.278064e+001
+2.671012e+003	   +3.186528e+001
+2.675456e+003	   +3.237121e+001
+2.679907e+003	   +3.290043e+001
+2.684365e+003	   +3.269856e+001
+2.688832e+003	   +3.235561e+001
+2.693305e+003	   +3.209389e+001
+2.697786e+003	   +3.298626e+001
+2.702275e+003	   +3.241605e+001
+2.706771e+003	   +3.190742e+001
+2.711274e+003	   +3.322824e+001
+2.715785e+003	   +3.303434e+001
+2.720303e+003	   +3.226221e+001
+2.724829e+003	   +3.277812e+001
+2.729363e+003	   +3.328962e+001
+2.733903e+003	   +3.404969e+001
+2.738452e+003	   +3.325031e+001
+2.743008e+003	   +3.268116e+001
+2.747572e+003	   +3.384806e+001
+2.752143e+003	   +3.332980e+001
+2.756722e+003	   +3.234964e+001
+2.761308e+003	   +3.323516e+001
+2.765902e+003	   +3.307476e+001
+2.770504e+003	   +3.366085e+001
+2.775114e+003	   +3.388431e+001
+2.779731e+003	   +3.378912e+001
+2.784355e+003	   +3.333482e+001
+2.788988e+003	   +3.379611e+001
+2.793628e+003	   +3.270712e+001
+2.798276e+003	   +3.328862e+001
+2.802932e+003	   +3.373683e+001
+2.807595e+003	   +3.399219e+001
+2.812266e+003	   +3.315516e+001
+2.816945e+003	   +3.446546e+001
+2.821632e+003	   +3.322184e+001
+2.826326e+003	   +3.410019e+001
+2.831029e+003	   +3.304329e+001
+2.835739e+003	   +3.368678e+001
+2.840457e+003	   +3.415083e+001
+2.845182e+003	   +3.386560e+001
+2.849916e+003	   +3.354432e+001
+2.854657e+003	   +3.386564e+001
+2.859407e+003	   +3.343420e+001
+2.864164e+003	   +3.239164e+001
+2.868929e+003	   +3.421584e+001
+2.873703e+003	   +3.496598e+001
+2.878484e+003	   +3.403386e+001
+2.883273e+003	   +3.398704e+001
+2.888070e+003	   +3.384922e+001
+2.892875e+003	   +3.416154e+001
+2.897688e+003	   +3.519655e+001
+2.902509e+003	   +3.433694e+001
+2.907338e+003	   +3.347044e+001
+2.912175e+003	   +3.437613e+001
+2.917020e+003	   +3.424468e+001
+2.921873e+003	   +3.356745e+001
+2.926735e+003	   +3.415245e+001
+2.931604e+003	   +3.449784e+001
+2.936481e+003	   +3.498281e+001
+2.941367e+003	   +3.470689e+001
+2.946261e+003	   +3.517983e+001
+2.951163e+003	   +3.427103e+001
+2.956073e+003	   +3.481948e+001
+2.960991e+003	   +3.426564e+001
+2.965917e+003	   +3.504496e+001
+2.970852e+003	   +3.463333e+001
+2.975794e+003	   +3.449184e+001
+2.980745e+003	   +3.503717e+001
+2.985704e+003	   +3.458065e+001
+2.990672e+003	   +3.467712e+001
+2.995648e+003	   +3.528405e+001
+3.000632e+003	   +3.493913e+001
+3.005624e+003	   +3.584391e+001
+3.010625e+003	   +3.541991e+001
+3.015634e+003	   +3.474037e+001
+3.020651e+003	   +3.452121e+001
+3.025676e+003	   +3.648038e+001
+3.030710e+003	   +3.452027e+001
+3.035753e+003	   +3.492616e+001
+3.040803e+003	   +3.503209e+001
+3.045863e+003	   +3.505209e+001
+3.050930e+003	   +3.612346e+001
+3.056006e+003	   +3.616200e+001
+3.061090e+003	   +3.414143e+001
+3.066183e+003	   +3.458458e+001
+3.071285e+003	   +3.447196e+001
+3.076395e+003	   +3.536857e+001
+3.081513e+003	   +3.470724e+001
+3.086640e+003	   +3.658468e+001
+3.091775e+003	   +3.564321e+001
+3.096919e+003	   +3.680088e+001
+3.102072e+003	   +3.455113e+001
+3.107232e+003	   +3.320390e+001
+3.112402e+003	   +3.663478e+001
+3.117580e+003	   +3.567235e+001
+3.122767e+003	   +3.582430e+001
+3.127963e+003	   +3.603051e+001
+3.133167e+003	   +3.843130e+001
+3.138380e+003	   +3.478139e+001
+3.143601e+003	   +3.528769e+001
+3.148831e+003	   +3.551751e+001
+3.154070e+003	   +3.665898e+001
+3.159318e+003	   +3.703559e+001
+3.164574e+003	   +3.691492e+001
+3.169839e+003	   +3.606680e+001
+3.175113e+003	   +3.571650e+001
+3.180396e+003	   +3.652863e+001
+3.185687e+003	   +3.576180e+001
+3.190987e+003	   +3.618754e+001
+3.196296e+003	   +3.674438e+001
+3.201614e+003	   +3.516642e+001
+3.206940e+003	   +3.646292e+001
+3.212276e+003	   +3.562473e+001
+3.217621e+003	   +3.613405e+001
+3.222974e+003	   +3.629074e+001
+3.228336e+003	   +3.623539e+001
+3.233707e+003	   +3.579700e+001
+3.239087e+003	   +3.680268e+001
+3.244476e+003	   +3.629315e+001
+3.249874e+003	   +3.658540e+001
+3.255281e+003	   +3.618755e+001
+3.260697e+003	   +3.679167e+001
+3.266122e+003	   +3.696967e+001
+3.271556e+003	   +3.663022e+001
+3.276999e+003	   +3.705183e+001
+3.282451e+003	   +3.675648e+001
+3.287912e+003	   +3.721306e+001
+3.293383e+003	   +3.685704e+001
+3.298862e+003	   +3.661893e+001
+3.304351e+003	   +3.653841e+001
+3.309848e+003	   +3.703730e+001
+3.315355e+003	   +3.696145e+001
+3.320871e+003	   +3.684726e+001
+3.326396e+003	   +3.659674e+001
+3.331930e+003	   +3.754002e+001
+3.337474e+003	   +3.760081e+001
+3.343026e+003	   +3.711730e+001
+3.348588e+003	   +3.721505e+001
+3.354159e+003	   +3.720036e+001
+3.359740e+003	   +3.729900e+001
+3.365330e+003	   +3.741262e+001
+3.370929e+003	   +3.687493e+001
+3.376537e+003	   +3.707634e+001
+3.382155e+003	   +3.717147e+001
+3.387782e+003	   +3.735347e+001
+3.393418e+003	   +3.784721e+001
+3.399064e+003	   +3.742152e+001
+3.404719e+003	   +3.721040e+001
+3.410384e+003	   +3.770404e+001
+3.416058e+003	   +3.794444e+001
+3.421741e+003	   +3.764165e+001
+3.427434e+003	   +3.749797e+001
+3.433137e+003	   +3.719006e+001
+3.438849e+003	   +3.768545e+001
+3.444570e+003	   +3.778840e+001
+3.450301e+003	   +3.790076e+001
+3.456041e+003	   +3.768306e+001
+3.461791e+003	   +3.769992e+001
+3.467551e+003	   +3.803217e+001
+3.473320e+003	   +3.818710e+001
+3.479099e+003	   +3.776903e+001
+3.484887e+003	   +3.817173e+001
+3.490685e+003	   +3.781352e+001
+3.496492e+003	   +3.824779e+001
+3.502310e+003	   +3.804994e+001
+3.508137e+003	   +3.869938e+001
+3.513973e+003	   +3.765739e+001
+3.519820e+003	   +3.821643e+001
+3.525676e+003	   +3.844993e+001
+3.531542e+003	   +3.839342e+001
+3.537417e+003	   +3.846227e+001
+3.543303e+003	   +3.837684e+001
+3.549198e+003	   +3.873357e+001
+3.555103e+003	   +3.825797e+001
+3.561018e+003	   +3.823865e+001
+3.566942e+003	   +3.845634e+001
+3.572877e+003	   +3.850102e+001
+3.578821e+003	   +3.835758e+001
+3.584775e+003	   +3.867953e+001
+3.590740e+003	   +3.829423e+001
+3.596714e+003	   +3.861712e+001
+3.602698e+003	   +3.869373e+001
+3.608691e+003	   +3.852618e+001
+3.614696e+003	   +3.866513e+001
+3.620709e+003	   +3.864486e+001
+3.626733e+003	   +3.898668e+001
+3.632767e+003	   +3.888307e+001
+3.638811e+003	   +3.896914e+001
+3.644865e+003	   +3.896186e+001
+3.650929e+003	   +3.883732e+001
+3.657004e+003	   +3.905677e+001
+3.663088e+003	   +3.937046e+001
+3.669183e+003	   +3.906546e+001
+3.675287e+003	   +3.948986e+001
+3.681402e+003	   +3.883590e+001
+3.687527e+003	   +3.909510e+001
+3.693662e+003	   +3.889808e+001
+3.699807e+003	   +3.928909e+001
+3.705963e+003	   +3.948298e+001
+3.712128e+003	   +3.909202e+001
+3.718305e+003	   +3.950770e+001
+3.724491e+003	   +3.875067e+001
+3.730688e+003	   +3.937884e+001
+3.736895e+003	   +3.929700e+001
+3.743112e+003	   +3.949645e+001
+3.749339e+003	   +3.945358e+001
+3.755577e+003	   +4.018376e+001
+3.761825e+003	   +3.964106e+001
+3.768084e+003	   +3.983432e+001
+3.774354e+003	   +3.992796e+001
+3.780633e+003	   +4.013354e+001
+3.786923e+003	   +3.950976e+001
+3.793223e+003	   +3.939600e+001
+3.799534e+003	   +3.979087e+001
+3.805856e+003	   +3.970115e+001
+3.812188e+003	   +4.026960e+001
+3.818530e+003	   +3.965796e+001
+3.824884e+003	   +3.969179e+001
+3.831247e+003	   +4.032715e+001
+3.837621e+003	   +3.994331e+001
+3.844006e+003	   +4.001128e+001
+3.850402e+003	   +3.973003e+001
+3.856808e+003	   +3.982727e+001
+3.863224e+003	   +4.003086e+001
+3.869652e+003	   +3.973259e+001
+3.876090e+003	   +4.024842e+001
+3.882539e+003	   +4.056268e+001
+3.888998e+003	   +4.032384e+001
+3.895469e+003	   +4.052702e+001
+3.901950e+003	   +4.053084e+001
+3.908442e+003	   +4.065502e+001
+3.914944e+003	   +4.052457e+001
+3.921458e+003	   +4.015790e+001
+3.927982e+003	   +4.047114e+001
+3.934517e+003	   +4.085257e+001
+3.941063e+003	   +4.062430e+001
+3.947620e+003	   +4.030295e+001
+3.954188e+003	   +4.059698e+001
+3.960767e+003	   +4.074630e+001
+3.967356e+003	   +4.077645e+001
+3.973957e+003	   +4.049751e+001
+3.980569e+003	   +4.064793e+001
+3.987192e+003	   +4.068425e+001
+3.993825e+003	   +4.078704e+001
+4.000470e+003	   +4.071296e+001
+4.007126e+003	   +4.085463e+001
+4.013792e+003	   +4.086895e+001
+4.020470e+003	   +4.071633e+001
+4.027159e+003	   +4.135754e+001
+4.033860e+003	   +4.083011e+001
+4.040571e+003	   +4.108923e+001
+4.047293e+003	   +4.113935e+001
+4.054027e+003	   +4.081908e+001
+4.060772e+003	   +4.121382e+001
+4.067528e+003	   +4.098285e+001
+4.074295e+003	   +4.111211e+001
+4.081074e+003	   +4.122507e+001
+4.087864e+003	   +4.137826e+001
+4.094665e+003	   +4.142163e+001
+4.101478e+003	   +4.147963e+001
+4.108301e+003	   +4.132571e+001
+4.115137e+003	   +4.139601e+001
+4.121983e+003	   +4.143085e+001
+4.128841e+003	   +4.149205e+001
+4.135710e+003	   +4.176210e+001
+4.142591e+003	   +4.165487e+001
+4.149483e+003	   +4.163732e+001
+4.156387e+003	   +4.160735e+001
+4.163302e+003	   +4.147855e+001
+4.170229e+003	   +4.168239e+001
+4.177167e+003	   +4.166139e+001
+4.184117e+003	   +4.198766e+001
+4.191078e+003	   +4.166638e+001
+4.198051e+003	   +4.179902e+001
+4.205036e+003	   +4.176087e+001
+4.212032e+003	   +4.182449e+001
+4.219040e+003	   +4.190986e+001
+4.226059e+003	   +4.194285e+001
+4.233090e+003	   +4.210557e+001
+4.240133e+003	   +4.194987e+001
+4.247188e+003	   +4.203915e+001
+4.254253e+003	   +4.224673e+001
+4.261332e+003	   +4.213679e+001
+4.268421e+003	   +4.236826e+001
+4.275523e+003	   +4.226131e+001
+4.282636e+003	   +4.222653e+001
+4.289762e+003	   +4.229280e+001
+4.296898e+003	   +4.230568e+001
+4.304047e+003	   +4.238796e+001
+4.311208e+003	   +4.227698e+001
+4.318381e+003	   +4.261953e+001
+4.325566e+003	   +4.243697e+001
+4.332763e+003	   +4.231633e+001
+4.339971e+003	   +4.244997e+001
+4.347192e+003	   +4.257303e+001
+4.354424e+003	   +4.261679e+001
+4.361669e+003	   +4.251476e+001
+4.368926e+003	   +4.268735e+001
+4.376194e+003	   +4.274494e+001
+4.383476e+003	   +4.274488e+001
+4.390769e+003	   +4.284937e+001
+4.398074e+003	   +4.283125e+001
+4.405391e+003	   +4.293350e+001
+4.412720e+003	   +4.284454e+001
+4.420062e+003	   +4.283803e+001
+4.427416e+003	   +4.283191e+001
+4.434782e+003	   +4.298725e+001
+4.442160e+003	   +4.295855e+001
+4.449551e+003	   +4.296276e+001
+4.456954e+003	   +4.324498e+001
+4.464369e+003	   +4.309177e+001
+4.471796e+003	   +4.315063e+001
+4.479236e+003	   +4.314011e+001
+4.486689e+003	   +4.326234e+001
+4.494153e+003	   +4.302222e+001
+4.501631e+003	   +4.327080e+001
+4.509120e+003	   +4.327853e+001
+4.516622e+003	   +4.340583e+001
+4.524137e+003	   +4.332585e+001
+4.531664e+003	   +4.340890e+001
+4.539203e+003	   +4.346389e+001
+4.546755e+003	   +4.342737e+001
+4.554320e+003	   +4.348388e+001
+4.561897e+003	   +4.349845e+001
+4.569487e+003	   +4.355550e+001
+4.577090e+003	   +4.351560e+001
+4.584705e+003	   +4.364662e+001
+4.592333e+003	   +4.363129e+001
+4.599973e+003	   +4.373097e+001
+4.607626e+003	   +4.380804e+001
+4.615292e+003	   +4.380536e+001
+4.622971e+003	   +4.379766e+001
+4.630662e+003	   +4.379471e+001
+4.638367e+003	   +4.374361e+001
+4.646083e+003	   +4.396556e+001
+4.653813e+003	   +4.390923e+001
+4.661556e+003	   +4.407290e+001
+4.669312e+003	   +4.390261e+001
+4.677081e+003	   +4.400889e+001
+4.684862e+003	   +4.403781e+001
+4.692656e+003	   +4.393469e+001
+4.700464e+003	   +4.411791e+001
+4.708284e+003	   +4.410241e+001
+4.716118e+003	   +4.414025e+001
+4.723964e+003	   +4.417059e+001
+4.731823e+003	   +4.417567e+001
+4.739696e+003	   +4.428379e+001
+4.747582e+003	   +4.428070e+001
+4.755480e+003	   +4.433190e+001
+4.763392e+003	   +4.442532e+001
+4.771317e+003	   +4.436436e+001
+4.779256e+003	   +4.439108e+001
+4.787207e+003	   +4.442029e+001
+4.795172e+003	   +4.450697e+001
+4.803150e+003	   +4.452327e+001
+4.811141e+003	   +4.457432e+001
+4.819146e+003	   +4.458294e+001
+4.827164e+003	   +4.467107e+001
+4.835194e+003	   +4.466485e+001
+4.843239e+003	   +4.467928e+001
+4.851297e+003	   +4.480055e+001
+4.859368e+003	   +4.476650e+001
+4.867453e+003	   +4.474783e+001
+4.875551e+003	   +4.483409e+001
+4.883663e+003	   +4.489784e+001
+4.891788e+003	   +4.488931e+001
+4.899927e+003	   +4.491976e+001
+4.908079e+003	   +4.490642e+001
+4.916245e+003	   +4.502002e+001
+4.924424e+003	   +4.499353e+001
+4.932617e+003	   +4.500336e+001
+4.940824e+003	   +4.516587e+001
+4.949044e+003	   +4.515569e+001
+4.957278e+003	   +4.512463e+001
+4.965526e+003	   +4.522092e+001
+4.973787e+003	   +4.524070e+001
+4.982063e+003	   +4.522004e+001
+4.990351e+003	   +4.527705e+001
+4.998654e+003	   +4.526666e+001
+5.006970e+003	   +4.536922e+001
+5.015301e+003	   +4.532550e+001
+5.023645e+003	   +4.533941e+001
+5.032003e+003	   +4.545910e+001
+5.040375e+003	   +4.552443e+001
+5.048761e+003	   +4.545223e+001
+5.057161e+003	   +4.551318e+001
+5.065575e+003	   +4.555669e+001
+5.074002e+003	   +4.569053e+001
+5.082444e+003	   +4.562381e+001
+5.090900e+003	   +4.560868e+001
+5.099370e+003	   +4.565754e+001
+5.107854e+003	   +4.568394e+001
+5.116353e+003	   +4.574150e+001
+5.124865e+003	   +4.577963e+001
+5.133391e+003	   +4.578571e+001
+5.141932e+003	   +4.583920e+001
+5.150487e+003	   +4.587087e+001
+5.159056e+003	   +4.590959e+001
+5.167639e+003	   +4.591007e+001
+5.176237e+003	   +4.595219e+001
+5.184849e+003	   +4.600158e+001
+5.193475e+003	   +4.597574e+001
+5.202116e+003	   +4.602086e+001
+5.210771e+003	   +4.608449e+001
+5.219440e+003	   +4.612022e+001
+5.228124e+003	   +4.614845e+001
+5.236822e+003	   +4.619714e+001
+5.245535e+003	   +4.623266e+001
+5.254262e+003	   +4.622881e+001
+5.263004e+003	   +4.623618e+001
+5.271760e+003	   +4.627988e+001
+5.280531e+003	   +4.635648e+001
+5.289316e+003	   +4.640963e+001
+5.298117e+003	   +4.638266e+001
+5.306931e+003	   +4.644437e+001
+5.315761e+003	   +4.644442e+001
+5.324605e+003	   +4.648475e+001
+5.333463e+003	   +4.650708e+001
+5.342337e+003	   +4.649683e+001
+5.351226e+003	   +4.655793e+001
+5.360128e+003	   +4.662527e+001
+5.369046e+003	   +4.662221e+001
+5.377979e+003	   +4.661990e+001
+5.386927e+003	   +4.670065e+001
+5.395889e+003	   +4.672399e+001
+5.404867e+003	   +4.678260e+001
+5.413859e+003	   +4.679273e+001
+5.422866e+003	   +4.675779e+001
+5.431889e+003	   +4.681535e+001
+5.440926e+003	   +4.688087e+001
+5.449978e+003	   +4.695170e+001
+5.459045e+003	   +4.693810e+001
+5.468128e+003	   +4.695575e+001
+5.477226e+003	   +4.698750e+001
+5.486338e+003	   +4.701982e+001
+5.495466e+003	   +4.705724e+001
+5.504609e+003	   +4.706570e+001
+5.513768e+003	   +4.709658e+001
+5.522941e+003	   +4.714276e+001
+5.532130e+003	   +4.717989e+001
+5.541334e+003	   +4.718356e+001
+5.550553e+003	   +4.724018e+001
+5.559788e+003	   +4.726563e+001
+5.569038e+003	   +4.731429e+001
+5.578304e+003	   +4.728772e+001
+5.587584e+003	   +4.733952e+001
+5.596881e+003	   +4.736819e+001
+5.606192e+003	   +4.738615e+001
+5.615520e+003	   +4.739302e+001
+5.624863e+003	   +4.743204e+001
+5.634221e+003	   +4.748147e+001
+5.643595e+003	   +4.747264e+001
+5.652984e+003	   +4.750591e+001
+5.662390e+003	   +4.757504e+001
+5.671810e+003	   +4.760179e+001
+5.681247e+003	   +4.762094e+001
+5.690699e+003	   +4.766940e+001
+5.700167e+003	   +4.766633e+001
+5.709650e+003	   +4.768253e+001
+5.719150e+003	   +4.778073e+001
+5.728665e+003	   +4.774686e+001
+5.738196e+003	   +4.781401e+001
+5.747743e+003	   +4.781223e+001
+5.757306e+003	   +4.784109e+001
+5.766884e+003	   +4.786399e+001
+5.776479e+003	   +4.791971e+001
+5.786090e+003	   +4.791743e+001
+5.795716e+003	   +4.796051e+001
+5.805359e+003	   +4.797898e+001
+5.815018e+003	   +4.802142e+001
+5.824692e+003	   +4.802065e+001
+5.834383e+003	   +4.806160e+001
+5.844090e+003	   +4.809314e+001
+5.853813e+003	   +4.812505e+001
+5.863552e+003	   +4.814042e+001
+5.873308e+003	   +4.822601e+001
+5.883080e+003	   +4.820119e+001
+5.892868e+003	   +4.823385e+001
+5.902672e+003	   +4.826461e+001
+5.912492e+003	   +4.828252e+001
+5.922329e+003	   +4.827708e+001
+5.932183e+003	   +4.836512e+001
+5.942052e+003	   +4.837510e+001
+5.951938e+003	   +4.841870e+001
+5.961841e+003	   +4.841820e+001
+5.971760e+003	   +4.845632e+001
+5.981695e+003	   +4.846337e+001
+5.991647e+003	   +4.850435e+001
+6.001616e+003	   +4.853556e+001
+6.011601e+003	   +4.851468e+001
+6.021603e+003	   +4.857470e+001
+6.031621e+003	   +4.864625e+001
+6.041656e+003	   +4.859927e+001
+6.051708e+003	   +4.864900e+001
+6.061776e+003	   +4.865627e+001
+6.071862e+003	   +4.877355e+001
+6.081964e+003	   +4.874045e+001
+6.092083e+003	   +4.877393e+001
+6.102218e+003	   +4.878079e+001
+6.112371e+003	   +4.879470e+001
+6.122541e+003	   +4.883724e+001
+6.132727e+003	   +4.890513e+001
+6.142930e+003	   +4.889583e+001
+6.153150e+003	   +4.896988e+001
+6.163388e+003	   +4.897592e+001
+6.173642e+003	   +4.895731e+001
+6.183913e+003	   +4.906427e+001
+6.194202e+003	   +4.908699e+001
+6.204507e+003	   +4.906108e+001
+6.214830e+003	   +4.909404e+001
+6.225170e+003	   +4.906551e+001
+6.235527e+003	   +4.913348e+001
+6.245901e+003	   +4.918650e+001
+6.256293e+003	   +4.918891e+001
+6.266702e+003	   +4.924286e+001
+6.277128e+003	   +4.922025e+001
+6.287572e+003	   +4.928510e+001
+6.298033e+003	   +4.928616e+001
+6.308511e+003	   +4.928733e+001
+6.319007e+003	   +4.936399e+001
+6.329520e+003	   +4.937024e+001
+6.340051e+003	   +4.939739e+001
+6.350599e+003	   +4.943351e+001
+6.361165e+003	   +4.945049e+001
+6.371748e+003	   +4.946732e+001
+6.382349e+003	   +4.948708e+001
+6.392968e+003	   +4.955243e+001
+6.403604e+003	   +4.956377e+001
+6.414258e+003	   +4.958359e+001
+6.424930e+003	   +4.961296e+001
+6.435619e+003	   +4.960654e+001
+6.446326e+003	   +4.965555e+001
+6.457051e+003	   +4.970347e+001
+6.467794e+003	   +4.968727e+001
+6.478555e+003	   +4.974023e+001
+6.489333e+003	   +4.972499e+001
+6.500130e+003	   +4.981684e+001
+6.510945e+003	   +4.981067e+001
+6.521777e+003	   +4.983844e+001
+6.532628e+003	   +4.981213e+001
+6.543497e+003	   +4.990617e+001
+6.554383e+003	   +4.989564e+001
+6.565288e+003	   +4.993101e+001
+6.576211e+003	   +4.994188e+001
+6.587152e+003	   +4.997624e+001
+6.598112e+003	   +5.001024e+001
+6.609089e+003	   +5.004306e+001
+6.620085e+003	   +5.003514e+001
+6.631099e+003	   +5.012099e+001
+6.642132e+003	   +5.007396e+001
+6.653183e+003	   +5.012311e+001
+6.664252e+003	   +5.017376e+001
+6.675339e+003	   +5.015701e+001
+6.686445e+003	   +5.015002e+001
+6.697570e+003	   +5.021762e+001
+6.708713e+003	   +5.022912e+001
+6.719875e+003	   +5.022689e+001
+6.731055e+003	   +5.023426e+001
+6.742253e+003	   +5.029612e+001
+6.753471e+003	   +5.034637e+001
+6.764707e+003	   +5.033059e+001
+6.775962e+003	   +5.038590e+001
+6.787235e+003	   +5.044004e+001
+6.798527e+003	   +5.041245e+001
+6.809838e+003	   +5.046989e+001
+6.821168e+003	   +5.041018e+001
+6.832517e+003	   +5.050909e+001
+6.843885e+003	   +5.053161e+001
+6.855271e+003	   +5.054660e+001
+6.866677e+003	   +5.058158e+001
+6.878101e+003	   +5.055460e+001
+6.889544e+003	   +5.059951e+001
+6.901007e+003	   +5.063912e+001
+6.912488e+003	   +5.064174e+001
+6.923989e+003	   +5.072198e+001
+6.935509e+003	   +5.072802e+001
+6.947048e+003	   +5.075161e+001
+6.958606e+003	   +5.075319e+001
+6.970183e+003	   +5.075783e+001
+6.981780e+003	   +5.081428e+001
+6.993396e+003	   +5.077564e+001
+7.005031e+003	   +5.081438e+001
+7.016686e+003	   +5.078788e+001
+7.028359e+003	   +5.087515e+001
+7.040053e+003	   +5.096038e+001
+7.051766e+003	   +5.090425e+001
+7.063498e+003	   +5.091166e+001
+7.075250e+003	   +5.101918e+001
+7.087021e+003	   +5.102173e+001
+7.098813e+003	   +5.098862e+001
+7.110623e+003	   +5.109459e+001
+7.122454e+003	   +5.109491e+001
+7.134303e+003	   +5.108908e+001
+7.146173e+003	   +5.111531e+001
+7.158063e+003	   +5.112337e+001
+7.169972e+003	   +5.119184e+001
+7.181901e+003	   +5.122278e+001
+7.193850e+003	   +5.123669e+001
+7.205818e+003	   +5.125833e+001
+7.217807e+003	   +5.122836e+001
+7.229815e+003	   +5.115916e+001
+7.241844e+003	   +5.123129e+001
+7.253893e+003	   +5.136814e+001
+7.265961e+003	   +5.130615e+001
+7.278050e+003	   +5.139743e+001
+7.290159e+003	   +5.139637e+001
+7.302288e+003	   +5.144949e+001
+7.314437e+003	   +5.145058e+001
+7.326606e+003	   +5.148275e+001
+7.338796e+003	   +5.150408e+001
+7.351006e+003	   +5.151372e+001
+7.363236e+003	   +5.155000e+001
+7.375487e+003	   +5.153765e+001
+7.387758e+003	   +5.157081e+001
+7.400049e+003	   +5.160722e+001
+7.412361e+003	   +5.163828e+001
+7.424693e+003	   +5.160243e+001
+7.437046e+003	   +5.170742e+001
+7.449419e+003	   +5.165965e+001
+7.461813e+003	   +5.171041e+001
+7.474228e+003	   +5.174924e+001
+7.486663e+003	   +5.174612e+001
+7.499119e+003	   +5.176527e+001
+7.511596e+003	   +5.181754e+001
+7.524093e+003	   +5.179099e+001
+7.536611e+003	   +5.180819e+001
+7.549150e+003	   +5.183978e+001
+7.561710e+003	   +5.187665e+001
+7.574291e+003	   +5.189111e+001
+7.586893e+003	   +5.192339e+001
+7.599515e+003	   +5.192993e+001
+7.612159e+003	   +5.193445e+001
+7.624824e+003	   +5.194627e+001
+7.637509e+003	   +5.200303e+001
+7.650216e+003	   +5.202399e+001
+7.662944e+003	   +5.202175e+001
+7.675693e+003	   +5.205247e+001
+7.688464e+003	   +5.206155e+001
+7.701255e+003	   +5.206610e+001
+7.714068e+003	   +5.213826e+001
+7.726903e+003	   +5.209841e+001
+7.739758e+003	   +5.216639e+001
+7.752635e+003	   +5.212827e+001
+7.765534e+003	   +5.220554e+001
+7.778454e+003	   +5.220904e+001
+7.791395e+003	   +5.227523e+001
+7.804358e+003	   +5.222763e+001
+7.817342e+003	   +5.230729e+001
+7.830349e+003	   +5.228125e+001
+7.843376e+003	   +5.231121e+001
+7.856426e+003	   +5.234639e+001
+7.869497e+003	   +5.240166e+001
+7.882589e+003	   +5.233807e+001
+7.895704e+003	   +5.243291e+001
+7.908841e+003	   +5.241218e+001
+7.921999e+003	   +5.240264e+001
+7.935179e+003	   +5.241841e+001
+7.948381e+003	   +5.246698e+001
+7.961605e+003	   +5.252503e+001
+7.974852e+003	   +5.253251e+001
+7.988120e+003	   +5.250204e+001
+8.001410e+003	   +5.256366e+001
+8.014722e+003	   +5.253462e+001
+8.028057e+003	   +5.257195e+001
+8.041413e+003	   +5.259280e+001
+8.054792e+003	   +5.264333e+001
+8.068193e+003	   +5.262547e+001
+8.081617e+003	   +5.266308e+001
+8.095063e+003	   +5.266696e+001
+8.108531e+003	   +5.267528e+001
+8.122021e+003	   +5.266636e+001
+8.135534e+003	   +5.270776e+001
+8.149070e+003	   +5.268247e+001
+8.162627e+003	   +5.276066e+001
+8.176208e+003	   +5.277123e+001
+8.189811e+003	   +5.276998e+001
+8.203438e+003	   +5.277616e+001
+8.217086e+003	   +5.279098e+001
+8.230757e+003	   +5.285810e+001
+8.244450e+003	   +5.285954e+001
+8.258167e+003	   +5.286189e+001
+8.271906e+003	   +5.291875e+001
+8.285669e+003	   +5.290747e+001
+8.299454e+003	   +5.289084e+001
+8.313263e+003	   +5.294983e+001
+8.327094e+003	   +5.297846e+001
+8.340948e+003	   +5.302940e+001
+8.354825e+003	   +5.300742e+001
+8.368726e+003	   +5.303397e+001
+8.382648e+003	   +5.303472e+001
+8.396596e+003	   +5.305197e+001
+8.410565e+003	   +5.306067e+001
+8.424559e+003	   +5.310855e+001
+8.438574e+003	   +5.312706e+001
+8.452614e+003	   +5.316581e+001
+8.466678e+003	   +5.314417e+001
+8.480764e+003	   +5.318187e+001
+8.494874e+003	   +5.322015e+001
+8.509007e+003	   +5.325032e+001
+8.523164e+003	   +5.322595e+001
+8.537344e+003	   +5.324020e+001
+8.551548e+003	   +5.327341e+001
+8.565775e+003	   +5.330136e+001
+8.580027e+003	   +5.331117e+001
+8.594302e+003	   +5.337302e+001
+8.608601e+003	   +5.334280e+001
+8.622923e+003	   +5.339502e+001
+8.637270e+003	   +5.335712e+001
+8.651640e+003	   +5.344093e+001
+8.666034e+003	   +5.341209e+001
+8.680452e+003	   +5.343010e+001
+8.694895e+003	   +5.342047e+001
+8.709360e+003	   +5.349308e+001
+8.723851e+003	   +5.346144e+001
+8.738364e+003	   +5.352337e+001
+8.752903e+003	   +5.350214e+001
+8.767466e+003	   +5.356350e+001
+8.782053e+003	   +5.354385e+001
+8.796664e+003	   +5.356735e+001
+8.811299e+003	   +5.358578e+001
+8.825959e+003	   +5.363991e+001
+8.840643e+003	   +5.360683e+001
+8.855352e+003	   +5.363637e+001
+8.870085e+003	   +5.363042e+001
+8.884842e+003	   +5.364471e+001
+8.899624e+003	   +5.368411e+001
+8.914431e+003	   +5.373298e+001
+8.929263e+003	   +5.372424e+001
+8.944118e+003	   +5.374991e+001
+8.958999e+003	   +5.372121e+001
+8.973904e+003	   +5.376945e+001
+8.988835e+003	   +5.372461e+001
+9.003790e+003	   +5.381831e+001
+9.018771e+003	   +5.375544e+001
+9.033775e+003	   +5.380752e+001
+9.048805e+003	   +5.383269e+001
+9.063860e+003	   +5.385682e+001
+9.078940e+003	   +5.384033e+001
+9.094045e+003	   +5.388599e+001
+9.109175e+003	   +5.390098e+001
+9.124331e+003	   +5.389886e+001
+9.139511e+003	   +5.387884e+001
+9.154717e+003	   +5.392404e+001
+9.169948e+003	   +5.392022e+001
+9.185204e+003	   +5.396639e+001
+9.200486e+003	   +5.393224e+001
+9.215794e+003	   +5.399276e+001
+9.231126e+003	   +5.403664e+001
+9.246484e+003	   +5.401933e+001
+9.261868e+003	   +5.409165e+001
+9.277278e+003	   +5.408228e+001
+9.292713e+003	   +5.406560e+001
+9.308174e+003	   +5.413721e+001
+9.323660e+003	   +5.411068e+001
+9.339172e+003	   +5.415127e+001
+9.354710e+003	   +5.409983e+001
+9.370274e+003	   +5.413629e+001
+9.385864e+003	   +5.419095e+001
+9.401479e+003	   +5.412734e+001
+9.417121e+003	   +5.416750e+001
+9.432789e+003	   +5.415718e+001
+9.448482e+003	   +5.416523e+001
+9.464203e+003	   +5.417732e+001
+9.479949e+003	   +5.423126e+001
+9.495721e+003	   +5.421339e+001
+9.511520e+003	   +5.424904e+001
+9.527345e+003	   +5.417703e+001
+9.543195e+003	   +5.429176e+001
+9.559073e+003	   +5.422791e+001
+9.574977e+003	   +5.426281e+001
+9.590907e+003	   +5.433523e+001
+9.606864e+003	   +5.431689e+001
+9.622848e+003	   +5.431509e+001
+9.638857e+003	   +5.429526e+001
+9.654894e+003	   +5.431977e+001
+9.670957e+003	   +5.444235e+001
+9.687047e+003	   +5.445292e+001
+9.703164e+003	   +5.438980e+001
+9.719308e+003	   +5.443575e+001
+9.735479e+003	   +5.449921e+001
+9.751676e+003	   +5.450320e+001
+9.767899e+003	   +5.450262e+001
+9.784151e+003	   +5.451995e+001
+9.800430e+003	   +5.449411e+001
+9.816734e+003	   +5.454653e+001
+9.833067e+003	   +5.454506e+001
+9.849427e+003	   +5.456729e+001
+9.865814e+003	   +5.456400e+001
+9.882229e+003	   +5.454460e+001
+9.898670e+003	   +5.460035e+001
+9.915139e+003	   +5.455127e+001
+9.931635e+003	   +5.463620e+001
+9.948159e+003	   +5.457330e+001
+9.964710e+003	   +5.468389e+001
+9.981289e+003	   +5.460984e+001
+9.997895e+003	   +5.464951e+001
+1.001453e+004	   +5.468059e+001
+1.003119e+004	   +5.467000e+001
+1.004788e+004	   +5.473135e+001
+1.006460e+004	   +5.465949e+001
+1.008134e+004	   +5.474572e+001
+1.009812e+004	   +5.473483e+001
+1.011492e+004	   +5.471676e+001
+1.013174e+004	   +5.474939e+001
+1.014860e+004	   +5.474413e+001
+1.016549e+004	   +5.480181e+001
+1.018240e+004	   +5.473340e+001
+1.019934e+004	   +5.485186e+001
+1.021631e+004	   +5.478786e+001
+1.023331e+004	   +5.483160e+001
+1.025033e+004	   +5.482130e+001
+1.026739e+004	   +5.485196e+001
+1.028447e+004	   +5.488312e+001
+1.030158e+004	   +5.485541e+001
+1.031872e+004	   +5.484095e+001
+1.033589e+004	   +5.489164e+001
+1.035308e+004	   +5.486393e+001
+1.037031e+004	   +5.492160e+001
+1.038756e+004	   +5.488774e+001
+1.040484e+004	   +5.489779e+001
+1.042215e+004	   +5.494675e+001
+1.043949e+004	   +5.491514e+001
+1.045686e+004	   +5.501255e+001
+1.047426e+004	   +5.495491e+001
+1.049169e+004	   +5.494838e+001
+1.050914e+004	   +5.496099e+001
+1.052663e+004	   +5.499343e+001
+1.054414e+004	   +5.501430e+001
+1.056168e+004	   +5.501871e+001
+1.057925e+004	   +5.503717e+001
+1.059686e+004	   +5.507298e+001
+1.061449e+004	   +5.503799e+001
+1.063215e+004	   +5.509946e+001
+1.064983e+004	   +5.510035e+001
+1.066755e+004	   +5.505660e+001
+1.068530e+004	   +5.509402e+001
+1.070308e+004	   +5.512899e+001
+1.072089e+004	   +5.511326e+001
+1.073872e+004	   +5.517640e+001
+1.075659e+004	   +5.510237e+001
+1.077449e+004	   +5.519799e+001
+1.079241e+004	   +5.513826e+001
+1.081037e+004	   +5.519686e+001
+1.082835e+004	   +5.516117e+001
+1.084637e+004	   +5.522246e+001
+1.086442e+004	   +5.515323e+001
+1.088249e+004	   +5.527356e+001
+1.090060e+004	   +5.518507e+001
+1.091873e+004	   +5.527472e+001
+1.093690e+004	   +5.522274e+001
+1.095509e+004	   +5.531479e+001
+1.097332e+004	   +5.524852e+001
+1.099158e+004	   +5.529812e+001
+1.100987e+004	   +5.526556e+001
+1.102818e+004	   +5.531839e+001
+1.104653e+004	   +5.523799e+001
+1.106491e+004	   +5.525932e+001
+1.108332e+004	   +5.522395e+001
+1.110176e+004	   +5.530872e+001
+1.112023e+004	   +5.523241e+001
+1.113873e+004	   +5.536354e+001
+1.115726e+004	   +5.531990e+001
+1.117583e+004	   +5.535445e+001
+1.119442e+004	   +5.532492e+001
+1.121304e+004	   +5.537960e+001
+1.123170e+004	   +5.533702e+001
+1.125039e+004	   +5.540895e+001
+1.126910e+004	   +5.534846e+001
+1.128785e+004	   +5.544837e+001
+1.130663e+004	   +5.531583e+001
+1.132544e+004	   +5.544315e+001
+1.134429e+004	   +5.541861e+001
+1.136316e+004	   +5.545403e+001
+1.138207e+004	   +5.545818e+001
+1.140100e+004	   +5.547039e+001
+1.141997e+004	   +5.541965e+001
+1.143897e+004	   +5.546999e+001
+1.145800e+004	   +5.536984e+001
+1.147707e+004	   +5.550305e+001
+1.149616e+004	   +5.544187e+001
+1.151529e+004	   +5.549526e+001
+1.153445e+004	   +5.547536e+001
+1.155364e+004	   +5.549257e+001
+1.157286e+004	   +5.551554e+001
+1.159211e+004	   +5.552626e+001
+1.161140e+004	   +5.540548e+001
+1.163072e+004	   +5.553947e+001
+1.165007e+004	   +5.548249e+001
+1.166945e+004	   +5.551299e+001
+1.168887e+004	   +5.550660e+001
+1.170831e+004	   +5.546077e+001
+1.172779e+004	   +5.555962e+001
+1.174731e+004	   +5.548884e+001
+1.176685e+004	   +5.559861e+001
+1.178643e+004	   +5.555031e+001
+1.180604e+004	   +5.547972e+001
+1.182568e+004	   +5.555715e+001
+1.184535e+004	   +5.557636e+001
+1.186506e+004	   +5.555563e+001
+1.188480e+004	   +5.559288e+001
+1.190458e+004	   +5.550752e+001
+1.192438e+004	   +5.559638e+001
+1.194422e+004	   +5.549797e+001
+1.196409e+004	   +5.560231e+001
+1.198400e+004	   +5.555808e+001
+1.200394e+004	   +5.560693e+001
+1.202391e+004	   +5.551914e+001
+1.204391e+004	   +5.559636e+001
+1.206395e+004	   +5.550039e+001
+1.208402e+004	   +5.562397e+001
+1.210413e+004	   +5.554258e+001
+1.212427e+004	   +5.563235e+001
+1.214444e+004	   +5.557945e+001
+1.216464e+004	   +5.564640e+001
+1.218488e+004	   +5.556062e+001
+1.220515e+004	   +5.565983e+001
+1.222546e+004	   +5.557683e+001
+1.224580e+004	   +5.570614e+001
+1.226617e+004	   +5.562344e+001
+1.228658e+004	   +5.567766e+001
+1.230702e+004	   +5.572503e+001
+1.232750e+004	   +5.565785e+001
+1.234801e+004	   +5.577185e+001
+1.236855e+004	   +5.566844e+001
+1.238913e+004	   +5.567787e+001
+1.240974e+004	   +5.577814e+001
+1.243039e+004	   +5.567781e+001
+1.245107e+004	   +5.567791e+001
+1.247179e+004	   +5.574118e+001
+1.249254e+004	   +5.566880e+001
+1.251332e+004	   +5.579166e+001
+1.253414e+004	   +5.568070e+001
+1.255499e+004	   +5.581052e+001
+1.257588e+004	   +5.568686e+001
+1.259680e+004	   +5.579184e+001
+1.261776e+004	   +5.572112e+001
+1.263876e+004	   +5.579946e+001
+1.265978e+004	   +5.579678e+001
+1.268085e+004	   +5.577057e+001
+1.270194e+004	   +5.572087e+001
+1.272308e+004	   +5.590262e+001
+1.274424e+004	   +5.570155e+001
+1.276545e+004	   +5.577972e+001
+1.278669e+004	   +5.565491e+001
+1.280796e+004	   +5.582219e+001
+1.282927e+004	   +5.578122e+001
+1.285061e+004	   +5.587104e+001
+1.287199e+004	   +5.583001e+001
+1.289341e+004	   +5.584414e+001
+1.291486e+004	   +5.583605e+001
+1.293635e+004	   +5.574049e+001
+1.295787e+004	   +5.562009e+001
+1.297943e+004	   +5.576077e+001
+1.300102e+004	   +5.562754e+001
+1.302265e+004	   +5.577501e+001
+1.304432e+004	   +5.570924e+001
+1.306602e+004	   +5.572552e+001
+1.308776e+004	   +5.575627e+001
+1.310954e+004	   +5.570469e+001
+1.313135e+004	   +5.559550e+001
+1.315320e+004	   +5.571986e+001
+1.317508e+004	   +5.560808e+001
+1.319700e+004	   +5.565342e+001
+1.321896e+004	   +5.581542e+001
+1.324095e+004	   +5.567158e+001
+1.326298e+004	   +5.569968e+001
+1.328504e+004	   +5.565786e+001
+1.330715e+004	   +5.576267e+001
+1.332929e+004	   +5.568476e+001
+1.335146e+004	   +5.579569e+001
+1.337368e+004	   +5.577792e+001
+1.339593e+004	   +5.582643e+001
+1.341821e+004	   +5.576825e+001
+1.344054e+004	   +5.583229e+001
+1.346290e+004	   +5.564547e+001
+1.348530e+004	   +5.580794e+001
+1.350774e+004	   +5.564921e+001
+1.353021e+004	   +5.576001e+001
+1.355272e+004	   +5.570645e+001
+1.357527e+004	   +5.572885e+001
+1.359785e+004	   +5.576071e+001
+1.362048e+004	   +5.572680e+001
+1.364314e+004	   +5.583529e+001
+1.366584e+004	   +5.570465e+001
+1.368857e+004	   +5.578377e+001
+1.371135e+004	   +5.568708e+001
+1.373416e+004	   +5.565837e+001
+1.375701e+004	   +5.577144e+001
+1.377990e+004	   +5.563859e+001
+1.380282e+004	   +5.578664e+001
+1.382579e+004	   +5.573473e+001
+1.384879e+004	   +5.577644e+001
+1.387183e+004	   +5.562604e+001
+1.389491e+004	   +5.571108e+001
+1.391803e+004	   +5.562784e+001
+1.394119e+004	   +5.573716e+001
+1.396438e+004	   +5.558406e+001
+1.398761e+004	   +5.570438e+001
+1.401088e+004	   +5.562397e+001
+1.403420e+004	   +5.569552e+001
+1.405754e+004	   +5.568330e+001
+1.408093e+004	   +5.569053e+001
+1.410436e+004	   +5.561150e+001
+1.412783e+004	   +5.576145e+001
+1.415133e+004	   +5.555293e+001
+1.417488e+004	   +5.574163e+001
+1.419846e+004	   +5.578182e+001
+1.422208e+004	   +5.561608e+001
+1.424574e+004	   +5.568466e+001
+1.426945e+004	   +5.572717e+001
+1.429319e+004	   +5.572620e+001
+1.431697e+004	   +5.570689e+001
+1.434079e+004	   +5.581969e+001
+1.436465e+004	   +5.570552e+001
+1.438854e+004	   +5.586391e+001
+1.441248e+004	   +5.580595e+001
+1.443646e+004	   +5.569899e+001
+1.446048e+004	   +5.575400e+001
+1.448454e+004	   +5.556742e+001
+1.450864e+004	   +5.574087e+001
+1.453278e+004	   +5.561831e+001
+1.455696e+004	   +5.572506e+001
+1.458117e+004	   +5.560740e+001
+1.460543e+004	   +5.571591e+001
+1.462973e+004	   +5.562022e+001
+1.465407e+004	   +5.572502e+001
+1.467845e+004	   +5.551871e+001
+1.470288e+004	   +5.570143e+001
+1.472734e+004	   +5.557110e+001
+1.475184e+004	   +5.577008e+001
+1.477638e+004	   +5.561006e+001
+1.480097e+004	   +5.560644e+001
+1.482559e+004	   +5.568858e+001
+1.485026e+004	   +5.560535e+001
+1.487497e+004	   +5.558352e+001
+1.489971e+004	   +5.575553e+001
+1.492450e+004	   +5.576709e+001
+1.494933e+004	   +5.573475e+001
+1.497421e+004	   +5.574868e+001
+1.499912e+004	   +5.568256e+001
+1.502407e+004	   +5.588652e+001
+1.504907e+004	   +5.578394e+001
+1.507411e+004	   +5.565443e+001
+1.509919e+004	   +5.577215e+001
+1.512431e+004	   +5.558114e+001
+1.514947e+004	   +5.574804e+001
+1.517468e+004	   +5.568974e+001
+1.519992e+004	   +5.575224e+001
+1.522521e+004	   +5.573879e+001
+1.525054e+004	   +5.572114e+001
+1.527592e+004	   +5.572213e+001
+1.530133e+004	   +5.578153e+001
+1.532679e+004	   +5.560373e+001
+1.535229e+004	   +5.572455e+001
+1.537783e+004	   +5.560849e+001
+1.540342e+004	   +5.574479e+001
+1.542904e+004	   +5.576274e+001
+1.545471e+004	   +5.552858e+001
+1.548043e+004	   +5.553071e+001
+1.550618e+004	   +5.565296e+001
+1.553198e+004	   +5.556111e+001
+1.555782e+004	   +5.562098e+001
+1.558371e+004	   +5.564601e+001
+1.560963e+004	   +5.559315e+001
+1.563560e+004	   +5.565908e+001
+1.566162e+004	   +5.552536e+001
+1.568767e+004	   +5.529848e+001
+1.571377e+004	   +5.543717e+001
+1.573992e+004	   +5.528904e+001
+1.576611e+004	   +5.529040e+001
+1.579234e+004	   +5.537579e+001
+1.581861e+004	   +5.533248e+001
+1.584493e+004	   +5.541180e+001
+1.587129e+004	   +5.519745e+001
+1.589770e+004	   +5.539485e+001
+1.592415e+004	   +5.507690e+001
+1.595064e+004	   +5.497347e+001
+1.597718e+004	   +5.499551e+001
+1.600376e+004	   +5.486904e+001
+1.603039e+004	   +5.475064e+001
+1.605706e+004	   +5.485006e+001
+1.608377e+004	   +5.469664e+001
+1.611053e+004	   +5.488849e+001
+1.613733e+004	   +5.475298e+001
+1.616418e+004	   +5.497491e+001
+1.619108e+004	   +5.493007e+001
+1.621801e+004	   +5.488777e+001
+1.624500e+004	   +5.493773e+001
+1.627202e+004	   +5.505075e+001
+1.629910e+004	   +5.488391e+001
+1.632621e+004	   +5.506886e+001
+1.635338e+004	   +5.488729e+001
+1.638058e+004	   +5.501802e+001
+1.640784e+004	   +5.481797e+001
+1.643514e+004	   +5.496222e+001
+1.646248e+004	   +5.473413e+001
+1.648987e+004	   +5.482214e+001
+1.651730e+004	   +5.469526e+001
+1.654479e+004	   +5.486861e+001
+1.657231e+004	   +5.462992e+001
+1.659988e+004	   +5.480579e+001
+1.662750e+004	   +5.463227e+001
+1.665517e+004	   +5.479057e+001
+1.668288e+004	   +5.460814e+001
+1.671063e+004	   +5.476114e+001
+1.673843e+004	   +5.464038e+001
+1.676628e+004	   +5.484928e+001
+1.679418e+004	   +5.459182e+001
+1.682212e+004	   +5.480969e+001
+1.685011e+004	   +5.461075e+001
+1.687814e+004	   +5.481379e+001
+1.690622e+004	   +5.459327e+001
+1.693435e+004	   +5.480505e+001
+1.696252e+004	   +5.456107e+001
+1.699074e+004	   +5.478609e+001
+1.701901e+004	   +5.455875e+001
+1.704733e+004	   +5.475503e+001
+1.707569e+004	   +5.450294e+001
+1.710410e+004	   +5.465990e+001
+1.713256e+004	   +5.440310e+001
+1.716106e+004	   +5.453345e+001
+1.718961e+004	   +5.446200e+001
+1.721821e+004	   +5.443530e+001
+1.724686e+004	   +5.447168e+001
+1.727555e+004	   +5.443768e+001
+1.730430e+004	   +5.417803e+001
+1.733309e+004	   +5.444344e+001
+1.736192e+004	   +5.428997e+001
+1.739081e+004	   +5.448189e+001
+1.741974e+004	   +5.444558e+001
+1.744873e+004	   +5.451690e+001
+1.747776e+004	   +5.462552e+001
+1.750683e+004	   +5.448365e+001
+1.753596e+004	   +5.471040e+001
+1.756514e+004	   +5.454552e+001
+1.759436e+004	   +5.430926e+001
+1.762363e+004	   +5.447881e+001
+1.765296e+004	   +5.474873e+001
+1.768232e+004	   +5.460392e+001
+1.771174e+004	   +5.448495e+001
+1.774121e+004	   +5.466853e+001
+1.777073e+004	   +5.441560e+001
+1.780029e+004	   +5.462486e+001
+1.782991e+004	   +5.437375e+001
+1.785957e+004	   +5.455379e+001
+1.788929e+004	   +5.428212e+001
+1.791905e+004	   +5.445421e+001
+1.794886e+004	   +5.425524e+001
+1.797873e+004	   +5.436631e+001
+1.800864e+004	   +5.433787e+001
+1.803860e+004	   +5.437881e+001
+1.806861e+004	   +5.408002e+001
+1.809867e+004	   +5.432363e+001
+1.812879e+004	   +5.410865e+001
+1.815895e+004	   +5.438362e+001
+1.818916e+004	   +5.424465e+001
+1.821942e+004	   +5.436280e+001
+1.824973e+004	   +5.428260e+001
+1.828010e+004	   +5.430509e+001
+1.831051e+004	   +5.441643e+001
+1.834097e+004	   +5.431186e+001
+1.837149e+004	   +5.407779e+001
+1.840205e+004	   +5.428413e+001
+1.843267e+004	   +5.407549e+001
+1.846334e+004	   +5.428276e+001
+1.849406e+004	   +5.419525e+001
+1.852482e+004	   +5.423516e+001
+1.855565e+004	   +5.428309e+001
+1.858652e+004	   +5.435627e+001
+1.861744e+004	   +5.403897e+001
+1.864842e+004	   +5.430606e+001
+1.867944e+004	   +5.397941e+001
+1.871052e+004	   +5.424013e+001
+1.874165e+004	   +5.399116e+001
+1.877283e+004	   +5.419070e+001
+1.880406e+004	   +5.391106e+001
+1.883535e+004	   +5.409742e+001
+1.886669e+004	   +5.386095e+001
+1.889808e+004	   +5.406463e+001
+1.892952e+004	   +5.381078e+001
+1.896101e+004	   +5.402859e+001
+1.899256e+004	   +5.367122e+001
+1.902416e+004	   +5.390067e+001
+1.905581e+004	   +5.361693e+001
+1.908751e+004	   +5.386887e+001
+1.911927e+004	   +5.361927e+001
+1.915108e+004	   +5.379250e+001
+1.918294e+004	   +5.360608e+001
+1.921486e+004	   +5.370491e+001
+1.924682e+004	   +5.337865e+001
+1.927885e+004	   +5.357076e+001
+1.931092e+004	   +5.321537e+001
+1.934305e+004	   +5.334090e+001
+1.937523e+004	   +5.332162e+001
+1.940747e+004	   +5.328524e+001
+1.943976e+004	   +5.313764e+001
+1.947210e+004	   +5.332059e+001
+1.950450e+004	   +5.292894e+001
+1.953695e+004	   +5.314415e+001
+1.956945e+004	   +5.307235e+001
+1.960201e+004	   +5.292785e+001
+1.963462e+004	   +5.295013e+001
+1.966729e+004	   +5.294056e+001
+1.970001e+004	   +5.276053e+001
+1.973279e+004	   +5.266241e+001
+1.976562e+004	   +5.255706e+001
+1.979850e+004	   +5.264530e+001
+1.983144e+004	   +5.253899e+001
+1.986444e+004	   +5.278503e+001
+1.989749e+004	   +5.244239e+001
+1.993059e+004	   +5.255216e+001
+1.996375e+004	   +5.223712e+001
+1.999696e+004	   +5.253024e+001
+2.003023e+004	   +5.209975e+001
+2.006356e+004	   +5.208170e+001
+2.009694e+004	   +5.197062e+001
+2.013038e+004	   +5.171544e+001
+2.016387e+004	   +5.148767e+001
+2.019742e+004	   +5.155354e+001
+2.023102e+004	   +5.113510e+001
+2.026468e+004	   +5.116699e+001
+2.029839e+004	   +5.061661e+001
+2.033217e+004	   +5.019832e+001
+2.036599e+004	   +5.017039e+001
+2.039988e+004	   +5.006181e+001
+2.043382e+004	   +5.002303e+001
+2.046781e+004	   +4.974559e+001
+2.050187e+004	   +4.938205e+001
+2.053598e+004	   +4.963597e+001
+2.057014e+004	   +4.928916e+001
+2.060437e+004	   +4.958057e+001
+2.063865e+004	   +4.934216e+001
+2.067298e+004	   +4.982515e+001
+2.070738e+004	   +4.962808e+001
+2.074183e+004	   +4.996571e+001
+2.077634e+004	   +5.005193e+001
+2.081091e+004	   +5.066528e+001
+2.084553e+004	   +5.052360e+001
+2.088021e+004	   +5.061612e+001
+2.091495e+004	   +5.090906e+001
+2.094975e+004	   +5.111146e+001
+2.098461e+004	   +5.110342e+001
+2.101952e+004	   +5.124492e+001
+2.105449e+004	   +5.137982e+001
+2.108952e+004	   +5.171788e+001
+2.112461e+004	   +5.189154e+001
+2.115975e+004	   +5.156188e+001
+2.119496e+004	   +5.191986e+001
+2.123022e+004	   +5.174951e+001
+2.126554e+004	   +5.212164e+001
+2.130092e+004	   +5.182524e+001
+2.133636e+004	   +5.223473e+001
+2.137186e+004	   +5.203168e+001
+2.140742e+004	   +5.234249e+001
+2.144303e+004	   +5.230866e+001
+2.147871e+004	   +5.221545e+001
+2.151444e+004	   +5.212299e+001
+2.155024e+004	   +5.241862e+001
+2.158609e+004	   +5.200632e+001
+2.162201e+004	   +5.233541e+001
+2.165798e+004	   +5.216296e+001
+2.169401e+004	   +5.192973e+001
+2.173011e+004	   +5.227436e+001
+2.176626e+004	   +5.234737e+001
+2.180247e+004	   +5.203362e+001
+2.183875e+004	   +5.225280e+001
+2.187508e+004	   +5.179472e+001
+2.191148e+004	   +5.206647e+001
+2.194793e+004	   +5.174619e+001
+2.198445e+004	   +5.218980e+001
+2.202102e+004	   +5.172939e+001
+2.205766e+004	   +5.208691e+001
+2.209436e+004	   +5.171891e+001
+2.213112e+004	   +5.202956e+001
+2.216794e+004	   +5.162080e+001
+2.220482e+004	   +5.191670e+001
+2.224176e+004	   +5.146006e+001
+2.227877e+004	   +5.183252e+001
+2.231584e+004	   +5.142171e+001
+2.235296e+004	   +5.184273e+001
+2.239015e+004	   +5.147175e+001
+2.242740e+004	   +5.185745e+001
+2.246472e+004	   +5.168332e+001
+2.250209e+004	   +5.177214e+001
+2.253953e+004	   +5.138370e+001
+2.257703e+004	   +5.173727e+001
+2.261459e+004	   +5.131271e+001
+2.265222e+004	   +5.176786e+001
+2.268991e+004	   +5.132566e+001
+2.272766e+004	   +5.170083e+001
+2.276547e+004	   +5.145375e+001
+2.280335e+004	   +5.161940e+001
+2.284129e+004	   +5.171547e+001
+2.287929e+004	   +5.159578e+001
+2.291735e+004	   +5.111733e+001
+2.295548e+004	   +5.153797e+001
+2.299367e+004	   +5.107565e+001
+2.303193e+004	   +5.144149e+001
+2.307025e+004	   +5.111266e+001
+2.310863e+004	   +5.132098e+001
+2.314708e+004	   +5.137644e+001
+2.318559e+004	   +5.125441e+001
+2.322416e+004	   +5.141485e+001
+2.326280e+004	   +5.120288e+001
+2.330151e+004	   +5.116680e+001
+2.334027e+004	   +5.082986e+001
+2.337911e+004	   +5.105594e+001
+2.341800e+004	   +5.108591e+001
+2.345696e+004	   +5.109943e+001
+2.349599e+004	   +5.102024e+001
+2.353508e+004	   +5.125667e+001
+2.357424e+004	   +5.099989e+001
+2.361346e+004	   +5.050397e+001
+2.365275e+004	   +5.090129e+001
+2.369210e+004	   +5.090451e+001
+2.373152e+004	   +5.049042e+001
+2.377100e+004	   +5.082370e+001
+2.381055e+004	   +5.076787e+001
+2.385016e+004	   +5.105917e+001
+2.388985e+004	   +5.102217e+001
+2.392959e+004	   +5.103683e+001
+2.396940e+004	   +5.061794e+001
+2.400928e+004	   +5.100205e+001
+2.404923e+004	   +5.048579e+001
+2.408924e+004	   +5.091470e+001
+2.412932e+004	   +5.076265e+001
+2.416946e+004	   +5.024638e+001
+2.420968e+004	   +5.065490e+001
+2.424996e+004	   +5.059093e+001
+2.429030e+004	   +5.036029e+001
+2.433071e+004	   +5.048190e+001
+2.437119e+004	   +5.061077e+001
+2.441174e+004	   +5.040216e+001
+2.445236e+004	   +5.072468e+001
+2.449304e+004	   +5.040570e+001
+2.453379e+004	   +4.999612e+001
+2.457461e+004	   +5.048148e+001
+2.461549e+004	   +5.001258e+001
+2.465645e+004	   +5.050121e+001
+2.469747e+004	   +4.992693e+001
+2.473856e+004	   +4.994364e+001
+2.477972e+004	   +5.032558e+001
+2.482095e+004	   +4.988459e+001
+2.486224e+004	   +5.031266e+001
+2.490361e+004	   +4.971100e+001
+2.494504e+004	   +5.025504e+001
+2.498654e+004	   +4.968033e+001
+2.502811e+004	   +5.021037e+001
+2.506975e+004	   +4.965195e+001
+2.511146e+004	   +5.010778e+001
+2.515324e+004	   +4.957488e+001
+2.519509e+004	   +5.001109e+001
+2.523701e+004	   +4.958297e+001
+2.527900e+004	   +4.962642e+001
+2.532105e+004	   +5.000636e+001
+2.536318e+004	   +4.988020e+001
+2.540538e+004	   +4.959095e+001
+2.544765e+004	   +4.996883e+001
+2.548999e+004	   +4.961094e+001
+2.553239e+004	   +4.914194e+001
+2.557488e+004	   +4.953188e+001
+2.561742e+004	   +4.934200e+001
+2.566004e+004	   +4.948390e+001
+2.570274e+004	   +4.927322e+001
+2.574550e+004	   +4.963131e+001
+2.578833e+004	   +4.945453e+001
+2.583124e+004	   +4.962606e+001
+2.587422e+004	   +4.892163e+001
+2.591726e+004	   +4.944916e+001
+2.596038e+004	   +4.965811e+001
+2.600358e+004	   +4.970861e+001
+2.604684e+004	   +4.920345e+001
+2.609017e+004	   +4.966656e+001
+2.613358e+004	   +4.919145e+001
+2.617706e+004	   +4.929733e+001
+2.622061e+004	   +4.908807e+001
+2.626424e+004	   +4.944518e+001
+2.630794e+004	   +4.899461e+001
+2.635171e+004	   +4.946921e+001
+2.639555e+004	   +4.890133e+001
+2.643946e+004	   +4.940039e+001
+2.648345e+004	   +4.893829e+001
+2.652751e+004	   +4.900211e+001
+2.657165e+004	   +4.913488e+001
+2.661586e+004	   +4.850315e+001
+2.666014e+004	   +4.904509e+001
+2.670449e+004	   +4.868252e+001
+2.674892e+004	   +4.898552e+001
+2.679343e+004	   +4.887329e+001
+2.683800e+004	   +4.905053e+001
+2.688266e+004	   +4.834154e+001
+2.692738e+004	   +4.882986e+001
+2.697218e+004	   +4.829244e+001
+2.701706e+004	   +4.908095e+001
+2.706201e+004	   +4.889889e+001
+2.710703e+004	   +4.841389e+001
+2.715213e+004	   +4.854784e+001
+2.719730e+004	   +4.869033e+001
+2.724255e+004	   +4.828393e+001
+2.728788e+004	   +4.864452e+001
+2.733328e+004	   +4.852753e+001
+2.737876e+004	   +4.865745e+001
+2.742431e+004	   +4.879760e+001
+2.746993e+004	   +4.859280e+001
+2.751564e+004	   +4.789502e+001
+2.756142e+004	   +4.854820e+001
+2.760727e+004	   +4.816891e+001
+2.765320e+004	   +4.842327e+001
+2.769921e+004	   +4.839389e+001
+2.774529e+004	   +4.837275e+001
+2.779146e+004	   +4.862643e+001
+2.783769e+004	   +4.835754e+001
+2.788401e+004	   +4.880739e+001
+2.793040e+004	   +4.823293e+001
+2.797687e+004	   +4.840384e+001
+2.802342e+004	   +4.773640e+001
+2.807004e+004	   +4.864838e+001
+2.811674e+004	   +4.809732e+001
+2.816352e+004	   +4.856588e+001
+2.821038e+004	   +4.800252e+001
+2.825731e+004	   +4.852177e+001
+2.830433e+004	   +4.791824e+001
+2.835142e+004	   +4.856173e+001
+2.839859e+004	   +4.781830e+001
+2.844583e+004	   +4.835909e+001
+2.849316e+004	   +4.775802e+001
+2.854057e+004	   +4.837171e+001
+2.858805e+004	   +4.813229e+001
+2.863561e+004	   +4.793341e+001
+2.868326e+004	   +4.813923e+001
+2.873098e+004	   +4.777810e+001
+2.877878e+004	   +4.842208e+001
+2.882666e+004	   +4.777388e+001
+2.887462e+004	   +4.832056e+001
+2.892266e+004	   +4.843900e+001
+2.897078e+004	   +4.845457e+001
+2.901898e+004	   +4.781693e+001
+2.906726e+004	   +4.751188e+001
+2.911562e+004	   +4.773156e+001
+2.916406e+004	   +4.775874e+001
+2.921258e+004	   +4.805057e+001
+2.926119e+004	   +4.768509e+001
+2.930987e+004	   +4.829573e+001
+2.935863e+004	   +4.820921e+001
+2.940748e+004	   +4.785133e+001
+2.945640e+004	   +4.718119e+001
+2.950541e+004	   +4.754470e+001
+2.955450e+004	   +4.768036e+001
+2.960367e+004	   +4.804421e+001
+2.965293e+004	   +4.764113e+001
+2.970226e+004	   +4.818838e+001
+2.975168e+004	   +4.762727e+001
+2.980118e+004	   +4.728394e+001
+2.985076e+004	   +4.759871e+001
+2.990042e+004	   +4.749260e+001
+2.995017e+004	   +4.784080e+001
+3.000000e+004	   +4.738085e+001
