+1.000000e+003	   +2.495865e+001
+1.001664e+003	   +2.491214e+001
+1.003330e+003	   +2.487245e+001
+1.005000e+003	   +2.490120e+001
+1.006672e+003	   +2.477282e+001
+1.008346e+003	   +2.480952e+001
+1.010024e+003	   +2.477906e+001
+1.011705e+003	   +2.470822e+001
+1.013388e+003	   +2.473453e+001
+1.015074e+003	   +2.469497e+001
+1.016763e+003	   +2.462686e+001
+1.018454e+003	   +2.462925e+001
+1.020149e+003	   +2.456610e+001
+1.021846e+003	   +2.457229e+001
+1.023546e+003	   +2.456933e+001
+1.025249e+003	   +2.452588e+001
+1.026955e+003	   +2.447237e+001
+1.028663e+003	   +2.443760e+001
+1.030375e+003	   +2.447579e+001
+1.032089e+003	   +2.440502e+001
+1.033806e+003	   +2.441369e+001
+1.035526e+003	   +2.436374e+001
+1.037249e+003	   +2.433654e+001
+1.038975e+003	   +2.428045e+001
+1.040703e+003	   +2.420768e+001
+1.042435e+003	   +2.422053e+001
+1.044169e+003	   +2.420812e+001
+1.045906e+003	   +2.423799e+001
+1.047646e+003	   +2.412935e+001
+1.049390e+003	   +2.418522e+001
+1.051135e+003	   +2.411386e+001
+1.052884e+003	   +2.417070e+001
+1.054636e+003	   +2.401985e+001
+1.056391e+003	   +2.408198e+001
+1.058148e+003	   +2.399983e+001
+1.059909e+003	   +2.397687e+001
+1.061672e+003	   +2.398900e+001
+1.063438e+003	   +2.389687e+001
+1.065208e+003	   +2.390744e+001
+1.066980e+003	   +2.393448e+001
+1.068755e+003	   +2.380101e+001
+1.070533e+003	   +2.382425e+001
+1.072314e+003	   +2.379181e+001
+1.074099e+003	   +2.375301e+001
+1.075885e+003	   +2.371654e+001
+1.077676e+003	   +2.368045e+001
+1.079469e+003	   +2.365117e+001
+1.081264e+003	   +2.362037e+001
+1.083063e+003	   +2.354056e+001
+1.084865e+003	   +2.355926e+001
+1.086670e+003	   +2.349996e+001
+1.088478e+003	   +2.350406e+001
+1.090289e+003	   +2.346381e+001
+1.092103e+003	   +2.346365e+001
+1.093920e+003	   +2.342511e+001
+1.095740e+003	   +2.342748e+001
+1.097563e+003	   +2.338268e+001
+1.099389e+003	   +2.332634e+001
+1.101218e+003	   +2.330432e+001
+1.103050e+003	   +2.331963e+001
+1.104886e+003	   +2.328054e+001
+1.106724e+003	   +2.323617e+001
+1.108565e+003	   +2.322638e+001
+1.110410e+003	   +2.321330e+001
+1.112257e+003	   +2.317001e+001
+1.114108e+003	   +2.314111e+001
+1.115961e+003	   +2.314885e+001
+1.117818e+003	   +2.306357e+001
+1.119678e+003	   +2.311271e+001
+1.121540e+003	   +2.304798e+001
+1.123406e+003	   +2.298704e+001
+1.125276e+003	   +2.295872e+001
+1.127148e+003	   +2.292069e+001
+1.129023e+003	   +2.292107e+001
+1.130901e+003	   +2.288076e+001
+1.132783e+003	   +2.288542e+001
+1.134667e+003	   +2.283647e+001
+1.136555e+003	   +2.281307e+001
+1.138446e+003	   +2.281604e+001
+1.140340e+003	   +2.273526e+001
+1.142238e+003	   +2.271988e+001
+1.144138e+003	   +2.267315e+001
+1.146042e+003	   +2.267812e+001
+1.147948e+003	   +2.261452e+001
+1.149858e+003	   +2.257482e+001
+1.151771e+003	   +2.253351e+001
+1.153688e+003	   +2.261794e+001
+1.155607e+003	   +2.251163e+001
+1.157530e+003	   +2.251621e+001
+1.159455e+003	   +2.245360e+001
+1.161384e+003	   +2.244530e+001
+1.163317e+003	   +2.240803e+001
+1.165252e+003	   +2.242076e+001
+1.167191e+003	   +2.238606e+001
+1.169133e+003	   +2.233137e+001
+1.171078e+003	   +2.230905e+001
+1.173026e+003	   +2.231295e+001
+1.174978e+003	   +2.220410e+001
+1.176933e+003	   +2.228035e+001
+1.178891e+003	   +2.216398e+001
+1.180852e+003	   +2.211188e+001
+1.182817e+003	   +2.219227e+001
+1.184785e+003	   +2.204943e+001
+1.186756e+003	   +2.212370e+001
+1.188730e+003	   +2.203186e+001
+1.190708e+003	   +2.204214e+001
+1.192689e+003	   +2.203555e+001
+1.194674e+003	   +2.194737e+001
+1.196661e+003	   +2.196049e+001
+1.198652e+003	   +2.190290e+001
+1.200646e+003	   +2.190083e+001
+1.202644e+003	   +2.187427e+001
+1.204645e+003	   +2.181080e+001
+1.206649e+003	   +2.177609e+001
+1.208657e+003	   +2.178440e+001
+1.210668e+003	   +2.175301e+001
+1.212682e+003	   +2.171067e+001
+1.214699e+003	   +2.168643e+001
+1.216720e+003	   +2.165341e+001
+1.218745e+003	   +2.163015e+001
+1.220772e+003	   +2.163963e+001
+1.222803e+003	   +2.157844e+001
+1.224838e+003	   +2.156420e+001
+1.226876e+003	   +2.149246e+001
+1.228917e+003	   +2.149052e+001
+1.230961e+003	   +2.145304e+001
+1.233010e+003	   +2.141772e+001
+1.235061e+003	   +2.141393e+001
+1.237116e+003	   +2.138194e+001
+1.239174e+003	   +2.134370e+001
+1.241236e+003	   +2.136038e+001
+1.243301e+003	   +2.129587e+001
+1.245369e+003	   +2.125440e+001
+1.247441e+003	   +2.128592e+001
+1.249517e+003	   +2.123764e+001
+1.251596e+003	   +2.119172e+001
+1.253678e+003	   +2.109885e+001
+1.255764e+003	   +2.116195e+001
+1.257853e+003	   +2.105785e+001
+1.259946e+003	   +2.107623e+001
+1.262042e+003	   +2.101559e+001
+1.264142e+003	   +2.099356e+001
+1.266245e+003	   +2.099228e+001
+1.268352e+003	   +2.095734e+001
+1.270462e+003	   +2.089603e+001
+1.272576e+003	   +2.087747e+001
+1.274693e+003	   +2.088065e+001
+1.276814e+003	   +2.082295e+001
+1.278938e+003	   +2.080272e+001
+1.281066e+003	   +2.077848e+001
+1.283197e+003	   +2.075019e+001
+1.285332e+003	   +2.073830e+001
+1.287470e+003	   +2.068646e+001
+1.289612e+003	   +2.063657e+001
+1.291758e+003	   +2.063176e+001
+1.293907e+003	   +2.061663e+001
+1.296060e+003	   +2.057788e+001
+1.298216e+003	   +2.052662e+001
+1.300376e+003	   +2.051698e+001
+1.302540e+003	   +2.052179e+001
+1.304707e+003	   +2.046654e+001
+1.306877e+003	   +2.046128e+001
+1.309052e+003	   +2.043000e+001
+1.311230e+003	   +2.035764e+001
+1.313411e+003	   +2.035068e+001
+1.315596e+003	   +2.033257e+001
+1.317785e+003	   +2.029505e+001
+1.319978e+003	   +2.026989e+001
+1.322174e+003	   +2.025326e+001
+1.324374e+003	   +2.022433e+001
+1.326577e+003	   +2.018586e+001
+1.328784e+003	   +2.015036e+001
+1.330995e+003	   +2.011073e+001
+1.333209e+003	   +2.009612e+001
+1.335427e+003	   +2.004998e+001
+1.337649e+003	   +2.008200e+001
+1.339875e+003	   +1.994654e+001
+1.342104e+003	   +1.995650e+001
+1.344337e+003	   +2.015158e+001
+1.346573e+003	   +1.991577e+001
+1.348814e+003	   +1.993091e+001
+1.351058e+003	   +1.988452e+001
+1.353306e+003	   +1.985317e+001
+1.355557e+003	   +1.982416e+001
+1.357813e+003	   +1.978449e+001
+1.360072e+003	   +1.977918e+001
+1.362334e+003	   +1.978515e+001
+1.364601e+003	   +1.973330e+001
+1.366871e+003	   +1.970185e+001
+1.369146e+003	   +1.957928e+001
+1.371423e+003	   +1.946634e+001
+1.373705e+003	   +1.962979e+001
+1.375991e+003	   +1.959325e+001
+1.378280e+003	   +1.960560e+001
+1.380573e+003	   +1.959626e+001
+1.382870e+003	   +1.949825e+001
+1.385171e+003	   +1.952273e+001
+1.387475e+003	   +1.948268e+001
+1.389784e+003	   +1.940903e+001
+1.392096e+003	   +1.943423e+001
+1.394412e+003	   +1.934941e+001
+1.396732e+003	   +1.933019e+001
+1.399056e+003	   +1.934919e+001
+1.401384e+003	   +1.924317e+001
+1.403715e+003	   +1.927288e+001
+1.406050e+003	   +1.925438e+001
+1.408390e+003	   +1.927077e+001
+1.410733e+003	   +1.914093e+001
+1.413080e+003	   +1.915015e+001
+1.415431e+003	   +1.912164e+001
+1.417786e+003	   +1.913713e+001
+1.420145e+003	   +1.908891e+001
+1.422508e+003	   +1.905684e+001
+1.424874e+003	   +1.903475e+001
+1.427245e+003	   +1.900689e+001
+1.429620e+003	   +1.896995e+001
+1.431998e+003	   +1.895216e+001
+1.434380e+003	   +1.894841e+001
+1.436767e+003	   +1.886142e+001
+1.439157e+003	   +1.890494e+001
+1.441552e+003	   +1.889154e+001
+1.443950e+003	   +1.881295e+001
+1.446353e+003	   +1.871579e+001
+1.448759e+003	   +1.877191e+001
+1.451169e+003	   +1.875331e+001
+1.453584e+003	   +1.871819e+001
+1.456002e+003	   +1.866905e+001
+1.458424e+003	   +1.864139e+001
+1.460851e+003	   +1.863687e+001
+1.463281e+003	   +1.859091e+001
+1.465716e+003	   +1.856188e+001
+1.468154e+003	   +1.848743e+001
+1.470597e+003	   +1.844207e+001
+1.473044e+003	   +1.849424e+001
+1.475495e+003	   +1.844699e+001
+1.477949e+003	   +1.838494e+001
+1.480408e+003	   +1.841975e+001
+1.482871e+003	   +1.834162e+001
+1.485339e+003	   +1.834373e+001
+1.487810e+003	   +1.833635e+001
+1.490285e+003	   +1.828179e+001
+1.492765e+003	   +1.824442e+001
+1.495248e+003	   +1.824512e+001
+1.497736e+003	   +1.821217e+001
+1.500228e+003	   +1.817013e+001
+1.502724e+003	   +1.811812e+001
+1.505224e+003	   +1.814099e+001
+1.507728e+003	   +1.812923e+001
+1.510237e+003	   +1.808452e+001
+1.512749e+003	   +1.803600e+001
+1.515266e+003	   +1.796608e+001
+1.517787e+003	   +1.797239e+001
+1.520312e+003	   +1.793790e+001
+1.522842e+003	   +1.795926e+001
+1.525375e+003	   +1.786423e+001
+1.527913e+003	   +1.788179e+001
+1.530455e+003	   +1.781734e+001
+1.533002e+003	   +1.784058e+001
+1.535552e+003	   +1.778429e+001
+1.538107e+003	   +1.781029e+001
+1.540666e+003	   +1.770235e+001
+1.543229e+003	   +1.773414e+001
+1.545797e+003	   +1.767312e+001
+1.548369e+003	   +1.764492e+001
+1.550945e+003	   +1.760882e+001
+1.553525e+003	   +1.762733e+001
+1.556110e+003	   +1.760522e+001
+1.558699e+003	   +1.754427e+001
+1.561292e+003	   +1.752795e+001
+1.563890e+003	   +1.749346e+001
+1.566491e+003	   +1.748561e+001
+1.569098e+003	   +1.740144e+001
+1.571708e+003	   +1.739837e+001
+1.574323e+003	   +1.735556e+001
+1.576943e+003	   +1.732177e+001
+1.579566e+003	   +1.728655e+001
+1.582194e+003	   +1.724084e+001
+1.584826e+003	   +1.724861e+001
+1.587463e+003	   +1.721002e+001
+1.590104e+003	   +1.721410e+001
+1.592750e+003	   +1.717822e+001
+1.595400e+003	   +1.717406e+001
+1.598054e+003	   +1.713104e+001
+1.600713e+003	   +1.711365e+001
+1.603376e+003	   +1.710979e+001
+1.606044e+003	   +1.705638e+001
+1.608716e+003	   +1.704250e+001
+1.611392e+003	   +1.702711e+001
+1.614073e+003	   +1.701305e+001
+1.616759e+003	   +1.692035e+001
+1.619448e+003	   +1.689932e+001
+1.622143e+003	   +1.686106e+001
+1.624842e+003	   +1.682199e+001
+1.627545e+003	   +1.678438e+001
+1.630253e+003	   +1.682997e+001
+1.632965e+003	   +1.678502e+001
+1.635682e+003	   +1.674936e+001
+1.638403e+003	   +1.672123e+001
+1.641129e+003	   +1.670193e+001
+1.643860e+003	   +1.658961e+001
+1.646595e+003	   +1.659884e+001
+1.649334e+003	   +1.654361e+001
+1.652078e+003	   +1.652171e+001
+1.654827e+003	   +1.653501e+001
+1.657580e+003	   +1.647208e+001
+1.660338e+003	   +1.648249e+001
+1.663100e+003	   +1.641144e+001
+1.665867e+003	   +1.643355e+001
+1.668639e+003	   +1.640715e+001
+1.671415e+003	   +1.640299e+001
+1.674196e+003	   +1.633880e+001
+1.676981e+003	   +1.636495e+001
+1.679771e+003	   +1.627643e+001
+1.682566e+003	   +1.619832e+001
+1.685365e+003	   +1.623494e+001
+1.688169e+003	   +1.622551e+001
+1.690978e+003	   +1.616255e+001
+1.693792e+003	   +1.611200e+001
+1.696609e+003	   +1.611696e+001
+1.699432e+003	   +1.610109e+001
+1.702260e+003	   +1.610135e+001
+1.705092e+003	   +1.603797e+001
+1.707929e+003	   +1.604309e+001
+1.710770e+003	   +1.601143e+001
+1.713616e+003	   +1.593217e+001
+1.716468e+003	   +1.596014e+001
+1.719323e+003	   +1.584991e+001
+1.722184e+003	   +1.585930e+001
+1.725049e+003	   +1.584296e+001
+1.727919e+003	   +1.579172e+001
+1.730794e+003	   +1.578291e+001
+1.733674e+003	   +1.574248e+001
+1.736558e+003	   +1.574769e+001
+1.739447e+003	   +1.572964e+001
+1.742341e+003	   +1.570686e+001
+1.745240e+003	   +1.564128e+001
+1.748144e+003	   +1.562497e+001
+1.751052e+003	   +1.563630e+001
+1.753965e+003	   +1.555141e+001
+1.756884e+003	   +1.559991e+001
+1.759807e+003	   +1.554318e+001
+1.762734e+003	   +1.548010e+001
+1.765667e+003	   +1.549103e+001
+1.768605e+003	   +1.543391e+001
+1.771547e+003	   +1.542555e+001
+1.774495e+003	   +1.538626e+001
+1.777447e+003	   +1.535346e+001
+1.780404e+003	   +1.530255e+001
+1.783366e+003	   +1.530593e+001
+1.786333e+003	   +1.528546e+001
+1.789305e+003	   +1.523521e+001
+1.792282e+003	   +1.521974e+001
+1.795264e+003	   +1.521392e+001
+1.798251e+003	   +1.513738e+001
+1.801243e+003	   +1.515479e+001
+1.804240e+003	   +1.510340e+001
+1.807242e+003	   +1.507366e+001
+1.810248e+003	   +1.503139e+001
+1.813260e+003	   +1.503917e+001
+1.816277e+003	   +1.498582e+001
+1.819299e+003	   +1.500570e+001
+1.822326e+003	   +1.494874e+001
+1.825358e+003	   +1.490398e+001
+1.828395e+003	   +1.489228e+001
+1.831436e+003	   +1.485855e+001
+1.834484e+003	   +1.483276e+001
+1.837536e+003	   +1.480431e+001
+1.840593e+003	   +1.477600e+001
+1.843655e+003	   +1.475350e+001
+1.846722e+003	   +1.470952e+001
+1.849795e+003	   +1.469383e+001
+1.852873e+003	   +1.465830e+001
+1.855955e+003	   +1.463406e+001
+1.859043e+003	   +1.459327e+001
+1.862136e+003	   +1.458599e+001
+1.865234e+003	   +1.455434e+001
+1.868338e+003	   +1.453091e+001
+1.871446e+003	   +1.450520e+001
+1.874560e+003	   +1.448937e+001
+1.877678e+003	   +1.447368e+001
+1.880802e+003	   +1.444812e+001
+1.883932e+003	   +1.440370e+001
+1.887066e+003	   +1.440850e+001
+1.890205e+003	   +1.438213e+001
+1.893350e+003	   +1.428226e+001
+1.896500e+003	   +1.429889e+001
+1.899656e+003	   +1.425981e+001
+1.902816e+003	   +1.426854e+001
+1.905982e+003	   +1.420544e+001
+1.909153e+003	   +1.417579e+001
+1.912329e+003	   +1.416123e+001
+1.915511e+003	   +1.413878e+001
+1.918698e+003	   +1.409842e+001
+1.921890e+003	   +1.406654e+001
+1.925088e+003	   +1.404428e+001
+1.928291e+003	   +1.402452e+001
+1.931499e+003	   +1.398648e+001
+1.934712e+003	   +1.396860e+001
+1.937931e+003	   +1.393691e+001
+1.941155e+003	   +1.388522e+001
+1.944385e+003	   +1.385111e+001
+1.947620e+003	   +1.384463e+001
+1.950860e+003	   +1.381836e+001
+1.954106e+003	   +1.366209e+001
+1.957357e+003	   +1.375716e+001
+1.960614e+003	   +1.373331e+001
+1.963876e+003	   +1.371443e+001
+1.967143e+003	   +1.367288e+001
+1.970416e+003	   +1.366438e+001
+1.973694e+003	   +1.363676e+001
+1.976978e+003	   +1.361629e+001
+1.980267e+003	   +1.357800e+001
+1.983562e+003	   +1.352425e+001
+1.986862e+003	   +1.353904e+001
+1.990167e+003	   +1.349371e+001
+1.993479e+003	   +1.347454e+001
+1.996795e+003	   +1.344102e+001
+2.000117e+003	   +1.342314e+001
+2.003445e+003	   +1.340477e+001
+2.006778e+003	   +1.338737e+001
+2.010117e+003	   +1.335502e+001
+2.013462e+003	   +1.331827e+001
+2.016811e+003	   +1.330051e+001
+2.020167e+003	   +1.328099e+001
+2.023528e+003	   +1.324920e+001
+2.026895e+003	   +1.322491e+001
+2.030267e+003	   +1.319296e+001
+2.033645e+003	   +1.317591e+001
+2.037028e+003	   +1.316775e+001
+2.040417e+003	   +1.312090e+001
+2.043812e+003	   +1.309600e+001
+2.047212e+003	   +1.306223e+001
+2.050618e+003	   +1.303423e+001
+2.054030e+003	   +1.299783e+001
+2.057448e+003	   +1.297391e+001
+2.060871e+003	   +1.296816e+001
+2.064299e+003	   +1.288154e+001
+2.067734e+003	   +1.291391e+001
+2.071174e+003	   +1.287031e+001
+2.074620e+003	   +1.283360e+001
+2.078072e+003	   +1.280554e+001
+2.081529e+003	   +1.278456e+001
+2.084992e+003	   +1.274959e+001
+2.088461e+003	   +1.272914e+001
+2.091936e+003	   +1.269458e+001
+2.095416e+003	   +1.268273e+001
+2.098902e+003	   +1.265212e+001
+2.102394e+003	   +1.264485e+001
+2.105892e+003	   +1.262220e+001
+2.109396e+003	   +1.260480e+001
+2.112905e+003	   +1.256967e+001
+2.116421e+003	   +1.254408e+001
+2.119942e+003	   +1.249858e+001
+2.123469e+003	   +1.247417e+001
+2.127002e+003	   +1.244990e+001
+2.130541e+003	   +1.242748e+001
+2.134085e+003	   +1.239830e+001
+2.137636e+003	   +1.236902e+001
+2.141192e+003	   +1.233694e+001
+2.144755e+003	   +1.231689e+001
+2.148323e+003	   +1.227889e+001
+2.151897e+003	   +1.225188e+001
+2.155478e+003	   +1.222505e+001
+2.159064e+003	   +1.220009e+001
+2.162656e+003	   +1.217169e+001
+2.166254e+003	   +1.215010e+001
+2.169858e+003	   +1.212352e+001
+2.173468e+003	   +1.210581e+001
+2.177084e+003	   +1.207545e+001
+2.180706e+003	   +1.201647e+001
+2.184334e+003	   +1.200900e+001
+2.187969e+003	   +1.198205e+001
+2.191609e+003	   +1.195744e+001
+2.195255e+003	   +1.194005e+001
+2.198907e+003	   +1.188922e+001
+2.202566e+003	   +1.186388e+001
+2.206230e+003	   +1.184646e+001
+2.209901e+003	   +1.181458e+001
+2.213578e+003	   +1.178545e+001
+2.217261e+003	   +1.174829e+001
+2.220950e+003	   +1.171270e+001
+2.224645e+003	   +1.168243e+001
+2.228346e+003	   +1.164872e+001
+2.232053e+003	   +1.161504e+001
+2.235767e+003	   +1.160056e+001
+2.239487e+003	   +1.157569e+001
+2.243213e+003	   +1.155229e+001
+2.246945e+003	   +1.153978e+001
+2.250683e+003	   +1.152863e+001
+2.254428e+003	   +1.147119e+001
+2.258178e+003	   +1.144040e+001
+2.261936e+003	   +1.141547e+001
+2.265699e+003	   +1.141035e+001
+2.269468e+003	   +1.135090e+001
+2.273244e+003	   +1.136082e+001
+2.277026e+003	   +1.131883e+001
+2.280815e+003	   +1.128567e+001
+2.284609e+003	   +1.124694e+001
+2.288410e+003	   +1.121939e+001
+2.292218e+003	   +1.120735e+001
+2.296031e+003	   +1.118385e+001
+2.299851e+003	   +1.114371e+001
+2.303678e+003	   +1.113438e+001
+2.307510e+003	   +1.110667e+001
+2.311350e+003	   +1.111020e+001
+2.315195e+003	   +1.107347e+001
+2.319047e+003	   +1.104319e+001
+2.322905e+003	   +1.102846e+001
+2.326770e+003	   +1.101036e+001
+2.330641e+003	   +1.097720e+001
+2.334519e+003	   +1.090550e+001
+2.338403e+003	   +1.087210e+001
+2.342293e+003	   +1.085869e+001
+2.346190e+003	   +1.082375e+001
+2.350094e+003	   +1.083603e+001
+2.354004e+003	   +1.076941e+001
+2.357920e+003	   +1.075022e+001
+2.361843e+003	   +1.072371e+001
+2.365773e+003	   +1.068829e+001
+2.369709e+003	   +1.066000e+001
+2.373651e+003	   +1.063277e+001
+2.377601e+003	   +1.061912e+001
+2.381556e+003	   +1.059497e+001
+2.385519e+003	   +1.056150e+001
+2.389488e+003	   +1.053461e+001
+2.393463e+003	   +1.051529e+001
+2.397445e+003	   +1.046530e+001
+2.401434e+003	   +1.043998e+001
+2.405429e+003	   +1.039917e+001
+2.409431e+003	   +1.038446e+001
+2.413440e+003	   +1.036284e+001
+2.417455e+003	   +1.034204e+001
+2.421477e+003	   +1.033296e+001
+2.425506e+003	   +1.028479e+001
+2.429542e+003	   +1.024840e+001
+2.433583e+003	   +1.027149e+001
+2.437633e+003	   +1.021190e+001
+2.441688e+003	   +1.016469e+001
+2.445750e+003	   +1.015379e+001
+2.449820e+003	   +1.012199e+001
+2.453896e+003	   +1.008066e+001
+2.457978e+003	   +1.005816e+001
+2.462068e+003	   +1.003094e+001
+2.466164e+003	   +9.998622e+000
+2.470267e+003	   +9.997846e+000
+2.474377e+003	   +9.950199e+000
+2.478493e+003	   +9.928234e+000
+2.482617e+003	   +9.891767e+000
+2.486748e+003	   +9.886659e+000
+2.490885e+003	   +9.842964e+000
+2.495029e+003	   +9.819130e+000
+2.499180e+003	   +9.815348e+000
+2.503338e+003	   +9.776668e+000
+2.507503e+003	   +9.735697e+000
+2.511675e+003	   +9.709141e+000
+2.515854e+003	   +9.685529e+000
+2.520040e+003	   +9.654621e+000
+2.524232e+003	   +9.621175e+000
+2.528432e+003	   +9.592230e+000
+2.532638e+003	   +9.573870e+000
+2.536852e+003	   +9.551111e+000
+2.541073e+003	   +9.524220e+000
+2.545301e+003	   +9.494049e+000
+2.549535e+003	   +9.460152e+000
+2.553777e+003	   +9.460009e+000
+2.558026e+003	   +9.415881e+000
+2.562282e+003	   +9.393978e+000
+2.566545e+003	   +9.373664e+000
+2.570815e+003	   +9.338213e+000
+2.575092e+003	   +9.314178e+000
+2.579376e+003	   +9.300468e+000
+2.583668e+003	   +9.268760e+000
+2.587966e+003	   +9.248043e+000
+2.592272e+003	   +9.208117e+000
+2.596585e+003	   +9.184054e+000
+2.600905e+003	   +9.137693e+000
+2.605232e+003	   +9.119432e+000
+2.609567e+003	   +9.109406e+000
+2.613908e+003	   +9.085358e+000
+2.618257e+003	   +9.061674e+000
+2.622613e+003	   +9.030528e+000
+2.626977e+003	   +9.022679e+000
+2.631347e+003	   +8.999662e+000
+2.635725e+003	   +8.968109e+000
+2.640110e+003	   +8.951473e+000
+2.644503e+003	   +8.910712e+000
+2.648903e+003	   +8.881357e+000
+2.653310e+003	   +8.864145e+000
+2.657724e+003	   +8.825962e+000
+2.662146e+003	   +8.800816e+000
+2.666575e+003	   +8.776593e+000
+2.671012e+003	   +8.769104e+000
+2.675456e+003	   +8.736407e+000
+2.679907e+003	   +8.710196e+000
+2.684365e+003	   +8.694059e+000
+2.688832e+003	   +8.661674e+000
+2.693305e+003	   +8.633145e+000
+2.697786e+003	   +8.611570e+000
+2.702275e+003	   +8.578548e+000
+2.706771e+003	   +8.536278e+000
+2.711274e+003	   +8.522597e+000
+2.715785e+003	   +8.491532e+000
+2.720303e+003	   +8.479148e+000
+2.724829e+003	   +8.442832e+000
+2.729363e+003	   +8.420677e+000
+2.733903e+003	   +8.390510e+000
+2.738452e+003	   +8.355618e+000
+2.743008e+003	   +8.345277e+000
+2.747572e+003	   +8.305680e+000
+2.752143e+003	   +8.296468e+000
+2.756722e+003	   +8.248009e+000
+2.761308e+003	   +8.257174e+000
+2.765902e+003	   +8.192675e+000
+2.770504e+003	   +8.187867e+000
+2.775114e+003	   +8.171114e+000
+2.779731e+003	   +8.144250e+000
+2.784355e+003	   +8.095998e+000
+2.788988e+003	   +8.076822e+000
+2.793628e+003	   +8.056034e+000
+2.798276e+003	   +8.027480e+000
+2.802932e+003	   +7.989320e+000
+2.807595e+003	   +7.963711e+000
+2.812266e+003	   +7.940711e+000
+2.816945e+003	   +7.915818e+000
+2.821632e+003	   +7.909830e+000
+2.826326e+003	   +7.868013e+000
+2.831029e+003	   +7.830091e+000
+2.835739e+003	   +7.807616e+000
+2.840457e+003	   +7.792292e+000
+2.845182e+003	   +7.747972e+000
+2.849916e+003	   +7.727270e+000
+2.854657e+003	   +7.714721e+000
+2.859407e+003	   +7.681067e+000
+2.864164e+003	   +7.671541e+000
+2.868929e+003	   +7.621021e+000
+2.873703e+003	   +7.616087e+000
+2.878484e+003	   +7.611752e+000
+2.883273e+003	   +7.575544e+000
+2.888070e+003	   +7.532813e+000
+2.892875e+003	   +7.530508e+000
+2.897688e+003	   +7.473265e+000
+2.902509e+003	   +7.448339e+000
+2.907338e+003	   +7.446591e+000
+2.912175e+003	   +7.408218e+000
+2.917020e+003	   +7.392996e+000
+2.921873e+003	   +7.352949e+000
+2.926735e+003	   +7.329320e+000
+2.931604e+003	   +7.302021e+000
+2.936481e+003	   +7.269355e+000
+2.941367e+003	   +7.217153e+000
+2.946261e+003	   +7.205079e+000
+2.951163e+003	   +7.194688e+000
+2.956073e+003	   +7.174778e+000
+2.960991e+003	   +7.131262e+000
+2.965917e+003	   +7.123455e+000
+2.970852e+003	   +7.060534e+000
+2.975794e+003	   +7.061345e+000
+2.980745e+003	   +7.019898e+000
+2.985704e+003	   +7.027521e+000
+2.990672e+003	   +6.977654e+000
+2.995648e+003	   +6.943316e+000
+3.000632e+003	   +6.926712e+000
+3.005624e+003	   +6.888059e+000
+3.010625e+003	   +6.857624e+000
+3.015634e+003	   +6.846457e+000
+3.020651e+003	   +6.808017e+000
+3.025676e+003	   +6.761860e+000
+3.030710e+003	   +6.780931e+000
+3.035753e+003	   +6.731464e+000
+3.040803e+003	   +6.731595e+000
+3.045863e+003	   +6.685425e+000
+3.050930e+003	   +6.630770e+000
+3.056006e+003	   +6.607387e+000
+3.061090e+003	   +6.628856e+000
+3.066183e+003	   +6.586764e+000
+3.071285e+003	   +6.574158e+000
+3.076395e+003	   +6.548216e+000
+3.081513e+003	   +6.519428e+000
+3.086640e+003	   +6.499473e+000
+3.091775e+003	   +6.439715e+000
+3.096919e+003	   +6.431931e+000
+3.102072e+003	   +6.389999e+000
+3.107232e+003	   +6.382958e+000
+3.112402e+003	   +6.320774e+000
+3.117580e+003	   +6.312858e+000
+3.122767e+003	   +6.272098e+000
+3.127963e+003	   +6.259776e+000
+3.133167e+003	   +6.220795e+000
+3.138380e+003	   +6.190634e+000
+3.143601e+003	   +6.180739e+000
+3.148831e+003	   +6.154808e+000
+3.154070e+003	   +6.120542e+000
+3.159318e+003	   +6.107057e+000
+3.164574e+003	   +6.098078e+000
+3.169839e+003	   +6.049220e+000
+3.175113e+003	   +5.986814e+000
+3.180396e+003	   +6.031180e+000
+3.185687e+003	   +5.957294e+000
+3.190987e+003	   +5.942952e+000
+3.196296e+003	   +5.924822e+000
+3.201614e+003	   +5.905179e+000
+3.206940e+003	   +5.897972e+000
+3.212276e+003	   +5.865144e+000
+3.217621e+003	   +5.831962e+000
+3.222974e+003	   +5.784757e+000
+3.228336e+003	   +5.754822e+000
+3.233707e+003	   +5.749609e+000
+3.239087e+003	   +5.715501e+000
+3.244476e+003	   +5.689443e+000
+3.249874e+003	   +5.658893e+000
+3.255281e+003	   +5.612705e+000
+3.260697e+003	   +5.619016e+000
+3.266122e+003	   +5.578722e+000
+3.271556e+003	   +5.558824e+000
+3.276999e+003	   +5.526558e+000
+3.282451e+003	   +5.501459e+000
+3.287912e+003	   +5.472568e+000
+3.293383e+003	   +5.448051e+000
+3.298862e+003	   +5.417481e+000
+3.304351e+003	   +5.394202e+000
+3.309848e+003	   +5.372285e+000
+3.315355e+003	   +5.355368e+000
+3.320871e+003	   +5.314037e+000
+3.326396e+003	   +5.283602e+000
+3.331930e+003	   +5.257873e+000
+3.337474e+003	   +5.243660e+000
+3.343026e+003	   +5.230829e+000
+3.348588e+003	   +5.196879e+000
+3.354159e+003	   +5.170485e+000
+3.359740e+003	   +5.164924e+000
+3.365330e+003	   +5.106266e+000
+3.370929e+003	   +5.101867e+000
+3.376537e+003	   +5.009736e+000
+3.382155e+003	   +5.025562e+000
+3.387782e+003	   +4.973909e+000
+3.393418e+003	   +4.990217e+000
+3.399064e+003	   +4.979090e+000
+3.404719e+003	   +4.918279e+000
+3.410384e+003	   +4.886806e+000
+3.416058e+003	   +4.848804e+000
+3.421741e+003	   +4.830289e+000
+3.427434e+003	   +4.801547e+000
+3.433137e+003	   +4.801113e+000
+3.438849e+003	   +4.726717e+000
+3.444570e+003	   +4.725882e+000
+3.450301e+003	   +4.612006e+000
+3.456041e+003	   +4.673302e+000
+3.461791e+003	   +4.628591e+000
+3.467551e+003	   +4.625366e+000
+3.473320e+003	   +4.544021e+000
+3.479099e+003	   +4.532626e+000
+3.484887e+003	   +4.525693e+000
+3.490685e+003	   +4.509645e+000
+3.496492e+003	   +4.491611e+000
+3.502310e+003	   +4.488017e+000
+3.508137e+003	   +4.461363e+000
+3.513973e+003	   +4.428906e+000
+3.519820e+003	   +4.361687e+000
+3.525676e+003	   +4.380092e+000
+3.531542e+003	   +4.367706e+000
+3.537417e+003	   +4.340734e+000
+3.543303e+003	   +4.269091e+000
+3.549198e+003	   +4.238608e+000
+3.555103e+003	   +4.247644e+000
+3.561018e+003	   +4.188760e+000
+3.566942e+003	   +4.186843e+000
+3.572877e+003	   +4.126715e+000
+3.578821e+003	   +4.176632e+000
+3.584775e+003	   +4.093605e+000
+3.590740e+003	   +4.120351e+000
+3.596714e+003	   +4.069720e+000
+3.602698e+003	   +4.062853e+000
+3.608691e+003	   +3.987104e+000
+3.614696e+003	   +3.980984e+000
+3.620709e+003	   +3.960419e+000
+3.626733e+003	   +3.950763e+000
+3.632767e+003	   +3.925073e+000
+3.638811e+003	   +3.885570e+000
+3.644865e+003	   +3.841532e+000
+3.650929e+003	   +3.818805e+000
+3.657004e+003	   +3.836866e+000
+3.663088e+003	   +3.759382e+000
+3.669183e+003	   +3.744910e+000
+3.675287e+003	   +3.723252e+000
+3.681402e+003	   +3.697420e+000
+3.687527e+003	   +3.669630e+000
+3.693662e+003	   +3.651366e+000
+3.699807e+003	   +3.633226e+000
+3.705963e+003	   +3.589356e+000
+3.712128e+003	   +3.563396e+000
+3.718305e+003	   +3.544444e+000
+3.724491e+003	   +3.500429e+000
+3.730688e+003	   +3.474736e+000
+3.736895e+003	   +3.455151e+000
+3.743112e+003	   +3.436098e+000
+3.749339e+003	   +3.414281e+000
+3.755577e+003	   +3.395041e+000
+3.761825e+003	   +3.364836e+000
+3.768084e+003	   +3.329768e+000
+3.774354e+003	   +3.306260e+000
+3.780633e+003	   +3.268480e+000
+3.786923e+003	   +3.251477e+000
+3.793223e+003	   +3.240060e+000
+3.799534e+003	   +3.200600e+000
+3.805856e+003	   +3.181156e+000
+3.812188e+003	   +3.147060e+000
+3.818530e+003	   +3.107324e+000
+3.824884e+003	   +3.091187e+000
+3.831247e+003	   +3.079044e+000
+3.837621e+003	   +3.051161e+000
+3.844006e+003	   +3.027692e+000
+3.850402e+003	   +3.013002e+000
+3.856808e+003	   +2.982124e+000
+3.863224e+003	   +2.955893e+000
+3.869652e+003	   +2.931798e+000
+3.876090e+003	   +2.904840e+000
+3.882539e+003	   +2.883113e+000
+3.888998e+003	   +2.857420e+000
+3.895469e+003	   +2.831342e+000
+3.901950e+003	   +2.798402e+000
+3.908442e+003	   +2.771872e+000
+3.914944e+003	   +2.772876e+000
+3.921458e+003	   +2.737206e+000
+3.927982e+003	   +2.712143e+000
+3.934517e+003	   +2.696365e+000
+3.941063e+003	   +2.694166e+000
+3.947620e+003	   +2.628633e+000
+3.954188e+003	   +2.584193e+000
+3.960767e+003	   +2.586094e+000
+3.967356e+003	   +2.559200e+000
+3.973957e+003	   +2.535404e+000
+3.980569e+003	   +2.516347e+000
+3.987192e+003	   +2.468535e+000
+3.993825e+003	   +2.448236e+000
+4.000470e+003	   +2.437634e+000
+4.007126e+003	   +2.424137e+000
+4.013792e+003	   +2.367270e+000
+4.020470e+003	   +2.326080e+000
+4.027159e+003	   +2.333536e+000
+4.033860e+003	   +2.317930e+000
+4.040571e+003	   +2.305107e+000
+4.047293e+003	   +2.279216e+000
+4.054027e+003	   +2.243999e+000
+4.060772e+003	   +2.202386e+000
+4.067528e+003	   +2.191175e+000
+4.074295e+003	   +2.168698e+000
+4.081074e+003	   +2.120100e+000
+4.087864e+003	   +2.068999e+000
+4.094665e+003	   +2.073091e+000
+4.101478e+003	   +2.082186e+000
+4.108301e+003	   +2.085141e+000
+4.115137e+003	   +2.034907e+000
+4.121983e+003	   +2.019686e+000
+4.128841e+003	   +2.010498e+000
+4.135710e+003	   +1.981896e+000
+4.142591e+003	   +1.958219e+000
+4.149483e+003	   +1.949913e+000
+4.156387e+003	   +1.867968e+000
+4.163302e+003	   +1.859842e+000
+4.170229e+003	   +1.851284e+000
+4.177167e+003	   +1.811934e+000
+4.184117e+003	   +1.767863e+000
+4.191078e+003	   +1.745952e+000
+4.198051e+003	   +1.734879e+000
+4.205036e+003	   +1.730850e+000
+4.212032e+003	   +1.710499e+000
+4.219040e+003	   +1.682896e+000
+4.226059e+003	   +1.659236e+000
+4.233090e+003	   +1.628054e+000
+4.240133e+003	   +1.599851e+000
+4.247188e+003	   +1.582781e+000
+4.254253e+003	   +1.558136e+000
+4.261332e+003	   +1.532457e+000
+4.268421e+003	   +1.508743e+000
+4.275523e+003	   +1.480660e+000
+4.282636e+003	   +1.456986e+000
+4.289762e+003	   +1.432015e+000
+4.296898e+003	   +1.405035e+000
+4.304047e+003	   +1.374091e+000
+4.311208e+003	   +1.357200e+000
+4.318381e+003	   +1.337149e+000
+4.325566e+003	   +1.316746e+000
+4.332763e+003	   +1.292677e+000
+4.339971e+003	   +1.270851e+000
+4.347192e+003	   +1.237392e+000
+4.354424e+003	   +1.210750e+000
+4.361669e+003	   +1.187483e+000
+4.368926e+003	   +1.161629e+000
+4.376194e+003	   +1.130585e+000
+4.383476e+003	   +1.112834e+000
+4.390769e+003	   +1.094951e+000
+4.398074e+003	   +1.080039e+000
+4.405391e+003	   +1.057626e+000
+4.412720e+003	   +1.042043e+000
+4.420062e+003	   +1.016519e+000
+4.427416e+003	   +9.978307e-001
+4.434782e+003	   +9.737985e-001
+4.442160e+003	   +9.565865e-001
+4.449551e+003	   +9.421558e-001
+4.456954e+003	   +9.169875e-001
+4.464369e+003	   +8.882615e-001
+4.471796e+003	   +8.571202e-001
+4.479236e+003	   +8.304438e-001
+4.486689e+003	   +8.200571e-001
+4.494153e+003	   +7.966602e-001
+4.501631e+003	   +7.822523e-001
+4.509120e+003	   +7.523291e-001
+4.516622e+003	   +7.303720e-001
+4.524137e+003	   +7.123791e-001
+4.531664e+003	   +6.952649e-001
+4.539203e+003	   +6.772008e-001
+4.546755e+003	   +6.533698e-001
+4.554320e+003	   +6.440938e-001
+4.561897e+003	   +6.178953e-001
+4.569487e+003	   +5.928580e-001
+4.577090e+003	   +5.759285e-001
+4.584705e+003	   +5.589707e-001
+4.592333e+003	   +5.337198e-001
+4.599973e+003	   +5.117168e-001
+4.607626e+003	   +4.952196e-001
+4.615292e+003	   +4.765629e-001
+4.622971e+003	   +4.593867e-001
+4.630662e+003	   +4.306714e-001
+4.638367e+003	   +4.048570e-001
+4.646083e+003	   +3.827035e-001
+4.653813e+003	   +3.587400e-001
+4.661556e+003	   +3.422098e-001
+4.669312e+003	   +3.263177e-001
+4.677081e+003	   +3.109396e-001
+4.684862e+003	   +2.948968e-001
+4.692656e+003	   +2.746984e-001
+4.700464e+003	   +2.537843e-001
+4.708284e+003	   +2.301061e-001
+4.716118e+003	   +2.143668e-001
+4.723964e+003	   +1.997356e-001
+4.731823e+003	   +1.774498e-001
+4.739696e+003	   +1.546208e-001
+4.747582e+003	   +1.300844e-001
+4.755480e+003	   +1.126052e-001
+4.763392e+003	   +9.676540e-002
+4.771317e+003	   +7.851420e-002
+4.779256e+003	   +6.800911e-002
+4.787207e+003	   +5.002926e-002
+4.795172e+003	   +3.372239e-002
+4.803150e+003	   +1.284489e-002
+4.811141e+003	   -7.755830e-003
+4.819146e+003	   -3.011760e-002
+4.827164e+003	   -5.517905e-002
+4.835194e+003	   -7.186846e-002
+4.843239e+003	   -9.324948e-002
+4.851297e+003	   -1.169299e-001
+4.859368e+003	   -1.388607e-001
+4.867453e+003	   -1.604262e-001
+4.875551e+003	   -1.769823e-001
+4.883663e+003	   -2.011189e-001
+4.891788e+003	   -2.207299e-001
+4.899927e+003	   -2.378430e-001
+4.908079e+003	   -2.532355e-001
+4.916245e+003	   -2.684016e-001
+4.924424e+003	   -2.831175e-001
+4.932617e+003	   -3.064667e-001
+4.940824e+003	   -3.284220e-001
+4.949044e+003	   -3.465806e-001
+4.957278e+003	   -3.651360e-001
+4.965526e+003	   -3.859969e-001
+4.973787e+003	   -4.083665e-001
+4.982063e+003	   -4.256295e-001
+4.990351e+003	   -4.412958e-001
+4.998654e+003	   -4.601865e-001
+5.006970e+003	   -4.765461e-001
+5.015301e+003	   -4.968401e-001
+5.023645e+003	   -5.165239e-001
+5.032003e+003	   -5.324969e-001
+5.040375e+003	   -5.521112e-001
+5.048761e+003	   -5.665457e-001
+5.057161e+003	   -5.877482e-001
+5.065575e+003	   -6.123257e-001
+5.074002e+003	   -6.313294e-001
+5.082444e+003	   -6.455485e-001
+5.090900e+003	   -6.682020e-001
+5.099370e+003	   -6.869031e-001
+5.107854e+003	   -7.040551e-001
+5.116353e+003	   -7.237477e-001
+5.124865e+003	   -7.401208e-001
+5.133391e+003	   -7.577451e-001
+5.141932e+003	   -7.763014e-001
+5.150487e+003	   -7.986145e-001
+5.159056e+003	   -8.157712e-001
+5.167639e+003	   -8.312586e-001
+5.176237e+003	   -8.502047e-001
+5.184849e+003	   -8.668885e-001
+5.193475e+003	   -8.844275e-001
+5.202116e+003	   -9.071872e-001
+5.210771e+003	   -9.259893e-001
+5.219440e+003	   -9.407624e-001
+5.228124e+003	   -9.549454e-001
+5.236822e+003	   -9.695916e-001
+5.245535e+003	   -9.913897e-001
+5.254262e+003	   -1.011558e+000
+5.263004e+003	   -1.030419e+000
+5.271760e+003	   -1.049795e+000
+5.280531e+003	   -1.186680e+000
+5.289316e+003	   -1.089394e+000
+5.298117e+003	   -1.110089e+000
+5.306931e+003	   -1.131274e+000
+5.315761e+003	   -1.150719e+000
+5.324605e+003	   -1.164696e+000
+5.333463e+003	   -1.178153e+000
+5.342337e+003	   -1.195135e+000
+5.351226e+003	   -1.214165e+000
+5.360128e+003	   -1.235075e+000
+5.369046e+003	   -1.253448e+000
+5.377979e+003	   -1.275982e+000
+5.386927e+003	   -1.294367e+000
+5.395889e+003	   -1.313493e+000
+5.404867e+003	   -1.334942e+000
+5.413859e+003	   -1.351881e+000
+5.422866e+003	   -1.371310e+000
+5.431889e+003	   -1.385556e+000
+5.440926e+003	   -1.402923e+000
+5.449978e+003	   -1.420233e+000
+5.459045e+003	   -1.434869e+000
+5.468128e+003	   -1.449113e+000
+5.477226e+003	   -1.468654e+000
+5.486338e+003	   -1.489624e+000
+5.495466e+003	   -1.509634e+000
+5.504609e+003	   -1.526877e+000
+5.513768e+003	   -1.547028e+000
+5.522941e+003	   -1.562554e+000
+5.532130e+003	   -1.570858e+000
+5.541334e+003	   -1.586629e+000
+5.550553e+003	   -1.598196e+000
+5.559788e+003	   -1.610576e+000
+5.569038e+003	   -1.626210e+000
+5.578304e+003	   -1.645713e+000
+5.587584e+003	   -1.668604e+000
+5.596881e+003	   -1.687292e+000
+5.606192e+003	   -1.704749e+000
+5.615520e+003	   -1.729025e+000
+5.624863e+003	   -1.744145e+000
+5.634221e+003	   -1.758245e+000
+5.643595e+003	   -1.778963e+000
+5.652984e+003	   -1.798223e+000
+5.662390e+003	   -1.811942e+000
+5.671810e+003	   -1.827489e+000
+5.681247e+003	   -1.847279e+000
+5.690699e+003	   -1.863716e+000
+5.700167e+003	   -1.881637e+000
+5.709650e+003	   -1.899690e+000
+5.719150e+003	   -1.916752e+000
+5.728665e+003	   -1.940376e+000
+5.738196e+003	   -1.958454e+000
+5.747743e+003	   -1.975370e+000
+5.757306e+003	   -1.990418e+000
+5.766884e+003	   -2.004647e+000
+5.776479e+003	   -2.017327e+000
+5.786090e+003	   -2.038406e+000
+5.795716e+003	   -2.055514e+000
+5.805359e+003	   -2.065365e+000
+5.815018e+003	   -2.075591e+000
+5.824692e+003	   -2.097662e+000
+5.834383e+003	   -2.111283e+000
+5.844090e+003	   -2.129451e+000
+5.853813e+003	   -2.151582e+000
+5.863552e+003	   -2.169871e+000
+5.873308e+003	   -2.188059e+000
+5.883080e+003	   -2.209409e+000
+5.892868e+003	   -2.228316e+000
+5.902672e+003	   -2.244379e+000
+5.912492e+003	   -2.261868e+000
+5.922329e+003	   -2.276265e+000
+5.932183e+003	   -2.294241e+000
+5.942052e+003	   -2.311667e+000
+5.951938e+003	   -2.328763e+000
+5.961841e+003	   -2.347955e+000
+5.971760e+003	   -2.365694e+000
+5.981695e+003	   -2.381676e+000
+5.991647e+003	   -2.399768e+000
+6.001616e+003	   -2.416217e+000
+6.011601e+003	   -2.434134e+000
+6.021603e+003	   -2.451243e+000
+6.031621e+003	   -2.467873e+000
+6.041656e+003	   -2.486171e+000
+6.051708e+003	   -2.504880e+000
+6.061776e+003	   -2.523365e+000
+6.071862e+003	   -2.541519e+000
+6.081964e+003	   -2.561137e+000
+6.092083e+003	   -2.580452e+000
+6.102218e+003	   -2.595308e+000
+6.112371e+003	   -2.613110e+000
+6.122541e+003	   -2.630156e+000
+6.132727e+003	   -2.645872e+000
+6.142930e+003	   -2.661832e+000
+6.153150e+003	   -2.676239e+000
+6.163388e+003	   -2.691209e+000
+6.173642e+003	   -2.711245e+000
+6.183913e+003	   -2.729373e+000
+6.194202e+003	   -2.747769e+000
+6.204507e+003	   -2.754962e+000
+6.214830e+003	   -2.765898e+000
+6.225170e+003	   -2.781498e+000
+6.235527e+003	   -2.799546e+000
+6.245901e+003	   -2.818982e+000
+6.256293e+003	   -2.839140e+000
+6.266702e+003	   -2.858157e+000
+6.277128e+003	   -2.877914e+000
+6.287572e+003	   -2.895543e+000
+6.298033e+003	   -2.911217e+000
+6.308511e+003	   -2.925633e+000
+6.319007e+003	   -2.941627e+000
+6.329520e+003	   -2.959370e+000
+6.340051e+003	   -2.976115e+000
+6.350599e+003	   -2.994381e+000
+6.361165e+003	   -3.012622e+000
+6.371748e+003	   -3.030212e+000
+6.382349e+003	   -3.045647e+000
+6.392968e+003	   -3.062388e+000
+6.403604e+003	   -3.080433e+000
+6.414258e+003	   -3.097630e+000
+6.424930e+003	   -3.115078e+000
+6.435619e+003	   -3.132205e+000
+6.446326e+003	   -3.150498e+000
+6.457051e+003	   -3.169934e+000
+6.467794e+003	   -3.188022e+000
+6.478555e+003	   -3.202163e+000
+6.489333e+003	   -3.216185e+000
+6.500130e+003	   -3.236730e+000
+6.510945e+003	   -3.250834e+000
+6.521777e+003	   -3.267285e+000
+6.532628e+003	   -3.287656e+000
+6.543497e+003	   -3.303892e+000
+6.554383e+003	   -3.318409e+000
+6.565288e+003	   -3.334742e+000
+6.576211e+003	   -3.349681e+000
+6.587152e+003	   -3.369743e+000
+6.598112e+003	   -3.387280e+000
+6.609089e+003	   -3.402747e+000
+6.620085e+003	   -3.417721e+000
+6.631099e+003	   -3.434070e+000
+6.642132e+003	   -3.453758e+000
+6.653183e+003	   -3.469630e+000
+6.664252e+003	   -3.485859e+000
+6.675339e+003	   -3.505098e+000
+6.686445e+003	   -3.525486e+000
+6.697570e+003	   -3.542463e+000
+6.708713e+003	   -3.562768e+000
+6.719875e+003	   -3.582298e+000
+6.731055e+003	   -3.599273e+000
+6.742253e+003	   -3.616745e+000
+6.753471e+003	   -3.634695e+000
+6.764707e+003	   -3.653220e+000
+6.775962e+003	   -3.667188e+000
+6.787235e+003	   -3.681099e+000
+6.798527e+003	   -3.699839e+000
+6.809838e+003	   -3.715800e+000
+6.821168e+003	   -3.732378e+000
+6.832517e+003	   -3.753382e+000
+6.843885e+003	   -3.771515e+000
+6.855271e+003	   -3.787655e+000
+6.866677e+003	   -3.802504e+000
+6.878101e+003	   -3.816869e+000
+6.889544e+003	   -3.829822e+000
+6.901007e+003	   -3.845936e+000
+6.912488e+003	   -3.862217e+000
+6.923989e+003	   -3.878092e+000
+6.935509e+003	   -3.895457e+000
+6.947048e+003	   -3.954119e+000
+6.958606e+003	   -3.977125e+000
+6.970183e+003	   -3.945936e+000
+6.981780e+003	   -3.960850e+000
+6.993396e+003	   -3.977794e+000
+7.005031e+003	   -3.996377e+000
+7.016686e+003	   -4.013730e+000
+7.028359e+003	   -4.028339e+000
+7.040053e+003	   -4.045298e+000
+7.051766e+003	   -4.061594e+000
+7.063498e+003	   -4.079021e+000
+7.075250e+003	   -4.095500e+000
+7.087021e+003	   -4.109760e+000
+7.098813e+003	   -4.125335e+000
+7.110623e+003	   -4.145182e+000
+7.122454e+003	   -4.166346e+000
+7.134303e+003	   -4.183848e+000
+7.146173e+003	   -4.198551e+000
+7.158063e+003	   -4.213868e+000
+7.169972e+003	   -4.232213e+000
+7.181901e+003	   -4.248241e+000
+7.193850e+003	   -4.264456e+000
+7.205818e+003	   -4.284341e+000
+7.217807e+003	   -4.304546e+000
+7.229815e+003	   -4.323543e+000
+7.241844e+003	   -4.341162e+000
+7.253893e+003	   -4.354155e+000
+7.265961e+003	   -4.373400e+000
+7.278050e+003	   -4.390290e+000
+7.290159e+003	   -4.405883e+000
+7.302288e+003	   -4.423373e+000
+7.314437e+003	   -4.440325e+000
+7.326606e+003	   -4.459471e+000
+7.338796e+003	   -4.474822e+000
+7.351006e+003	   -4.487288e+000
+7.363236e+003	   -4.511260e+000
+7.375487e+003	   -4.534398e+000
+7.387758e+003	   -4.556032e+000
+7.400049e+003	   -4.569204e+000
+7.412361e+003	   -4.581387e+000
+7.424693e+003	   -4.598042e+000
+7.437046e+003	   -4.615883e+000
+7.449419e+003	   -4.634273e+000
+7.461813e+003	   -4.651388e+000
+7.474228e+003	   -4.670047e+000
+7.486663e+003	   -4.690895e+000
+7.499119e+003	   -4.700104e+000
+7.511596e+003	   -4.712325e+000
+7.524093e+003	   -4.728787e+000
+7.536611e+003	   -4.747202e+000
+7.549150e+003	   -4.765976e+000
+7.561710e+003	   -4.785964e+000
+7.574291e+003	   -4.800704e+000
+7.586893e+003	   -4.818808e+000
+7.599515e+003	   -4.838386e+000
+7.612159e+003	   -4.855182e+000
+7.624824e+003	   -4.869602e+000
+7.637509e+003	   -4.883879e+000
+7.650216e+003	   -4.896401e+000
+7.662944e+003	   -4.920561e+000
+7.675693e+003	   -4.942798e+000
+7.688464e+003	   -4.962779e+000
+7.701255e+003	   -4.979644e+000
+7.714068e+003	   -4.990880e+000
+7.726903e+003	   -5.004686e+000
+7.739758e+003	   -5.030191e+000
+7.752635e+003	   -5.047832e+000
+7.765534e+003	   -5.063514e+000
+7.778454e+003	   -5.082963e+000
+7.791395e+003	   -5.101275e+000
+7.804358e+003	   -5.119192e+000
+7.817342e+003	   -5.135187e+000
+7.830349e+003	   -5.153969e+000
+7.843376e+003	   -5.172710e+000
+7.856426e+003	   -5.187086e+000
+7.869497e+003	   -5.200494e+000
+7.882589e+003	   -5.221352e+000
+7.895704e+003	   -5.239094e+000
+7.908841e+003	   -5.255783e+000
+7.921999e+003	   -5.273651e+000
+7.935179e+003	   -5.294424e+000
+7.948381e+003	   -5.312057e+000
+7.961605e+003	   -5.330049e+000
+7.974852e+003	   -5.345652e+000
+7.988120e+003	   -5.360687e+000
+8.001410e+003	   -5.377865e+000
+8.014722e+003	   -5.393440e+000
+8.028057e+003	   -5.414824e+000
+8.041413e+003	   -5.435315e+000
+8.054792e+003	   -5.454377e+000
+8.068193e+003	   -5.471120e+000
+8.081617e+003	   -5.480943e+000
+8.095063e+003	   -5.501492e+000
+8.108531e+003	   -5.516139e+000
+8.122021e+003	   -5.537812e+000
+8.135534e+003	   -5.556418e+000
+8.149070e+003	   -5.569230e+000
+8.162627e+003	   -5.585903e+000
+8.176208e+003	   -5.600783e+000
+8.189811e+003	   -5.619040e+000
+8.203438e+003	   -5.633586e+000
+8.217086e+003	   -5.653414e+000
+8.230757e+003	   -5.670013e+000
+8.244450e+003	   -5.684829e+000
+8.258167e+003	   -5.706073e+000
+8.271906e+003	   -5.725770e+000
+8.285669e+003	   -5.740048e+000
+8.299454e+003	   -5.755921e+000
+8.313263e+003	   -5.774545e+000
+8.327094e+003	   -5.789066e+000
+8.340948e+003	   -5.804105e+000
+8.354825e+003	   -5.820236e+000
+8.368726e+003	   -5.835884e+000
+8.382648e+003	   -5.860858e+000
+8.396596e+003	   -5.870008e+000
+8.410565e+003	   -5.887161e+000
+8.424559e+003	   -5.902250e+000
+8.438574e+003	   -5.919053e+000
+8.452614e+003	   -5.936240e+000
+8.466678e+003	   -5.954802e+000
+8.480764e+003	   -5.972332e+000
+8.494874e+003	   -5.990736e+000
+8.509007e+003	   -6.010287e+000
+8.523164e+003	   -6.027885e+000
+8.537344e+003	   -6.046751e+000
+8.551548e+003	   -6.063243e+000
+8.565775e+003	   -6.082073e+000
+8.580027e+003	   -6.102355e+000
+8.594302e+003	   -6.117392e+000
+8.608601e+003	   -6.137530e+000
+8.622923e+003	   -6.152509e+000
+8.637270e+003	   -6.171325e+000
+8.651640e+003	   -6.185569e+000
+8.666034e+003	   -6.204194e+000
+8.680452e+003	   -6.215588e+000
+8.694895e+003	   -6.238811e+000
+8.709360e+003	   -6.253403e+000
+8.723851e+003	   -6.274776e+000
+8.738364e+003	   -6.296701e+000
+8.752903e+003	   -6.311821e+000
+8.767466e+003	   -6.332313e+000
+8.782053e+003	   -6.344335e+000
+8.796664e+003	   -6.362732e+000
+8.811299e+003	   -6.377135e+000
+8.825959e+003	   -6.395066e+000
+8.840643e+003	   -6.412475e+000
+8.855352e+003	   -6.431553e+000
+8.870085e+003	   -6.452206e+000
+8.884842e+003	   -6.468556e+000
+8.899624e+003	   -6.487815e+000
+8.914431e+003	   -6.500593e+000
+8.929263e+003	   -6.516199e+000
+8.944118e+003	   -6.527822e+000
+8.958999e+003	   -6.545535e+000
+8.973904e+003	   -6.563313e+000
+8.988835e+003	   -6.587617e+000
+9.003790e+003	   -6.603975e+000
+9.018771e+003	   -6.623638e+000
+9.033775e+003	   -6.639248e+000
+9.048805e+003	   -6.662371e+000
+9.063860e+003	   -6.680109e+000
+9.078940e+003	   -6.696905e+000
+9.094045e+003	   -6.707331e+000
+9.109175e+003	   -6.721187e+000
+9.124331e+003	   -6.731824e+000
+9.139511e+003	   -6.749310e+000
+9.154717e+003	   -6.766174e+000
+9.169948e+003	   -6.784446e+000
+9.185204e+003	   -6.803195e+000
+9.200486e+003	   -6.826052e+000
+9.215794e+003	   -6.843101e+000
+9.231126e+003	   -6.862294e+000
+9.246484e+003	   -6.879601e+000
+9.261868e+003	   -6.896770e+000
+9.277278e+003	   -6.914150e+000
+9.292713e+003	   -6.934289e+000
+9.308174e+003	   -6.958240e+000
+9.323660e+003	   -6.973736e+000
+9.339172e+003	   -6.994841e+000
+9.354710e+003	   -7.010137e+000
+9.370274e+003	   -7.030059e+000
+9.385864e+003	   -7.044266e+000
+9.401479e+003	   -7.060961e+000
+9.417121e+003	   -7.072387e+000
+9.432789e+003	   -7.088493e+000
+9.448482e+003	   -7.108147e+000
+9.464203e+003	   -7.128595e+000
+9.479949e+003	   -7.138892e+000
+9.495721e+003	   -7.155155e+000
+9.511520e+003	   -7.168651e+000
+9.527345e+003	   -7.186233e+000
+9.543195e+003	   -7.200222e+000
+9.559073e+003	   -7.217375e+000
+9.574977e+003	   -7.239185e+000
+9.590907e+003	   -7.252756e+000
+9.606864e+003	   -7.272948e+000
+9.622848e+003	   -7.289255e+000
+9.638857e+003	   -7.303465e+000
+9.654894e+003	   -7.323624e+000
+9.670957e+003	   -7.337393e+000
+9.687047e+003	   -7.354843e+000
+9.703164e+003	   -7.369950e+000
+9.719308e+003	   -7.383458e+000
+9.735479e+003	   -7.399619e+000
+9.751676e+003	   -7.421886e+000
+9.767899e+003	   -7.443104e+000
+9.784151e+003	   -7.460221e+000
+9.800430e+003	   -7.477669e+000
+9.816734e+003	   -7.495100e+000
+9.833067e+003	   -7.508173e+000
+9.849427e+003	   -7.523599e+000
+9.865814e+003	   -7.542955e+000
+9.882229e+003	   -7.553659e+000
+9.898670e+003	   -7.573751e+000
+9.915139e+003	   -7.592640e+000
+9.931635e+003	   -7.608595e+000
+9.948159e+003	   -7.631016e+000
+9.964710e+003	   -7.645248e+000
+9.981289e+003	   -7.668187e+000
+9.997895e+003	   -7.685097e+000
+1.001453e+004	   -7.702006e+000
+1.003119e+004	   -7.723766e+000
+1.004788e+004	   -7.736353e+000
+1.006460e+004	   -7.757451e+000
+1.008134e+004	   -7.771231e+000
+1.009812e+004	   -7.784255e+000
+1.011492e+004	   -7.800741e+000
+1.013174e+004	   -7.818128e+000
+1.014860e+004	   -7.839155e+000
+1.016549e+004	   -7.857719e+000
+1.018240e+004	   -7.878030e+000
+1.019934e+004	   -7.899796e+000
+1.021631e+004	   -7.912157e+000
+1.023331e+004	   -7.933197e+000
+1.025033e+004	   -7.948999e+000
+1.026739e+004	   -7.964458e+000
+1.028447e+004	   -7.982268e+000
+1.030158e+004	   -7.992302e+000
+1.031872e+004	   -8.013203e+000
+1.033589e+004	   -8.035040e+000
+1.035308e+004	   -8.055070e+000
+1.037031e+004	   -8.072902e+000
+1.038756e+004	   -8.085004e+000
+1.040484e+004	   -8.106592e+000
+1.042215e+004	   -8.117134e+000
+1.043949e+004	   -8.135869e+000
+1.045686e+004	   -8.160439e+000
+1.047426e+004	   -8.179489e+000
+1.049169e+004	   -8.197858e+000
+1.050914e+004	   -8.218311e+000
+1.052663e+004	   -8.230060e+000
+1.054414e+004	   -8.236833e+000
+1.056168e+004	   -8.252660e+000
+1.057925e+004	   -8.274679e+000
+1.059686e+004	   -8.287843e+000
+1.061449e+004	   -8.305602e+000
+1.063215e+004	   -8.328279e+000
+1.064983e+004	   -8.341529e+000
+1.066755e+004	   -8.365289e+000
+1.068530e+004	   -8.380652e+000
+1.070308e+004	   -8.399816e+000
+1.072089e+004	   -8.418791e+000
+1.073872e+004	   -8.436244e+000
+1.075659e+004	   -8.464193e+000
+1.077449e+004	   -8.481336e+000
+1.079241e+004	   -8.499019e+000
+1.081037e+004	   -8.513703e+000
+1.082835e+004	   -8.521810e+000
+1.084637e+004	   -8.536775e+000
+1.086442e+004	   -8.550704e+000
+1.088249e+004	   -8.567761e+000
+1.090060e+004	   -8.589155e+000
+1.091873e+004	   -8.604198e+000
+1.093690e+004	   -8.622036e+000
+1.095509e+004	   -8.633345e+000
+1.097332e+004	   -8.649069e+000
+1.099158e+004	   -8.664859e+000
+1.100987e+004	   -8.678514e+000
+1.102818e+004	   -8.697327e+000
+1.104653e+004	   -8.717235e+000
+1.106491e+004	   -8.741349e+000
+1.108332e+004	   -8.760277e+000
+1.110176e+004	   -8.772163e+000
+1.112023e+004	   -8.779902e+000
+1.113873e+004	   -8.791851e+000
+1.115726e+004	   -8.813672e+000
+1.117583e+004	   -8.830196e+000
+1.119442e+004	   -8.848763e+000
+1.121304e+004	   -8.872243e+000
+1.123170e+004	   -8.888265e+000
+1.125039e+004	   -8.910762e+000
+1.126910e+004	   -8.929368e+000
+1.128785e+004	   -8.948632e+000
+1.130663e+004	   -8.971361e+000
+1.132544e+004	   -8.984610e+000
+1.134429e+004	   -9.005887e+000
+1.136316e+004	   -9.022747e+000
+1.138207e+004	   -9.039125e+000
+1.140100e+004	   -9.056696e+000
+1.141997e+004	   -9.074070e+000
+1.143897e+004	   -9.094053e+000
+1.145800e+004	   -9.109744e+000
+1.147707e+004	   -9.121201e+000
+1.149616e+004	   -9.143373e+000
+1.151529e+004	   -9.157004e+000
+1.153445e+004	   -9.178902e+000
+1.155364e+004	   -9.193586e+000
+1.157286e+004	   -9.210679e+000
+1.159211e+004	   -9.230537e+000
+1.161140e+004	   -9.243297e+000
+1.163072e+004	   -9.264673e+000
+1.165007e+004	   -9.280343e+000
+1.166945e+004	   -9.296673e+000
+1.168887e+004	   -9.315411e+000
+1.170831e+004	   -9.328137e+000
+1.172779e+004	   -9.351996e+000
+1.174731e+004	   -9.365117e+000
+1.176685e+004	   -9.383398e+000
+1.178643e+004	   -9.402242e+000
+1.180604e+004	   -9.412044e+000
+1.182568e+004	   -9.435113e+000
+1.184535e+004	   -9.444862e+000
+1.186506e+004	   -9.463723e+000
+1.188480e+004	   -9.479693e+000
+1.190458e+004	   -9.499244e+000
+1.192438e+004	   -9.521184e+000
+1.194422e+004	   -9.538366e+000
+1.196409e+004	   -9.558696e+000
+1.198400e+004	   -9.576965e+000
+1.200394e+004	   -9.588452e+000
+1.202391e+004	   -9.609445e+000
+1.204391e+004	   -9.624227e+000
+1.206395e+004	   -9.643569e+000
+1.208402e+004	   -9.659461e+000
+1.210413e+004	   -9.670532e+000
+1.212427e+004	   -9.691540e+000
+1.214444e+004	   -9.704763e+000
+1.216464e+004	   -9.724588e+000
+1.218488e+004	   -9.744169e+000
+1.220515e+004	   -9.758687e+000
+1.222546e+004	   -9.780881e+000
+1.224580e+004	   -9.797092e+000
+1.226617e+004	   -9.816518e+000
+1.228658e+004	   -9.832957e+000
+1.230702e+004	   -9.842843e+000
+1.232750e+004	   -9.862991e+000
+1.234801e+004	   -9.876960e+000
+1.236855e+004	   -9.896878e+000
+1.238913e+004	   -9.914938e+000
+1.240974e+004	   -9.930065e+000
+1.243039e+004	   -9.944190e+000
+1.245107e+004	   -9.963567e+000
+1.247179e+004	   -9.975103e+000
+1.249254e+004	   -9.986798e+000
+1.251332e+004	   -1.000803e+001
+1.253414e+004	   -1.001973e+001
+1.255499e+004	   -1.004089e+001
+1.257588e+004	   -1.005481e+001
+1.259680e+004	   -1.007227e+001
+1.261776e+004	   -1.009149e+001
+1.263876e+004	   -1.011295e+001
+1.265978e+004	   -1.013502e+001
+1.268085e+004	   -1.014741e+001
+1.270194e+004	   -1.018104e+001
+1.272308e+004	   -1.018037e+001
+1.274424e+004	   -1.019779e+001
+1.276545e+004	   -1.021138e+001
+1.278669e+004	   -1.022550e+001
+1.280796e+004	   -1.024678e+001
+1.282927e+004	   -1.025923e+001
+1.285061e+004	   -1.027567e+001
+1.287199e+004	   -1.029461e+001
+1.289341e+004	   -1.030970e+001
+1.291486e+004	   -1.033238e+001
+1.293635e+004	   -1.034507e+001
+1.295787e+004	   -1.036129e+001
+1.297943e+004	   -1.037754e+001
+1.300102e+004	   -1.039026e+001
+1.302265e+004	   -1.041240e+001
+1.304432e+004	   -1.042582e+001
+1.306602e+004	   -1.044256e+001
+1.308776e+004	   -1.046373e+001
+1.310954e+004	   -1.047962e+001
+1.313135e+004	   -1.050697e+001
+1.315320e+004	   -1.052196e+001
+1.317508e+004	   -1.054188e+001
+1.319700e+004	   -1.056472e+001
+1.321896e+004	   -1.057546e+001
+1.324095e+004	   -1.059844e+001
+1.326298e+004	   -1.061606e+001
+1.328504e+004	   -1.063353e+001
+1.330715e+004	   -1.064293e+001
+1.332929e+004	   -1.065097e+001
+1.335146e+004	   -1.069629e+001
+1.337368e+004	   -1.067976e+001
+1.339593e+004	   -1.068776e+001
+1.341821e+004	   -1.070599e+001
+1.344054e+004	   -1.072502e+001
+1.346290e+004	   -1.076711e+001
+1.348530e+004	   -1.078409e+001
+1.350774e+004	   -1.079875e+001
+1.353021e+004	   -1.081485e+001
+1.355272e+004	   -1.082107e+001
+1.357527e+004	   -1.084882e+001
+1.359785e+004	   -1.087153e+001
+1.362048e+004	   -1.088499e+001
+1.364314e+004	   -1.090638e+001
+1.366584e+004	   -1.091849e+001
+1.368857e+004	   -1.094263e+001
+1.371135e+004	   -1.095565e+001
+1.373416e+004	   -1.097219e+001
+1.375701e+004	   -1.099178e+001
+1.377990e+004	   -1.101144e+001
+1.380282e+004	   -1.103050e+001
+1.382579e+004	   -1.104308e+001
+1.384879e+004	   -1.105927e+001
+1.387183e+004	   -1.107826e+001
+1.389491e+004	   -1.110526e+001
+1.391803e+004	   -1.112238e+001
+1.394119e+004	   -1.113808e+001
+1.396438e+004	   -1.116060e+001
+1.398761e+004	   -1.117577e+001
+1.401088e+004	   -1.119325e+001
+1.403420e+004	   -1.120572e+001
+1.405754e+004	   -1.122550e+001
+1.408093e+004	   -1.125200e+001
+1.410436e+004	   -1.126992e+001
+1.412783e+004	   -1.129204e+001
+1.415133e+004	   -1.131362e+001
+1.417488e+004	   -1.132673e+001
+1.419846e+004	   -1.134186e+001
+1.422208e+004	   -1.136053e+001
+1.424574e+004	   -1.137275e+001
+1.426945e+004	   -1.139188e+001
+1.429319e+004	   -1.140478e+001
+1.431697e+004	   -1.142379e+001
+1.434079e+004	   -1.143558e+001
+1.436465e+004	   -1.144611e+001
+1.438854e+004	   -1.146716e+001
+1.441248e+004	   -1.147917e+001
+1.443646e+004	   -1.149395e+001
+1.446048e+004	   -1.150835e+001
+1.448454e+004	   -1.152644e+001
+1.450864e+004	   -1.154880e+001
+1.453278e+004	   -1.155756e+001
+1.455696e+004	   -1.158113e+001
+1.458117e+004	   -1.160174e+001
+1.460543e+004	   -1.162596e+001
+1.462973e+004	   -1.164431e+001
+1.465407e+004	   -1.165439e+001
+1.467845e+004	   -1.167767e+001
+1.470288e+004	   -1.169143e+001
+1.472734e+004	   -1.172999e+001
+1.475184e+004	   -1.173406e+001
+1.477638e+004	   -1.174595e+001
+1.480097e+004	   -1.176543e+001
+1.482559e+004	   -1.177241e+001
+1.485026e+004	   -1.178525e+001
+1.487497e+004	   -1.180066e+001
+1.489971e+004	   -1.181637e+001
+1.492450e+004	   -1.184016e+001
+1.494933e+004	   -1.185783e+001
+1.497421e+004	   -1.188186e+001
+1.499912e+004	   -1.190257e+001
+1.502407e+004	   -1.191819e+001
+1.504907e+004	   -1.194741e+001
+1.507411e+004	   -1.196418e+001
+1.509919e+004	   -1.197021e+001
+1.512431e+004	   -1.196497e+001
+1.514947e+004	   -1.198026e+001
+1.517468e+004	   -1.199461e+001
+1.519992e+004	   -1.201165e+001
+1.522521e+004	   -1.202301e+001
+1.525054e+004	   -1.204499e+001
+1.527592e+004	   -1.206927e+001
+1.530133e+004	   -1.209026e+001
+1.532679e+004	   -1.210893e+001
+1.535229e+004	   -1.212451e+001
+1.537783e+004	   -1.210461e+001
+1.540342e+004	   -1.212830e+001
+1.542904e+004	   -1.213740e+001
+1.545471e+004	   -1.215504e+001
+1.548043e+004	   -1.217534e+001
+1.550618e+004	   -1.219652e+001
+1.553198e+004	   -1.221551e+001
+1.555782e+004	   -1.221799e+001
+1.558371e+004	   -1.223120e+001
+1.560963e+004	   -1.224621e+001
+1.563560e+004	   -1.226989e+001
+1.566162e+004	   -1.228131e+001
+1.568767e+004	   -1.229177e+001
+1.571377e+004	   -1.231180e+001
+1.573992e+004	   -1.233952e+001
+1.576611e+004	   -1.236759e+001
+1.579234e+004	   -1.237682e+001
+1.581861e+004	   -1.239430e+001
+1.584493e+004	   -1.239218e+001
+1.587129e+004	   -1.240438e+001
+1.589770e+004	   -1.242180e+001
+1.592415e+004	   -1.244014e+001
+1.595064e+004	   -1.246237e+001
+1.597718e+004	   -1.248425e+001
+1.600376e+004	   -1.251173e+001
+1.603039e+004	   -1.254728e+001
+1.605706e+004	   -1.258519e+001
+1.608377e+004	   -1.260076e+001
+1.611053e+004	   -1.263110e+001
+1.613733e+004	   -1.266019e+001
+1.616418e+004	   -1.268525e+001
+1.619108e+004	   -1.270634e+001
+1.621801e+004	   -1.271703e+001
+1.624500e+004	   -1.273299e+001
+1.627202e+004	   -1.274068e+001
+1.629910e+004	   -1.274920e+001
+1.632621e+004	   -1.276310e+001
+1.635338e+004	   -1.277412e+001
+1.638058e+004	   -1.278424e+001
+1.640784e+004	   -1.283488e+001
+1.643514e+004	   -1.285133e+001
+1.646248e+004	   -1.287575e+001
+1.648987e+004	   -1.289103e+001
+1.651730e+004	   -1.290644e+001
+1.654479e+004	   -1.292855e+001
+1.657231e+004	   -1.295846e+001
+1.659988e+004	   -1.298200e+001
+1.662750e+004	   -1.300595e+001
+1.665517e+004	   -1.302481e+001
+1.668288e+004	   -1.305306e+001
+1.671063e+004	   -1.307111e+001
+1.673843e+004	   -1.308956e+001
+1.676628e+004	   -1.311170e+001
+1.679418e+004	   -1.312243e+001
+1.682212e+004	   -1.313506e+001
+1.685011e+004	   -1.315757e+001
+1.687814e+004	   -1.317253e+001
+1.690622e+004	   -1.319446e+001
+1.693435e+004	   -1.320930e+001
+1.696252e+004	   -1.322429e+001
+1.699074e+004	   -1.324339e+001
+1.701901e+004	   -1.325970e+001
+1.704733e+004	   -1.327451e+001
+1.707569e+004	   -1.327647e+001
+1.710410e+004	   -1.328856e+001
+1.713256e+004	   -1.329794e+001
+1.716106e+004	   -1.331131e+001
+1.718961e+004	   -1.334771e+001
+1.721821e+004	   -1.339195e+001
+1.724686e+004	   -1.341865e+001
+1.727555e+004	   -1.344672e+001
+1.730430e+004	   -1.346902e+001
+1.733309e+004	   -1.349671e+001
+1.736192e+004	   -1.351667e+001
+1.739081e+004	   -1.353698e+001
+1.741974e+004	   -1.355773e+001
+1.744873e+004	   -1.357378e+001
+1.747776e+004	   -1.359792e+001
+1.750683e+004	   -1.361528e+001
+1.753596e+004	   -1.363821e+001
+1.756514e+004	   -1.365992e+001
+1.759436e+004	   -1.367242e+001
+1.762363e+004	   -1.369265e+001
+1.765296e+004	   -1.370633e+001
+1.768232e+004	   -1.371604e+001
+1.771174e+004	   -1.372992e+001
+1.774121e+004	   -1.373856e+001
+1.777073e+004	   -1.375975e+001
+1.780029e+004	   -1.376872e+001
+1.782991e+004	   -1.378253e+001
+1.785957e+004	   -1.379920e+001
+1.788929e+004	   -1.380441e+001
+1.791905e+004	   -1.382366e+001
+1.794886e+004	   -1.384283e+001
+1.797873e+004	   -1.387042e+001
+1.800864e+004	   -1.389855e+001
+1.803860e+004	   -1.391573e+001
+1.806861e+004	   -1.393235e+001
+1.809867e+004	   -1.395400e+001
+1.812879e+004	   -1.396950e+001
+1.815895e+004	   -1.398682e+001
+1.818916e+004	   -1.400658e+001
+1.821942e+004	   -1.402501e+001
+1.824973e+004	   -1.403735e+001
+1.828010e+004	   -1.405024e+001
+1.831051e+004	   -1.406332e+001
+1.834097e+004	   -1.407879e+001
+1.837149e+004	   -1.409721e+001
+1.840205e+004	   -1.411467e+001
+1.843267e+004	   -1.413133e+001
+1.846334e+004	   -1.415456e+001
+1.849406e+004	   -1.417068e+001
+1.852482e+004	   -1.418849e+001
+1.855565e+004	   -1.419034e+001
+1.858652e+004	   -1.420289e+001
+1.861744e+004	   -1.422330e+001
+1.864842e+004	   -1.423600e+001
+1.867944e+004	   -1.425326e+001
+1.871052e+004	   -1.426624e+001
+1.874165e+004	   -1.428354e+001
+1.877283e+004	   -1.430169e+001
+1.880406e+004	   -1.431383e+001
+1.883535e+004	   -1.433462e+001
+1.886669e+004	   -1.435070e+001
+1.889808e+004	   -1.434966e+001
+1.892952e+004	   -1.437341e+001
+1.896101e+004	   -1.438202e+001
+1.899256e+004	   -1.439775e+001
+1.902416e+004	   -1.441680e+001
+1.905581e+004	   -1.443327e+001
+1.908751e+004	   -1.445690e+001
+1.911927e+004	   -1.447093e+001
+1.915108e+004	   -1.448489e+001
+1.918294e+004	   -1.449688e+001
+1.921486e+004	   -1.449884e+001
+1.924682e+004	   -1.451221e+001
+1.927885e+004	   -1.453192e+001
+1.931092e+004	   -1.454054e+001
+1.934305e+004	   -1.456023e+001
+1.937523e+004	   -1.458754e+001
+1.940747e+004	   -1.459971e+001
+1.943976e+004	   -1.462258e+001
+1.947210e+004	   -1.464904e+001
+1.950450e+004	   -1.466241e+001
+1.953695e+004	   -1.468075e+001
+1.956945e+004	   -1.469900e+001
+1.960201e+004	   -1.471917e+001
+1.963462e+004	   -1.472605e+001
+1.966729e+004	   -1.474764e+001
+1.970001e+004	   -1.476662e+001
+1.973279e+004	   -1.478810e+001
+1.976562e+004	   -1.481525e+001
+1.979850e+004	   -1.483842e+001
+1.983144e+004	   -1.485055e+001
+1.986444e+004	   -1.486115e+001
+1.989749e+004	   -1.486723e+001
+1.993059e+004	   -1.487757e+001
+1.996375e+004	   -1.488747e+001
+1.999696e+004	   -1.491882e+001
+2.003023e+004	   -1.491630e+001
+2.006356e+004	   -1.492871e+001
+2.009694e+004	   -1.493927e+001
+2.013038e+004	   -1.494937e+001
+2.016387e+004	   -1.498052e+001
+2.019742e+004	   -1.500303e+001
+2.023102e+004	   -1.501153e+001
+2.026468e+004	   -1.504746e+001
+2.029839e+004	   -1.509469e+001
+2.033217e+004	   -1.514372e+001
+2.036599e+004	   -1.519661e+001
+2.039988e+004	   -1.524076e+001
+2.043382e+004	   -1.530000e+001
+2.046781e+004	   -1.535944e+001
+2.050187e+004	   -1.543045e+001
+2.053598e+004	   -1.549958e+001
+2.057014e+004	   -1.558110e+001
+2.060437e+004	   -1.564770e+001
+2.063865e+004	   -1.572155e+001
+2.067298e+004	   -1.579984e+001
+2.070738e+004	   -1.586843e+001
+2.074183e+004	   -1.592078e+001
+2.077634e+004	   -1.596195e+001
+2.081091e+004	   -1.598603e+001
+2.084553e+004	   -1.600583e+001
+2.088021e+004	   -1.601294e+001
+2.091495e+004	   -1.602493e+001
+2.094975e+004	   -1.603790e+001
+2.098461e+004	   -1.605960e+001
+2.101952e+004	   -1.607968e+001
+2.105449e+004	   -1.609598e+001
+2.108952e+004	   -1.611094e+001
+2.112461e+004	   -1.613073e+001
+2.115975e+004	   -1.615067e+001
+2.119496e+004	   -1.617974e+001
+2.123022e+004	   -1.620214e+001
+2.126554e+004	   -1.621681e+001
+2.130092e+004	   -1.623532e+001
+2.133636e+004	   -1.624529e+001
+2.137186e+004	   -1.625552e+001
+2.140742e+004	   -1.626724e+001
+2.144303e+004	   -1.626949e+001
+2.147871e+004	   -1.628731e+001
+2.151444e+004	   -1.630061e+001
+2.155024e+004	   -1.631308e+001
+2.158609e+004	   -1.632786e+001
+2.162201e+004	   -1.633866e+001
+2.165798e+004	   -1.635115e+001
+2.169401e+004	   -1.636015e+001
+2.173011e+004	   -1.637665e+001
+2.176626e+004	   -1.639193e+001
+2.180247e+004	   -1.640769e+001
+2.183875e+004	   -1.642749e+001
+2.187508e+004	   -1.643875e+001
+2.191148e+004	   -1.646274e+001
+2.194793e+004	   -1.647722e+001
+2.198445e+004	   -1.648680e+001
+2.202102e+004	   -1.650803e+001
+2.205766e+004	   -1.652322e+001
+2.209436e+004	   -1.654479e+001
+2.213112e+004	   -1.656755e+001
+2.216794e+004	   -1.658117e+001
+2.220482e+004	   -1.660568e+001
+2.224176e+004	   -1.662051e+001
+2.227877e+004	   -1.664450e+001
+2.231584e+004	   -1.666722e+001
+2.235296e+004	   -1.668739e+001
+2.239015e+004	   -1.671562e+001
+2.242740e+004	   -1.673097e+001
+2.246472e+004	   -1.675204e+001
+2.250209e+004	   -1.676987e+001
+2.253953e+004	   -1.678558e+001
+2.257703e+004	   -1.680212e+001
+2.261459e+004	   -1.682023e+001
+2.265222e+004	   -1.684477e+001
+2.268991e+004	   -1.686009e+001
+2.272766e+004	   -1.688194e+001
+2.276547e+004	   -1.690529e+001
+2.280335e+004	   -1.692288e+001
+2.284129e+004	   -1.694714e+001
+2.287929e+004	   -1.696022e+001
+2.291735e+004	   -1.698412e+001
+2.295548e+004	   -1.700314e+001
+2.299367e+004	   -1.702479e+001
+2.303193e+004	   -1.704267e+001
+2.307025e+004	   -1.706703e+001
+2.310863e+004	   -1.709199e+001
+2.314708e+004	   -1.710729e+001
+2.318559e+004	   -1.712381e+001
+2.322416e+004	   -1.715738e+001
+2.326280e+004	   -1.716836e+001
+2.330151e+004	   -1.719274e+001
+2.334027e+004	   -1.720674e+001
+2.337911e+004	   -1.726432e+001
+2.341800e+004	   -1.728845e+001
+2.345696e+004	   -1.728266e+001
+2.349599e+004	   -1.730870e+001
+2.353508e+004	   -1.733345e+001
+2.357424e+004	   -1.735282e+001
+2.361346e+004	   -1.738690e+001
+2.365275e+004	   -1.739890e+001
+2.369210e+004	   -1.742903e+001
+2.373152e+004	   -1.743981e+001
+2.377100e+004	   -1.745156e+001
+2.381055e+004	   -1.748061e+001
+2.385016e+004	   -1.751624e+001
+2.388985e+004	   -1.755034e+001
+2.392959e+004	   -1.758548e+001
+2.396940e+004	   -1.760370e+001
+2.400928e+004	   -1.762115e+001
+2.404923e+004	   -1.762731e+001
+2.408924e+004	   -1.766006e+001
+2.412932e+004	   -1.768058e+001
+2.416946e+004	   -1.769942e+001
+2.420968e+004	   -1.774141e+001
+2.424996e+004	   -1.774869e+001
+2.429030e+004	   -1.776682e+001
+2.433071e+004	   -1.778643e+001
+2.437119e+004	   -1.781001e+001
+2.441174e+004	   -1.784225e+001
+2.445236e+004	   -1.786376e+001
+2.449304e+004	   -1.790230e+001
+2.453379e+004	   -1.794620e+001
+2.457461e+004	   -1.796695e+001
+2.461549e+004	   -1.799874e+001
+2.465645e+004	   -1.800062e+001
+2.469747e+004	   -1.801712e+001
+2.473856e+004	   -1.804202e+001
+2.477972e+004	   -1.804003e+001
+2.482095e+004	   -1.808139e+001
+2.486224e+004	   -1.814592e+001
+2.490361e+004	   -1.817736e+001
+2.494504e+004	   -1.820603e+001
+2.498654e+004	   -1.823596e+001
+2.502811e+004	   -1.822811e+001
+2.506975e+004	   -1.823734e+001
+2.511146e+004	   -1.827816e+001
+2.515324e+004	   -1.831441e+001
+2.519509e+004	   -1.833528e+001
+2.523701e+004	   -1.833686e+001
+2.527900e+004	   -1.837362e+001
+2.532105e+004	   -1.838408e+001
+2.536318e+004	   -1.841290e+001
+2.540538e+004	   -1.845157e+001
+2.544765e+004	   -1.847116e+001
+2.548999e+004	   -1.850403e+001
+2.553239e+004	   -1.852363e+001
+2.557488e+004	   -1.853687e+001
+2.561742e+004	   -1.858950e+001
+2.566004e+004	   -1.861162e+001
+2.570274e+004	   -1.864576e+001
+2.574550e+004	   -1.867991e+001
+2.578833e+004	   -1.870456e+001
+2.583124e+004	   -1.870092e+001
+2.587422e+004	   -1.873928e+001
+2.591726e+004	   -1.878143e+001
+2.596038e+004	   -1.879057e+001
+2.600358e+004	   -1.882892e+001
+2.604684e+004	   -1.884223e+001
+2.609017e+004	   -1.888577e+001
+2.613358e+004	   -1.898638e+001
+2.617706e+004	   -1.895019e+001
+2.622061e+004	   -1.898732e+001
+2.626424e+004	   -1.900095e+001
+2.630794e+004	   -1.901840e+001
+2.635171e+004	   -1.906092e+001
+2.639555e+004	   -1.906221e+001
+2.643946e+004	   -1.910833e+001
+2.648345e+004	   -1.913065e+001
+2.652751e+004	   -1.915336e+001
+2.657165e+004	   -1.920087e+001
+2.661586e+004	   -1.920227e+001
+2.666014e+004	   -1.925245e+001
+2.670449e+004	   -1.922382e+001
+2.674892e+004	   -1.924423e+001
+2.679343e+004	   -1.929248e+001
+2.683800e+004	   -1.928553e+001
+2.688266e+004	   -1.933401e+001
+2.692738e+004	   -1.934070e+001
+2.697218e+004	   -1.934886e+001
+2.701706e+004	   -1.939585e+001
+2.706201e+004	   -1.941306e+001
+2.710703e+004	   -1.949210e+001
+2.715213e+004	   -1.950479e+001
+2.719730e+004	   -1.952423e+001
+2.724255e+004	   -1.957363e+001
+2.728788e+004	   -1.957759e+001
+2.733328e+004	   -1.965291e+001
+2.737876e+004	   -1.967221e+001
+2.742431e+004	   -1.969751e+001
+2.746993e+004	   -1.973680e+001
+2.751564e+004	   -1.973108e+001
+2.756142e+004	   -1.979834e+001
+2.760727e+004	   -1.981102e+001
+2.765320e+004	   -1.985183e+001
+2.769921e+004	   -1.989875e+001
+2.774529e+004	   -1.989317e+001
+2.779146e+004	   -1.996356e+001
+2.783769e+004	   -1.995620e+001
+2.788401e+004	   -2.002206e+001
+2.793040e+004	   -2.001842e+001
+2.797687e+004	   -2.005326e+001
+2.802342e+004	   -2.008466e+001
+2.807004e+004	   -2.009557e+001
+2.811674e+004	   -2.016779e+001
+2.816352e+004	   -2.017459e+001
+2.821038e+004	   -2.023080e+001
+2.825731e+004	   -2.027114e+001
+2.830433e+004	   -2.028258e+001
+2.835142e+004	   -2.035205e+001
+2.839859e+004	   -2.034303e+001
+2.844583e+004	   -2.038855e+001
+2.849316e+004	   -2.042323e+001
+2.854057e+004	   -2.042898e+001
+2.858805e+004	   -2.050218e+001
+2.863561e+004	   -2.048600e+001
+2.868326e+004	   -2.054492e+001
+2.873098e+004	   -2.057290e+001
+2.877878e+004	   -2.058543e+001
+2.882666e+004	   -2.066063e+001
+2.887462e+004	   -2.064582e+001
+2.892266e+004	   -2.070511e+001
+2.897078e+004	   -2.074091e+001
+2.901898e+004	   -2.074965e+001
+2.906726e+004	   -2.083964e+001
+2.911562e+004	   -2.081550e+001
+2.916406e+004	   -2.087820e+001
+2.921258e+004	   -2.088725e+001
+2.926119e+004	   -2.091203e+001
+2.930987e+004	   -2.102088e+001
+2.935863e+004	   -2.100545e+001
+2.940748e+004	   -2.106760e+001
+2.945640e+004	   -2.108706e+001
+2.950541e+004	   -2.110214e+001
+2.955450e+004	   -2.119518e+001
+2.960367e+004	   -2.115929e+001
+2.965293e+004	   -2.124992e+001
+2.970226e+004	   -2.127607e+001
+2.975168e+004	   -2.128604e+001
+2.980118e+004	   -2.137613e+001
+2.985076e+004	   -2.134260e+001
+2.990042e+004	   -2.142040e+001
+2.995017e+004	   -2.141545e+001
+3.000000e+004	   -2.152301e+001
