+1.280000e+002	   +2.438820e-001
+2.560000e+002	   +7.059198e-002
+3.840000e+002	   +5.871886e-003
+5.120000e+002	   +4.471911e-004
+6.400000e+002	   +3.463367e-004
+7.680000e+002	   +1.831745e-004
+8.960000e+002	   +1.125476e-004
+1.024000e+003	   +1.020469e-004
+1.152000e+003	   +2.677154e-004
+1.280000e+003	   +5.455521e-004
+1.408000e+003	   +5.697910e-004
+1.536000e+003	   +3.365731e-004
+1.664000e+003	   +1.899217e-004
+1.792000e+003	   +1.343653e-004
+1.920000e+003	   +1.292594e-004
+2.048000e+003	   +1.474802e-004
+2.176000e+003	   +1.411505e-004
+2.304000e+003	   +1.125868e-004
+2.432000e+003	   +8.389942e-005
+2.560000e+003	   +6.179226e-005
+2.688000e+003	   +6.162511e-005
+2.816000e+003	   +7.503043e-005
+2.944000e+003	   +7.976372e-005
+3.072000e+003	   +1.003165e-004
+3.200000e+003	   +1.058196e-004
+3.328000e+003	   +7.027653e-005
+3.456000e+003	   +3.815769e-005
+3.584000e+003	   +3.068112e-005
+3.712000e+003	   +3.226211e-005
+3.840000e+003	   +3.229220e-005
+3.968000e+003	   +2.788666e-005
+4.096000e+003	   +2.277759e-005
+4.224000e+003	   +2.026755e-005
+4.352000e+003	   +1.851980e-005
+4.480000e+003	   +1.706129e-005
+4.608000e+003	   +1.696276e-005
+4.736000e+003	   +1.645083e-005
+4.864000e+003	   +1.579979e-005
+4.992000e+003	   +1.524687e-005
+5.120000e+003	   +1.463695e-005
+5.248000e+003	   +1.412975e-005
+5.376000e+003	   +1.377720e-005
+5.504000e+003	   +1.345987e-005
+5.632000e+003	   +1.317388e-005
+5.760000e+003	   +1.280754e-005
+5.888000e+003	   +1.245346e-005
+6.016000e+003	   +1.213553e-005
+6.144000e+003	   +1.200668e-005
+6.272000e+003	   +1.210224e-005
+6.400000e+003	   +1.207525e-005
+6.528000e+003	   +1.192491e-005
+6.656000e+003	   +1.175546e-005
+6.784000e+003	   +1.178342e-005
+6.912000e+003	   +1.198919e-005
+7.040000e+003	   +1.200619e-005
+7.168000e+003	   +1.195727e-005
+7.296000e+003	   +1.178347e-005
+7.424000e+003	   +1.209217e-005
+7.552000e+003	   +1.261063e-005
+7.680000e+003	   +1.245121e-005
+7.808000e+003	   +1.221313e-005
+7.936000e+003	   +1.214992e-005
+8.064000e+003	   +1.193927e-005
+8.192000e+003	   +1.172966e-005
+8.320000e+003	   +1.164806e-005
+8.448000e+003	   +1.168033e-005
+8.576000e+003	   +1.179942e-005
+8.704000e+003	   +1.202788e-005
+8.832000e+003	   +1.194514e-005
+8.960000e+003	   +1.168837e-005
+9.088000e+003	   +1.137289e-005
+9.216000e+003	   +1.145587e-005
+9.344000e+003	   +1.171532e-005
+9.472000e+003	   +1.177743e-005
+9.600000e+003	   +1.168980e-005
+9.728000e+003	   +1.174832e-005
+9.856000e+003	   +1.199361e-005
+9.984000e+003	   +1.212906e-005
+1.011200e+004	   +1.208763e-005
+1.024000e+004	   +1.210689e-005
+1.036800e+004	   +1.216931e-005
+1.049600e+004	   +1.224513e-005
+1.062400e+004	   +1.232133e-005
+1.075200e+004	   +1.252979e-005
+1.088000e+004	   +1.316250e-005
+1.100800e+004	   +1.302764e-005
+1.113600e+004	   +1.225478e-005
+1.126400e+004	   +1.217304e-005
+1.139200e+004	   +1.226334e-005
+1.152000e+004	   +1.220173e-005
+1.164800e+004	   +1.213652e-005
+1.177600e+004	   +1.212778e-005
+1.190400e+004	   +1.211345e-005
+1.203200e+004	   +1.222987e-005
+1.216000e+004	   +1.227060e-005
+1.228800e+004	   +1.223484e-005
+1.241600e+004	   +1.232515e-005
+1.254400e+004	   +1.237888e-005
+1.267200e+004	   +1.232067e-005
+1.280000e+004	   +1.225452e-005
+1.292800e+004	   +1.211768e-005
+1.305600e+004	   +1.222543e-005
+1.318400e+004	   +1.234517e-005
+1.331200e+004	   +1.224094e-005
+1.344000e+004	   +1.224292e-005
+1.356800e+004	   +1.232981e-005
+1.369600e+004	   +1.257470e-005
+1.382400e+004	   +1.271000e-005
+1.395200e+004	   +1.262972e-005
+1.408000e+004	   +1.258175e-005
+1.420800e+004	   +1.258233e-005
+1.433600e+004	   +1.259392e-005
+1.446400e+004	   +1.263899e-005
+1.459200e+004	   +1.255342e-005
+1.472000e+004	   +1.263592e-005
+1.484800e+004	   +1.269311e-005
+1.497600e+004	   +1.269064e-005
+1.510400e+004	   +1.272578e-005
+1.523200e+004	   +1.265725e-005
+1.536000e+004	   +1.258975e-005
+1.548800e+004	   +1.253648e-005
+1.561600e+004	   +1.253571e-005
+1.574400e+004	   +1.258664e-005
+1.587200e+004	   +1.254139e-005
+1.600000e+004	   +1.267010e-005
+1.612800e+004	   +1.286963e-005
+1.625600e+004	   +1.271195e-005
+1.638400e+004	   +1.244286e-005
+1.651200e+004	   +1.231968e-005
+1.664000e+004	   +1.245181e-005
+1.676800e+004	   +1.264836e-005
+1.689600e+004	   +1.268516e-005
+1.702400e+004	   +1.254302e-005
+1.715200e+004	   +1.264851e-005
+1.728000e+004	   +1.307836e-005
+1.740800e+004	   +1.295504e-005
+1.753600e+004	   +1.258697e-005
+1.766400e+004	   +1.256853e-005
+1.779200e+004	   +1.275331e-005
+1.792000e+004	   +1.301210e-005
+1.804800e+004	   +1.292614e-005
+1.817600e+004	   +1.262406e-005
+1.830400e+004	   +1.272273e-005
+1.843200e+004	   +1.294959e-005
+1.856000e+004	   +1.297417e-005
+1.868800e+004	   +1.292811e-005
+1.881600e+004	   +1.288602e-005
+1.894400e+004	   +1.288632e-005
+1.907200e+004	   +1.279564e-005
+1.920000e+004	   +1.267022e-005
+1.932800e+004	   +1.275972e-005
+1.945600e+004	   +1.293284e-005
+1.958400e+004	   +1.296143e-005
+1.971200e+004	   +1.307131e-005
+1.984000e+004	   +1.309244e-005
+1.996800e+004	   +1.298316e-005
+2.009600e+004	   +1.293772e-005
+2.022400e+004	   +1.298444e-005
+2.035200e+004	   +1.310290e-005
+2.048000e+004	   +1.290552e-005
+2.060800e+004	   +1.263678e-005
+2.073600e+004	   +1.265475e-005
+2.086400e+004	   +1.290698e-005
+2.099200e+004	   +1.310953e-005
+2.112000e+004	   +1.308521e-005
+2.124800e+004	   +1.298564e-005
+2.137600e+004	   +1.299384e-005
+2.150400e+004	   +1.314643e-005
+2.163200e+004	   +1.302814e-005
+2.176000e+004	   +1.285678e-005
+2.188800e+004	   +1.302964e-005
+2.201600e+004	   +1.315531e-005
+2.214400e+004	   +1.310256e-005
+2.227200e+004	   +1.298998e-005
+2.240000e+004	   +1.287587e-005
+2.252800e+004	   +1.303083e-005
+2.265600e+004	   +1.301185e-005
+2.278400e+004	   +1.293879e-005
+2.291200e+004	   +1.313205e-005
+2.304000e+004	   +1.314324e-005
+2.316800e+004	   +1.300706e-005
+2.329600e+004	   +1.297196e-005
+2.342400e+004	   +1.302745e-005
+2.355200e+004	   +1.308087e-005
+2.368000e+004	   +1.315024e-005
+2.380800e+004	   +1.356193e-005
+2.393600e+004	   +1.401212e-005
+2.406400e+004	   +1.346227e-005
+2.419200e+004	   +1.302425e-005
+2.432000e+004	   +1.304944e-005
+2.444800e+004	   +1.292719e-005
+2.457600e+004	   +1.283844e-005
+2.470400e+004	   +1.291380e-005
+2.483200e+004	   +1.314395e-005
+2.496000e+004	   +1.328645e-005
+2.508800e+004	   +1.319883e-005
+2.521600e+004	   +1.288789e-005
+2.534400e+004	   +1.296330e-005
+2.547200e+004	   +1.311834e-005
+2.560000e+004	   +1.311431e-005
+2.572800e+004	   +1.303528e-005
+2.585600e+004	   +1.325947e-005
+2.598400e+004	   +1.336625e-005
+2.611200e+004	   +1.319915e-005
+2.624000e+004	   +1.329377e-005
+2.636800e+004	   +1.343580e-005
+2.649600e+004	   +1.339847e-005
+2.662400e+004	   +1.336902e-005
+2.675200e+004	   +1.328363e-005
+2.688000e+004	   +1.323733e-005
+2.700800e+004	   +1.317326e-005
+2.713600e+004	   +1.307290e-005
+2.726400e+004	   +1.296194e-005
+2.739200e+004	   +1.305529e-005
+2.752000e+004	   +1.325222e-005
+2.764800e+004	   +1.322463e-005
+2.777600e+004	   +1.316688e-005
+2.790400e+004	   +1.317841e-005
+2.803200e+004	   +1.335564e-005
+2.816000e+004	   +1.315866e-005
+2.828800e+004	   +1.289465e-005
+2.841600e+004	   +1.310009e-005
+2.854400e+004	   +1.326618e-005
+2.867200e+004	   +1.319441e-005
+2.880000e+004	   +1.318245e-005
+2.892800e+004	   +1.331586e-005
+2.905600e+004	   +1.313979e-005
+2.918400e+004	   +1.303717e-005
+2.931200e+004	   +1.312549e-005
+2.944000e+004	   +1.298205e-005
+2.956800e+004	   +1.296274e-005
+2.969600e+004	   +1.312890e-005
+2.982400e+004	   +1.309612e-005
+2.995200e+004	   +1.309304e-005
+3.008000e+004	   +1.310882e-005
+3.020800e+004	   +1.311805e-005
+3.033600e+004	   +1.313887e-005
+3.046400e+004	   +1.312410e-005
+3.059200e+004	   +1.317232e-005
+3.072000e+004	   +1.333580e-005
+3.084800e+004	   +1.335646e-005
+3.097600e+004	   +1.321359e-005
+3.110400e+004	   +1.316879e-005
+3.123200e+004	   +1.321621e-005
+3.136000e+004	   +1.323495e-005
+3.148800e+004	   +1.320487e-005
+3.161600e+004	   +1.316223e-005
+3.174400e+004	   +1.315142e-005
+3.187200e+004	   +1.321288e-005
+3.200000e+004	   +1.318240e-005
+3.212800e+004	   +1.309854e-005
+3.225600e+004	   +1.300796e-005
+3.238400e+004	   +1.328398e-005
+3.251200e+004	   +1.336551e-005
+3.264000e+004	   +1.324661e-005
+3.276800e+004	   +1.311599e-005
+3.289600e+004	   +1.296740e-005
+3.302400e+004	   +1.288950e-005
+3.315200e+004	   +1.282569e-005
+3.328000e+004	   +1.277020e-005
+3.340800e+004	   +1.291460e-005
+3.353600e+004	   +1.312575e-005
+3.366400e+004	   +1.317193e-005
+3.379200e+004	   +1.312583e-005
+3.392000e+004	   +1.322761e-005
+3.404800e+004	   +1.322603e-005
+3.417600e+004	   +1.314718e-005
+3.430400e+004	   +1.311861e-005
+3.443200e+004	   +1.298691e-005
+3.456000e+004	   +1.291845e-005
+3.468800e+004	   +1.295740e-005
+3.481600e+004	   +1.290582e-005
+3.494400e+004	   +1.277191e-005
+3.507200e+004	   +1.295475e-005
+3.520000e+004	   +1.320348e-005
+3.532800e+004	   +1.316827e-005
+3.545600e+004	   +1.311425e-005
+3.558400e+004	   +1.304870e-005
+3.571200e+004	   +1.321051e-005
+3.584000e+004	   +1.338535e-005
+3.596800e+004	   +1.319180e-005
+3.609600e+004	   +1.298420e-005
+3.622400e+004	   +1.282367e-005
+3.635200e+004	   +1.257040e-005
+3.648000e+004	   +1.247725e-005
+3.660800e+004	   +1.258693e-005
+3.673600e+004	   +1.275615e-005
+3.686400e+004	   +1.300717e-005
+3.699200e+004	   +1.307138e-005
+3.712000e+004	   +1.285338e-005
+3.724800e+004	   +1.278451e-005
+3.737600e+004	   +1.288203e-005
+3.750400e+004	   +1.293277e-005
+3.763200e+004	   +1.280740e-005
+3.776000e+004	   +1.273863e-005
+3.788800e+004	   +1.276918e-005
+3.801600e+004	   +1.302258e-005
+3.814400e+004	   +1.300562e-005
+3.827200e+004	   +1.290130e-005
+3.840000e+004	   +1.307380e-005
+3.852800e+004	   +1.310078e-005
+3.865600e+004	   +1.296484e-005
+3.878400e+004	   +1.289330e-005
+3.891200e+004	   +1.269952e-005
+3.904000e+004	   +1.270495e-005
+3.916800e+004	   +1.285522e-005
+3.929600e+004	   +1.284407e-005
+3.942400e+004	   +1.278079e-005
+3.955200e+004	   +1.262965e-005
+3.968000e+004	   +1.264121e-005
+3.980800e+004	   +1.283991e-005
+3.993600e+004	   +1.281069e-005
+4.006400e+004	   +1.258797e-005
+4.019200e+004	   +1.262560e-005
+4.032000e+004	   +1.275392e-005
+4.044800e+004	   +1.288738e-005
+4.057600e+004	   +1.288809e-005
+4.070400e+004	   +1.279016e-005
+4.083200e+004	   +1.271993e-005
+4.096000e+004	   +1.256052e-005
+4.108800e+004	   +1.244592e-005
+4.121600e+004	   +1.250739e-005
+4.134400e+004	   +1.248358e-005
+4.147200e+004	   +1.263604e-005
+4.160000e+004	   +1.287706e-005
+4.172800e+004	   +1.275766e-005
+4.185600e+004	   +1.262928e-005
+4.198400e+004	   +1.265365e-005
+4.211200e+004	   +1.285468e-005
+4.224000e+004	   +1.286845e-005
+4.236800e+004	   +1.269430e-005
+4.249600e+004	   +1.259568e-005
+4.262400e+004	   +1.240505e-005
+4.275200e+004	   +1.226861e-005
+4.288000e+004	   +1.236733e-005
+4.300800e+004	   +1.255083e-005
+4.313600e+004	   +1.258020e-005
+4.326400e+004	   +1.265894e-005
+4.339200e+004	   +1.270528e-005
+4.352000e+004	   +1.257930e-005
+4.364800e+004	   +1.236171e-005
+4.377600e+004	   +1.227588e-005
+4.390400e+004	   +1.253089e-005
+4.403200e+004	   +1.256809e-005
+4.416000e+004	   +1.259453e-005
+4.428800e+004	   +1.263979e-005
+4.441600e+004	   +1.240931e-005
+4.454400e+004	   +1.238218e-005
+4.467200e+004	   +1.244239e-005
+4.480000e+004	   +1.238149e-005
+4.492800e+004	   +1.240182e-005
+4.505600e+004	   +1.239950e-005
+4.518400e+004	   +1.250769e-005
+4.531200e+004	   +1.261547e-005
+4.544000e+004	   +1.259874e-005
+4.556800e+004	   +1.259359e-005
+4.569600e+004	   +1.255233e-005
+4.582400e+004	   +1.245933e-005
+4.595200e+004	   +1.232588e-005
+4.608000e+004	   +1.239797e-005
+4.620800e+004	   +1.250504e-005
+4.633600e+004	   +1.232208e-005
+4.646400e+004	   +1.222826e-005
+4.659200e+004	   +1.226496e-005
+4.672000e+004	   +1.232081e-005
+4.684800e+004	   +1.237357e-005
+4.697600e+004	   +1.243096e-005
+4.710400e+004	   +1.236384e-005
+4.723200e+004	   +1.241247e-005
+4.736000e+004	   +1.252880e-005
+4.748800e+004	   +1.245244e-005
+4.761600e+004	   +1.232436e-005
+4.774400e+004	   +1.243314e-005
+4.787200e+004	   +1.256502e-005
+4.800000e+004	   +1.241108e-005
+4.812800e+004	   +1.232442e-005
+4.825600e+004	   +1.241741e-005
+4.838400e+004	   +1.248187e-005
+4.851200e+004	   +1.241888e-005
+4.864000e+004	   +1.238314e-005
+4.876800e+004	   +1.250486e-005
+4.889600e+004	   +1.246527e-005
+4.902400e+004	   +1.240637e-005
+4.915200e+004	   +1.250464e-005
+4.928000e+004	   +1.248649e-005
+4.940800e+004	   +1.241213e-005
+4.953600e+004	   +1.248127e-005
+4.966400e+004	   +1.241069e-005
+4.979200e+004	   +1.212434e-005
+4.992000e+004	   +1.211325e-005
+5.004800e+004	   +1.230733e-005
+5.017600e+004	   +1.242807e-005
+5.030400e+004	   +1.240106e-005
+5.043200e+004	   +1.242346e-005
+5.056000e+004	   +1.247409e-005
+5.068800e+004	   +1.240712e-005
+5.081600e+004	   +1.217014e-005
+5.094400e+004	   +1.209230e-005
+5.107200e+004	   +1.219079e-005
+5.120000e+004	   +1.224518e-005
+5.132800e+004	   +1.220989e-005
+5.145600e+004	   +1.211028e-005
+5.158400e+004	   +1.196184e-005
+5.171200e+004	   +1.197746e-005
+5.184000e+004	   +1.211448e-005
+5.196800e+004	   +1.216161e-005
+5.209600e+004	   +1.225155e-005
+5.222400e+004	   +1.233943e-005
+5.235200e+004	   +1.238887e-005
+5.248000e+004	   +1.235880e-005
+5.260800e+004	   +1.244440e-005
+5.273600e+004	   +1.226900e-005
+5.286400e+004	   +1.198983e-005
+5.299200e+004	   +1.198633e-005
+5.312000e+004	   +1.201064e-005
+5.324800e+004	   +1.219218e-005
+5.337600e+004	   +1.228630e-005
+5.350400e+004	   +1.223185e-005
+5.363200e+004	   +1.220246e-005
+5.376000e+004	   +1.213241e-005
+5.388800e+004	   +1.216971e-005
+5.401600e+004	   +1.220654e-005
+5.414400e+004	   +1.204946e-005
+5.427200e+004	   +1.206933e-005
+5.440000e+004	   +1.218276e-005
+5.452800e+004	   +1.224860e-005
+5.465600e+004	   +1.224730e-005
+5.478400e+004	   +1.224157e-005
+5.491200e+004	   +1.207666e-005
+5.504000e+004	   +1.203832e-005
+5.516800e+004	   +1.211414e-005
+5.529600e+004	   +1.200969e-005
+5.542400e+004	   +1.185779e-005
+5.555200e+004	   +1.204571e-005
+5.568000e+004	   +1.214574e-005
+5.580800e+004	   +1.213630e-005
+5.593600e+004	   +1.218017e-005
+5.606400e+004	   +1.232689e-005
+5.619200e+004	   +1.229813e-005
+5.632000e+004	   +1.223542e-005
+5.644800e+004	   +1.232595e-005
+5.657600e+004	   +1.235425e-005
+5.670400e+004	   +1.228728e-005
+5.683200e+004	   +1.220882e-005
+5.696000e+004	   +1.227656e-005
+5.708800e+004	   +1.242567e-005
+5.721600e+004	   +1.236539e-005
+5.734400e+004	   +1.219374e-005
+5.747200e+004	   +1.204717e-005
+5.760000e+004	   +1.208248e-005
+5.772800e+004	   +1.207578e-005
+5.785600e+004	   +1.220353e-005
+5.798400e+004	   +1.232730e-005
+5.811200e+004	   +1.238180e-005
+5.824000e+004	   +1.221747e-005
+5.836800e+004	   +1.201445e-005
+5.849600e+004	   +1.198205e-005
+5.862400e+004	   +1.204577e-005
+5.875200e+004	   +1.205545e-005
+5.888000e+004	   +1.228176e-005
+5.900800e+004	   +1.345641e-005
+5.913600e+004	   +1.631272e-005
+5.926400e+004	   +1.766956e-005
+5.939200e+004	   +1.577776e-005
+5.952000e+004	   +1.347208e-005
+5.964800e+004	   +1.251348e-005
+5.977600e+004	   +1.245891e-005
+5.990400e+004	   +1.229479e-005
+6.003200e+004	   +1.213156e-005
+6.016000e+004	   +1.202675e-005
+6.028800e+004	   +1.187977e-005
+6.041600e+004	   +1.191309e-005
+6.054400e+004	   +1.204021e-005
+6.067200e+004	   +1.214617e-005
+6.080000e+004	   +1.209209e-005
+6.092800e+004	   +1.185965e-005
+6.105600e+004	   +1.175397e-005
+6.118400e+004	   +1.186603e-005
+6.131200e+004	   +1.196499e-005
+6.144000e+004	   +1.202135e-005
+6.156800e+004	   +1.195968e-005
+6.169600e+004	   +1.185144e-005
+6.182400e+004	   +1.179834e-005
+6.195200e+004	   +1.176355e-005
+6.208000e+004	   +1.181336e-005
+6.220800e+004	   +1.184791e-005
+6.233600e+004	   +1.180629e-005
+6.246400e+004	   +1.207171e-005
+6.259200e+004	   +1.220488e-005
+6.272000e+004	   +1.188677e-005
+6.284800e+004	   +1.173990e-005
+6.297600e+004	   +1.178349e-005
+6.310400e+004	   +1.188564e-005
+6.323200e+004	   +1.184612e-005
+6.336000e+004	   +1.174394e-005
+6.348800e+004	   +1.188316e-005
+6.361600e+004	   +1.249159e-005
+6.374400e+004	   +1.298027e-005
+6.387200e+004	   +1.241296e-005
+6.400000e+004	   +1.190083e-005
+6.412800e+004	   +1.179280e-005
+6.425600e+004	   +1.190040e-005
+6.438400e+004	   +1.209829e-005
+6.451200e+004	   +1.207161e-005
+6.464000e+004	   +1.177308e-005
+6.476800e+004	   +1.170240e-005
+6.489600e+004	   +1.198094e-005
+6.502400e+004	   +1.201504e-005
+6.515200e+004	   +1.197841e-005
+6.528000e+004	   +1.197151e-005
+6.540800e+004	   +1.195291e-005
+6.553600e+004	   +1.195385e-005
+6.566400e+004	   +1.187763e-005
+6.579200e+004	   +1.180081e-005
+6.592000e+004	   +1.182839e-005
+6.604800e+004	   +1.200084e-005
+6.617600e+004	   +1.207166e-005
+6.630400e+004	   +1.188922e-005
+6.643200e+004	   +1.182802e-005
+6.656000e+004	   +1.189348e-005
+6.668800e+004	   +1.191999e-005
+6.681600e+004	   +1.193056e-005
+6.694400e+004	   +1.198658e-005
+6.707200e+004	   +1.191563e-005
+6.720000e+004	   +1.187045e-005
+6.732800e+004	   +1.199751e-005
+6.745600e+004	   +1.200563e-005
+6.758400e+004	   +1.202394e-005
+6.771200e+004	   +1.195601e-005
+6.784000e+004	   +1.190121e-005
+6.796800e+004	   +1.185105e-005
+6.809600e+004	   +1.169446e-005
+6.822400e+004	   +1.159005e-005
+6.835200e+004	   +1.158386e-005
+6.848000e+004	   +1.160704e-005
+6.860800e+004	   +1.173605e-005
+6.873600e+004	   +1.179896e-005
+6.886400e+004	   +1.180807e-005
+6.899200e+004	   +1.175920e-005
+6.912000e+004	   +1.172054e-005
+6.924800e+004	   +1.181822e-005
+6.937600e+004	   +1.174739e-005
+6.950400e+004	   +1.180962e-005
+6.963200e+004	   +1.205042e-005
+6.976000e+004	   +1.209813e-005
+6.988800e+004	   +1.206729e-005
+7.001600e+004	   +1.202203e-005
+7.014400e+004	   +1.201305e-005
+7.027200e+004	   +1.191292e-005
+7.040000e+004	   +1.186089e-005
+7.052800e+004	   +1.179677e-005
+7.065600e+004	   +1.186310e-005
+7.078400e+004	   +1.185650e-005
+7.091200e+004	   +1.183721e-005
+7.104000e+004	   +1.202819e-005
+7.116800e+004	   +1.203268e-005
+7.129600e+004	   +1.189881e-005
+7.142400e+004	   +1.186883e-005
+7.155200e+004	   +1.165848e-005
+7.168000e+004	   +1.180024e-005
+7.180800e+004	   +1.195934e-005
+7.193600e+004	   +1.189016e-005
+7.206400e+004	   +1.174734e-005
+7.219200e+004	   +1.176165e-005
+7.232000e+004	   +1.181375e-005
+7.244800e+004	   +1.178137e-005
+7.257600e+004	   +1.164361e-005
+7.270400e+004	   +1.146423e-005
+7.283200e+004	   +1.134280e-005
+7.296000e+004	   +1.139638e-005
+7.308800e+004	   +1.156396e-005
+7.321600e+004	   +1.167508e-005
+7.334400e+004	   +1.180370e-005
+7.347200e+004	   +1.177676e-005
+7.360000e+004	   +1.175542e-005
+7.372800e+004	   +1.182648e-005
+7.385600e+004	   +1.190262e-005
+7.398400e+004	   +1.194534e-005
+7.411200e+004	   +1.179800e-005
+7.424000e+004	   +1.171886e-005
+7.436800e+004	   +1.171689e-005
+7.449600e+004	   +1.176937e-005
+7.462400e+004	   +1.182662e-005
+7.475200e+004	   +1.177622e-005
+7.488000e+004	   +1.163592e-005
+7.500800e+004	   +1.170663e-005
+7.513600e+004	   +1.177211e-005
+7.526400e+004	   +1.174352e-005
+7.539200e+004	   +1.180410e-005
+7.552000e+004	   +1.195774e-005
+7.564800e+004	   +1.187203e-005
+7.577600e+004	   +1.177984e-005
+7.590400e+004	   +1.179235e-005
+7.603200e+004	   +1.181641e-005
+7.616000e+004	   +1.189124e-005
+7.628800e+004	   +1.188536e-005
+7.641600e+004	   +1.183938e-005
+7.654400e+004	   +1.181172e-005
+7.667200e+004	   +1.189242e-005
+7.680000e+004	   +1.200951e-005
+7.692800e+004	   +1.194732e-005
+7.705600e+004	   +1.189943e-005
+7.718400e+004	   +1.194899e-005
+7.731200e+004	   +1.198616e-005
+7.744000e+004	   +1.198276e-005
+7.756800e+004	   +1.187338e-005
+7.769600e+004	   +1.173794e-005
+7.782400e+004	   +1.181423e-005
+7.795200e+004	   +1.188823e-005
+7.808000e+004	   +1.189092e-005
+7.820800e+004	   +1.188521e-005
+7.833600e+004	   +1.173972e-005
+7.846400e+004	   +1.158507e-005
+7.859200e+004	   +1.165022e-005
+7.872000e+004	   +1.177106e-005
+7.884800e+004	   +1.180098e-005
+7.897600e+004	   +1.191028e-005
+7.910400e+004	   +1.194095e-005
+7.923200e+004	   +1.184653e-005
+7.936000e+004	   +1.188930e-005
+7.948800e+004	   +1.185288e-005
+7.961600e+004	   +1.178288e-005
+7.974400e+004	   +1.194903e-005
+7.987200e+004	   +1.205275e-005
+8.000000e+004	   +1.189771e-005
+8.012800e+004	   +1.176438e-005
+8.025600e+004	   +1.175627e-005
+8.038400e+004	   +1.182000e-005
+8.051200e+004	   +1.187312e-005
+8.064000e+004	   +1.175859e-005
+8.076800e+004	   +1.191325e-005
+8.089600e+004	   +1.197661e-005
+8.102400e+004	   +1.190790e-005
+8.115200e+004	   +1.189404e-005
+8.128000e+004	   +1.188725e-005
+8.140800e+004	   +1.193555e-005
+8.153600e+004	   +1.186364e-005
+8.166400e+004	   +1.188611e-005
+8.179200e+004	   +1.191023e-005
+8.192000e+004	   +1.187851e-005
+8.204800e+004	   +1.190965e-005
+8.217600e+004	   +1.193007e-005
+8.230400e+004	   +1.206028e-005
+8.243200e+004	   +1.214646e-005
+8.256000e+004	   +1.211442e-005
+8.268800e+004	   +1.199448e-005
+8.281600e+004	   +1.193010e-005
+8.294400e+004	   +1.195032e-005
+8.307200e+004	   +1.195727e-005
+8.320000e+004	   +1.221797e-005
+8.332800e+004	   +1.223832e-005
+8.345600e+004	   +1.194520e-005
+8.358400e+004	   +1.180423e-005
+8.371200e+004	   +1.190335e-005
+8.384000e+004	   +1.208193e-005
+8.396800e+004	   +1.203223e-005
+8.409600e+004	   +1.188215e-005
+8.422400e+004	   +1.196666e-005
+8.435200e+004	   +1.223422e-005
+8.448000e+004	   +1.222532e-005
+8.460800e+004	   +1.198898e-005
+8.473600e+004	   +1.198815e-005
+8.486400e+004	   +1.210619e-005
+8.499200e+004	   +1.203946e-005
+8.512000e+004	   +1.202795e-005
+8.524800e+004	   +1.212650e-005
+8.537600e+004	   +1.203781e-005
+8.550400e+004	   +1.195756e-005
+8.563200e+004	   +1.205339e-005
+8.576000e+004	   +1.216011e-005
+8.588800e+004	   +1.215963e-005
+8.601600e+004	   +1.212110e-005
+8.614400e+004	   +1.206100e-005
+8.627200e+004	   +1.210572e-005
+8.640000e+004	   +1.218712e-005
+8.652800e+004	   +1.213184e-005
+8.665600e+004	   +1.193006e-005
+8.678400e+004	   +1.186253e-005
+8.691200e+004	   +1.183844e-005
+8.704000e+004	   +1.175328e-005
+8.716800e+004	   +1.183844e-005
+8.729600e+004	   +1.193107e-005
+8.742400e+004	   +1.207223e-005
+8.755200e+004	   +1.211748e-005
+8.768000e+004	   +1.206785e-005
+8.780800e+004	   +1.220507e-005
+8.793600e+004	   +1.227866e-005
+8.806400e+004	   +1.214727e-005
+8.819200e+004	   +1.196867e-005
+8.832000e+004	   +1.195271e-005
+8.844800e+004	   +1.207400e-005
+8.857600e+004	   +1.211204e-005
+8.870400e+004	   +1.207423e-005
+8.883200e+004	   +1.202726e-005
+8.896000e+004	   +1.209860e-005
+8.908800e+004	   +1.222258e-005
+8.921600e+004	   +1.236474e-005
+8.934400e+004	   +1.232583e-005
+8.947200e+004	   +1.220293e-005
+8.960000e+004	   +1.212715e-005
+8.972800e+004	   +1.208212e-005
+8.985600e+004	   +1.213101e-005
+8.998400e+004	   +1.206182e-005
+9.011200e+004	   +1.196121e-005
+9.024000e+004	   +1.206623e-005
+9.036800e+004	   +1.209302e-005
+9.049600e+004	   +1.203910e-005
+9.062400e+004	   +1.205205e-005
+9.075200e+004	   +1.216449e-005
+9.088000e+004	   +1.214057e-005
+9.100800e+004	   +1.209001e-005
+9.113600e+004	   +1.220866e-005
+9.126400e+004	   +1.229965e-005
+9.139200e+004	   +1.230083e-005
+9.152000e+004	   +1.227057e-005
+9.164800e+004	   +1.222721e-005
+9.177600e+004	   +1.219422e-005
+9.190400e+004	   +1.214303e-005
+9.203200e+004	   +1.204546e-005
+9.216000e+004	   +1.201817e-005
+9.228800e+004	   +1.208084e-005
+9.241600e+004	   +1.201359e-005
+9.254400e+004	   +1.198221e-005
+9.267200e+004	   +1.203626e-005
+9.280000e+004	   +1.200035e-005
+9.292800e+004	   +1.182595e-005
+9.305600e+004	   +1.184583e-005
+9.318400e+004	   +1.202552e-005
+9.331200e+004	   +1.206779e-005
+9.344000e+004	   +1.204919e-005
+9.356800e+004	   +1.205119e-005
+9.369600e+004	   +1.207438e-005
+9.382400e+004	   +1.224402e-005
+9.395200e+004	   +1.215226e-005
+9.408000e+004	   +1.199851e-005
+9.420800e+004	   +1.204005e-005
+9.433600e+004	   +1.197144e-005
+9.446400e+004	   +1.189426e-005
+9.459200e+004	   +1.198742e-005
+9.472000e+004	   +1.213821e-005
+9.484800e+004	   +1.224043e-005
+9.497600e+004	   +1.212922e-005
+9.510400e+004	   +1.201377e-005
+9.523200e+004	   +1.197813e-005
+9.536000e+004	   +1.204406e-005
+9.548800e+004	   +1.212106e-005
+9.561600e+004	   +1.205185e-005
+9.574400e+004	   +1.182374e-005
+9.587200e+004	   +1.169679e-005
+9.600000e+004	   +1.191757e-005
+9.612800e+004	   +1.209425e-005
+9.625600e+004	   +1.210027e-005
+9.638400e+004	   +1.200329e-005
+9.651200e+004	   +1.199706e-005
+9.664000e+004	   +1.216593e-005
+9.676800e+004	   +1.213952e-005
+9.689600e+004	   +1.206859e-005
+9.702400e+004	   +1.199617e-005
+9.715200e+004	   +1.193957e-005
+9.728000e+004	   +1.191402e-005
+9.740800e+004	   +1.181211e-005
+9.753600e+004	   +1.180086e-005
+9.766400e+004	   +1.202174e-005
+9.779200e+004	   +1.216484e-005
+9.792000e+004	   +1.206594e-005
+9.804800e+004	   +1.211478e-005
+9.817600e+004	   +1.227542e-005
+9.830400e+004	   +1.229472e-005
+9.843200e+004	   +1.216560e-005
+9.856000e+004	   +1.205565e-005
+9.868800e+004	   +1.204243e-005
+9.881600e+004	   +1.215274e-005
+9.894400e+004	   +1.206351e-005
+9.907200e+004	   +1.196851e-005
+9.920000e+004	   +1.191436e-005
+9.932800e+004	   +1.186879e-005
+9.945600e+004	   +1.208729e-005
+9.958400e+004	   +1.235079e-005
+9.971200e+004	   +1.233858e-005
+9.984000e+004	   +1.222976e-005
+9.996800e+004	   +1.222701e-005
+1.000960e+005	   +1.222096e-005
+1.002240e+005	   +1.221970e-005
+1.003520e+005	   +1.232051e-005
+1.004800e+005	   +1.221658e-005
+1.006080e+005	   +1.212462e-005
+1.007360e+005	   +1.215751e-005
+1.008640e+005	   +1.223229e-005
+1.009920e+005	   +1.227754e-005
+1.011200e+005	   +1.242386e-005
+1.012480e+005	   +1.242583e-005
+1.013760e+005	   +1.238138e-005
+1.015040e+005	   +1.240322e-005
+1.016320e+005	   +1.234115e-005
+1.017600e+005	   +1.231503e-005
+1.018880e+005	   +1.237898e-005
+1.020160e+005	   +1.232722e-005
+1.021440e+005	   +1.212143e-005
+1.022720e+005	   +1.203034e-005
+1.024000e+005	   +1.210761e-005
