1.467716e+01
1.467294e+01
1.466871e+01
1.466395e+01
1.465804e+01
1.465212e+01
1.464702e+01
1.464239e+01
1.463776e+01
1.462746e+01
1.461683e+01
1.460726e+01
1.460069e+01
1.459411e+01
1.458629e+01
1.457754e+01
1.456880e+01
1.455618e+01
1.454308e+01
1.453101e+01
1.452282e+01
1.451462e+01
1.450254e+01
1.448691e+01
1.447128e+01
1.445784e+01
1.444483e+01
1.443042e+01
1.440842e+01
1.438641e+01
1.436654e+01
1.434906e+01
1.433159e+01
1.430891e+01
1.428479e+01
1.426059e+01
1.423551e+01
1.421043e+01
1.418221e+01
1.414959e+01
1.411698e+01
1.408505e+01
1.405337e+01
1.402126e+01
1.398045e+01
1.393963e+01
1.389957e+01
1.386085e+01
1.382213e+01
1.377874e+01
1.373313e+01
1.368757e+01
1.363468e+01
1.358178e+01
1.352762e+01
1.347061e+01
1.341361e+01
1.335239e+01
1.328864e+01
1.322488e+01
1.315793e+01
1.309077e+01
1.302083e+01
1.294280e+01
1.286477e+01
1.278458e+01
1.270275e+01
1.262092e+01
1.253257e+01
1.244337e+01
1.235218e+01
1.225303e+01
1.215387e+01
1.205453e+01
1.195501e+01
1.185550e+01
1.174879e+01
1.164064e+01
1.153137e+01
1.141564e+01
1.129991e+01
1.118199e+01
1.106152e+01
1.094104e+01
1.081627e+01
1.069028e+01
1.056383e+01
1.043305e+01
1.030226e+01
1.016995e+01
1.003543e+01
9.900911e+00
9.764057e+00
9.626316e+00
9.488377e+00
9.345707e+00
9.203037e+00
9.060011e+00
8.916337e+00
8.772662e+00
8.628424e+00
8.483908e+00
8.339391e+00
8.192618e+00
8.045814e+00
7.898473e+00
7.749892e+00
7.601311e+00
7.454839e+00
7.309674e+00
7.164509e+00
7.016260e+00
6.867790e+00
6.719872e+00
6.573631e+00
6.427390e+00
6.281615e+00
6.136203e+00
5.990790e+00
5.845358e+00
5.699924e+00
5.554926e+00
5.411727e+00
5.268529e+00
5.125308e+00
4.982063e+00
4.838819e+00
4.696362e+00
4.554072e+00
4.411698e+00
4.268817e+00
4.125937e+00
3.983211e+00
3.840670e+00
3.698129e+00
3.553904e+00
3.409180e+00
3.264458e+00
3.119757e+00
2.975055e+00
2.828577e+00
2.679464e+00
2.530351e+00
2.380728e+00
2.230904e+00
2.080925e+00
1.926449e+00
1.771972e+00
1.616561e+00
1.459408e+00
1.302256e+00
1.141920e+00
9.799767e-01
8.180331e-01
6.525058e-01
4.869054e-01
3.199823e-01
1.499034e-01
-2.017499e-02
-1.927942e-01
-3.670332e-01
-5.412715e-01
-7.202455e-01
-8.995969e-01
-1.079990e+00
-1.263654e+00
-1.447318e+00
-1.635336e+00
-1.826815e+00
-2.018294e+00
-2.209846e+00
-2.401407e+00
-2.594104e+00
-2.791701e+00
-2.989298e+00
-3.187956e+00
-3.387659e+00
-3.587362e+00
-3.789337e+00
-3.991815e+00
-4.194974e+00
-4.402533e+00
-4.610092e+00
-4.818683e+00
-5.028535e+00
-5.238388e+00
-5.451552e+00
-5.665735e+00
-5.880095e+00
-6.096503e+00
-6.312911e+00
-6.530045e+00
-6.748287e+00
-6.966528e+00
-7.186705e+00
-7.407666e+00
-7.628712e+00
-7.852787e+00
-8.076861e+00
-8.301145e+00
-8.525828e+00
-8.750512e+00
-8.975812e+00
-9.201433e+00
-9.427053e+00
-9.657032e+00
-9.887131e+00
-1.011654e+01
-1.034424e+01
-1.057194e+01
-1.080342e+01
-1.103737e+01
-1.127132e+01
-1.150447e+01
-1.173755e+01
-1.197184e+01
-1.221008e+01
-1.244832e+01
-1.268555e+01
-1.292196e+01
-1.315837e+01
-1.339609e+01
-1.363401e+01
-1.387243e+01
-1.411310e+01
-1.435378e+01
-1.459494e+01
-1.483659e+01
-1.507824e+01
-1.532447e+01
-1.557177e+01
-1.581877e+01
-1.606374e+01
-1.630871e+01
-1.655391e+01
-1.679939e+01
-1.704487e+01
-1.729860e+01
-1.755497e+01
-1.781103e+01
-1.806322e+01
-1.831541e+01
-1.856906e+01
-1.882501e+01
-1.908096e+01
-1.934320e+01
-1.960806e+01
-1.987278e+01
-2.013018e+01
-2.038759e+01
-2.064839e+01
-2.091590e+01
-2.118342e+01
-2.145635e+01
-2.173219e+01
-2.200802e+01
-2.228465e+01
-2.256130e+01
-2.283748e+01
-2.311243e+01
-2.338739e+01
-2.367221e+01
-2.396368e+01
-2.425515e+01
-2.455755e+01
-2.486101e+01
-2.515874e+01
-2.543708e+01
-2.571544e+01
-2.600653e+01
-2.630833e+01
-2.661012e+01
-2.690481e+01
-2.719832e+01
-2.749630e+01
-2.781540e+01
-2.813449e+01
-2.843440e+01
-2.871433e+01
-2.899426e+01
-2.930712e+01
-2.962794e+01
-2.994743e+01
-3.025731e+01
-3.056720e+01
-3.086825e+01
-3.115788e+01
-3.144752e+01
-3.176904e+01
-3.210110e+01
-3.243557e+01
-3.280359e+01
-3.317160e+01
-3.349128e+01
-3.373291e+01
-3.397454e+01
-3.430289e+01
-3.466877e+01
-3.503351e+01
-3.531512e+01
-3.559674e+01
-3.588869e+01
-3.620174e+01
-3.651480e+01
-3.686819e+01
-3.724385e+01
-3.761951e+01
-3.777683e+01
-3.792498e+01
-3.813738e+01
-3.851903e+01
-3.890068e+01
-3.918629e+01
-3.940534e+01
-3.962438e+01
-3.996441e+01
-4.031697e+01
-4.067128e+01
-4.103168e+01
-4.139209e+01
-4.171757e+01
-4.201293e+01
-4.230828e+01
-4.247252e+01
-4.261405e+01
-4.278723e+01
-4.311744e+01
-4.344765e+01
-4.373010e+01
-4.396147e+01
-4.419284e+01
-4.448833e+01
-4.479999e+01
-4.509637e+01
-4.527417e+01
-4.545197e+01
-4.564283e+01
-4.585106e+01
-4.605928e+01
-4.640656e+01
-4.680144e+01
-4.718718e+01
-4.743065e+01
-4.767412e+01
-4.786686e+01
-4.797536e+01
-4.808385e+01
-4.835613e+01
-4.870155e+01
-4.904642e+01
-4.931023e+01
-4.957405e+01
-4.976978e+01
-4.982228e+01
-4.987479e+01
-4.993668e+01
-5.000391e+01
-5.007114e+01
-5.087792e+01
-5.172116e+01
-5.231642e+01
-5.223596e+01
-5.215549e+01
-5.238094e+01
-5.282438e+01
-5.326782e+01
-5.311958e+01
-5.290509e+01
-5.284131e+01
-5.332856e+01
-5.381581e+01
-5.420044e+01
-5.449413e+01
-5.478783e+01
-5.461503e+01
-5.435707e+01
-5.423256e+01
-5.480307e+01
-5.537357e+01
-5.588914e+01
-5.634436e+01
-5.679958e+01
-5.701274e+01
-5.716232e+01
-5.735054e+01
-5.786009e+01
-5.836964e+01
-5.864789e+01
-5.861040e+01
-5.857292e+01
-5.859944e+01
-5.864865e+01
-5.873091e+01
-5.939559e+01
-6.006028e+01
-6.043003e+01
-6.029571e+01
-6.016139e+01
-6.023266e+01
-6.039865e+01
-6.056465e+01
