+1.000000e+003	   -6.690838e-001
+1.001664e+003	   -6.692608e-001
+1.003330e+003	   -6.693685e-001
+1.005000e+003	   -6.696933e-001
+1.006672e+003	   -6.700954e-001
+1.008346e+003	   -6.701939e-001
+1.010024e+003	   -6.702828e-001
+1.011705e+003	   -6.701404e-001
+1.013388e+003	   -6.706415e-001
+1.015074e+003	   -6.707075e-001
+1.016763e+003	   -6.710807e-001
+1.018454e+003	   -6.712564e-001
+1.020149e+003	   -6.712934e-001
+1.021846e+003	   -6.716344e-001
+1.023546e+003	   -6.717076e-001
+1.025249e+003	   -6.718683e-001
+1.026955e+003	   -6.719795e-001
+1.028663e+003	   -6.721583e-001
+1.030375e+003	   -6.722376e-001
+1.032089e+003	   -6.722708e-001
+1.033806e+003	   -6.725236e-001
+1.035526e+003	   -6.728444e-001
+1.037249e+003	   -6.732581e-001
+1.038975e+003	   -6.735247e-001
+1.040703e+003	   -6.737126e-001
+1.042435e+003	   -6.737864e-001
+1.044169e+003	   -6.742079e-001
+1.045906e+003	   -6.745248e-001
+1.047646e+003	   -6.746467e-001
+1.049390e+003	   -6.744412e-001
+1.051135e+003	   -6.745829e-001
+1.052884e+003	   -6.748215e-001
+1.054636e+003	   -6.750481e-001
+1.056391e+003	   -6.752221e-001
+1.058148e+003	   -6.756650e-001
+1.059909e+003	   -6.756406e-001
+1.061672e+003	   -6.757708e-001
+1.063438e+003	   -6.762531e-001
+1.065208e+003	   -6.763316e-001
+1.066980e+003	   -6.769447e-001
+1.068755e+003	   -6.769912e-001
+1.070533e+003	   -6.770823e-001
+1.072314e+003	   -6.772248e-001
+1.074099e+003	   -6.773567e-001
+1.075885e+003	   -6.776070e-001
+1.077676e+003	   -6.778867e-001
+1.079469e+003	   -6.780454e-001
+1.081264e+003	   -6.780847e-001
+1.083063e+003	   -6.784950e-001
+1.084865e+003	   -6.788711e-001
+1.086670e+003	   -6.789144e-001
+1.088478e+003	   -6.790362e-001
+1.090289e+003	   -6.791310e-001
+1.092103e+003	   -6.797833e-001
+1.093920e+003	   -6.797209e-001
+1.095740e+003	   -6.799298e-001
+1.097563e+003	   -6.802348e-001
+1.099389e+003	   -6.803463e-001
+1.101218e+003	   -6.804194e-001
+1.103050e+003	   -6.807852e-001
+1.104886e+003	   -6.809701e-001
+1.106724e+003	   -6.811962e-001
+1.108565e+003	   -6.814210e-001
+1.110410e+003	   -6.817647e-001
+1.112257e+003	   -6.820300e-001
+1.114108e+003	   -6.822003e-001
+1.115961e+003	   -6.825598e-001
+1.117818e+003	   -6.828151e-001
+1.119678e+003	   -6.828757e-001
+1.121540e+003	   -6.832060e-001
+1.123406e+003	   -6.835256e-001
+1.125276e+003	   -6.836720e-001
+1.127148e+003	   -6.839697e-001
+1.129023e+003	   -6.841780e-001
+1.130901e+003	   -6.842996e-001
+1.132783e+003	   -6.844636e-001
+1.134667e+003	   -6.848474e-001
+1.136555e+003	   -6.851715e-001
+1.138446e+003	   -6.855240e-001
+1.140340e+003	   -6.853929e-001
+1.142238e+003	   -6.859650e-001
+1.144138e+003	   -6.859854e-001
+1.146042e+003	   -6.862910e-001
+1.147948e+003	   -6.863993e-001
+1.149858e+003	   -6.867322e-001
+1.151771e+003	   -6.870809e-001
+1.153688e+003	   -6.870727e-001
+1.155607e+003	   -6.874710e-001
+1.157530e+003	   -6.875553e-001
+1.159455e+003	   -6.881436e-001
+1.161384e+003	   -6.879305e-001
+1.163317e+003	   -6.882369e-001
+1.165252e+003	   -6.885129e-001
+1.167191e+003	   -6.886435e-001
+1.169133e+003	   -6.886749e-001
+1.171078e+003	   -6.890873e-001
+1.173026e+003	   -6.896542e-001
+1.174978e+003	   -6.896891e-001
+1.176933e+003	   -6.900924e-001
+1.178891e+003	   -6.900187e-001
+1.180852e+003	   -6.907197e-001
+1.182817e+003	   -6.910241e-001
+1.184785e+003	   -6.913173e-001
+1.186756e+003	   -6.912186e-001
+1.188730e+003	   -6.914939e-001
+1.190708e+003	   -6.920995e-001
+1.192689e+003	   -6.920517e-001
+1.194674e+003	   -6.924720e-001
+1.196661e+003	   -6.926283e-001
+1.198652e+003	   -6.930278e-001
+1.200646e+003	   -6.932725e-001
+1.202644e+003	   -6.934190e-001
+1.204645e+003	   -6.934932e-001
+1.206649e+003	   -6.940683e-001
+1.208657e+003	   -6.944270e-001
+1.210668e+003	   -6.943308e-001
+1.212682e+003	   -6.949203e-001
+1.214699e+003	   -6.950746e-001
+1.216720e+003	   -6.954111e-001
+1.218745e+003	   -6.953020e-001
+1.220772e+003	   -6.958252e-001
+1.222803e+003	   -6.959165e-001
+1.224838e+003	   -6.963631e-001
+1.226876e+003	   -6.967586e-001
+1.228917e+003	   -6.969388e-001
+1.230961e+003	   -6.970659e-001
+1.233010e+003	   -6.974046e-001
+1.235061e+003	   -6.978576e-001
+1.237116e+003	   -6.978065e-001
+1.239174e+003	   -6.981041e-001
+1.241236e+003	   -6.987525e-001
+1.243301e+003	   -6.988505e-001
+1.245369e+003	   -6.990144e-001
+1.247441e+003	   -6.991342e-001
+1.249517e+003	   -6.994693e-001
+1.251596e+003	   -7.002032e-001
+1.253678e+003	   -7.004429e-001
+1.255764e+003	   -7.002634e-001
+1.257853e+003	   -7.008130e-001
+1.259946e+003	   -7.008415e-001
+1.262042e+003	   -7.011923e-001
+1.264142e+003	   -7.015281e-001
+1.266245e+003	   -7.017261e-001
+1.268352e+003	   -7.020833e-001
+1.270462e+003	   -7.023973e-001
+1.272576e+003	   -7.026995e-001
+1.274693e+003	   -7.028021e-001
+1.276814e+003	   -7.032195e-001
+1.278938e+003	   -7.037309e-001
+1.281066e+003	   -7.038100e-001
+1.283197e+003	   -7.042333e-001
+1.285332e+003	   -7.044157e-001
+1.287470e+003	   -7.045540e-001
+1.289612e+003	   -7.053416e-001
+1.291758e+003	   -7.054650e-001
+1.293907e+003	   -7.055249e-001
+1.296060e+003	   -7.059501e-001
+1.298216e+003	   -7.063394e-001
+1.300376e+003	   -7.064827e-001
+1.302540e+003	   -7.065934e-001
+1.304707e+003	   -7.070483e-001
+1.306877e+003	   -7.074181e-001
+1.309052e+003	   -7.077763e-001
+1.311230e+003	   -7.082245e-001
+1.313411e+003	   -7.083329e-001
+1.315596e+003	   -7.085286e-001
+1.317785e+003	   -7.089955e-001
+1.319978e+003	   -7.095479e-001
+1.322174e+003	   -7.097340e-001
+1.324374e+003	   -7.098697e-001
+1.326577e+003	   -7.102758e-001
+1.328784e+003	   -7.106091e-001
+1.330995e+003	   -7.111633e-001
+1.333209e+003	   -7.113183e-001
+1.335427e+003	   -7.114049e-001
+1.337649e+003	   -7.117020e-001
+1.339875e+003	   -7.121845e-001
+1.342104e+003	   -7.127233e-001
+1.344337e+003	   -7.128819e-001
+1.346573e+003	   -7.132435e-001
+1.348814e+003	   -7.132443e-001
+1.351058e+003	   -7.139781e-001
+1.353306e+003	   -7.143345e-001
+1.355557e+003	   -7.146195e-001
+1.357813e+003	   -7.148743e-001
+1.360072e+003	   -7.149812e-001
+1.362334e+003	   -7.155239e-001
+1.364601e+003	   -7.156697e-001
+1.366871e+003	   -7.164988e-001
+1.369146e+003	   -7.164300e-001
+1.371423e+003	   -7.165607e-001
+1.373705e+003	   -7.172787e-001
+1.375991e+003	   -7.176119e-001
+1.378280e+003	   -7.177334e-001
+1.380573e+003	   -7.182210e-001
+1.382870e+003	   -7.183791e-001
+1.385171e+003	   -7.188240e-001
+1.387475e+003	   -7.189067e-001
+1.389784e+003	   -7.193652e-001
+1.392096e+003	   -7.196842e-001
+1.394412e+003	   -7.204715e-001
+1.396732e+003	   -7.206962e-001
+1.399056e+003	   -7.206838e-001
+1.401384e+003	   -7.210805e-001
+1.403715e+003	   -7.214529e-001
+1.406050e+003	   -7.219808e-001
+1.408390e+003	   -7.219852e-001
+1.410733e+003	   -7.222221e-001
+1.413080e+003	   -7.227878e-001
+1.415431e+003	   -7.235346e-001
+1.417786e+003	   -7.235456e-001
+1.420145e+003	   -7.240907e-001
+1.422508e+003	   -7.242560e-001
+1.424874e+003	   -7.248164e-001
+1.427245e+003	   -7.250944e-001
+1.429620e+003	   -7.253388e-001
+1.431998e+003	   -7.255901e-001
+1.434380e+003	   -7.260369e-001
+1.436767e+003	   -7.264052e-001
+1.439157e+003	   -7.266696e-001
+1.441552e+003	   -7.271352e-001
+1.443950e+003	   -7.273786e-001
+1.446353e+003	   -7.278532e-001
+1.448759e+003	   -7.282350e-001
+1.451169e+003	   -7.288769e-001
+1.453584e+003	   -7.290481e-001
+1.456002e+003	   -7.297974e-001
+1.458424e+003	   -7.298747e-001
+1.460851e+003	   -7.301272e-001
+1.463281e+003	   -7.306951e-001
+1.465716e+003	   -7.311906e-001
+1.468154e+003	   -7.313365e-001
+1.470597e+003	   -7.315165e-001
+1.473044e+003	   -7.325372e-001
+1.475495e+003	   -7.326240e-001
+1.477949e+003	   -7.333415e-001
+1.480408e+003	   -7.333112e-001
+1.482871e+003	   -7.337750e-001
+1.485339e+003	   -7.344317e-001
+1.487810e+003	   -7.346056e-001
+1.490285e+003	   -7.351926e-001
+1.492765e+003	   -7.353247e-001
+1.495248e+003	   -7.357090e-001
+1.497736e+003	   -7.361130e-001
+1.500228e+003	   -7.367591e-001
+1.502724e+003	   -7.370886e-001
+1.505224e+003	   -7.375104e-001
+1.507728e+003	   -7.381456e-001
+1.510237e+003	   -7.382649e-001
+1.512749e+003	   -7.383830e-001
+1.515266e+003	   -7.393187e-001
+1.517787e+003	   -7.395158e-001
+1.520312e+003	   -7.398509e-001
+1.522842e+003	   -7.402700e-001
+1.525375e+003	   -7.407152e-001
+1.527913e+003	   -7.412459e-001
+1.530455e+003	   -7.413913e-001
+1.533002e+003	   -7.422538e-001
+1.535552e+003	   -7.425756e-001
+1.538107e+003	   -7.425285e-001
+1.540666e+003	   -7.428710e-001
+1.543229e+003	   -7.435275e-001
+1.545797e+003	   -7.439056e-001
+1.548369e+003	   -7.443172e-001
+1.550945e+003	   -7.447961e-001
+1.553525e+003	   -7.450412e-001
+1.556110e+003	   -7.456167e-001
+1.558699e+003	   -7.461227e-001
+1.561292e+003	   -7.465072e-001
+1.563890e+003	   -7.470846e-001
+1.566491e+003	   -7.474661e-001
+1.569098e+003	   -7.480280e-001
+1.571708e+003	   -7.484207e-001
+1.574323e+003	   -7.484204e-001
+1.576943e+003	   -7.494234e-001
+1.579566e+003	   -7.495195e-001
+1.582194e+003	   -7.501149e-001
+1.584826e+003	   -7.506294e-001
+1.587463e+003	   -7.508573e-001
+1.590104e+003	   -7.514818e-001
+1.592750e+003	   -7.518919e-001
+1.595400e+003	   -7.523659e-001
+1.598054e+003	   -7.523471e-001
+1.600713e+003	   -7.528185e-001
+1.603376e+003	   -7.536185e-001
+1.606044e+003	   -7.533503e-001
+1.608716e+003	   -7.545617e-001
+1.611392e+003	   -7.546652e-001
+1.614073e+003	   -7.551180e-001
+1.616759e+003	   -7.555499e-001
+1.619448e+003	   -7.561857e-001
+1.622143e+003	   -7.569445e-001
+1.624842e+003	   -7.570609e-001
+1.627545e+003	   -7.578082e-001
+1.630253e+003	   -7.584661e-001
+1.632965e+003	   -7.589464e-001
+1.635682e+003	   -7.593015e-001
+1.638403e+003	   -7.598175e-001
+1.641129e+003	   -7.596670e-001
+1.643860e+003	   -7.603251e-001
+1.646595e+003	   -7.609335e-001
+1.649334e+003	   -7.613098e-001
+1.652078e+003	   -7.618696e-001
+1.654827e+003	   -7.623497e-001
+1.657580e+003	   -7.627977e-001
+1.660338e+003	   -7.637828e-001
+1.663100e+003	   -7.639343e-001
+1.665867e+003	   -7.640487e-001
+1.668639e+003	   -7.646566e-001
+1.671415e+003	   -7.653856e-001
+1.674196e+003	   -7.656553e-001
+1.676981e+003	   -7.661865e-001
+1.679771e+003	   -7.667362e-001
+1.682566e+003	   -7.672076e-001
+1.685365e+003	   -7.676774e-001
+1.688169e+003	   -7.683721e-001
+1.690978e+003	   -7.688175e-001
+1.693792e+003	   -7.690753e-001
+1.696609e+003	   -7.695842e-001
+1.699432e+003	   -7.702901e-001
+1.702260e+003	   -7.705593e-001
+1.705092e+003	   -7.714915e-001
+1.707929e+003	   -7.718695e-001
+1.710770e+003	   -7.724108e-001
+1.713616e+003	   -7.728066e-001
+1.716468e+003	   -7.732484e-001
+1.719323e+003	   -7.738282e-001
+1.722184e+003	   -7.741113e-001
+1.725049e+003	   -7.746501e-001
+1.727919e+003	   -7.752327e-001
+1.730794e+003	   -7.760793e-001
+1.733674e+003	   -7.762294e-001
+1.736558e+003	   -7.774571e-001
+1.739447e+003	   -7.775990e-001
+1.742341e+003	   -7.777337e-001
+1.745240e+003	   -7.781582e-001
+1.748144e+003	   -7.791221e-001
+1.751052e+003	   -7.797720e-001
+1.753965e+003	   -7.801046e-001
+1.756884e+003	   -7.803367e-001
+1.759807e+003	   -7.810118e-001
+1.762734e+003	   -7.820774e-001
+1.765667e+003	   -7.823083e-001
+1.768605e+003	   -7.830498e-001
+1.771547e+003	   -7.835432e-001
+1.774495e+003	   -7.840558e-001
+1.777447e+003	   -7.846569e-001
+1.780404e+003	   -7.854020e-001
+1.783366e+003	   -7.853923e-001
+1.786333e+003	   -7.858912e-001
+1.789305e+003	   -7.865646e-001
+1.792282e+003	   -7.873136e-001
+1.795264e+003	   -7.878538e-001
+1.798251e+003	   -7.885619e-001
+1.801243e+003	   -7.893234e-001
+1.804240e+003	   -7.896159e-001
+1.807242e+003	   -7.902915e-001
+1.810248e+003	   -7.908239e-001
+1.813260e+003	   -7.914991e-001
+1.816277e+003	   -7.919779e-001
+1.819299e+003	   -7.925377e-001
+1.822326e+003	   -7.930466e-001
+1.825358e+003	   -7.937624e-001
+1.828395e+003	   -7.945418e-001
+1.831436e+003	   -7.946429e-001
+1.834484e+003	   -7.949458e-001
+1.837536e+003	   -7.959233e-001
+1.840593e+003	   -7.966151e-001
+1.843655e+003	   -7.969117e-001
+1.846722e+003	   -7.976415e-001
+1.849795e+003	   -7.981958e-001
+1.852873e+003	   -7.984381e-001
+1.855955e+003	   -7.996995e-001
+1.859043e+003	   -8.000745e-001
+1.862136e+003	   -8.004769e-001
+1.865234e+003	   -8.014160e-001
+1.868338e+003	   -8.018620e-001
+1.871446e+003	   -8.022876e-001
+1.874560e+003	   -8.029561e-001
+1.877678e+003	   -8.039090e-001
+1.880802e+003	   -8.041509e-001
+1.883932e+003	   -8.047475e-001
+1.887066e+003	   -8.052429e-001
+1.890205e+003	   -8.057723e-001
+1.893350e+003	   -8.065459e-001
+1.896500e+003	   -8.070703e-001
+1.899656e+003	   -8.078628e-001
+1.902816e+003	   -8.082249e-001
+1.905982e+003	   -8.087075e-001
+1.909153e+003	   -8.095022e-001
+1.912329e+003	   -8.102419e-001
+1.915511e+003	   -8.108389e-001
+1.918698e+003	   -8.116184e-001
+1.921890e+003	   -8.119831e-001
+1.925088e+003	   -8.129768e-001
+1.928291e+003	   -8.133390e-001
+1.931499e+003	   -8.140500e-001
+1.934712e+003	   -8.147863e-001
+1.937931e+003	   -8.153842e-001
+1.941155e+003	   -8.160473e-001
+1.944385e+003	   -8.164892e-001
+1.947620e+003	   -8.172357e-001
+1.950860e+003	   -8.178562e-001
+1.954106e+003	   -8.186870e-001
+1.957357e+003	   -8.195564e-001
+1.960614e+003	   -8.195164e-001
+1.963876e+003	   -8.202809e-001
+1.967143e+003	   -8.208709e-001
+1.970416e+003	   -8.217665e-001
+1.973694e+003	   -8.226051e-001
+1.976978e+003	   -8.232325e-001
+1.980267e+003	   -8.236519e-001
+1.983562e+003	   -8.242017e-001
+1.986862e+003	   -8.253581e-001
+1.990167e+003	   -8.254192e-001
+1.993479e+003	   -8.270692e-001
+1.996795e+003	   -8.274004e-001
+2.000117e+003	   -8.279660e-001
+2.003445e+003	   -8.290569e-001
+2.006778e+003	   -8.297085e-001
+2.010117e+003	   -8.301264e-001
+2.013462e+003	   -8.307398e-001
+2.016811e+003	   -8.315584e-001
+2.020167e+003	   -8.322302e-001
+2.023528e+003	   -8.330068e-001
+2.026895e+003	   -8.337741e-001
+2.030267e+003	   -8.346804e-001
+2.033645e+003	   -8.351641e-001
+2.037028e+003	   -8.359058e-001
+2.040417e+003	   -8.361835e-001
+2.043812e+003	   -8.373016e-001
+2.047212e+003	   -8.378674e-001
+2.050618e+003	   -8.383759e-001
+2.054030e+003	   -8.395511e-001
+2.057448e+003	   -8.400873e-001
+2.060871e+003	   -8.409814e-001
+2.064299e+003	   -8.418954e-001
+2.067734e+003	   -8.425027e-001
+2.071174e+003	   -8.429484e-001
+2.074620e+003	   -8.438989e-001
+2.078072e+003	   -8.451180e-001
+2.081529e+003	   -8.458215e-001
+2.084992e+003	   -8.460988e-001
+2.088461e+003	   -8.468075e-001
+2.091936e+003	   -8.475434e-001
+2.095416e+003	   -8.482482e-001
+2.098902e+003	   -8.489199e-001
+2.102394e+003	   -8.498081e-001
+2.105892e+003	   -8.504761e-001
+2.109396e+003	   -8.508850e-001
+2.112905e+003	   -8.518930e-001
+2.116421e+003	   -8.528162e-001
+2.119942e+003	   -8.536049e-001
+2.123469e+003	   -8.543450e-001
+2.127002e+003	   -8.550850e-001
+2.130541e+003	   -8.559600e-001
+2.134085e+003	   -8.567903e-001
+2.137636e+003	   -8.574784e-001
+2.141192e+003	   -8.582812e-001
+2.144755e+003	   -8.592300e-001
+2.148323e+003	   -8.600537e-001
+2.151897e+003	   -8.602917e-001
+2.155478e+003	   -8.611565e-001
+2.159064e+003	   -8.621175e-001
+2.162656e+003	   -8.629307e-001
+2.166254e+003	   -8.639656e-001
+2.169858e+003	   -8.647604e-001
+2.173468e+003	   -8.653401e-001
+2.177084e+003	   -8.659741e-001
+2.180706e+003	   -8.668599e-001
+2.184334e+003	   -8.678141e-001
+2.187969e+003	   -8.685296e-001
+2.191609e+003	   -8.693894e-001
+2.195255e+003	   -8.701681e-001
+2.198907e+003	   -8.709345e-001
+2.202566e+003	   -8.720993e-001
+2.206230e+003	   -8.729414e-001
+2.209901e+003	   -8.738766e-001
+2.213578e+003	   -8.741347e-001
+2.217261e+003	   -8.747866e-001
+2.220950e+003	   -8.761489e-001
+2.224645e+003	   -8.770620e-001
+2.228346e+003	   -8.777094e-001
+2.232053e+003	   -8.785154e-001
+2.235767e+003	   -8.793423e-001
+2.239487e+003	   -8.800350e-001
+2.243213e+003	   -8.808253e-001
+2.246945e+003	   -8.816400e-001
+2.250683e+003	   -8.825374e-001
+2.254428e+003	   -8.837175e-001
+2.258178e+003	   -8.846953e-001
+2.261936e+003	   -8.851262e-001
+2.265699e+003	   -8.865111e-001
+2.269468e+003	   -8.870996e-001
+2.273244e+003	   -8.880109e-001
+2.277026e+003	   -8.887480e-001
+2.280815e+003	   -8.899302e-001
+2.284609e+003	   -8.905681e-001
+2.288410e+003	   -8.912759e-001
+2.292218e+003	   -8.920703e-001
+2.296031e+003	   -8.933215e-001
+2.299851e+003	   -8.940814e-001
+2.303678e+003	   -8.950893e-001
+2.307510e+003	   -8.957181e-001
+2.311350e+003	   -8.968580e-001
+2.315195e+003	   -8.975756e-001
+2.319047e+003	   -8.987016e-001
+2.322905e+003	   -8.995004e-001
+2.326770e+003	   -9.003108e-001
+2.330641e+003	   -9.012769e-001
+2.334519e+003	   -9.021631e-001
+2.338403e+003	   -9.032884e-001
+2.342293e+003	   -9.043307e-001
+2.346190e+003	   -9.051174e-001
+2.350094e+003	   -9.061452e-001
+2.354004e+003	   -9.069295e-001
+2.357920e+003	   -9.078101e-001
+2.361843e+003	   -9.085904e-001
+2.365773e+003	   -9.096912e-001
+2.369709e+003	   -9.105025e-001
+2.373651e+003	   -9.111471e-001
+2.377601e+003	   -9.125795e-001
+2.381556e+003	   -9.134907e-001
+2.385519e+003	   -9.144388e-001
+2.389488e+003	   -9.155291e-001
+2.393463e+003	   -9.160559e-001
+2.397445e+003	   -9.173707e-001
+2.401434e+003	   -9.184448e-001
+2.405429e+003	   -9.191836e-001
+2.409431e+003	   -9.199628e-001
+2.413440e+003	   -9.209152e-001
+2.417455e+003	   -9.220365e-001
+2.421477e+003	   -9.228350e-001
+2.425506e+003	   -9.241791e-001
+2.429542e+003	   -9.250242e-001
+2.433583e+003	   -9.260635e-001
+2.437633e+003	   -9.263672e-001
+2.441688e+003	   -9.282361e-001
+2.445750e+003	   -9.285963e-001
+2.449820e+003	   -9.297765e-001
+2.453896e+003	   -9.310815e-001
+2.457978e+003	   -9.316696e-001
+2.462068e+003	   -9.328326e-001
+2.466164e+003	   -9.337413e-001
+2.470267e+003	   -9.348615e-001
+2.474377e+003	   -9.361680e-001
+2.478493e+003	   -9.367003e-001
+2.482617e+003	   -9.378709e-001
+2.486748e+003	   -9.387803e-001
+2.490885e+003	   -9.400446e-001
+2.495029e+003	   -9.408963e-001
+2.499180e+003	   -9.420752e-001
+2.503338e+003	   -9.433194e-001
+2.507503e+003	   -9.441792e-001
+2.511675e+003	   -9.448428e-001
+2.515854e+003	   -9.463835e-001
+2.520040e+003	   -9.475933e-001
+2.524232e+003	   -9.480777e-001
+2.528432e+003	   -9.491987e-001
+2.532638e+003	   -9.500600e-001
+2.536852e+003	   -9.516485e-001
+2.541073e+003	   -9.526333e-001
+2.545301e+003	   -9.534978e-001
+2.549535e+003	   -9.544316e-001
+2.553777e+003	   -9.562703e-001
+2.558026e+003	   -9.565275e-001
+2.562282e+003	   -9.579555e-001
+2.566545e+003	   -9.589384e-001
+2.570815e+003	   -9.602766e-001
+2.575092e+003	   -9.611916e-001
+2.579376e+003	   -9.625811e-001
+2.583668e+003	   -9.630962e-001
+2.587966e+003	   -9.640657e-001
+2.592272e+003	   -9.653112e-001
+2.596585e+003	   -9.664510e-001
+2.600905e+003	   -9.680139e-001
+2.605232e+003	   -9.689922e-001
+2.609567e+003	   -9.700794e-001
+2.613908e+003	   -9.708399e-001
+2.618257e+003	   -9.725212e-001
+2.622613e+003	   -9.729423e-001
+2.626977e+003	   -9.740959e-001
+2.631347e+003	   -9.760618e-001
+2.635725e+003	   -9.765077e-001
+2.640110e+003	   -9.776943e-001
+2.644503e+003	   -9.790297e-001
+2.648903e+003	   -9.803156e-001
+2.653310e+003	   -9.813290e-001
+2.657724e+003	   -9.823879e-001
+2.662146e+003	   -9.837388e-001
+2.666575e+003	   -9.846659e-001
+2.671012e+003	   -9.860371e-001
+2.675456e+003	   -9.874521e-001
+2.679907e+003	   -9.883990e-001
+2.684365e+003	   -9.896680e-001
+2.688832e+003	   -9.910361e-001
+2.693305e+003	   -9.919578e-001
+2.697786e+003	   -9.930027e-001
+2.702275e+003	   -9.941460e-001
+2.706771e+003	   -9.953978e-001
+2.711274e+003	   -9.967582e-001
+2.715785e+003	   -9.979731e-001
+2.720303e+003	   -9.994622e-001
+2.724829e+003	   -1.000401e+000
+2.729363e+003	   -1.001636e+000
+2.733903e+003	   -1.003294e+000
+2.738452e+003	   -1.004307e+000
+2.743008e+003	   -1.005168e+000
+2.747572e+003	   -1.006432e+000
+2.752143e+003	   -1.007523e+000
+2.756722e+003	   -1.009201e+000
+2.761308e+003	   -1.010226e+000
+2.765902e+003	   -1.011259e+000
+2.770504e+003	   -1.012643e+000
+2.775114e+003	   -1.014310e+000
+2.779731e+003	   -1.015268e+000
+2.784355e+003	   -1.016530e+000
+2.788988e+003	   -1.017942e+000
+2.793628e+003	   -1.019321e+000
+2.798276e+003	   -1.019963e+000
+2.802932e+003	   -1.022236e+000
+2.807595e+003	   -1.022668e+000
+2.812266e+003	   -1.024281e+000
+2.816945e+003	   -1.025457e+000
+2.821632e+003	   -1.027011e+000
+2.826326e+003	   -1.027860e+000
+2.831029e+003	   -1.029382e+000
+2.835739e+003	   -1.030267e+000
+2.840457e+003	   -1.032626e+000
+2.845182e+003	   -1.033551e+000
+2.849916e+003	   -1.034796e+000
+2.854657e+003	   -1.035753e+000
+2.859407e+003	   -1.037145e+000
+2.864164e+003	   -1.038406e+000
+2.868929e+003	   -1.039850e+000
+2.873703e+003	   -1.041145e+000
+2.878484e+003	   -1.042187e+000
+2.883273e+003	   -1.043901e+000
+2.888070e+003	   -1.045490e+000
+2.892875e+003	   -1.046749e+000
+2.897688e+003	   -1.048016e+000
+2.902509e+003	   -1.049416e+000
+2.907338e+003	   -1.050778e+000
+2.912175e+003	   -1.052151e+000
+2.917020e+003	   -1.053019e+000
+2.921873e+003	   -1.055489e+000
+2.926735e+003	   -1.055897e+000
+2.931604e+003	   -1.057154e+000
+2.936481e+003	   -1.058856e+000
+2.941367e+003	   -1.060430e+000
+2.946261e+003	   -1.061847e+000
+2.951163e+003	   -1.062717e+000
+2.956073e+003	   -1.064667e+000
+2.960991e+003	   -1.066350e+000
+2.965917e+003	   -1.067849e+000
+2.970852e+003	   -1.068325e+000
+2.975794e+003	   -1.069975e+000
+2.980745e+003	   -1.071434e+000
+2.985704e+003	   -1.072992e+000
+2.990672e+003	   -1.074362e+000
+2.995648e+003	   -1.075643e+000
+3.000632e+003	   -1.076666e+000
+3.005624e+003	   -1.078532e+000
+3.010625e+003	   -1.080189e+000
+3.015634e+003	   -1.081651e+000
+3.020651e+003	   -1.083379e+000
+3.025676e+003	   -1.084986e+000
+3.030710e+003	   -1.085954e+000
+3.035753e+003	   -1.088071e+000
+3.040803e+003	   -1.089715e+000
+3.045863e+003	   -1.090266e+000
+3.050930e+003	   -1.091909e+000
+3.056006e+003	   -1.093329e+000
+3.061090e+003	   -1.094842e+000
+3.066183e+003	   -1.096154e+000
+3.071285e+003	   -1.097662e+000
+3.076395e+003	   -1.099542e+000
+3.081513e+003	   -1.100738e+000
+3.086640e+003	   -1.102319e+000
+3.091775e+003	   -1.103848e+000
+3.096919e+003	   -1.105304e+000
+3.102072e+003	   -1.107130e+000
+3.107232e+003	   -1.108428e+000
+3.112402e+003	   -1.109678e+000
+3.117580e+003	   -1.111862e+000
+3.122767e+003	   -1.113449e+000
+3.127963e+003	   -1.114577e+000
+3.133167e+003	   -1.116142e+000
+3.138380e+003	   -1.117727e+000
+3.143601e+003	   -1.119281e+000
+3.148831e+003	   -1.120803e+000
+3.154070e+003	   -1.122657e+000
+3.159318e+003	   -1.124295e+000
+3.164574e+003	   -1.125954e+000
+3.169839e+003	   -1.127625e+000
+3.175113e+003	   -1.128664e+000
+3.180396e+003	   -1.130252e+000
+3.185687e+003	   -1.131936e+000
+3.190987e+003	   -1.133671e+000
+3.196296e+003	   -1.135433e+000
+3.201614e+003	   -1.136883e+000
+3.206940e+003	   -1.138502e+000
+3.212276e+003	   -1.140649e+000
+3.217621e+003	   -1.142354e+000
+3.222974e+003	   -1.143624e+000
+3.228336e+003	   -1.144839e+000
+3.233707e+003	   -1.146511e+000
+3.239087e+003	   -1.148481e+000
+3.244476e+003	   -1.150044e+000
+3.249874e+003	   -1.151849e+000
+3.255281e+003	   -1.153118e+000
+3.260697e+003	   -1.154546e+000
+3.266122e+003	   -1.156869e+000
+3.271556e+003	   -1.158156e+000
+3.276999e+003	   -1.160159e+000
+3.282451e+003	   -1.161850e+000
+3.287912e+003	   -1.162501e+000
+3.293383e+003	   -1.164945e+000
+3.298862e+003	   -1.166985e+000
+3.304351e+003	   -1.168418e+000
+3.309848e+003	   -1.170200e+000
+3.315355e+003	   -1.171714e+000
+3.320871e+003	   -1.173810e+000
+3.326396e+003	   -1.175685e+000
+3.331930e+003	   -1.177482e+000
+3.337474e+003	   -1.178097e+000
+3.343026e+003	   -1.180285e+000
+3.348588e+003	   -1.183018e+000
+3.354159e+003	   -1.183692e+000
+3.359740e+003	   -1.185469e+000
+3.365330e+003	   -1.187516e+000
+3.370929e+003	   -1.189303e+000
+3.376537e+003	   -1.190964e+000
+3.382155e+003	   -1.193323e+000
+3.387782e+003	   -1.195346e+000
+3.393418e+003	   -1.196580e+000
+3.399064e+003	   -1.198115e+000
+3.404719e+003	   -1.199832e+000
+3.410384e+003	   -1.201861e+000
+3.416058e+003	   -1.204144e+000
+3.421741e+003	   -1.205945e+000
+3.427434e+003	   -1.206663e+000
+3.433137e+003	   -1.209574e+000
+3.438849e+003	   -1.210966e+000
+3.444570e+003	   -1.212737e+000
+3.450301e+003	   -1.214883e+000
+3.456041e+003	   -1.216855e+000
+3.461791e+003	   -1.218719e+000
+3.467551e+003	   -1.219992e+000
+3.473320e+003	   -1.221683e+000
+3.479099e+003	   -1.223297e+000
+3.484887e+003	   -1.225946e+000
+3.490685e+003	   -1.227680e+000
+3.496492e+003	   -1.229635e+000
+3.502310e+003	   -1.231784e+000
+3.508137e+003	   -1.233641e+000
+3.513973e+003	   -1.235306e+000
+3.519820e+003	   -1.237690e+000
+3.525676e+003	   -1.239235e+000
+3.531542e+003	   -1.240727e+000
+3.537417e+003	   -1.242540e+000
+3.543303e+003	   -1.245291e+000
+3.549198e+003	   -1.247676e+000
+3.555103e+003	   -1.249464e+000
+3.561018e+003	   -1.250739e+000
+3.566942e+003	   -1.252779e+000
+3.572877e+003	   -1.255067e+000
+3.578821e+003	   -1.256440e+000
+3.584775e+003	   -1.259297e+000
+3.590740e+003	   -1.260508e+000
+3.596714e+003	   -1.262785e+000
+3.602698e+003	   -1.264718e+000
+3.608691e+003	   -1.266779e+000
+3.614696e+003	   -1.268769e+000
+3.620709e+003	   -1.270964e+000
+3.626733e+003	   -1.271985e+000
+3.632767e+003	   -1.275497e+000
+3.638811e+003	   -1.276571e+000
+3.644865e+003	   -1.278834e+000
+3.650929e+003	   -1.280836e+000
+3.657004e+003	   -1.282883e+000
+3.663088e+003	   -1.285022e+000
+3.669183e+003	   -1.287147e+000
+3.675287e+003	   -1.288929e+000
+3.681402e+003	   -1.290811e+000
+3.687527e+003	   -1.292779e+000
+3.693662e+003	   -1.295464e+000
+3.699807e+003	   -1.297358e+000
+3.705963e+003	   -1.299516e+000
+3.712128e+003	   -1.301455e+000
+3.718305e+003	   -1.303704e+000
+3.724491e+003	   -1.305801e+000
+3.730688e+003	   -1.307714e+000
+3.736895e+003	   -1.310133e+000
+3.743112e+003	   -1.311784e+000
+3.749339e+003	   -1.314068e+000
+3.755577e+003	   -1.316884e+000
+3.761825e+003	   -1.318882e+000
+3.768084e+003	   -1.320884e+000
+3.774354e+003	   -1.322727e+000
+3.780633e+003	   -1.325165e+000
+3.786923e+003	   -1.327458e+000
+3.793223e+003	   -1.329492e+000
+3.799534e+003	   -1.331613e+000
+3.805856e+003	   -1.333657e+000
+3.812188e+003	   -1.335550e+000
+3.818530e+003	   -1.338878e+000
+3.824884e+003	   -1.339717e+000
+3.831247e+003	   -1.342824e+000
+3.837621e+003	   -1.344811e+000
+3.844006e+003	   -1.347390e+000
+3.850402e+003	   -1.349260e+000
+3.856808e+003	   -1.351859e+000
+3.863224e+003	   -1.353195e+000
+3.869652e+003	   -1.356196e+000
+3.876090e+003	   -1.358205e+000
+3.882539e+003	   -1.360502e+000
+3.888998e+003	   -1.362730e+000
+3.895469e+003	   -1.364980e+000
+3.901950e+003	   -1.368066e+000
+3.908442e+003	   -1.369825e+000
+3.914944e+003	   -1.371887e+000
+3.921458e+003	   -1.374330e+000
+3.927982e+003	   -1.376287e+000
+3.934517e+003	   -1.378723e+000
+3.941063e+003	   -1.380524e+000
+3.947620e+003	   -1.382762e+000
+3.954188e+003	   -1.385638e+000
+3.960767e+003	   -1.388441e+000
+3.967356e+003	   -1.390582e+000
+3.973957e+003	   -1.392760e+000
+3.980569e+003	   -1.394920e+000
+3.987192e+003	   -1.396919e+000
+3.993825e+003	   -1.399518e+000
+4.000470e+003	   -1.402203e+000
+4.007126e+003	   -1.404756e+000
+4.013792e+003	   -1.407100e+000
+4.020470e+003	   -1.409981e+000
+4.027159e+003	   -1.411595e+000
+4.033860e+003	   -1.413866e+000
+4.040571e+003	   -1.416223e+000
+4.047293e+003	   -1.418977e+000
+4.054027e+003	   -1.421367e+000
+4.060772e+003	   -1.424094e+000
+4.067528e+003	   -1.426540e+000
+4.074295e+003	   -1.428954e+000
+4.081074e+003	   -1.431326e+000
+4.087864e+003	   -1.434592e+000
+4.094665e+003	   -1.437293e+000
+4.101478e+003	   -1.439484e+000
+4.108301e+003	   -1.441894e+000
+4.115137e+003	   -1.444202e+000
+4.121983e+003	   -1.447223e+000
+4.128841e+003	   -1.449452e+000
+4.135710e+003	   -1.452466e+000
+4.142591e+003	   -1.453990e+000
+4.149483e+003	   -1.457105e+000
+4.156387e+003	   -1.459757e+000
+4.163302e+003	   -1.462262e+000
+4.170229e+003	   -1.464675e+000
+4.177167e+003	   -1.467598e+000
+4.184117e+003	   -1.469957e+000
+4.191078e+003	   -1.473519e+000
+4.198051e+003	   -1.475289e+000
+4.205036e+003	   -1.478183e+000
+4.212032e+003	   -1.480580e+000
+4.219040e+003	   -1.483506e+000
+4.226059e+003	   -1.486315e+000
+4.233090e+003	   -1.488847e+000
+4.240133e+003	   -1.491798e+000
+4.247188e+003	   -1.493531e+000
+4.254253e+003	   -1.496830e+000
+4.261332e+003	   -1.499270e+000
+4.268421e+003	   -1.501654e+000
+4.275523e+003	   -1.504338e+000
+4.282636e+003	   -1.507179e+000
+4.289762e+003	   -1.510084e+000
+4.296898e+003	   -1.513093e+000
+4.304047e+003	   -1.515604e+000
+4.311208e+003	   -1.518440e+000
+4.318381e+003	   -1.520743e+000
+4.325566e+003	   -1.524441e+000
+4.332763e+003	   -1.527586e+000
+4.339971e+003	   -1.529774e+000
+4.347192e+003	   -1.532264e+000
+4.354424e+003	   -1.534972e+000
+4.361669e+003	   -1.537894e+000
+4.368926e+003	   -1.541423e+000
+4.376194e+003	   -1.543000e+000
+4.383476e+003	   -1.546454e+000
+4.390769e+003	   -1.549398e+000
+4.398074e+003	   -1.552589e+000
+4.405391e+003	   -1.555811e+000
+4.412720e+003	   -1.558190e+000
+4.420062e+003	   -1.561115e+000
+4.427416e+003	   -1.564076e+000
+4.434782e+003	   -1.567057e+000
+4.442160e+003	   -1.570731e+000
+4.449551e+003	   -1.574054e+000
+4.456954e+003	   -1.577001e+000
+4.464369e+003	   -1.579199e+000
+4.471796e+003	   -1.582387e+000
+4.479236e+003	   -1.585220e+000
+4.486689e+003	   -1.588549e+000
+4.494153e+003	   -1.591693e+000
+4.501631e+003	   -1.594730e+000
+4.509120e+003	   -1.597719e+000
+4.516622e+003	   -1.600674e+000
+4.524137e+003	   -1.604645e+000
+4.531664e+003	   -1.606884e+000
+4.539203e+003	   -1.610577e+000
+4.546755e+003	   -1.613690e+000
+4.554320e+003	   -1.617291e+000
+4.561897e+003	   -1.620818e+000
+4.569487e+003	   -1.624043e+000
+4.577090e+003	   -1.627363e+000
+4.584705e+003	   -1.631244e+000
+4.592333e+003	   -1.635083e+000
+4.599973e+003	   -1.638087e+000
+4.607626e+003	   -1.641284e+000
+4.615292e+003	   -1.645847e+000
+4.622971e+003	   -1.649049e+000
+4.630662e+003	   -1.653415e+000
+4.638367e+003	   -1.657244e+000
+4.646083e+003	   -1.660729e+000
+4.653813e+003	   -1.665794e+000
+4.661556e+003	   -1.670623e+000
+4.669312e+003	   -1.673883e+000
+4.677081e+003	   -1.679034e+000
+4.684862e+003	   -1.683999e+000
+4.692656e+003	   -1.689167e+000
+4.700464e+003	   -1.694048e+000
+4.708284e+003	   -1.699625e+000
+4.716118e+003	   -1.704116e+000
+4.723964e+003	   -1.706346e+000
+4.731823e+003	   -1.704021e+000
+4.739696e+003	   -1.696446e+000
+4.747582e+003	   -1.685592e+000
+4.755480e+003	   -1.676116e+000
+4.763392e+003	   -1.668826e+000
+4.771317e+003	   -1.663569e+000
+4.779256e+003	   -1.661647e+000
+4.787207e+003	   -1.662137e+000
+4.795172e+003	   -1.665101e+000
+4.803150e+003	   -1.668997e+000
+4.811141e+003	   -1.672056e+000
+4.819146e+003	   -1.676774e+000
+4.827164e+003	   -1.681943e+000
+4.835194e+003	   -1.687219e+000
+4.843239e+003	   -1.692444e+000
+4.851297e+003	   -1.697262e+000
+4.859368e+003	   -1.701445e+000
+4.867453e+003	   -1.705951e+000
+4.875551e+003	   -1.711784e+000
+4.883663e+003	   -1.714561e+000
+4.891788e+003	   -1.719803e+000
+4.899927e+003	   -1.723878e+000
+4.908079e+003	   -1.728235e+000
+4.916245e+003	   -1.731891e+000
+4.924424e+003	   -1.736414e+000
+4.932617e+003	   -1.740627e+000
+4.940824e+003	   -1.743832e+000
+4.949044e+003	   -1.748172e+000
+4.957278e+003	   -1.752118e+000
+4.965526e+003	   -1.756212e+000
+4.973787e+003	   -1.759910e+000
+4.982063e+003	   -1.762681e+000
+4.990351e+003	   -1.767560e+000
+4.998654e+003	   -1.771698e+000
+5.006970e+003	   -1.775190e+000
+5.015301e+003	   -1.778106e+000
+5.023645e+003	   -1.781680e+000
+5.032003e+003	   -1.786007e+000
+5.040375e+003	   -1.789573e+000
+5.048761e+003	   -1.793398e+000
+5.057161e+003	   -1.796829e+000
+5.065575e+003	   -1.801089e+000
+5.074002e+003	   -1.805184e+000
+5.082444e+003	   -1.808784e+000
+5.090900e+003	   -1.812091e+000
+5.099370e+003	   -1.815465e+000
+5.107854e+003	   -1.819002e+000
+5.116353e+003	   -1.823302e+000
+5.124865e+003	   -1.825755e+000
+5.133391e+003	   -1.830189e+000
+5.141932e+003	   -1.833628e+000
+5.150487e+003	   -1.837463e+000
+5.159056e+003	   -1.841572e+000
+5.167639e+003	   -1.845336e+000
+5.176237e+003	   -1.848726e+000
+5.184849e+003	   -1.852594e+000
+5.193475e+003	   -1.855222e+000
+5.202116e+003	   -1.858730e+000
+5.210771e+003	   -1.862372e+000
+5.219440e+003	   -1.866590e+000
+5.228124e+003	   -1.870710e+000
+5.236822e+003	   -1.874583e+000
+5.245535e+003	   -1.877859e+000
+5.254262e+003	   -1.882305e+000
+5.263004e+003	   -1.885365e+000
+5.271760e+003	   -1.888868e+000
+5.280531e+003	   -1.893246e+000
+5.289316e+003	   -1.897378e+000
+5.298117e+003	   -1.900877e+000
+5.306931e+003	   -1.905013e+000
+5.315761e+003	   -1.908109e+000
+5.324605e+003	   -1.912392e+000
+5.333463e+003	   -1.915914e+000
+5.342337e+003	   -1.919631e+000
+5.351226e+003	   -1.923590e+000
+5.360128e+003	   -1.926454e+000
+5.369046e+003	   -1.930556e+000
+5.377979e+003	   -1.934455e+000
+5.386927e+003	   -1.939450e+000
+5.395889e+003	   -1.943130e+000
+5.404867e+003	   -1.946587e+000
+5.413859e+003	   -1.950454e+000
+5.422866e+003	   -1.955041e+000
+5.431889e+003	   -1.957484e+000
+5.440926e+003	   -1.962279e+000
+5.449978e+003	   -1.966118e+000
+5.459045e+003	   -1.969942e+000
+5.468128e+003	   -1.973511e+000
+5.477226e+003	   -1.977023e+000
+5.486338e+003	   -1.981634e+000
+5.495466e+003	   -1.986346e+000
+5.504609e+003	   -1.990749e+000
+5.513768e+003	   -1.992824e+000
+5.522941e+003	   -1.996924e+000
+5.532130e+003	   -2.001776e+000
+5.541334e+003	   -2.005540e+000
+5.550553e+003	   -2.009076e+000
+5.559788e+003	   -2.013468e+000
+5.569038e+003	   -2.017999e+000
+5.578304e+003	   -2.021216e+000
+5.587584e+003	   -2.025560e+000
+5.596881e+003	   -2.029703e+000
+5.606192e+003	   -2.034085e+000
+5.615520e+003	   -2.038266e+000
+5.624863e+003	   -2.041831e+000
+5.634221e+003	   -2.045867e+000
+5.643595e+003	   -2.050118e+000
+5.652984e+003	   -2.055023e+000
+5.662390e+003	   -2.058544e+000
+5.671810e+003	   -2.061910e+000
+5.681247e+003	   -2.066318e+000
+5.690699e+003	   -2.070076e+000
+5.700167e+003	   -2.074019e+000
+5.709650e+003	   -2.079166e+000
+5.719150e+003	   -2.083922e+000
+5.728665e+003	   -2.087252e+000
+5.738196e+003	   -2.091143e+000
+5.747743e+003	   -2.095328e+000
+5.757306e+003	   -2.098853e+000
+5.766884e+003	   -2.103785e+000
+5.776479e+003	   -2.107734e+000
+5.786090e+003	   -2.111764e+000
+5.795716e+003	   -2.116142e+000
+5.805359e+003	   -2.119267e+000
+5.815018e+003	   -2.124767e+000
+5.824692e+003	   -2.128995e+000
+5.834383e+003	   -2.132912e+000
+5.844090e+003	   -2.137486e+000
+5.853813e+003	   -2.141749e+000
+5.863552e+003	   -2.146908e+000
+5.873308e+003	   -2.149350e+000
+5.883080e+003	   -2.155123e+000
+5.892868e+003	   -2.158180e+000
+5.902672e+003	   -2.163733e+000
+5.912492e+003	   -2.167724e+000
+5.922329e+003	   -2.171661e+000
+5.932183e+003	   -2.176207e+000
+5.942052e+003	   -2.180098e+000
+5.951938e+003	   -2.184343e+000
+5.961841e+003	   -2.188699e+000
+5.971760e+003	   -2.193133e+000
+5.981695e+003	   -2.198481e+000
+5.991647e+003	   -2.202414e+000
+6.001616e+003	   -2.206914e+000
+6.011601e+003	   -2.210664e+000
+6.021603e+003	   -2.215720e+000
+6.031621e+003	   -2.219798e+000
+6.041656e+003	   -2.225266e+000
+6.051708e+003	   -2.230161e+000
+6.061776e+003	   -2.234411e+000
+6.071862e+003	   -2.237815e+000
+6.081964e+003	   -2.242836e+000
+6.092083e+003	   -2.246583e+000
+6.102218e+003	   -2.250847e+000
+6.112371e+003	   -2.257131e+000
+6.122541e+003	   -2.259887e+000
+6.132727e+003	   -2.264818e+000
+6.142930e+003	   -2.269832e+000
+6.153150e+003	   -2.274180e+000
+6.163388e+003	   -2.278927e+000
+6.173642e+003	   -2.283671e+000
+6.183913e+003	   -2.287863e+000
+6.194202e+003	   -2.291989e+000
+6.204507e+003	   -2.296297e+000
+6.214830e+003	   -2.301857e+000
+6.225170e+003	   -2.306824e+000
+6.235527e+003	   -2.310703e+000
+6.245901e+003	   -2.316253e+000
+6.256293e+003	   -2.321045e+000
+6.266702e+003	   -2.324864e+000
+6.277128e+003	   -2.330041e+000
+6.287572e+003	   -2.334249e+000
+6.298033e+003	   -2.339244e+000
+6.308511e+003	   -2.343785e+000
+6.319007e+003	   -2.347912e+000
+6.329520e+003	   -2.353605e+000
+6.340051e+003	   -2.358019e+000
+6.350599e+003	   -2.362275e+000
+6.361165e+003	   -2.368173e+000
+6.371748e+003	   -2.373442e+000
+6.382349e+003	   -2.377421e+000
+6.392968e+003	   -2.381529e+000
+6.403604e+003	   -2.386503e+000
+6.414258e+003	   -2.391472e+000
+6.424930e+003	   -2.396602e+000
+6.435619e+003	   -2.401576e+000
+6.446326e+003	   -2.405326e+000
+6.457051e+003	   -2.410926e+000
+6.467794e+003	   -2.415357e+000
+6.478555e+003	   -2.419602e+000
+6.489333e+003	   -2.426152e+000
+6.500130e+003	   -2.430965e+000
+6.510945e+003	   -2.435510e+000
+6.521777e+003	   -2.440242e+000
+6.532628e+003	   -2.445057e+000
+6.543497e+003	   -2.450959e+000
+6.554383e+003	   -2.454864e+000
+6.565288e+003	   -2.460175e+000
+6.576211e+003	   -2.465317e+000
+6.587152e+003	   -2.469575e+000
+6.598112e+003	   -2.475383e+000
+6.609089e+003	   -2.479661e+000
+6.620085e+003	   -2.484875e+000
+6.631099e+003	   -2.490898e+000
+6.642132e+003	   -2.495608e+000
+6.653183e+003	   -2.500371e+000
+6.664252e+003	   -2.506402e+000
+6.675339e+003	   -2.510992e+000
+6.686445e+003	   -2.515135e+000
+6.697570e+003	   -2.520462e+000
+6.708713e+003	   -2.525368e+000
+6.719875e+003	   -2.530118e+000
+6.731055e+003	   -2.535080e+000
+6.742253e+003	   -2.540196e+000
+6.753471e+003	   -2.545647e+000
+6.764707e+003	   -2.551363e+000
+6.775962e+003	   -2.556633e+000
+6.787235e+003	   -2.561497e+000
+6.798527e+003	   -2.566667e+000
+6.809838e+003	   -2.572566e+000
+6.821168e+003	   -2.577624e+000
+6.832517e+003	   -2.581362e+000
+6.843885e+003	   -2.587897e+000
+6.855271e+003	   -2.592993e+000
+6.866677e+003	   -2.598215e+000
+6.878101e+003	   -2.602009e+000
+6.889544e+003	   -2.607848e+000
+6.901007e+003	   -2.613205e+000
+6.912488e+003	   -2.618958e+000
+6.923989e+003	   -2.624159e+000
+6.935509e+003	   -2.629133e+000
+6.947048e+003	   -2.634273e+000
+6.958606e+003	   -2.640901e+000
+6.970183e+003	   -2.645216e+000
+6.981780e+003	   -2.651894e+000
+6.993396e+003	   -2.655539e+000
+7.005031e+003	   -2.662090e+000
+7.016686e+003	   -2.666909e+000
+7.028359e+003	   -2.672472e+000
+7.040053e+003	   -2.677533e+000
+7.051766e+003	   -2.682790e+000
+7.063498e+003	   -2.688956e+000
+7.075250e+003	   -2.694175e+000
+7.087021e+003	   -2.699178e+000
+7.098813e+003	   -2.704773e+000
+7.110623e+003	   -2.710991e+000
+7.122454e+003	   -2.716567e+000
+7.134303e+003	   -2.721982e+000
+7.146173e+003	   -2.725968e+000
+7.158063e+003	   -2.731927e+000
+7.169972e+003	   -2.736886e+000
+7.181901e+003	   -2.743122e+000
+7.193850e+003	   -2.748709e+000
+7.205818e+003	   -2.754116e+000
+7.217807e+003	   -2.760021e+000
+7.229815e+003	   -2.764817e+000
+7.241844e+003	   -2.770648e+000
+7.253893e+003	   -2.776261e+000
+7.265961e+003	   -2.781931e+000
+7.278050e+003	   -2.788330e+000
+7.290159e+003	   -2.793674e+000
+7.302288e+003	   -2.799655e+000
+7.314437e+003	   -2.804764e+000
+7.326606e+003	   -2.809616e+000
+7.338796e+003	   -2.815317e+000
+7.351006e+003	   -2.821457e+000
+7.363236e+003	   -2.826900e+000
+7.375487e+003	   -2.832037e+000
+7.387758e+003	   -2.839197e+000
+7.400049e+003	   -2.844522e+000
+7.412361e+003	   -2.850088e+000
+7.424693e+003	   -2.855305e+000
+7.437046e+003	   -2.861263e+000
+7.449419e+003	   -2.866678e+000
+7.461813e+003	   -2.873101e+000
+7.474228e+003	   -2.878357e+000
+7.486663e+003	   -2.883899e+000
+7.499119e+003	   -2.889149e+000
+7.511596e+003	   -2.895159e+000
+7.524093e+003	   -2.901898e+000
+7.536611e+003	   -2.907557e+000
+7.549150e+003	   -2.912713e+000
+7.561710e+003	   -2.919151e+000
+7.574291e+003	   -2.924327e+000
+7.586893e+003	   -2.930330e+000
+7.599515e+003	   -2.935662e+000
+7.612159e+003	   -2.942846e+000
+7.624824e+003	   -2.948072e+000
+7.637509e+003	   -2.953754e+000
+7.650216e+003	   -2.959148e+000
+7.662944e+003	   -2.965955e+000
+7.675693e+003	   -2.971979e+000
+7.688464e+003	   -2.977010e+000
+7.701255e+003	   -2.983430e+000
+7.714068e+003	   -2.989592e+000
+7.726903e+003	   -2.994623e+000
+7.739758e+003	   -3.000311e+000
+7.752635e+003	   -3.008987e+000
+7.765534e+003	   -3.014461e+000
+7.778454e+003	   -3.020334e+000
+7.791395e+003	   -3.026076e+000
+7.804358e+003	   -3.032546e+000
+7.817342e+003	   -3.038457e+000
+7.830349e+003	   -3.045009e+000
+7.843376e+003	   -3.051126e+000
+7.856426e+003	   -3.057926e+000
+7.869497e+003	   -3.062950e+000
+7.882589e+003	   -3.069988e+000
+7.895704e+003	   -3.076195e+000
+7.908841e+003	   -3.082282e+000
+7.921999e+003	   -3.087822e+000
+7.935179e+003	   -3.095298e+000
+7.948381e+003	   -3.101802e+000
+7.961605e+003	   -3.108117e+000
+7.974852e+003	   -3.113990e+000
+7.988120e+003	   -3.119795e+000
+8.001410e+003	   -3.126738e+000
+8.014722e+003	   -3.134760e+000
+8.028057e+003	   -3.140937e+000
+8.041413e+003	   -3.145626e+000
+8.054792e+003	   -3.152472e+000
+8.068193e+003	   -3.158715e+000
+8.081617e+003	   -3.164999e+000
+8.095063e+003	   -3.171875e+000
+8.108531e+003	   -3.178244e+000
+8.122021e+003	   -3.184830e+000
+8.135534e+003	   -3.190519e+000
+8.149070e+003	   -3.197499e+000
+8.162627e+003	   -3.204064e+000
+8.176208e+003	   -3.210859e+000
+8.189811e+003	   -3.215964e+000
+8.203438e+003	   -3.225079e+000
+8.217086e+003	   -3.230249e+000
+8.230757e+003	   -3.237607e+000
+8.244450e+003	   -3.243628e+000
+8.258167e+003	   -3.249958e+000
+8.271906e+003	   -3.256446e+000
+8.285669e+003	   -3.263214e+000
+8.299454e+003	   -3.269521e+000
+8.313263e+003	   -3.277187e+000
+8.327094e+003	   -3.283693e+000
+8.340948e+003	   -3.290738e+000
+8.354825e+003	   -3.294860e+000
+8.368726e+003	   -3.302937e+000
+8.382648e+003	   -3.309429e+000
+8.396596e+003	   -3.316832e+000
+8.410565e+003	   -3.321664e+000
+8.424559e+003	   -3.329870e+000
+8.438574e+003	   -3.335530e+000
+8.452614e+003	   -3.342464e+000
+8.466678e+003	   -3.349168e+000
+8.480764e+003	   -3.355318e+000
+8.494874e+003	   -3.362479e+000
+8.509007e+003	   -3.369474e+000
+8.523164e+003	   -3.376814e+000
+8.537344e+003	   -3.382924e+000
+8.551548e+003	   -3.389618e+000
+8.565775e+003	   -3.396666e+000
+8.580027e+003	   -3.402828e+000
+8.594302e+003	   -3.410064e+000
+8.608601e+003	   -3.417314e+000
+8.622923e+003	   -3.422740e+000
+8.637270e+003	   -3.429621e+000
+8.651640e+003	   -3.437334e+000
+8.666034e+003	   -3.444097e+000
+8.680452e+003	   -3.449937e+000
+8.694895e+003	   -3.458599e+000
+8.709360e+003	   -3.464394e+000
+8.723851e+003	   -3.471533e+000
+8.738364e+003	   -3.478671e+000
+8.752903e+003	   -3.485057e+000
+8.767466e+003	   -3.491423e+000
+8.782053e+003	   -3.498161e+000
+8.796664e+003	   -3.506977e+000
+8.811299e+003	   -3.512951e+000
+8.825959e+003	   -3.519973e+000
+8.840643e+003	   -3.526953e+000
+8.855352e+003	   -3.534103e+000
+8.870085e+003	   -3.540966e+000
+8.884842e+003	   -3.547668e+000
+8.899624e+003	   -3.555201e+000
+8.914431e+003	   -3.562565e+000
+8.929263e+003	   -3.570156e+000
+8.944118e+003	   -3.576724e+000
+8.958999e+003	   -3.583829e+000
+8.973904e+003	   -3.590837e+000
+8.988835e+003	   -3.596818e+000
+9.003790e+003	   -3.605927e+000
+9.018771e+003	   -3.612709e+000
+9.033775e+003	   -3.618929e+000
+9.048805e+003	   -3.626005e+000
+9.063860e+003	   -3.633083e+000
+9.078940e+003	   -3.639462e+000
+9.094045e+003	   -3.646645e+000
+9.109175e+003	   -3.653707e+000
+9.124331e+003	   -3.662734e+000
+9.139511e+003	   -3.669513e+000
+9.154717e+003	   -3.677290e+000
+9.169948e+003	   -3.683565e+000
+9.185204e+003	   -3.690599e+000
+9.200486e+003	   -3.698052e+000
+9.215794e+003	   -3.704378e+000
+9.231126e+003	   -3.712466e+000
+9.246484e+003	   -3.720013e+000
+9.261868e+003	   -3.726270e+000
+9.277278e+003	   -3.735689e+000
+9.292713e+003	   -3.742213e+000
+9.308174e+003	   -3.748937e+000
+9.323660e+003	   -3.755792e+000
+9.339172e+003	   -3.764801e+000
+9.354710e+003	   -3.771374e+000
+9.370274e+003	   -3.778642e+000
+9.385864e+003	   -3.785465e+000
+9.401479e+003	   -3.792938e+000
+9.417121e+003	   -3.800464e+000
+9.432789e+003	   -3.808722e+000
+9.448482e+003	   -3.815964e+000
+9.464203e+003	   -3.823957e+000
+9.479949e+003	   -3.829621e+000
+9.495721e+003	   -3.837187e+000
+9.511520e+003	   -3.844748e+000
+9.527345e+003	   -3.852617e+000
+9.543195e+003	   -3.861254e+000
+9.559073e+003	   -3.867910e+000
+9.574977e+003	   -3.875014e+000
+9.590907e+003	   -3.882817e+000
+9.606864e+003	   -3.889129e+000
+9.622848e+003	   -3.897810e+000
+9.638857e+003	   -3.905731e+000
+9.654894e+003	   -3.912963e+000
+9.670957e+003	   -3.921408e+000
+9.687047e+003	   -3.927092e+000
+9.703164e+003	   -3.936620e+000
+9.719308e+003	   -3.943799e+000
+9.735479e+003	   -3.951087e+000
+9.751676e+003	   -3.959186e+000
+9.767899e+003	   -3.966579e+000
+9.784151e+003	   -3.975135e+000
+9.800430e+003	   -3.980951e+000
+9.816734e+003	   -3.988103e+000
+9.833067e+003	   -3.997473e+000
+9.849427e+003	   -4.005077e+000
+9.865814e+003	   -4.012167e+000
+9.882229e+003	   -4.020675e+000
+9.898670e+003	   -4.028364e+000
+9.915139e+003	   -4.035994e+000
+9.931635e+003	   -4.043415e+000
+9.948159e+003	   -4.051706e+000
+9.964710e+003	   -4.059849e+000
+9.981289e+003	   -4.066807e+000
+9.997895e+003	   -4.074983e+000
+1.001453e+004	   -4.082896e+000
+1.003119e+004	   -4.090561e+000
+1.004788e+004	   -4.098413e+000
+1.006460e+004	   -4.105208e+000
+1.008134e+004	   -4.114191e+000
+1.009812e+004	   -4.122503e+000
+1.011492e+004	   -4.130544e+000
+1.013174e+004	   -4.138195e+000
+1.014860e+004	   -4.145912e+000
+1.016549e+004	   -4.153999e+000
+1.018240e+004	   -4.162726e+000
+1.019934e+004	   -4.169049e+000
+1.021631e+004	   -4.177938e+000
+1.023331e+004	   -4.186874e+000
+1.025033e+004	   -4.194161e+000
+1.026739e+004	   -4.202407e+000
+1.028447e+004	   -4.210660e+000
+1.030158e+004	   -4.218553e+000
+1.031872e+004	   -4.225910e+000
+1.033589e+004	   -4.234921e+000
+1.035308e+004	   -4.242630e+000
+1.037031e+004	   -4.251621e+000
+1.038756e+004	   -4.259122e+000
+1.040484e+004	   -4.267086e+000
+1.042215e+004	   -4.275321e+000
+1.043949e+004	   -4.282427e+000
+1.045686e+004	   -4.292021e+000
+1.047426e+004	   -4.299126e+000
+1.049169e+004	   -4.308435e+000
+1.050914e+004	   -4.316243e+000
+1.052663e+004	   -4.324162e+000
+1.054414e+004	   -4.332051e+000
+1.056168e+004	   -4.341744e+000
+1.057925e+004	   -4.347747e+000
+1.059686e+004	   -4.356461e+000
+1.061449e+004	   -4.365479e+000
+1.063215e+004	   -4.374504e+000
+1.064983e+004	   -4.382551e+000
+1.066755e+004	   -4.390936e+000
+1.068530e+004	   -4.398915e+000
+1.070308e+004	   -4.407401e+000
+1.072089e+004	   -4.415977e+000
+1.073872e+004	   -4.424820e+000
+1.075659e+004	   -4.431987e+000
+1.077449e+004	   -4.440822e+000
+1.079241e+004	   -4.449294e+000
+1.081037e+004	   -4.456729e+000
+1.082835e+004	   -4.465300e+000
+1.084637e+004	   -4.474655e+000
+1.086442e+004	   -4.482968e+000
+1.088249e+004	   -4.491320e+000
+1.090060e+004	   -4.501591e+000
+1.091873e+004	   -4.509785e+000
+1.093690e+004	   -4.517225e+000
+1.095509e+004	   -4.525830e+000
+1.097332e+004	   -4.534288e+000
+1.099158e+004	   -4.541870e+000
+1.100987e+004	   -4.551275e+000
+1.102818e+004	   -4.560152e+000
+1.104653e+004	   -4.568869e+000
+1.106491e+004	   -4.577962e+000
+1.108332e+004	   -4.584822e+000
+1.110176e+004	   -4.594897e+000
+1.112023e+004	   -4.602936e+000
+1.113873e+004	   -4.610857e+000
+1.115726e+004	   -4.619904e+000
+1.117583e+004	   -4.629133e+000
+1.119442e+004	   -4.637082e+000
+1.121304e+004	   -4.645822e+000
+1.123170e+004	   -4.655191e+000
+1.125039e+004	   -4.663552e+000
+1.126910e+004	   -4.673863e+000
+1.128785e+004	   -4.681719e+000
+1.130663e+004	   -4.689809e+000
+1.132544e+004	   -4.698776e+000
+1.134429e+004	   -4.706999e+000
+1.136316e+004	   -4.716209e+000
+1.138207e+004	   -4.725349e+000
+1.140100e+004	   -4.734195e+000
+1.141997e+004	   -4.743373e+000
+1.143897e+004	   -4.751439e+000
+1.145800e+004	   -4.759681e+000
+1.147707e+004	   -4.771273e+000
+1.149616e+004	   -4.779360e+000
+1.151529e+004	   -4.787029e+000
+1.153445e+004	   -4.797021e+000
+1.155364e+004	   -4.805449e+000
+1.157286e+004	   -4.813592e+000
+1.159211e+004	   -4.823107e+000
+1.161140e+004	   -4.832335e+000
+1.163072e+004	   -4.840531e+000
+1.165007e+004	   -4.850175e+000
+1.166945e+004	   -4.858551e+000
+1.168887e+004	   -4.868346e+000
+1.170831e+004	   -4.876780e+000
+1.172779e+004	   -4.886173e+000
+1.174731e+004	   -4.895719e+000
+1.176685e+004	   -4.905354e+000
+1.178643e+004	   -4.913402e+000
+1.180604e+004	   -4.922245e+000
+1.182568e+004	   -4.931192e+000
+1.184535e+004	   -4.939487e+000
+1.186506e+004	   -4.948339e+000
+1.188480e+004	   -4.959528e+000
+1.190458e+004	   -4.968071e+000
+1.192438e+004	   -4.977560e+000
+1.194422e+004	   -4.985126e+000
+1.196409e+004	   -4.994606e+000
+1.198400e+004	   -5.005963e+000
+1.200394e+004	   -5.014266e+000
+1.202391e+004	   -5.023077e+000
+1.204391e+004	   -5.031516e+000
+1.206395e+004	   -5.040942e+000
+1.208402e+004	   -5.049927e+000
+1.210413e+004	   -5.059757e+000
+1.212427e+004	   -5.068978e+000
+1.214444e+004	   -5.079342e+000
+1.216464e+004	   -5.087989e+000
+1.218488e+004	   -5.095849e+000
+1.220515e+004	   -5.104943e+000
+1.222546e+004	   -5.114914e+000
+1.224580e+004	   -5.123725e+000
+1.226617e+004	   -5.135236e+000
+1.228658e+004	   -5.144370e+000
+1.230702e+004	   -5.152192e+000
+1.232750e+004	   -5.160674e+000
+1.234801e+004	   -5.172066e+000
+1.236855e+004	   -5.180855e+000
+1.238913e+004	   -5.189657e+000
+1.240974e+004	   -5.199066e+000
+1.243039e+004	   -5.210220e+000
+1.245107e+004	   -5.218180e+000
+1.247179e+004	   -5.227973e+000
+1.249254e+004	   -5.237161e+000
+1.251332e+004	   -5.245822e+000
+1.253414e+004	   -5.256256e+000
+1.255499e+004	   -5.266737e+000
+1.257588e+004	   -5.275312e+000
+1.259680e+004	   -5.284719e+000
+1.261776e+004	   -5.293224e+000
+1.263876e+004	   -5.303498e+000
+1.265978e+004	   -5.312652e+000
+1.268085e+004	   -5.322561e+000
+1.270194e+004	   -5.332141e+000
+1.272308e+004	   -5.342603e+000
+1.274424e+004	   -5.351215e+000
+1.276545e+004	   -5.361195e+000
+1.278669e+004	   -5.369501e+000
+1.280796e+004	   -5.379862e+000
+1.282927e+004	   -5.389255e+000
+1.285061e+004	   -5.400262e+000
+1.287199e+004	   -5.408511e+000
+1.289341e+004	   -5.417770e+000
+1.291486e+004	   -5.426373e+000
+1.293635e+004	   -5.437866e+000
+1.295787e+004	   -5.447051e+000
+1.297943e+004	   -5.456972e+000
+1.300102e+004	   -5.465274e+000
+1.302265e+004	   -5.475110e+000
+1.304432e+004	   -5.485502e+000
+1.306602e+004	   -5.495564e+000
+1.308776e+004	   -5.504404e+000
+1.310954e+004	   -5.513688e+000
+1.313135e+004	   -5.522928e+000
+1.315320e+004	   -5.534600e+000
+1.317508e+004	   -5.543564e+000
+1.319700e+004	   -5.553540e+000
+1.321896e+004	   -5.562946e+000
+1.324095e+004	   -5.571715e+000
+1.326298e+004	   -5.583554e+000
+1.328504e+004	   -5.594120e+000
+1.330715e+004	   -5.602726e+000
+1.332929e+004	   -5.610233e+000
+1.335146e+004	   -5.621073e+000
+1.337368e+004	   -5.631794e+000
+1.339593e+004	   -5.642586e+000
+1.341821e+004	   -5.651526e+000
+1.344054e+004	   -5.659537e+000
+1.346290e+004	   -5.671893e+000
+1.348530e+004	   -5.680099e+000
+1.350774e+004	   -5.690676e+000
+1.353021e+004	   -5.699100e+000
+1.355272e+004	   -5.710033e+000
+1.357527e+004	   -5.720890e+000
+1.359785e+004	   -5.728407e+000
+1.362048e+004	   -5.740876e+000
+1.364314e+004	   -5.749567e+000
+1.366584e+004	   -5.758757e+000
+1.368857e+004	   -5.768625e+000
+1.371135e+004	   -5.778861e+000
+1.373416e+004	   -5.788836e+000
+1.375701e+004	   -5.798890e+000
+1.377990e+004	   -5.808028e+000
+1.380282e+004	   -5.819423e+000
+1.382579e+004	   -5.830038e+000
+1.384879e+004	   -5.839040e+000
+1.387183e+004	   -5.848500e+000
+1.389491e+004	   -5.858616e+000
+1.391803e+004	   -5.869017e+000
+1.394119e+004	   -5.879371e+000
+1.396438e+004	   -5.887952e+000
+1.398761e+004	   -5.899314e+000
+1.401088e+004	   -5.909480e+000
+1.403420e+004	   -5.919419e+000
+1.405754e+004	   -5.929740e+000
+1.408093e+004	   -5.938831e+000
+1.410436e+004	   -5.949029e+000
+1.412783e+004	   -5.957686e+000
+1.415133e+004	   -5.966761e+000
+1.417488e+004	   -5.977476e+000
+1.419846e+004	   -5.987816e+000
+1.422208e+004	   -5.998756e+000
+1.424574e+004	   -6.008403e+000
+1.426945e+004	   -6.017980e+000
+1.429319e+004	   -6.028462e+000
+1.431697e+004	   -6.038122e+000
+1.434079e+004	   -6.050281e+000
+1.436465e+004	   -6.059933e+000
+1.438854e+004	   -6.070663e+000
+1.441248e+004	   -6.081831e+000
+1.443646e+004	   -6.091793e+000
+1.446048e+004	   -6.102480e+000
+1.448454e+004	   -6.112860e+000
+1.450864e+004	   -6.121919e+000
+1.453278e+004	   -6.132895e+000
+1.455696e+004	   -6.143890e+000
+1.458117e+004	   -6.154072e+000
+1.460543e+004	   -6.165174e+000
+1.462973e+004	   -6.175625e+000
+1.465407e+004	   -6.185383e+000
+1.467845e+004	   -6.196001e+000
+1.470288e+004	   -6.207018e+000
+1.472734e+004	   -6.217263e+000
+1.475184e+004	   -6.227641e+000
+1.477638e+004	   -6.237548e+000
+1.480097e+004	   -6.248558e+000
+1.482559e+004	   -6.257940e+000
+1.485026e+004	   -6.269883e+000
+1.487497e+004	   -6.279016e+000
+1.489971e+004	   -6.292419e+000
+1.492450e+004	   -6.301656e+000
+1.494933e+004	   -6.311876e+000
+1.497421e+004	   -6.321834e+000
+1.499912e+004	   -6.332333e+000
+1.502407e+004	   -6.344181e+000
+1.504907e+004	   -6.353796e+000
+1.507411e+004	   -6.364870e+000
+1.509919e+004	   -6.375049e+000
+1.512431e+004	   -6.384939e+000
+1.514947e+004	   -6.395250e+000
+1.517468e+004	   -6.407434e+000
+1.519992e+004	   -6.416013e+000
+1.522521e+004	   -6.427433e+000
+1.525054e+004	   -6.439224e+000
+1.527592e+004	   -6.447690e+000
+1.530133e+004	   -6.458537e+000
+1.532679e+004	   -6.469532e+000
+1.535229e+004	   -6.480093e+000
+1.537783e+004	   -6.489322e+000
+1.540342e+004	   -6.502134e+000
+1.542904e+004	   -6.512776e+000
+1.545471e+004	   -6.522222e+000
+1.548043e+004	   -6.533423e+000
+1.550618e+004	   -6.544026e+000
+1.553198e+004	   -6.554933e+000
+1.555782e+004	   -6.566505e+000
+1.558371e+004	   -6.576910e+000
+1.560963e+004	   -6.586307e+000
+1.563560e+004	   -6.598138e+000
+1.566162e+004	   -6.607810e+000
+1.568767e+004	   -6.618553e+000
+1.571377e+004	   -6.629124e+000
+1.573992e+004	   -6.639919e+000
+1.576611e+004	   -6.650765e+000
+1.579234e+004	   -6.661856e+000
+1.581861e+004	   -6.672267e+000
+1.584493e+004	   -6.683326e+000
+1.587129e+004	   -6.692717e+000
+1.589770e+004	   -6.704533e+000
+1.592415e+004	   -6.714760e+000
+1.595064e+004	   -6.725156e+000
+1.597718e+004	   -6.736805e+000
+1.600376e+004	   -6.748791e+000
+1.603039e+004	   -6.758017e+000
+1.605706e+004	   -6.769069e+000
+1.608377e+004	   -6.780494e+000
+1.611053e+004	   -6.790541e+000
+1.613733e+004	   -6.801716e+000
+1.616418e+004	   -6.811976e+000
+1.619108e+004	   -6.824703e+000
+1.621801e+004	   -6.833241e+000
+1.624500e+004	   -6.844905e+000
+1.627202e+004	   -6.855474e+000
+1.629910e+004	   -6.866827e+000
+1.632621e+004	   -6.878977e+000
+1.635338e+004	   -6.889243e+000
+1.638058e+004	   -6.899966e+000
+1.640784e+004	   -6.910553e+000
+1.643514e+004	   -6.920760e+000
+1.646248e+004	   -6.931848e+000
+1.648987e+004	   -6.944789e+000
+1.651730e+004	   -6.954781e+000
+1.654479e+004	   -6.964834e+000
+1.657231e+004	   -6.976325e+000
+1.659988e+004	   -6.987432e+000
+1.662750e+004	   -6.998360e+000
+1.665517e+004	   -7.009321e+000
+1.668288e+004	   -7.021590e+000
+1.671063e+004	   -7.031901e+000
+1.673843e+004	   -7.041395e+000
+1.676628e+004	   -7.051813e+000
+1.679418e+004	   -7.065070e+000
+1.682212e+004	   -7.074020e+000
+1.685011e+004	   -7.086909e+000
+1.687814e+004	   -7.098334e+000
+1.690622e+004	   -7.108574e+000
+1.693435e+004	   -7.119541e+000
+1.696252e+004	   -7.130863e+000
+1.699074e+004	   -7.141804e+000
+1.701901e+004	   -7.153012e+000
+1.704733e+004	   -7.164851e+000
+1.707569e+004	   -7.175268e+000
+1.710410e+004	   -7.185401e+000
+1.713256e+004	   -7.197981e+000
+1.716106e+004	   -7.208639e+000
+1.718961e+004	   -7.220355e+000
+1.721821e+004	   -7.231205e+000
+1.724686e+004	   -7.243117e+000
+1.727555e+004	   -7.253615e+000
+1.730430e+004	   -7.266953e+000
+1.733309e+004	   -7.277895e+000
+1.736192e+004	   -7.287870e+000
+1.739081e+004	   -7.298676e+000
+1.741974e+004	   -7.311628e+000
+1.744873e+004	   -7.320888e+000
+1.747776e+004	   -7.333139e+000
+1.750683e+004	   -7.344582e+000
+1.753596e+004	   -7.355872e+000
+1.756514e+004	   -7.366126e+000
+1.759436e+004	   -7.380021e+000
+1.762363e+004	   -7.391936e+000
+1.765296e+004	   -7.401208e+000
+1.768232e+004	   -7.413523e+000
+1.771174e+004	   -7.423477e+000
+1.774121e+004	   -7.435210e+000
+1.777073e+004	   -7.446694e+000
+1.780029e+004	   -7.458542e+000
+1.782991e+004	   -7.469022e+000
+1.785957e+004	   -7.480455e+000
+1.788929e+004	   -7.492293e+000
+1.791905e+004	   -7.503973e+000
+1.794886e+004	   -7.514549e+000
+1.797873e+004	   -7.525472e+000
+1.800864e+004	   -7.537662e+000
+1.803860e+004	   -7.548757e+000
+1.806861e+004	   -7.561300e+000
+1.809867e+004	   -7.573052e+000
+1.812879e+004	   -7.584867e+000
+1.815895e+004	   -7.595301e+000
+1.818916e+004	   -7.607703e+000
+1.821942e+004	   -7.619416e+000
+1.824973e+004	   -7.630012e+000
+1.828010e+004	   -7.640784e+000
+1.831051e+004	   -7.653180e+000
+1.834097e+004	   -7.663990e+000
+1.837149e+004	   -7.675198e+000
+1.840205e+004	   -7.688119e+000
+1.843267e+004	   -7.698983e+000
+1.846334e+004	   -7.711207e+000
+1.849406e+004	   -7.721501e+000
+1.852482e+004	   -7.734549e+000
+1.855565e+004	   -7.745902e+000
+1.858652e+004	   -7.758823e+000
+1.861744e+004	   -7.768591e+000
+1.864842e+004	   -7.779929e+000
+1.867944e+004	   -7.793119e+000
+1.871052e+004	   -7.804547e+000
+1.874165e+004	   -7.815129e+000
+1.877283e+004	   -7.829281e+000
+1.880406e+004	   -7.838766e+000
+1.883535e+004	   -7.850175e+000
+1.886669e+004	   -7.863168e+000
+1.889808e+004	   -7.874709e+000
+1.892952e+004	   -7.886211e+000
+1.896101e+004	   -7.898136e+000
+1.899256e+004	   -7.910208e+000
+1.902416e+004	   -7.922151e+000
+1.905581e+004	   -7.933878e+000
+1.908751e+004	   -7.942314e+000
+1.911927e+004	   -7.954755e+000
+1.915108e+004	   -7.968593e+000
+1.918294e+004	   -7.979788e+000
+1.921486e+004	   -7.991669e+000
+1.924682e+004	   -8.003946e+000
+1.927885e+004	   -8.014662e+000
+1.931092e+004	   -8.027555e+000
+1.934305e+004	   -8.030493e+000
+1.937523e+004	   -8.045014e+000
+1.940747e+004	   -8.061975e+000
+1.943976e+004	   -8.079068e+000
+1.947210e+004	   -8.083922e+000
+1.950450e+004	   -8.091385e+000
+1.953695e+004	   -8.116624e+000
+1.956945e+004	   -8.123145e+000
+1.960201e+004	   -8.136781e+000
+1.963462e+004	   -8.147050e+000
+1.966729e+004	   -8.155617e+000
+1.970001e+004	   -8.170465e+000
+1.973279e+004	   -8.182266e+000
+1.976562e+004	   -8.194335e+000
+1.979850e+004	   -8.204084e+000
+1.983144e+004	   -8.217123e+000
+1.986444e+004	   -8.229817e+000
+1.989749e+004	   -8.240883e+000
+1.993059e+004	   -8.252707e+000
+1.996375e+004	   -8.264353e+000
+1.999696e+004	   -8.278294e+000
+2.003023e+004	   -8.287733e+000
+2.006356e+004	   -8.300226e+000
+2.009694e+004	   -8.311782e+000
+2.013038e+004	   -8.324609e+000
+2.016387e+004	   -8.337101e+000
+2.019742e+004	   -8.349996e+000
+2.023102e+004	   -8.359026e+000
+2.026468e+004	   -8.371543e+000
+2.029839e+004	   -8.384066e+000
+2.033217e+004	   -8.396486e+000
+2.036599e+004	   -8.408901e+000
+2.039988e+004	   -8.420943e+000
+2.043382e+004	   -8.431848e+000
+2.046781e+004	   -8.445728e+000
+2.050187e+004	   -8.455945e+000
+2.053598e+004	   -8.467299e+000
+2.057014e+004	   -8.479612e+000
+2.060437e+004	   -8.493136e+000
+2.063865e+004	   -8.503237e+000
+2.067298e+004	   -8.518065e+000
+2.070738e+004	   -8.528508e+000
+2.074183e+004	   -8.538948e+000
+2.077634e+004	   -8.551393e+000
+2.081091e+004	   -8.563029e+000
+2.084553e+004	   -8.577848e+000
+2.088021e+004	   -8.590215e+000
+2.091495e+004	   -8.601073e+000
+2.094975e+004	   -8.613450e+000
+2.098461e+004	   -8.624534e+000
+2.101952e+004	   -8.637315e+000
+2.105449e+004	   -8.648595e+000
+2.108952e+004	   -8.661455e+000
+2.112461e+004	   -8.674839e+000
+2.115975e+004	   -8.686275e+000
+2.119496e+004	   -8.696289e+000
+2.123022e+004	   -8.711362e+000
+2.126554e+004	   -8.721209e+000
+2.130092e+004	   -8.733975e+000
+2.133636e+004	   -8.744548e+000
+2.137186e+004	   -8.758589e+000
+2.140742e+004	   -8.771123e+000
+2.144303e+004	   -8.781466e+000
+2.147871e+004	   -8.794067e+000
+2.151444e+004	   -8.806958e+000
+2.155024e+004	   -8.816795e+000
+2.158609e+004	   -8.829813e+000
+2.162201e+004	   -8.842129e+000
+2.165798e+004	   -8.856110e+000
+2.169401e+004	   -8.865351e+000
+2.173011e+004	   -8.877754e+000
+2.176626e+004	   -8.890988e+000
+2.180247e+004	   -8.902476e+000
+2.183875e+004	   -8.916082e+000
+2.187508e+004	   -8.926449e+000
+2.191148e+004	   -8.938578e+000
+2.194793e+004	   -8.950483e+000
+2.198445e+004	   -8.963499e+000
+2.202102e+004	   -8.974640e+000
+2.205766e+004	   -8.987062e+000
+2.209436e+004	   -8.998079e+000
+2.213112e+004	   -9.009296e+000
+2.216794e+004	   -9.022760e+000
+2.220482e+004	   -9.036152e+000
+2.224176e+004	   -9.049527e+000
+2.227877e+004	   -9.059888e+000
+2.231584e+004	   -9.074208e+000
+2.235296e+004	   -9.086631e+000
+2.239015e+004	   -9.099841e+000
+2.242740e+004	   -9.112479e+000
+2.246472e+004	   -9.122395e+000
+2.250209e+004	   -9.135937e+000
+2.253953e+004	   -9.147440e+000
+2.257703e+004	   -9.162481e+000
+2.261459e+004	   -9.173469e+000
+2.265222e+004	   -9.187272e+000
+2.268991e+004	   -9.200694e+000
+2.272766e+004	   -9.211814e+000
+2.276547e+004	   -9.226069e+000
+2.280335e+004	   -9.236359e+000
+2.284129e+004	   -9.248317e+000
+2.287929e+004	   -9.261810e+000
+2.291735e+004	   -9.272400e+000
+2.295548e+004	   -9.285594e+000
+2.299367e+004	   -9.300029e+000
+2.303193e+004	   -9.311975e+000
+2.307025e+004	   -9.324348e+000
+2.310863e+004	   -9.337467e+000
+2.314708e+004	   -9.349250e+000
+2.318559e+004	   -9.360593e+000
+2.322416e+004	   -9.372165e+000
+2.326280e+004	   -9.386111e+000
+2.330151e+004	   -9.397237e+000
+2.334027e+004	   -9.409505e+000
+2.337911e+004	   -9.423839e+000
+2.341800e+004	   -9.435632e+000
+2.345696e+004	   -9.450460e+000
+2.349599e+004	   -9.460654e+000
+2.353508e+004	   -9.473559e+000
+2.357424e+004	   -9.484680e+000
+2.361346e+004	   -9.498296e+000
+2.365275e+004	   -9.511363e+000
+2.369210e+004	   -9.522926e+000
+2.373152e+004	   -9.536089e+000
+2.377100e+004	   -9.548703e+000
+2.381055e+004	   -9.561306e+000
+2.385016e+004	   -9.573488e+000
+2.388985e+004	   -9.585458e+000
+2.392959e+004	   -9.598383e+000
+2.396940e+004	   -9.610071e+000
+2.400928e+004	   -9.621713e+000
+2.404923e+004	   -9.634091e+000
+2.408924e+004	   -9.646986e+000
+2.412932e+004	   -9.661565e+000
+2.416946e+004	   -9.673649e+000
+2.420968e+004	   -9.685041e+000
+2.424996e+004	   -9.698476e+000
+2.429030e+004	   -9.710464e+000
+2.433071e+004	   -9.723417e+000
+2.437119e+004	   -9.735026e+000
+2.441174e+004	   -9.747830e+000
+2.445236e+004	   -9.760916e+000
+2.449304e+004	   -9.772792e+000
+2.453379e+004	   -9.786348e+000
+2.457461e+004	   -9.797821e+000
+2.461549e+004	   -9.811570e+000
+2.465645e+004	   -9.824026e+000
+2.469747e+004	   -9.835503e+000
+2.473856e+004	   -9.848290e+000
+2.477972e+004	   -9.859875e+000
+2.482095e+004	   -9.873421e+000
+2.486224e+004	   -9.885921e+000
+2.490361e+004	   -9.900142e+000
+2.494504e+004	   -9.909425e+000
+2.498654e+004	   -9.923631e+000
+2.502811e+004	   -9.936447e+000
+2.506975e+004	   -9.949445e+000
+2.511146e+004	   -9.960735e+000
+2.515324e+004	   -9.973642e+000
+2.519509e+004	   -9.985714e+000
+2.523701e+004	   -1.000012e+001
+2.527900e+004	   -1.001175e+001
+2.532105e+004	   -1.002571e+001
+2.536318e+004	   -1.003904e+001
+2.540538e+004	   -1.005214e+001
+2.544765e+004	   -1.006325e+001
+2.548999e+004	   -1.007501e+001
+2.553239e+004	   -1.008927e+001
+2.557488e+004	   -1.010142e+001
+2.561742e+004	   -1.011380e+001
+2.566004e+004	   -1.012691e+001
+2.570274e+004	   -1.013924e+001
+2.574550e+004	   -1.015312e+001
+2.578833e+004	   -1.016393e+001
+2.583124e+004	   -1.017772e+001
+2.587422e+004	   -1.018917e+001
+2.591726e+004	   -1.020222e+001
+2.596038e+004	   -1.021683e+001
+2.600358e+004	   -1.022875e+001
+2.604684e+004	   -1.024056e+001
+2.609017e+004	   -1.025216e+001
+2.613358e+004	   -1.026606e+001
+2.617706e+004	   -1.028008e+001
+2.622061e+004	   -1.029252e+001
+2.626424e+004	   -1.030431e+001
+2.630794e+004	   -1.031924e+001
+2.635171e+004	   -1.033123e+001
+2.639555e+004	   -1.034427e+001
+2.643946e+004	   -1.035566e+001
+2.648345e+004	   -1.036930e+001
+2.652751e+004	   -1.038214e+001
+2.657165e+004	   -1.039513e+001
+2.661586e+004	   -1.040802e+001
+2.666014e+004	   -1.042056e+001
+2.670449e+004	   -1.043493e+001
+2.674892e+004	   -1.044462e+001
+2.679343e+004	   -1.045791e+001
+2.683800e+004	   -1.047412e+001
+2.688266e+004	   -1.048644e+001
+2.692738e+004	   -1.049632e+001
+2.697218e+004	   -1.051168e+001
+2.701706e+004	   -1.052520e+001
+2.706201e+004	   -1.053835e+001
+2.710703e+004	   -1.055048e+001
+2.715213e+004	   -1.056159e+001
+2.719730e+004	   -1.057435e+001
+2.724255e+004	   -1.058778e+001
+2.728788e+004	   -1.060177e+001
+2.733328e+004	   -1.061406e+001
+2.737876e+004	   -1.062790e+001
+2.742431e+004	   -1.063961e+001
+2.746993e+004	   -1.065392e+001
+2.751564e+004	   -1.066799e+001
+2.756142e+004	   -1.068057e+001
+2.760727e+004	   -1.069263e+001
+2.765320e+004	   -1.070483e+001
+2.769921e+004	   -1.071842e+001
+2.774529e+004	   -1.073176e+001
+2.779146e+004	   -1.074417e+001
+2.783769e+004	   -1.075945e+001
+2.788401e+004	   -1.077085e+001
+2.793040e+004	   -1.078198e+001
+2.797687e+004	   -1.079714e+001
+2.802342e+004	   -1.080899e+001
+2.807004e+004	   -1.082278e+001
+2.811674e+004	   -1.083654e+001
+2.816352e+004	   -1.084906e+001
+2.821038e+004	   -1.086242e+001
+2.825731e+004	   -1.087348e+001
+2.830433e+004	   -1.088867e+001
+2.835142e+004	   -1.090183e+001
+2.839859e+004	   -1.091241e+001
+2.844583e+004	   -1.092725e+001
+2.849316e+004	   -1.094009e+001
+2.854057e+004	   -1.095379e+001
+2.858805e+004	   -1.096710e+001
+2.863561e+004	   -1.097964e+001
+2.868326e+004	   -1.099257e+001
+2.873098e+004	   -1.100550e+001
+2.877878e+004	   -1.101940e+001
+2.882666e+004	   -1.103378e+001
+2.887462e+004	   -1.104417e+001
+2.892266e+004	   -1.105808e+001
+2.897078e+004	   -1.107182e+001
+2.901898e+004	   -1.108509e+001
+2.906726e+004	   -1.109966e+001
+2.911562e+004	   -1.110974e+001
+2.916406e+004	   -1.112519e+001
+2.921258e+004	   -1.113762e+001
+2.926119e+004	   -1.115086e+001
+2.930987e+004	   -1.116518e+001
+2.935863e+004	   -1.117533e+001
+2.940748e+004	   -1.119123e+001
+2.945640e+004	   -1.120182e+001
+2.950541e+004	   -1.121727e+001
+2.955450e+004	   -1.122955e+001
+2.960367e+004	   -1.124345e+001
+2.965293e+004	   -1.125623e+001
+2.970226e+004	   -1.126956e+001
+2.975168e+004	   -1.128196e+001
+2.980118e+004	   -1.129603e+001
+2.985076e+004	   -1.130954e+001
+2.990042e+004	   -1.132244e+001
+2.995017e+004	   -1.133489e+001
+3.000000e+004	   -1.134848e+001
