+1.000000e+003	   +2.272269e+001
+1.001664e+003	   +2.236524e+001
+1.003330e+003	   +2.441597e+001
+1.005000e+003	   +2.341777e+001
+1.006672e+003	   +2.292373e+001
+1.008346e+003	   +2.224704e+001
+1.010024e+003	   +2.391042e+001
+1.011705e+003	   +2.221894e+001
+1.013388e+003	   +2.383840e+001
+1.015074e+003	   +2.269828e+001
+1.016763e+003	   +2.262479e+001
+1.018454e+003	   +2.183544e+001
+1.020149e+003	   +2.239363e+001
+1.021846e+003	   +2.227591e+001
+1.023546e+003	   +2.374308e+001
+1.025249e+003	   +2.289954e+001
+1.026955e+003	   +2.284108e+001
+1.028663e+003	   +2.305777e+001
+1.030375e+003	   +2.242681e+001
+1.032089e+003	   +2.292279e+001
+1.033806e+003	   +2.312704e+001
+1.035526e+003	   +2.343432e+001
+1.037249e+003	   +2.290104e+001
+1.038975e+003	   +2.442304e+001
+1.040703e+003	   +2.277610e+001
+1.042435e+003	   +2.234561e+001
+1.044169e+003	   +2.325638e+001
+1.045906e+003	   +2.297948e+001
+1.047646e+003	   +2.363636e+001
+1.049390e+003	   +2.225462e+001
+1.051135e+003	   +2.243529e+001
+1.052884e+003	   +2.438777e+001
+1.054636e+003	   +2.231666e+001
+1.056391e+003	   +2.303897e+001
+1.058148e+003	   +2.245915e+001
+1.059909e+003	   +2.406687e+001
+1.061672e+003	   +2.300650e+001
+1.063438e+003	   +2.250106e+001
+1.065208e+003	   +2.366801e+001
+1.066980e+003	   +2.294337e+001
+1.068755e+003	   +2.417929e+001
+1.070533e+003	   +2.308066e+001
+1.072314e+003	   +2.236022e+001
+1.074099e+003	   +2.305029e+001
+1.075885e+003	   +2.437546e+001
+1.077676e+003	   +2.363863e+001
+1.079469e+003	   +2.412776e+001
+1.081264e+003	   +2.319330e+001
+1.083063e+003	   +2.349015e+001
+1.084865e+003	   +2.254951e+001
+1.086670e+003	   +2.316301e+001
+1.088478e+003	   +2.424923e+001
+1.090289e+003	   +2.406444e+001
+1.092103e+003	   +2.174334e+001
+1.093920e+003	   +2.436920e+001
+1.095740e+003	   +2.366872e+001
+1.097563e+003	   +2.435207e+001
+1.099389e+003	   +2.238445e+001
+1.101218e+003	   +2.333320e+001
+1.103050e+003	   +2.392515e+001
+1.104886e+003	   +2.262576e+001
+1.106724e+003	   +2.344082e+001
+1.108565e+003	   +2.295416e+001
+1.110410e+003	   +2.212732e+001
+1.112257e+003	   +2.295333e+001
+1.114108e+003	   +2.352710e+001
+1.115961e+003	   +2.219334e+001
+1.117818e+003	   +2.349770e+001
+1.119678e+003	   +2.347484e+001
+1.121540e+003	   +2.230229e+001
+1.123406e+003	   +2.216435e+001
+1.125276e+003	   +2.448988e+001
+1.127148e+003	   +2.395957e+001
+1.129023e+003	   +2.361515e+001
+1.130901e+003	   +2.260887e+001
+1.132783e+003	   +2.187575e+001
+1.134667e+003	   +2.308584e+001
+1.136555e+003	   +2.282967e+001
+1.138446e+003	   +2.214745e+001
+1.140340e+003	   +2.275242e+001
+1.142238e+003	   +2.324058e+001
+1.144138e+003	   +2.346748e+001
+1.146042e+003	   +2.365385e+001
+1.147948e+003	   +2.366221e+001
+1.149858e+003	   +2.304432e+001
+1.151771e+003	   +2.147595e+001
+1.153688e+003	   +2.369072e+001
+1.155607e+003	   +2.322037e+001
+1.157530e+003	   +2.423107e+001
+1.159455e+003	   +2.418545e+001
+1.161384e+003	   +2.210551e+001
+1.163317e+003	   +2.277171e+001
+1.165252e+003	   +2.096151e+001
+1.167191e+003	   +2.248290e+001
+1.169133e+003	   +2.309780e+001
+1.171078e+003	   +2.276683e+001
+1.173026e+003	   +2.389830e+001
+1.174978e+003	   +2.273449e+001
+1.176933e+003	   +2.319301e+001
+1.178891e+003	   +2.290565e+001
+1.180852e+003	   +2.342304e+001
+1.182817e+003	   +2.341391e+001
+1.184785e+003	   +2.313909e+001
+1.186756e+003	   +2.306330e+001
+1.188730e+003	   +2.272265e+001
+1.190708e+003	   +2.372889e+001
+1.192689e+003	   +2.466249e+001
+1.194674e+003	   +2.353005e+001
+1.196661e+003	   +2.356297e+001
+1.198652e+003	   +2.356350e+001
+1.200646e+003	   +2.397190e+001
+1.202644e+003	   +2.285955e+001
+1.204645e+003	   +2.370462e+001
+1.206649e+003	   +2.390337e+001
+1.208657e+003	   +2.354848e+001
+1.210668e+003	   +2.312438e+001
+1.212682e+003	   +2.331068e+001
+1.214699e+003	   +2.241853e+001
+1.216720e+003	   +2.409957e+001
+1.218745e+003	   +2.339141e+001
+1.220772e+003	   +2.308137e+001
+1.222803e+003	   +2.251001e+001
+1.224838e+003	   +2.283200e+001
+1.226876e+003	   +2.351682e+001
+1.228917e+003	   +2.355388e+001
+1.230961e+003	   +2.415416e+001
+1.233010e+003	   +2.312329e+001
+1.235061e+003	   +2.313003e+001
+1.237116e+003	   +2.279399e+001
+1.239174e+003	   +2.284033e+001
+1.241236e+003	   +2.409546e+001
+1.243301e+003	   +2.430865e+001
+1.245369e+003	   +2.427227e+001
+1.247441e+003	   +2.437958e+001
+1.249517e+003	   +2.429692e+001
+1.251596e+003	   +2.288572e+001
+1.253678e+003	   +2.315016e+001
+1.255764e+003	   +2.380002e+001
+1.257853e+003	   +2.308504e+001
+1.259946e+003	   +2.356061e+001
+1.262042e+003	   +2.344538e+001
+1.264142e+003	   +2.333382e+001
+1.266245e+003	   +2.435054e+001
+1.268352e+003	   +2.366915e+001
+1.270462e+003	   +2.538469e+001
+1.272576e+003	   +2.531268e+001
+1.274693e+003	   +2.284452e+001
+1.276814e+003	   +2.251778e+001
+1.278938e+003	   +2.295307e+001
+1.281066e+003	   +2.243010e+001
+1.283197e+003	   +2.461395e+001
+1.285332e+003	   +2.357770e+001
+1.287470e+003	   +2.454690e+001
+1.289612e+003	   +2.455732e+001
+1.291758e+003	   +2.386157e+001
+1.293907e+003	   +2.520273e+001
+1.296060e+003	   +2.422029e+001
+1.298216e+003	   +2.355345e+001
+1.300376e+003	   +2.317602e+001
+1.302540e+003	   +2.397927e+001
+1.304707e+003	   +2.413599e+001
+1.306877e+003	   +2.428493e+001
+1.309052e+003	   +2.510015e+001
+1.311230e+003	   +2.352245e+001
+1.313411e+003	   +2.462336e+001
+1.315596e+003	   +2.324428e+001
+1.317785e+003	   +2.402002e+001
+1.319978e+003	   +2.368988e+001
+1.322174e+003	   +2.332464e+001
+1.324374e+003	   +2.277805e+001
+1.326577e+003	   +2.427978e+001
+1.328784e+003	   +2.400408e+001
+1.330995e+003	   +2.419518e+001
+1.333209e+003	   +2.496851e+001
+1.335427e+003	   +2.365223e+001
+1.337649e+003	   +2.345781e+001
+1.339875e+003	   +2.295454e+001
+1.342104e+003	   +2.352207e+001
+1.344337e+003	   +2.443047e+001
+1.346573e+003	   +2.509101e+001
+1.348814e+003	   +2.451005e+001
+1.351058e+003	   +2.477766e+001
+1.353306e+003	   +2.482793e+001
+1.355557e+003	   +2.428920e+001
+1.357813e+003	   +2.427443e+001
+1.360072e+003	   +2.368218e+001
+1.362334e+003	   +2.266270e+001
+1.364601e+003	   +2.314237e+001
+1.366871e+003	   +2.461403e+001
+1.369146e+003	   +2.405716e+001
+1.371423e+003	   +2.320715e+001
+1.373705e+003	   +2.435022e+001
+1.375991e+003	   +2.386469e+001
+1.378280e+003	   +2.495150e+001
+1.380573e+003	   +2.447807e+001
+1.382870e+003	   +2.323207e+001
+1.385171e+003	   +2.370944e+001
+1.387475e+003	   +2.377734e+001
+1.389784e+003	   +2.381557e+001
+1.392096e+003	   +2.364686e+001
+1.394412e+003	   +2.462276e+001
+1.396732e+003	   +2.440401e+001
+1.399056e+003	   +2.521686e+001
+1.401384e+003	   +2.297027e+001
+1.403715e+003	   +2.450818e+001
+1.406050e+003	   +2.342452e+001
+1.408390e+003	   +2.402717e+001
+1.410733e+003	   +2.351831e+001
+1.413080e+003	   +2.549413e+001
+1.415431e+003	   +2.511120e+001
+1.417786e+003	   +2.442283e+001
+1.420145e+003	   +2.540979e+001
+1.422508e+003	   +2.393763e+001
+1.424874e+003	   +2.363822e+001
+1.427245e+003	   +2.310247e+001
+1.429620e+003	   +2.417876e+001
+1.431998e+003	   +2.435501e+001
+1.434380e+003	   +2.379808e+001
+1.436767e+003	   +2.477127e+001
+1.439157e+003	   +2.427035e+001
+1.441552e+003	   +2.386898e+001
+1.443950e+003	   +2.397792e+001
+1.446353e+003	   +2.380688e+001
+1.448759e+003	   +2.423613e+001
+1.451169e+003	   +2.463814e+001
+1.453584e+003	   +2.443272e+001
+1.456002e+003	   +2.416642e+001
+1.458424e+003	   +2.471500e+001
+1.460851e+003	   +2.468334e+001
+1.463281e+003	   +2.411282e+001
+1.465716e+003	   +2.499709e+001
+1.468154e+003	   +2.465672e+001
+1.470597e+003	   +2.439364e+001
+1.473044e+003	   +2.486522e+001
+1.475495e+003	   +2.431395e+001
+1.477949e+003	   +2.475337e+001
+1.480408e+003	   +2.465854e+001
+1.482871e+003	   +2.471229e+001
+1.485339e+003	   +2.508221e+001
+1.487810e+003	   +2.420061e+001
+1.490285e+003	   +2.458252e+001
+1.492765e+003	   +2.438664e+001
+1.495248e+003	   +2.409188e+001
+1.497736e+003	   +2.494157e+001
+1.500228e+003	   +2.440851e+001
+1.502724e+003	   +2.498743e+001
+1.505224e+003	   +2.463511e+001
+1.507728e+003	   +2.512235e+001
+1.510237e+003	   +2.477670e+001
+1.512749e+003	   +2.512642e+001
+1.515266e+003	   +2.483497e+001
+1.517787e+003	   +2.496042e+001
+1.520312e+003	   +2.505914e+001
+1.522842e+003	   +2.439409e+001
+1.525375e+003	   +2.541044e+001
+1.527913e+003	   +2.498189e+001
+1.530455e+003	   +2.482647e+001
+1.533002e+003	   +2.426771e+001
+1.535552e+003	   +2.513980e+001
+1.538107e+003	   +2.485321e+001
+1.540666e+003	   +2.500372e+001
+1.543229e+003	   +2.505831e+001
+1.545797e+003	   +2.505191e+001
+1.548369e+003	   +2.524047e+001
+1.550945e+003	   +2.501798e+001
+1.553525e+003	   +2.538657e+001
+1.556110e+003	   +2.516627e+001
+1.558699e+003	   +2.499250e+001
+1.561292e+003	   +2.540877e+001
+1.563890e+003	   +2.540545e+001
+1.566491e+003	   +2.439226e+001
+1.569098e+003	   +2.534153e+001
+1.571708e+003	   +2.570611e+001
+1.574323e+003	   +2.579024e+001
+1.576943e+003	   +2.490808e+001
+1.579566e+003	   +2.480612e+001
+1.582194e+003	   +2.566500e+001
+1.584826e+003	   +2.505564e+001
+1.587463e+003	   +2.536247e+001
+1.590104e+003	   +2.515254e+001
+1.592750e+003	   +2.536359e+001
+1.595400e+003	   +2.530863e+001
+1.598054e+003	   +2.550224e+001
+1.600713e+003	   +2.542938e+001
+1.603376e+003	   +2.549379e+001
+1.606044e+003	   +2.556958e+001
+1.608716e+003	   +2.542107e+001
+1.611392e+003	   +2.533505e+001
+1.614073e+003	   +2.512177e+001
+1.616759e+003	   +2.609887e+001
+1.619448e+003	   +2.609324e+001
+1.622143e+003	   +2.568608e+001
+1.624842e+003	   +2.571159e+001
+1.627545e+003	   +2.568671e+001
+1.630253e+003	   +2.574145e+001
+1.632965e+003	   +2.560127e+001
+1.635682e+003	   +2.539617e+001
+1.638403e+003	   +2.609867e+001
+1.641129e+003	   +2.569169e+001
+1.643860e+003	   +2.552946e+001
+1.646595e+003	   +2.553013e+001
+1.649334e+003	   +2.585561e+001
+1.652078e+003	   +2.582968e+001
+1.654827e+003	   +2.566446e+001
+1.657580e+003	   +2.593731e+001
+1.660338e+003	   +2.630809e+001
+1.663100e+003	   +2.577839e+001
+1.665867e+003	   +2.637216e+001
+1.668639e+003	   +2.550112e+001
+1.671415e+003	   +2.593587e+001
+1.674196e+003	   +2.605349e+001
+1.676981e+003	   +2.593452e+001
+1.679771e+003	   +2.625291e+001
+1.682566e+003	   +2.622531e+001
+1.685365e+003	   +2.562568e+001
+1.688169e+003	   +2.604377e+001
+1.690978e+003	   +2.596341e+001
+1.693792e+003	   +2.635620e+001
+1.696609e+003	   +2.618812e+001
+1.699432e+003	   +2.641074e+001
+1.702260e+003	   +2.585935e+001
+1.705092e+003	   +2.618755e+001
+1.707929e+003	   +2.606875e+001
+1.710770e+003	   +2.614897e+001
+1.713616e+003	   +2.639738e+001
+1.716468e+003	   +2.627136e+001
+1.719323e+003	   +2.635049e+001
+1.722184e+003	   +2.629875e+001
+1.725049e+003	   +2.665467e+001
+1.727919e+003	   +2.605144e+001
+1.730794e+003	   +2.627109e+001
+1.733674e+003	   +2.656419e+001
+1.736558e+003	   +2.639326e+001
+1.739447e+003	   +2.667843e+001
+1.742341e+003	   +2.630718e+001
+1.745240e+003	   +2.677613e+001
+1.748144e+003	   +2.655396e+001
+1.751052e+003	   +2.628835e+001
+1.753965e+003	   +2.658141e+001
+1.756884e+003	   +2.670470e+001
+1.759807e+003	   +2.663925e+001
+1.762734e+003	   +2.675437e+001
+1.765667e+003	   +2.604714e+001
+1.768605e+003	   +2.692323e+001
+1.771547e+003	   +2.599785e+001
+1.774495e+003	   +2.659832e+001
+1.777447e+003	   +2.675055e+001
+1.780404e+003	   +2.673612e+001
+1.783366e+003	   +2.661552e+001
+1.786333e+003	   +2.617265e+001
+1.789305e+003	   +2.659944e+001
+1.792282e+003	   +2.700382e+001
+1.795264e+003	   +2.634530e+001
+1.798251e+003	   +2.675922e+001
+1.801243e+003	   +2.663106e+001
+1.804240e+003	   +2.746046e+001
+1.807242e+003	   +2.670856e+001
+1.810248e+003	   +2.688616e+001
+1.813260e+003	   +2.691297e+001
+1.816277e+003	   +2.644369e+001
+1.819299e+003	   +2.691081e+001
+1.822326e+003	   +2.754648e+001
+1.825358e+003	   +2.738398e+001
+1.828395e+003	   +2.656207e+001
+1.831436e+003	   +2.713959e+001
+1.834484e+003	   +2.701996e+001
+1.837536e+003	   +2.724429e+001
+1.840593e+003	   +2.719689e+001
+1.843655e+003	   +2.775141e+001
+1.846722e+003	   +2.724533e+001
+1.849795e+003	   +2.706284e+001
+1.852873e+003	   +2.744341e+001
+1.855955e+003	   +2.674988e+001
+1.859043e+003	   +2.713266e+001
+1.862136e+003	   +2.709081e+001
+1.865234e+003	   +2.761068e+001
+1.868338e+003	   +2.724564e+001
+1.871446e+003	   +2.700025e+001
+1.874560e+003	   +2.741771e+001
+1.877678e+003	   +2.705042e+001
+1.880802e+003	   +2.692173e+001
+1.883932e+003	   +2.718653e+001
+1.887066e+003	   +2.747211e+001
+1.890205e+003	   +2.759966e+001
+1.893350e+003	   +2.722231e+001
+1.896500e+003	   +2.762514e+001
+1.899656e+003	   +2.762310e+001
+1.902816e+003	   +2.768863e+001
+1.905982e+003	   +2.741812e+001
+1.909153e+003	   +2.743598e+001
+1.912329e+003	   +2.774916e+001
+1.915511e+003	   +2.775685e+001
+1.918698e+003	   +2.754412e+001
+1.921890e+003	   +2.772293e+001
+1.925088e+003	   +2.768720e+001
+1.928291e+003	   +2.805217e+001
+1.931499e+003	   +2.707287e+001
+1.934712e+003	   +2.750140e+001
+1.937931e+003	   +2.784373e+001
+1.941155e+003	   +2.813941e+001
+1.944385e+003	   +2.747712e+001
+1.947620e+003	   +2.796679e+001
+1.950860e+003	   +2.778124e+001
+1.954106e+003	   +2.802320e+001
+1.957357e+003	   +2.780136e+001
+1.960614e+003	   +2.814776e+001
+1.963876e+003	   +2.746067e+001
+1.967143e+003	   +2.794776e+001
+1.970416e+003	   +2.820991e+001
+1.973694e+003	   +2.795229e+001
+1.976978e+003	   +2.818491e+001
+1.980267e+003	   +2.827997e+001
+1.983562e+003	   +2.773284e+001
+1.986862e+003	   +2.820517e+001
+1.990167e+003	   +2.804799e+001
+1.993479e+003	   +2.842639e+001
+1.996795e+003	   +2.882235e+001
+2.000117e+003	   +2.786191e+001
+2.003445e+003	   +2.843390e+001
+2.006778e+003	   +2.839253e+001
+2.010117e+003	   +2.862657e+001
+2.013462e+003	   +2.836615e+001
+2.016811e+003	   +2.909771e+001
+2.020167e+003	   +2.769077e+001
+2.023528e+003	   +2.839313e+001
+2.026895e+003	   +2.808100e+001
+2.030267e+003	   +2.785198e+001
+2.033645e+003	   +2.848044e+001
+2.037028e+003	   +2.859892e+001
+2.040417e+003	   +2.849125e+001
+2.043812e+003	   +2.816336e+001
+2.047212e+003	   +2.848472e+001
+2.050618e+003	   +2.827212e+001
+2.054030e+003	   +2.842027e+001
+2.057448e+003	   +2.873116e+001
+2.060871e+003	   +2.847611e+001
+2.064299e+003	   +2.906567e+001
+2.067734e+003	   +2.901704e+001
+2.071174e+003	   +2.891112e+001
+2.074620e+003	   +2.833669e+001
+2.078072e+003	   +2.912753e+001
+2.081529e+003	   +2.844562e+001
+2.084992e+003	   +2.880641e+001
+2.088461e+003	   +2.877286e+001
+2.091936e+003	   +2.862882e+001
+2.095416e+003	   +2.895378e+001
+2.098902e+003	   +2.916875e+001
+2.102394e+003	   +2.926961e+001
+2.105892e+003	   +2.898214e+001
+2.109396e+003	   +2.893653e+001
+2.112905e+003	   +2.934184e+001
+2.116421e+003	   +2.892845e+001
+2.119942e+003	   +2.921369e+001
+2.123469e+003	   +2.905442e+001
+2.127002e+003	   +2.910918e+001
+2.130541e+003	   +2.901961e+001
+2.134085e+003	   +2.956867e+001
+2.137636e+003	   +2.921964e+001
+2.141192e+003	   +2.931938e+001
+2.144755e+003	   +2.930486e+001
+2.148323e+003	   +2.949801e+001
+2.151897e+003	   +2.942406e+001
+2.155478e+003	   +2.937908e+001
+2.159064e+003	   +2.951232e+001
+2.162656e+003	   +2.954558e+001
+2.166254e+003	   +2.933131e+001
+2.169858e+003	   +2.948699e+001
+2.173468e+003	   +2.951941e+001
+2.177084e+003	   +2.941296e+001
+2.180706e+003	   +2.959007e+001
+2.184334e+003	   +2.967453e+001
+2.187969e+003	   +2.965935e+001
+2.191609e+003	   +2.966814e+001
+2.195255e+003	   +2.988798e+001
+2.198907e+003	   +2.967863e+001
+2.202566e+003	   +2.925422e+001
+2.206230e+003	   +2.969686e+001
+2.209901e+003	   +2.961627e+001
+2.213578e+003	   +2.992283e+001
+2.217261e+003	   +2.960778e+001
+2.220950e+003	   +2.977471e+001
+2.224645e+003	   +3.035240e+001
+2.228346e+003	   +2.983596e+001
+2.232053e+003	   +3.011337e+001
+2.235767e+003	   +2.980341e+001
+2.239487e+003	   +3.006879e+001
+2.243213e+003	   +3.014189e+001
+2.246945e+003	   +2.998084e+001
+2.250683e+003	   +3.015660e+001
+2.254428e+003	   +2.998122e+001
+2.258178e+003	   +2.994144e+001
+2.261936e+003	   +2.993433e+001
+2.265699e+003	   +3.012304e+001
+2.269468e+003	   +2.998300e+001
+2.273244e+003	   +3.045615e+001
+2.277026e+003	   +2.972512e+001
+2.280815e+003	   +3.057032e+001
+2.284609e+003	   +3.029926e+001
+2.288410e+003	   +3.052455e+001
+2.292218e+003	   +3.044140e+001
+2.296031e+003	   +3.055669e+001
+2.299851e+003	   +3.057267e+001
+2.303678e+003	   +3.060674e+001
+2.307510e+003	   +3.052978e+001
+2.311350e+003	   +3.081260e+001
+2.315195e+003	   +3.086582e+001
+2.319047e+003	   +3.058578e+001
+2.322905e+003	   +3.075697e+001
+2.326770e+003	   +3.074113e+001
+2.330641e+003	   +3.058076e+001
+2.334519e+003	   +3.064463e+001
+2.338403e+003	   +3.066044e+001
+2.342293e+003	   +3.090026e+001
+2.346190e+003	   +3.098261e+001
+2.350094e+003	   +3.110548e+001
+2.354004e+003	   +3.053758e+001
+2.357920e+003	   +3.060897e+001
+2.361843e+003	   +3.070862e+001
+2.365773e+003	   +3.104108e+001
+2.369709e+003	   +3.095901e+001
+2.373651e+003	   +3.107695e+001
+2.377601e+003	   +3.114910e+001
+2.381556e+003	   +3.092116e+001
+2.385519e+003	   +3.133633e+001
+2.389488e+003	   +3.097467e+001
+2.393463e+003	   +3.089857e+001
+2.397445e+003	   +3.109667e+001
+2.401434e+003	   +3.093794e+001
+2.405429e+003	   +3.154189e+001
+2.409431e+003	   +3.130014e+001
+2.413440e+003	   +3.144293e+001
+2.417455e+003	   +3.154907e+001
+2.421477e+003	   +3.126434e+001
+2.425506e+003	   +3.132097e+001
+2.429542e+003	   +3.164610e+001
+2.433583e+003	   +3.164574e+001
+2.437633e+003	   +3.162856e+001
+2.441688e+003	   +3.162304e+001
+2.445750e+003	   +3.192698e+001
+2.449820e+003	   +3.184525e+001
+2.453896e+003	   +3.157167e+001
+2.457978e+003	   +3.167515e+001
+2.462068e+003	   +3.184612e+001
+2.466164e+003	   +3.180662e+001
+2.470267e+003	   +3.201118e+001
+2.474377e+003	   +3.186561e+001
+2.478493e+003	   +3.187585e+001
+2.482617e+003	   +3.183545e+001
+2.486748e+003	   +3.178634e+001
+2.490885e+003	   +3.212886e+001
+2.495029e+003	   +3.203624e+001
+2.499180e+003	   +3.209858e+001
+2.503338e+003	   +3.203904e+001
+2.507503e+003	   +3.193566e+001
+2.511675e+003	   +3.205082e+001
+2.515854e+003	   +3.190638e+001
+2.520040e+003	   +3.205250e+001
+2.524232e+003	   +3.239868e+001
+2.528432e+003	   +3.212198e+001
+2.532638e+003	   +3.223059e+001
+2.536852e+003	   +3.213839e+001
+2.541073e+003	   +3.242401e+001
+2.545301e+003	   +3.226389e+001
+2.549535e+003	   +3.234071e+001
+2.553777e+003	   +3.229266e+001
+2.558026e+003	   +3.249264e+001
+2.562282e+003	   +3.255131e+001
+2.566545e+003	   +3.270802e+001
+2.570815e+003	   +3.247260e+001
+2.575092e+003	   +3.251819e+001
+2.579376e+003	   +3.249632e+001
+2.583668e+003	   +3.271313e+001
+2.587966e+003	   +3.280196e+001
+2.592272e+003	   +3.257722e+001
+2.596585e+003	   +3.254897e+001
+2.600905e+003	   +3.303201e+001
+2.605232e+003	   +3.278460e+001
+2.609567e+003	   +3.312863e+001
+2.613908e+003	   +3.305563e+001
+2.618257e+003	   +3.283459e+001
+2.622613e+003	   +3.285836e+001
+2.626977e+003	   +3.309407e+001
+2.631347e+003	   +3.293627e+001
+2.635725e+003	   +3.294798e+001
+2.640110e+003	   +3.287397e+001
+2.644503e+003	   +3.308905e+001
+2.648903e+003	   +3.333804e+001
+2.653310e+003	   +3.295662e+001
+2.657724e+003	   +3.318222e+001
+2.662146e+003	   +3.326928e+001
+2.666575e+003	   +3.349347e+001
+2.671012e+003	   +3.330004e+001
+2.675456e+003	   +3.343689e+001
+2.679907e+003	   +3.340935e+001
+2.684365e+003	   +3.359604e+001
+2.688832e+003	   +3.343894e+001
+2.693305e+003	   +3.353921e+001
+2.697786e+003	   +3.352186e+001
+2.702275e+003	   +3.364056e+001
+2.706771e+003	   +3.356312e+001
+2.711274e+003	   +3.362226e+001
+2.715785e+003	   +3.355261e+001
+2.720303e+003	   +3.359189e+001
+2.724829e+003	   +3.369017e+001
+2.729363e+003	   +3.376069e+001
+2.733903e+003	   +3.364972e+001
+2.738452e+003	   +3.381978e+001
+2.743008e+003	   +3.408585e+001
+2.747572e+003	   +3.391525e+001
+2.752143e+003	   +3.375161e+001
+2.756722e+003	   +3.386691e+001
+2.761308e+003	   +3.379874e+001
+2.765902e+003	   +3.401968e+001
+2.770504e+003	   +3.412800e+001
+2.775114e+003	   +3.404094e+001
+2.779731e+003	   +3.403072e+001
+2.784355e+003	   +3.428685e+001
+2.788988e+003	   +3.394681e+001
+2.793628e+003	   +3.431763e+001
+2.798276e+003	   +3.416025e+001
+2.802932e+003	   +3.385249e+001
+2.807595e+003	   +3.444265e+001
+2.812266e+003	   +3.412194e+001
+2.816945e+003	   +3.428004e+001
+2.821632e+003	   +3.420874e+001
+2.826326e+003	   +3.466632e+001
+2.831029e+003	   +3.436795e+001
+2.835739e+003	   +3.470351e+001
+2.840457e+003	   +3.433185e+001
+2.845182e+003	   +3.436714e+001
+2.849916e+003	   +3.485357e+001
+2.854657e+003	   +3.492673e+001
+2.859407e+003	   +3.476064e+001
+2.864164e+003	   +3.509127e+001
+2.868929e+003	   +3.480315e+001
+2.873703e+003	   +3.463937e+001
+2.878484e+003	   +3.498882e+001
+2.883273e+003	   +3.504008e+001
+2.888070e+003	   +3.480690e+001
+2.892875e+003	   +3.479655e+001
+2.897688e+003	   +3.524741e+001
+2.902509e+003	   +3.508543e+001
+2.907338e+003	   +3.490127e+001
+2.912175e+003	   +3.515564e+001
+2.917020e+003	   +3.512606e+001
+2.921873e+003	   +3.541833e+001
+2.926735e+003	   +3.536826e+001
+2.931604e+003	   +3.548381e+001
+2.936481e+003	   +3.514182e+001
+2.941367e+003	   +3.535783e+001
+2.946261e+003	   +3.563980e+001
+2.951163e+003	   +3.519533e+001
+2.956073e+003	   +3.566737e+001
+2.960991e+003	   +3.613139e+001
+2.965917e+003	   +3.586740e+001
+2.970852e+003	   +3.595094e+001
+2.975794e+003	   +3.626708e+001
+2.980745e+003	   +3.549007e+001
+2.985704e+003	   +3.567923e+001
+2.990672e+003	   +3.549940e+001
+2.995648e+003	   +3.564847e+001
+3.000632e+003	   +3.559491e+001
+3.005624e+003	   +3.574989e+001
+3.010625e+003	   +3.535657e+001
+3.015634e+003	   +3.609905e+001
+3.020651e+003	   +3.612476e+001
+3.025676e+003	   +3.639447e+001
+3.030710e+003	   +3.580205e+001
+3.035753e+003	   +3.616234e+001
+3.040803e+003	   +3.601885e+001
+3.045863e+003	   +3.624298e+001
+3.050930e+003	   +3.573180e+001
+3.056006e+003	   +3.591118e+001
+3.061090e+003	   +3.575008e+001
+3.066183e+003	   +3.532996e+001
+3.071285e+003	   +3.675187e+001
+3.076395e+003	   +3.621938e+001
+3.081513e+003	   +3.684122e+001
+3.086640e+003	   +3.609383e+001
+3.091775e+003	   +3.622013e+001
+3.096919e+003	   +3.623764e+001
+3.102072e+003	   +3.590821e+001
+3.107232e+003	   +3.703054e+001
+3.112402e+003	   +3.695705e+001
+3.117580e+003	   +3.614848e+001
+3.122767e+003	   +3.661235e+001
+3.127963e+003	   +3.665894e+001
+3.133167e+003	   +3.620861e+001
+3.138380e+003	   +3.646284e+001
+3.143601e+003	   +3.662136e+001
+3.148831e+003	   +3.708596e+001
+3.154070e+003	   +3.674924e+001
+3.159318e+003	   +3.707914e+001
+3.164574e+003	   +3.631527e+001
+3.169839e+003	   +3.717429e+001
+3.175113e+003	   +3.687660e+001
+3.180396e+003	   +3.692959e+001
+3.185687e+003	   +3.722246e+001
+3.190987e+003	   +3.708307e+001
+3.196296e+003	   +3.725426e+001
+3.201614e+003	   +3.675315e+001
+3.206940e+003	   +3.757750e+001
+3.212276e+003	   +3.706004e+001
+3.217621e+003	   +3.748930e+001
+3.222974e+003	   +3.705997e+001
+3.228336e+003	   +3.731810e+001
+3.233707e+003	   +3.729885e+001
+3.239087e+003	   +3.710160e+001
+3.244476e+003	   +3.766663e+001
+3.249874e+003	   +3.771635e+001
+3.255281e+003	   +3.762662e+001
+3.260697e+003	   +3.746444e+001
+3.266122e+003	   +3.760041e+001
+3.271556e+003	   +3.753696e+001
+3.276999e+003	   +3.772481e+001
+3.282451e+003	   +3.757735e+001
+3.287912e+003	   +3.759413e+001
+3.293383e+003	   +3.799873e+001
+3.298862e+003	   +3.792826e+001
+3.304351e+003	   +3.763816e+001
+3.309848e+003	   +3.805224e+001
+3.315355e+003	   +3.794723e+001
+3.320871e+003	   +3.800801e+001
+3.326396e+003	   +3.783466e+001
+3.331930e+003	   +3.782801e+001
+3.337474e+003	   +3.796505e+001
+3.343026e+003	   +3.816462e+001
+3.348588e+003	   +3.830010e+001
+3.354159e+003	   +3.828960e+001
+3.359740e+003	   +3.868393e+001
+3.365330e+003	   +3.811826e+001
+3.370929e+003	   +3.830363e+001
+3.376537e+003	   +3.816805e+001
+3.382155e+003	   +3.864819e+001
+3.387782e+003	   +3.848499e+001
+3.393418e+003	   +3.857428e+001
+3.399064e+003	   +3.820095e+001
+3.404719e+003	   +3.846669e+001
+3.410384e+003	   +3.857774e+001
+3.416058e+003	   +3.891907e+001
+3.421741e+003	   +3.824753e+001
+3.427434e+003	   +3.841623e+001
+3.433137e+003	   +3.855533e+001
+3.438849e+003	   +3.865007e+001
+3.444570e+003	   +3.837040e+001
+3.450301e+003	   +3.878944e+001
+3.456041e+003	   +3.873792e+001
+3.461791e+003	   +3.916986e+001
+3.467551e+003	   +3.862402e+001
+3.473320e+003	   +3.872923e+001
+3.479099e+003	   +3.861760e+001
+3.484887e+003	   +3.894466e+001
+3.490685e+003	   +3.899680e+001
+3.496492e+003	   +3.887383e+001
+3.502310e+003	   +3.891995e+001
+3.508137e+003	   +3.886068e+001
+3.513973e+003	   +3.902773e+001
+3.519820e+003	   +3.870079e+001
+3.525676e+003	   +3.956710e+001
+3.531542e+003	   +3.913116e+001
+3.537417e+003	   +3.902658e+001
+3.543303e+003	   +3.917029e+001
+3.549198e+003	   +3.907085e+001
+3.555103e+003	   +3.954383e+001
+3.561018e+003	   +3.928677e+001
+3.566942e+003	   +3.939373e+001
+3.572877e+003	   +3.975310e+001
+3.578821e+003	   +3.937714e+001
+3.584775e+003	   +3.983580e+001
+3.590740e+003	   +3.968016e+001
+3.596714e+003	   +4.016248e+001
+3.602698e+003	   +3.944994e+001
+3.608691e+003	   +4.010236e+001
+3.614696e+003	   +3.984962e+001
+3.620709e+003	   +3.962678e+001
+3.626733e+003	   +4.026400e+001
+3.632767e+003	   +4.015223e+001
+3.638811e+003	   +3.984312e+001
+3.644865e+003	   +4.013956e+001
+3.650929e+003	   +4.019306e+001
+3.657004e+003	   +4.011224e+001
+3.663088e+003	   +4.027574e+001
+3.669183e+003	   +3.974087e+001
+3.675287e+003	   +4.032427e+001
+3.681402e+003	   +4.052641e+001
+3.687527e+003	   +4.007941e+001
+3.693662e+003	   +3.990074e+001
+3.699807e+003	   +4.085336e+001
+3.705963e+003	   +4.059405e+001
+3.712128e+003	   +4.048766e+001
+3.718305e+003	   +4.035953e+001
+3.724491e+003	   +4.071428e+001
+3.730688e+003	   +4.091114e+001
+3.736895e+003	   +4.078522e+001
+3.743112e+003	   +4.030732e+001
+3.749339e+003	   +4.055150e+001
+3.755577e+003	   +4.085703e+001
+3.761825e+003	   +4.040674e+001
+3.768084e+003	   +4.062870e+001
+3.774354e+003	   +4.089938e+001
+3.780633e+003	   +4.045817e+001
+3.786923e+003	   +4.110941e+001
+3.793223e+003	   +4.086537e+001
+3.799534e+003	   +4.098005e+001
+3.805856e+003	   +4.116659e+001
+3.812188e+003	   +4.082363e+001
+3.818530e+003	   +4.067928e+001
+3.824884e+003	   +4.082251e+001
+3.831247e+003	   +4.115548e+001
+3.837621e+003	   +4.106883e+001
+3.844006e+003	   +4.118690e+001
+3.850402e+003	   +4.097088e+001
+3.856808e+003	   +4.096456e+001
+3.863224e+003	   +4.190905e+001
+3.869652e+003	   +4.143745e+001
+3.876090e+003	   +4.181216e+001
+3.882539e+003	   +4.162085e+001
+3.888998e+003	   +4.202738e+001
+3.895469e+003	   +4.131208e+001
+3.901950e+003	   +4.167699e+001
+3.908442e+003	   +4.176400e+001
+3.914944e+003	   +4.144710e+001
+3.921458e+003	   +4.101031e+001
+3.927982e+003	   +4.190589e+001
+3.934517e+003	   +4.141806e+001
+3.941063e+003	   +4.157921e+001
+3.947620e+003	   +4.181999e+001
+3.954188e+003	   +4.144981e+001
+3.960767e+003	   +4.189195e+001
+3.967356e+003	   +4.140552e+001
+3.973957e+003	   +4.180920e+001
+3.980569e+003	   +4.192390e+001
+3.987192e+003	   +4.187941e+001
+3.993825e+003	   +4.177425e+001
+4.000470e+003	   +4.217491e+001
+4.007126e+003	   +4.201361e+001
+4.013792e+003	   +4.225833e+001
+4.020470e+003	   +4.229624e+001
+4.027159e+003	   +4.220287e+001
+4.033860e+003	   +4.241507e+001
+4.040571e+003	   +4.240586e+001
+4.047293e+003	   +4.243608e+001
+4.054027e+003	   +4.183096e+001
+4.060772e+003	   +4.230097e+001
+4.067528e+003	   +4.261683e+001
+4.074295e+003	   +4.202281e+001
+4.081074e+003	   +4.265061e+001
+4.087864e+003	   +4.253540e+001
+4.094665e+003	   +4.238168e+001
+4.101478e+003	   +4.260405e+001
+4.108301e+003	   +4.247601e+001
+4.115137e+003	   +4.281877e+001
+4.121983e+003	   +4.275241e+001
+4.128841e+003	   +4.285395e+001
+4.135710e+003	   +4.268565e+001
+4.142591e+003	   +4.291037e+001
+4.149483e+003	   +4.276178e+001
+4.156387e+003	   +4.273494e+001
+4.163302e+003	   +4.292363e+001
+4.170229e+003	   +4.284501e+001
+4.177167e+003	   +4.281442e+001
+4.184117e+003	   +4.317275e+001
+4.191078e+003	   +4.279161e+001
+4.198051e+003	   +4.309584e+001
+4.205036e+003	   +4.308168e+001
+4.212032e+003	   +4.304308e+001
+4.219040e+003	   +4.285122e+001
+4.226059e+003	   +4.311018e+001
+4.233090e+003	   +4.331246e+001
+4.240133e+003	   +4.329034e+001
+4.247188e+003	   +4.321876e+001
+4.254253e+003	   +4.340319e+001
+4.261332e+003	   +4.331380e+001
+4.268421e+003	   +4.322937e+001
+4.275523e+003	   +4.335315e+001
+4.282636e+003	   +4.351655e+001
+4.289762e+003	   +4.357243e+001
+4.296898e+003	   +4.343735e+001
+4.304047e+003	   +4.358872e+001
+4.311208e+003	   +4.335094e+001
+4.318381e+003	   +4.361409e+001
+4.325566e+003	   +4.344866e+001
+4.332763e+003	   +4.343422e+001
+4.339971e+003	   +4.383454e+001
+4.347192e+003	   +4.378875e+001
+4.354424e+003	   +4.388477e+001
+4.361669e+003	   +4.379429e+001
+4.368926e+003	   +4.367471e+001
+4.376194e+003	   +4.394402e+001
+4.383476e+003	   +4.374836e+001
+4.390769e+003	   +4.409578e+001
+4.398074e+003	   +4.398543e+001
+4.405391e+003	   +4.395295e+001
+4.412720e+003	   +4.380030e+001
+4.420062e+003	   +4.401646e+001
+4.427416e+003	   +4.408972e+001
+4.434782e+003	   +4.412282e+001
+4.442160e+003	   +4.412962e+001
+4.449551e+003	   +4.409861e+001
+4.456954e+003	   +4.431229e+001
+4.464369e+003	   +4.428347e+001
+4.471796e+003	   +4.439449e+001
+4.479236e+003	   +4.424530e+001
+4.486689e+003	   +4.447716e+001
+4.494153e+003	   +4.443430e+001
+4.501631e+003	   +4.438388e+001
+4.509120e+003	   +4.451620e+001
+4.516622e+003	   +4.452876e+001
+4.524137e+003	   +4.450945e+001
+4.531664e+003	   +4.456370e+001
+4.539203e+003	   +4.460051e+001
+4.546755e+003	   +4.459482e+001
+4.554320e+003	   +4.460204e+001
+4.561897e+003	   +4.471555e+001
+4.569487e+003	   +4.470219e+001
+4.577090e+003	   +4.472828e+001
+4.584705e+003	   +4.467035e+001
+4.592333e+003	   +4.477969e+001
+4.599973e+003	   +4.485595e+001
+4.607626e+003	   +4.488551e+001
+4.615292e+003	   +4.480477e+001
+4.622971e+003	   +4.494446e+001
+4.630662e+003	   +4.492340e+001
+4.638367e+003	   +4.501479e+001
+4.646083e+003	   +4.498249e+001
+4.653813e+003	   +4.512214e+001
+4.661556e+003	   +4.511826e+001
+4.669312e+003	   +4.518615e+001
+4.677081e+003	   +4.519993e+001
+4.684862e+003	   +4.518786e+001
+4.692656e+003	   +4.525705e+001
+4.700464e+003	   +4.526447e+001
+4.708284e+003	   +4.524393e+001
+4.716118e+003	   +4.539468e+001
+4.723964e+003	   +4.542012e+001
+4.731823e+003	   +4.534338e+001
+4.739696e+003	   +4.539353e+001
+4.747582e+003	   +4.540228e+001
+4.755480e+003	   +4.548724e+001
+4.763392e+003	   +4.552699e+001
+4.771317e+003	   +4.554930e+001
+4.779256e+003	   +4.559034e+001
+4.787207e+003	   +4.554760e+001
+4.795172e+003	   +4.560659e+001
+4.803150e+003	   +4.573848e+001
+4.811141e+003	   +4.565453e+001
+4.819146e+003	   +4.569134e+001
+4.827164e+003	   +4.571283e+001
+4.835194e+003	   +4.583383e+001
+4.843239e+003	   +4.589012e+001
+4.851297e+003	   +4.583587e+001
+4.859368e+003	   +4.587289e+001
+4.867453e+003	   +4.601874e+001
+4.875551e+003	   +4.595776e+001
+4.883663e+003	   +4.600154e+001
+4.891788e+003	   +4.603742e+001
+4.899927e+003	   +4.606388e+001
+4.908079e+003	   +4.608381e+001
+4.916245e+003	   +4.616532e+001
+4.924424e+003	   +4.617058e+001
+4.932617e+003	   +4.613928e+001
+4.940824e+003	   +4.615588e+001
+4.949044e+003	   +4.629723e+001
+4.957278e+003	   +4.628659e+001
+4.965526e+003	   +4.625848e+001
+4.973787e+003	   +4.638138e+001
+4.982063e+003	   +4.635079e+001
+4.990351e+003	   +4.644398e+001
+4.998654e+003	   +4.649722e+001
+5.006970e+003	   +4.653036e+001
+5.015301e+003	   +4.649499e+001
+5.023645e+003	   +4.653094e+001
+5.032003e+003	   +4.652167e+001
+5.040375e+003	   +4.659757e+001
+5.048761e+003	   +4.657735e+001
+5.057161e+003	   +4.671263e+001
+5.065575e+003	   +4.669718e+001
+5.074002e+003	   +4.670850e+001
+5.082444e+003	   +4.675008e+001
+5.090900e+003	   +4.682401e+001
+5.099370e+003	   +4.681341e+001
+5.107854e+003	   +4.682907e+001
+5.116353e+003	   +4.686681e+001
+5.124865e+003	   +4.689997e+001
+5.133391e+003	   +4.693410e+001
+5.141932e+003	   +4.695768e+001
+5.150487e+003	   +4.698780e+001
+5.159056e+003	   +4.702972e+001
+5.167639e+003	   +4.707891e+001
+5.176237e+003	   +4.709982e+001
+5.184849e+003	   +4.712893e+001
+5.193475e+003	   +4.715739e+001
+5.202116e+003	   +4.720668e+001
+5.210771e+003	   +4.722488e+001
+5.219440e+003	   +4.722876e+001
+5.228124e+003	   +4.727456e+001
+5.236822e+003	   +4.731402e+001
+5.245535e+003	   +4.736258e+001
+5.254262e+003	   +4.739401e+001
+5.263004e+003	   +4.741410e+001
+5.271760e+003	   +4.749755e+001
+5.280531e+003	   +4.745507e+001
+5.289316e+003	   +4.748093e+001
+5.298117e+003	   +4.751850e+001
+5.306931e+003	   +4.755307e+001
+5.315761e+003	   +4.762163e+001
+5.324605e+003	   +4.759138e+001
+5.333463e+003	   +4.764829e+001
+5.342337e+003	   +4.768069e+001
+5.351226e+003	   +4.768020e+001
+5.360128e+003	   +4.771334e+001
+5.369046e+003	   +4.774519e+001
+5.377979e+003	   +4.774705e+001
+5.386927e+003	   +4.781652e+001
+5.395889e+003	   +4.787511e+001
+5.404867e+003	   +4.788762e+001
+5.413859e+003	   +4.793228e+001
+5.422866e+003	   +4.798295e+001
+5.431889e+003	   +4.795916e+001
+5.440926e+003	   +4.802058e+001
+5.449978e+003	   +4.800395e+001
+5.459045e+003	   +4.809289e+001
+5.468128e+003	   +4.808562e+001
+5.477226e+003	   +4.816024e+001
+5.486338e+003	   +4.815632e+001
+5.495466e+003	   +4.823128e+001
+5.504609e+003	   +4.822585e+001
+5.513768e+003	   +4.828040e+001
+5.522941e+003	   +4.828184e+001
+5.532130e+003	   +4.832848e+001
+5.541334e+003	   +4.827429e+001
+5.550553e+003	   +4.836601e+001
+5.559788e+003	   +4.842001e+001
+5.569038e+003	   +4.842865e+001
+5.578304e+003	   +4.849756e+001
+5.587584e+003	   +4.850537e+001
+5.596881e+003	   +4.855041e+001
+5.606192e+003	   +4.860294e+001
+5.615520e+003	   +4.858990e+001
+5.624863e+003	   +4.863146e+001
+5.634221e+003	   +4.864815e+001
+5.643595e+003	   +4.872595e+001
+5.652984e+003	   +4.870103e+001
+5.662390e+003	   +4.877684e+001
+5.671810e+003	   +4.877369e+001
+5.681247e+003	   +4.881892e+001
+5.690699e+003	   +4.883353e+001
+5.700167e+003	   +4.889682e+001
+5.709650e+003	   +4.892160e+001
+5.719150e+003	   +4.892569e+001
+5.728665e+003	   +4.897773e+001
+5.738196e+003	   +4.900428e+001
+5.747743e+003	   +4.901920e+001
+5.757306e+003	   +4.903657e+001
+5.766884e+003	   +4.907169e+001
+5.776479e+003	   +4.909922e+001
+5.786090e+003	   +4.913988e+001
+5.795716e+003	   +4.914483e+001
+5.805359e+003	   +4.919308e+001
+5.815018e+003	   +4.923348e+001
+5.824692e+003	   +4.921537e+001
+5.834383e+003	   +4.922837e+001
+5.844090e+003	   +4.931994e+001
+5.853813e+003	   +4.932574e+001
+5.863552e+003	   +4.933529e+001
+5.873308e+003	   +4.937328e+001
+5.883080e+003	   +4.939847e+001
+5.892868e+003	   +4.937593e+001
+5.902672e+003	   +4.945852e+001
+5.912492e+003	   +4.946368e+001
+5.922329e+003	   +4.948275e+001
+5.932183e+003	   +4.950695e+001
+5.942052e+003	   +4.960062e+001
+5.951938e+003	   +4.958084e+001
+5.961841e+003	   +4.965192e+001
+5.971760e+003	   +4.968193e+001
+5.981695e+003	   +4.967674e+001
+5.991647e+003	   +4.971491e+001
+6.001616e+003	   +4.978015e+001
+6.011601e+003	   +4.978441e+001
+6.021603e+003	   +4.978634e+001
+6.031621e+003	   +4.985036e+001
+6.041656e+003	   +4.983355e+001
+6.051708e+003	   +4.990993e+001
+6.061776e+003	   +4.990643e+001
+6.071862e+003	   +4.994688e+001
+6.081964e+003	   +4.997598e+001
+6.092083e+003	   +5.001908e+001
+6.102218e+003	   +5.001996e+001
+6.112371e+003	   +5.004518e+001
+6.122541e+003	   +5.007678e+001
+6.132727e+003	   +5.009908e+001
+6.142930e+003	   +5.015208e+001
+6.153150e+003	   +5.019420e+001
+6.163388e+003	   +5.023349e+001
+6.173642e+003	   +5.023653e+001
+6.183913e+003	   +5.027749e+001
+6.194202e+003	   +5.032541e+001
+6.204507e+003	   +5.034141e+001
+6.214830e+003	   +5.035004e+001
+6.225170e+003	   +5.032999e+001
+6.235527e+003	   +5.041356e+001
+6.245901e+003	   +5.041296e+001
+6.256293e+003	   +5.048127e+001
+6.266702e+003	   +5.047543e+001
+6.277128e+003	   +5.050411e+001
+6.287572e+003	   +5.053254e+001
+6.298033e+003	   +5.058117e+001
+6.308511e+003	   +5.056547e+001
+6.319007e+003	   +5.060559e+001
+6.329520e+003	   +5.066962e+001
+6.340051e+003	   +5.064673e+001
+6.350599e+003	   +5.067911e+001
+6.361165e+003	   +5.071294e+001
+6.371748e+003	   +5.073380e+001
+6.382349e+003	   +5.073769e+001
+6.392968e+003	   +5.084743e+001
+6.403604e+003	   +5.081265e+001
+6.414258e+003	   +5.083973e+001
+6.424930e+003	   +5.087860e+001
+6.435619e+003	   +5.090898e+001
+6.446326e+003	   +5.090436e+001
+6.457051e+003	   +5.093369e+001
+6.467794e+003	   +5.099578e+001
+6.478555e+003	   +5.098999e+001
+6.489333e+003	   +5.102292e+001
+6.500130e+003	   +5.107928e+001
+6.510945e+003	   +5.102996e+001
+6.521777e+003	   +5.108343e+001
+6.532628e+003	   +5.111670e+001
+6.543497e+003	   +5.115127e+001
+6.554383e+003	   +5.117099e+001
+6.565288e+003	   +5.122813e+001
+6.576211e+003	   +5.122574e+001
+6.587152e+003	   +5.123489e+001
+6.598112e+003	   +5.125721e+001
+6.609089e+003	   +5.133390e+001
+6.620085e+003	   +5.134404e+001
+6.631099e+003	   +5.136479e+001
+6.642132e+003	   +5.139292e+001
+6.653183e+003	   +5.139930e+001
+6.664252e+003	   +5.144807e+001
+6.675339e+003	   +5.148068e+001
+6.686445e+003	   +5.152152e+001
+6.697570e+003	   +5.154092e+001
+6.708713e+003	   +5.158722e+001
+6.719875e+003	   +5.165723e+001
+6.731055e+003	   +5.162155e+001
+6.742253e+003	   +5.168919e+001
+6.753471e+003	   +5.170379e+001
+6.764707e+003	   +5.175698e+001
+6.775962e+003	   +5.178365e+001
+6.787235e+003	   +5.180852e+001
+6.798527e+003	   +5.183578e+001
+6.809838e+003	   +5.179678e+001
+6.821168e+003	   +5.184815e+001
+6.832517e+003	   +5.182628e+001
+6.843885e+003	   +5.188686e+001
+6.855271e+003	   +5.196474e+001
+6.866677e+003	   +5.194046e+001
+6.878101e+003	   +5.198650e+001
+6.889544e+003	   +5.199342e+001
+6.901007e+003	   +5.205444e+001
+6.912488e+003	   +5.204050e+001
+6.923989e+003	   +5.209121e+001
+6.935509e+003	   +5.205276e+001
+6.947048e+003	   +5.210968e+001
+6.958606e+003	   +5.213919e+001
+6.970183e+003	   +5.218835e+001
+6.981780e+003	   +5.217495e+001
+6.993396e+003	   +5.216519e+001
+7.005031e+003	   +5.222879e+001
+7.016686e+003	   +5.222459e+001
+7.028359e+003	   +5.228487e+001
+7.040053e+003	   +5.228684e+001
+7.051766e+003	   +5.226652e+001
+7.063498e+003	   +5.232101e+001
+7.075250e+003	   +5.238248e+001
+7.087021e+003	   +5.238550e+001
+7.098813e+003	   +5.237138e+001
+7.110623e+003	   +5.244234e+001
+7.122454e+003	   +5.243682e+001
+7.134303e+003	   +5.252170e+001
+7.146173e+003	   +5.253436e+001
+7.158063e+003	   +5.255104e+001
+7.169972e+003	   +5.255172e+001
+7.181901e+003	   +5.249004e+001
+7.193850e+003	   +5.261187e+001
+7.205818e+003	   +5.262424e+001
+7.217807e+003	   +5.268887e+001
+7.229815e+003	   +5.265777e+001
+7.241844e+003	   +5.267159e+001
+7.253893e+003	   +5.266631e+001
+7.265961e+003	   +5.268245e+001
+7.278050e+003	   +5.275060e+001
+7.290159e+003	   +5.279549e+001
+7.302288e+003	   +5.289039e+001
+7.314437e+003	   +5.285481e+001
+7.326606e+003	   +5.291185e+001
+7.338796e+003	   +5.292430e+001
+7.351006e+003	   +5.288747e+001
+7.363236e+003	   +5.294271e+001
+7.375487e+003	   +5.300460e+001
+7.387758e+003	   +5.304378e+001
+7.400049e+003	   +5.303349e+001
+7.412361e+003	   +5.304486e+001
+7.424693e+003	   +5.300860e+001
+7.437046e+003	   +5.304237e+001
+7.449419e+003	   +5.308058e+001
+7.461813e+003	   +5.312925e+001
+7.474228e+003	   +5.313023e+001
+7.486663e+003	   +5.313822e+001
+7.499119e+003	   +5.322301e+001
+7.511596e+003	   +5.318573e+001
+7.524093e+003	   +5.320947e+001
+7.536611e+003	   +5.324652e+001
+7.549150e+003	   +5.326963e+001
+7.561710e+003	   +5.332574e+001
+7.574291e+003	   +5.336499e+001
+7.586893e+003	   +5.338461e+001
+7.599515e+003	   +5.341230e+001
+7.612159e+003	   +5.342863e+001
+7.624824e+003	   +5.345488e+001
+7.637509e+003	   +5.349384e+001
+7.650216e+003	   +5.348332e+001
+7.662944e+003	   +5.355770e+001
+7.675693e+003	   +5.354332e+001
+7.688464e+003	   +5.357940e+001
+7.701255e+003	   +5.359108e+001
+7.714068e+003	   +5.357677e+001
+7.726903e+003	   +5.358577e+001
+7.739758e+003	   +5.367073e+001
+7.752635e+003	   +5.368303e+001
+7.765534e+003	   +5.371977e+001
+7.778454e+003	   +5.372101e+001
+7.791395e+003	   +5.372513e+001
+7.804358e+003	   +5.378481e+001
+7.817342e+003	   +5.377235e+001
+7.830349e+003	   +5.379646e+001
+7.843376e+003	   +5.379292e+001
+7.856426e+003	   +5.379520e+001
+7.869497e+003	   +5.384779e+001
+7.882589e+003	   +5.387233e+001
+7.895704e+003	   +5.395075e+001
+7.908841e+003	   +5.396111e+001
+7.921999e+003	   +5.394902e+001
+7.935179e+003	   +5.395664e+001
+7.948381e+003	   +5.403604e+001
+7.961605e+003	   +5.401059e+001
+7.974852e+003	   +5.408303e+001
+7.988120e+003	   +5.407140e+001
+8.001410e+003	   +5.406646e+001
+8.014722e+003	   +5.408905e+001
+8.028057e+003	   +5.413192e+001
+8.041413e+003	   +5.412073e+001
+8.054792e+003	   +5.410326e+001
+8.068193e+003	   +5.414309e+001
+8.081617e+003	   +5.417992e+001
+8.095063e+003	   +5.420462e+001
+8.108531e+003	   +5.421898e+001
+8.122021e+003	   +5.424361e+001
+8.135534e+003	   +5.428406e+001
+8.149070e+003	   +5.429033e+001
+8.162627e+003	   +5.431884e+001
+8.176208e+003	   +5.432653e+001
+8.189811e+003	   +5.429011e+001
+8.203438e+003	   +5.436277e+001
+8.217086e+003	   +5.440158e+001
+8.230757e+003	   +5.441006e+001
+8.244450e+003	   +5.442899e+001
+8.258167e+003	   +5.443907e+001
+8.271906e+003	   +5.452195e+001
+8.285669e+003	   +5.452602e+001
+8.299454e+003	   +5.456874e+001
+8.313263e+003	   +5.450500e+001
+8.327094e+003	   +5.457947e+001
+8.340948e+003	   +5.465437e+001
+8.354825e+003	   +5.465166e+001
+8.368726e+003	   +5.464814e+001
+8.382648e+003	   +5.467431e+001
+8.396596e+003	   +5.471125e+001
+8.410565e+003	   +5.473315e+001
+8.424559e+003	   +5.469870e+001
+8.438574e+003	   +5.479715e+001
+8.452614e+003	   +5.475459e+001
+8.466678e+003	   +5.481551e+001
+8.480764e+003	   +5.484943e+001
+8.494874e+003	   +5.485124e+001
+8.509007e+003	   +5.485138e+001
+8.523164e+003	   +5.487615e+001
+8.537344e+003	   +5.485057e+001
+8.551548e+003	   +5.491177e+001
+8.565775e+003	   +5.492386e+001
+8.580027e+003	   +5.492004e+001
+8.594302e+003	   +5.499171e+001
+8.608601e+003	   +5.499273e+001
+8.622923e+003	   +5.502394e+001
+8.637270e+003	   +5.502460e+001
+8.651640e+003	   +5.506781e+001
+8.666034e+003	   +5.502196e+001
+8.680452e+003	   +5.504435e+001
+8.694895e+003	   +5.507483e+001
+8.709360e+003	   +5.513091e+001
+8.723851e+003	   +5.519865e+001
+8.738364e+003	   +5.515358e+001
+8.752903e+003	   +5.512917e+001
+8.767466e+003	   +5.519743e+001
+8.782053e+003	   +5.522095e+001
+8.796664e+003	   +5.519278e+001
+8.811299e+003	   +5.521066e+001
+8.825959e+003	   +5.521178e+001
+8.840643e+003	   +5.522585e+001
+8.855352e+003	   +5.514502e+001
+8.870085e+003	   +5.517212e+001
+8.884842e+003	   +5.531046e+001
+8.899624e+003	   +5.523555e+001
+8.914431e+003	   +5.519784e+001
+8.929263e+003	   +5.527333e+001
+8.944118e+003	   +5.542917e+001
+8.958999e+003	   +5.536027e+001
+8.973904e+003	   +5.542645e+001
+8.988835e+003	   +5.540510e+001
+9.003790e+003	   +5.543792e+001
+9.018771e+003	   +5.542693e+001
+9.033775e+003	   +5.547134e+001
+9.048805e+003	   +5.551264e+001
+9.063860e+003	   +5.554436e+001
+9.078940e+003	   +5.550014e+001
+9.094045e+003	   +5.562531e+001
+9.109175e+003	   +5.563955e+001
+9.124331e+003	   +5.558733e+001
+9.139511e+003	   +5.560529e+001
+9.154717e+003	   +5.563120e+001
+9.169948e+003	   +5.564503e+001
+9.185204e+003	   +5.565671e+001
+9.200486e+003	   +5.572670e+001
+9.215794e+003	   +5.574175e+001
+9.231126e+003	   +5.574255e+001
+9.246484e+003	   +5.577273e+001
+9.261868e+003	   +5.576442e+001
+9.277278e+003	   +5.585193e+001
+9.292713e+003	   +5.587487e+001
+9.308174e+003	   +5.582501e+001
+9.323660e+003	   +5.582139e+001
+9.339172e+003	   +5.592755e+001
+9.354710e+003	   +5.585623e+001
+9.370274e+003	   +5.586444e+001
+9.385864e+003	   +5.587105e+001
+9.401479e+003	   +5.595024e+001
+9.417121e+003	   +5.597253e+001
+9.432789e+003	   +5.589817e+001
+9.448482e+003	   +5.592649e+001
+9.464203e+003	   +5.599080e+001
+9.479949e+003	   +5.604757e+001
+9.495721e+003	   +5.600885e+001
+9.511520e+003	   +5.604811e+001
+9.527345e+003	   +5.608468e+001
+9.543195e+003	   +5.607951e+001
+9.559073e+003	   +5.604717e+001
+9.574977e+003	   +5.608805e+001
+9.590907e+003	   +5.601305e+001
+9.606864e+003	   +5.606057e+001
+9.622848e+003	   +5.607497e+001
+9.638857e+003	   +5.604918e+001
+9.654894e+003	   +5.606277e+001
+9.670957e+003	   +5.605156e+001
+9.687047e+003	   +5.598676e+001
+9.703164e+003	   +5.602255e+001
+9.719308e+003	   +5.616846e+001
+9.735479e+003	   +5.620606e+001
+9.751676e+003	   +5.623940e+001
+9.767899e+003	   +5.634805e+001
+9.784151e+003	   +5.634127e+001
+9.800430e+003	   +5.625772e+001
+9.816734e+003	   +5.627817e+001
+9.833067e+003	   +5.643547e+001
+9.849427e+003	   +5.633482e+001
+9.865814e+003	   +5.630902e+001
+9.882229e+003	   +5.640241e+001
+9.898670e+003	   +5.640147e+001
+9.915139e+003	   +5.644225e+001
+9.931635e+003	   +5.644425e+001
+9.948159e+003	   +5.646994e+001
+9.964710e+003	   +5.643780e+001
+9.981289e+003	   +5.650774e+001
+9.997895e+003	   +5.651333e+001
+1.001453e+004	   +5.651356e+001
+1.003119e+004	   +5.650470e+001
+1.004788e+004	   +5.654897e+001
+1.006460e+004	   +5.650711e+001
+1.008134e+004	   +5.658060e+001
+1.009812e+004	   +5.658929e+001
+1.011492e+004	   +5.655848e+001
+1.013174e+004	   +5.660931e+001
+1.014860e+004	   +5.661427e+001
+1.016549e+004	   +5.660370e+001
+1.018240e+004	   +5.665318e+001
+1.019934e+004	   +5.664672e+001
+1.021631e+004	   +5.665933e+001
+1.023331e+004	   +5.663086e+001
+1.025033e+004	   +5.666315e+001
+1.026739e+004	   +5.665166e+001
+1.028447e+004	   +5.670811e+001
+1.030158e+004	   +5.669654e+001
+1.031872e+004	   +5.673336e+001
+1.033589e+004	   +5.673024e+001
+1.035308e+004	   +5.676974e+001
+1.037031e+004	   +5.676886e+001
+1.038756e+004	   +5.677238e+001
+1.040484e+004	   +5.673871e+001
+1.042215e+004	   +5.677746e+001
+1.043949e+004	   +5.677950e+001
+1.045686e+004	   +5.681749e+001
+1.047426e+004	   +5.684248e+001
+1.049169e+004	   +5.685518e+001
+1.050914e+004	   +5.682262e+001
+1.052663e+004	   +5.691162e+001
+1.054414e+004	   +5.686669e+001
+1.056168e+004	   +5.691763e+001
+1.057925e+004	   +5.691522e+001
+1.059686e+004	   +5.695683e+001
+1.061449e+004	   +5.695291e+001
+1.063215e+004	   +5.697592e+001
+1.064983e+004	   +5.701211e+001
+1.066755e+004	   +5.699669e+001
+1.068530e+004	   +5.701896e+001
+1.070308e+004	   +5.702266e+001
+1.072089e+004	   +5.709042e+001
+1.073872e+004	   +5.704136e+001
+1.075659e+004	   +5.706308e+001
+1.077449e+004	   +5.716837e+001
+1.079241e+004	   +5.705560e+001
+1.081037e+004	   +5.714231e+001
+1.082835e+004	   +5.711488e+001
+1.084637e+004	   +5.715450e+001
+1.086442e+004	   +5.708315e+001
+1.088249e+004	   +5.718888e+001
+1.090060e+004	   +5.717376e+001
+1.091873e+004	   +5.719639e+001
+1.093690e+004	   +5.720759e+001
+1.095509e+004	   +5.721374e+001
+1.097332e+004	   +5.719749e+001
+1.099158e+004	   +5.722297e+001
+1.100987e+004	   +5.719395e+001
+1.102818e+004	   +5.727546e+001
+1.104653e+004	   +5.725013e+001
+1.106491e+004	   +5.727144e+001
+1.108332e+004	   +5.728272e+001
+1.110176e+004	   +5.729745e+001
+1.112023e+004	   +5.735894e+001
+1.113873e+004	   +5.730946e+001
+1.115726e+004	   +5.730083e+001
+1.117583e+004	   +5.733951e+001
+1.119442e+004	   +5.734135e+001
+1.121304e+004	   +5.736361e+001
+1.123170e+004	   +5.733710e+001
+1.125039e+004	   +5.742007e+001
+1.126910e+004	   +5.738701e+001
+1.128785e+004	   +5.740992e+001
+1.130663e+004	   +5.738036e+001
+1.132544e+004	   +5.740335e+001
+1.134429e+004	   +5.739849e+001
+1.136316e+004	   +5.740963e+001
+1.138207e+004	   +5.742506e+001
+1.140100e+004	   +5.746995e+001
+1.141997e+004	   +5.748916e+001
+1.143897e+004	   +5.746180e+001
+1.145800e+004	   +5.752479e+001
+1.147707e+004	   +5.749788e+001
+1.149616e+004	   +5.751697e+001
+1.151529e+004	   +5.753039e+001
+1.153445e+004	   +5.755708e+001
+1.155364e+004	   +5.757139e+001
+1.157286e+004	   +5.757696e+001
+1.159211e+004	   +5.755479e+001
+1.161140e+004	   +5.753660e+001
+1.163072e+004	   +5.760960e+001
+1.165007e+004	   +5.760727e+001
+1.166945e+004	   +5.760848e+001
+1.168887e+004	   +5.767927e+001
+1.170831e+004	   +5.766793e+001
+1.172779e+004	   +5.768585e+001
+1.174731e+004	   +5.760300e+001
+1.176685e+004	   +5.768134e+001
+1.178643e+004	   +5.768766e+001
+1.180604e+004	   +5.771422e+001
+1.182568e+004	   +5.771085e+001
+1.184535e+004	   +5.774896e+001
+1.186506e+004	   +5.765713e+001
+1.188480e+004	   +5.771033e+001
+1.190458e+004	   +5.773678e+001
+1.192438e+004	   +5.770807e+001
+1.194422e+004	   +5.773676e+001
+1.196409e+004	   +5.779427e+001
+1.198400e+004	   +5.776443e+001
+1.200394e+004	   +5.777750e+001
+1.202391e+004	   +5.778840e+001
+1.204391e+004	   +5.781152e+001
+1.206395e+004	   +5.777405e+001
+1.208402e+004	   +5.775899e+001
+1.210413e+004	   +5.778311e+001
+1.212427e+004	   +5.780444e+001
+1.214444e+004	   +5.780330e+001
+1.216464e+004	   +5.781335e+001
+1.218488e+004	   +5.780044e+001
+1.220515e+004	   +5.784069e+001
+1.222546e+004	   +5.782780e+001
+1.224580e+004	   +5.786511e+001
+1.226617e+004	   +5.779874e+001
+1.228658e+004	   +5.783681e+001
+1.230702e+004	   +5.782674e+001
+1.232750e+004	   +5.786643e+001
+1.234801e+004	   +5.793600e+001
+1.236855e+004	   +5.788441e+001
+1.238913e+004	   +5.790799e+001
+1.240974e+004	   +5.790797e+001
+1.243039e+004	   +5.783573e+001
+1.245107e+004	   +5.798335e+001
+1.247179e+004	   +5.795368e+001
+1.249254e+004	   +5.792348e+001
+1.251332e+004	   +5.794831e+001
+1.253414e+004	   +5.795804e+001
+1.255499e+004	   +5.793588e+001
+1.257588e+004	   +5.795299e+001
+1.259680e+004	   +5.803542e+001
+1.261776e+004	   +5.797985e+001
+1.263876e+004	   +5.795341e+001
+1.265978e+004	   +5.799524e+001
+1.268085e+004	   +5.788327e+001
+1.270194e+004	   +5.797810e+001
+1.272308e+004	   +5.788524e+001
+1.274424e+004	   +5.795272e+001
+1.276545e+004	   +5.797035e+001
+1.278669e+004	   +5.796438e+001
+1.280796e+004	   +5.801328e+001
+1.282927e+004	   +5.801779e+001
+1.285061e+004	   +5.802734e+001
+1.287199e+004	   +5.801019e+001
+1.289341e+004	   +5.800192e+001
+1.291486e+004	   +5.806025e+001
+1.293635e+004	   +5.794423e+001
+1.295787e+004	   +5.802358e+001
+1.297943e+004	   +5.801873e+001
+1.300102e+004	   +5.804935e+001
+1.302265e+004	   +5.807449e+001
+1.304432e+004	   +5.811043e+001
+1.306602e+004	   +5.805242e+001
+1.308776e+004	   +5.806134e+001
+1.310954e+004	   +5.814753e+001
+1.313135e+004	   +5.807519e+001
+1.315320e+004	   +5.805012e+001
+1.317508e+004	   +5.806225e+001
+1.319700e+004	   +5.810094e+001
+1.321896e+004	   +5.808086e+001
+1.324095e+004	   +5.808940e+001
+1.326298e+004	   +5.810649e+001
+1.328504e+004	   +5.806607e+001
+1.330715e+004	   +5.811330e+001
+1.332929e+004	   +5.809362e+001
+1.335146e+004	   +5.816454e+001
+1.337368e+004	   +5.813238e+001
+1.339593e+004	   +5.808977e+001
+1.341821e+004	   +5.810941e+001
+1.344054e+004	   +5.819420e+001
+1.346290e+004	   +5.815831e+001
+1.348530e+004	   +5.814362e+001
+1.350774e+004	   +5.812904e+001
+1.353021e+004	   +5.814420e+001
+1.355272e+004	   +5.811045e+001
+1.357527e+004	   +5.819532e+001
+1.359785e+004	   +5.820681e+001
+1.362048e+004	   +5.807573e+001
+1.364314e+004	   +5.826388e+001
+1.366584e+004	   +5.814360e+001
+1.368857e+004	   +5.815754e+001
+1.371135e+004	   +5.822901e+001
+1.373416e+004	   +5.818793e+001
+1.375701e+004	   +5.810723e+001
+1.377990e+004	   +5.818822e+001
+1.380282e+004	   +5.824458e+001
+1.382579e+004	   +5.813829e+001
+1.384879e+004	   +5.827260e+001
+1.387183e+004	   +5.813531e+001
+1.389491e+004	   +5.822551e+001
+1.391803e+004	   +5.813875e+001
+1.394119e+004	   +5.822998e+001
+1.396438e+004	   +5.818084e+001
+1.398761e+004	   +5.818655e+001
+1.401088e+004	   +5.813058e+001
+1.403420e+004	   +5.823414e+001
+1.405754e+004	   +5.815324e+001
+1.408093e+004	   +5.817482e+001
+1.410436e+004	   +5.821848e+001
+1.412783e+004	   +5.818376e+001
+1.415133e+004	   +5.824870e+001
+1.417488e+004	   +5.822866e+001
+1.419846e+004	   +5.827031e+001
+1.422208e+004	   +5.817345e+001
+1.424574e+004	   +5.825140e+001
+1.426945e+004	   +5.826147e+001
+1.429319e+004	   +5.828286e+001
+1.431697e+004	   +5.824243e+001
+1.434079e+004	   +5.825553e+001
+1.436465e+004	   +5.828218e+001
+1.438854e+004	   +5.827278e+001
+1.441248e+004	   +5.827535e+001
+1.443646e+004	   +5.830668e+001
+1.446048e+004	   +5.828791e+001
+1.448454e+004	   +5.829804e+001
+1.450864e+004	   +5.830507e+001
+1.453278e+004	   +5.823301e+001
+1.455696e+004	   +5.826765e+001
+1.458117e+004	   +5.825731e+001
+1.460543e+004	   +5.825036e+001
+1.462973e+004	   +5.822403e+001
+1.465407e+004	   +5.826463e+001
+1.467845e+004	   +5.832841e+001
+1.470288e+004	   +5.822118e+001
+1.472734e+004	   +5.826662e+001
+1.475184e+004	   +5.824119e+001
+1.477638e+004	   +5.813668e+001
+1.480097e+004	   +5.825092e+001
+1.482559e+004	   +5.827940e+001
+1.485026e+004	   +5.825036e+001
+1.487497e+004	   +5.831525e+001
+1.489971e+004	   +5.830244e+001
+1.492450e+004	   +5.827249e+001
+1.494933e+004	   +5.829227e+001
+1.497421e+004	   +5.823500e+001
+1.499912e+004	   +5.827721e+001
+1.502407e+004	   +5.840587e+001
+1.504907e+004	   +5.830433e+001
+1.507411e+004	   +5.845700e+001
+1.509919e+004	   +5.817717e+001
+1.512431e+004	   +5.836140e+001
+1.514947e+004	   +5.834470e+001
+1.517468e+004	   +5.829559e+001
+1.519992e+004	   +5.836595e+001
+1.522521e+004	   +5.828843e+001
+1.525054e+004	   +5.824131e+001
+1.527592e+004	   +5.822633e+001
+1.530133e+004	   +5.824045e+001
+1.532679e+004	   +5.825309e+001
+1.535229e+004	   +5.821976e+001
+1.537783e+004	   +5.826259e+001
+1.540342e+004	   +5.811372e+001
+1.542904e+004	   +5.815377e+001
+1.545471e+004	   +5.827693e+001
+1.548043e+004	   +5.822414e+001
+1.550618e+004	   +5.823807e+001
+1.553198e+004	   +5.828318e+001
+1.555782e+004	   +5.837067e+001
+1.558371e+004	   +5.821901e+001
+1.560963e+004	   +5.831612e+001
+1.563560e+004	   +5.811800e+001
+1.566162e+004	   +5.819400e+001
+1.568767e+004	   +5.809694e+001
+1.571377e+004	   +5.816433e+001
+1.573992e+004	   +5.803559e+001
+1.576611e+004	   +5.810712e+001
+1.579234e+004	   +5.800121e+001
+1.581861e+004	   +5.817389e+001
+1.584493e+004	   +5.807507e+001
+1.587129e+004	   +5.805719e+001
+1.589770e+004	   +5.801124e+001
+1.592415e+004	   +5.806648e+001
+1.595064e+004	   +5.802293e+001
+1.597718e+004	   +5.800531e+001
+1.600376e+004	   +5.800100e+001
+1.603039e+004	   +5.792964e+001
+1.605706e+004	   +5.783911e+001
+1.608377e+004	   +5.777230e+001
+1.611053e+004	   +5.786069e+001
+1.613733e+004	   +5.787445e+001
+1.616418e+004	   +5.789292e+001
+1.619108e+004	   +5.784945e+001
+1.621801e+004	   +5.789660e+001
+1.624500e+004	   +5.792976e+001
+1.627202e+004	   +5.794380e+001
+1.629910e+004	   +5.792441e+001
+1.632621e+004	   +5.809679e+001
+1.635338e+004	   +5.799231e+001
+1.638058e+004	   +5.796970e+001
+1.640784e+004	   +5.798283e+001
+1.643514e+004	   +5.793167e+001
+1.646248e+004	   +5.793042e+001
+1.648987e+004	   +5.785813e+001
+1.651730e+004	   +5.781806e+001
+1.654479e+004	   +5.786460e+001
+1.657231e+004	   +5.779036e+001
+1.659988e+004	   +5.779931e+001
+1.662750e+004	   +5.773772e+001
+1.665517e+004	   +5.782838e+001
+1.668288e+004	   +5.784785e+001
+1.671063e+004	   +5.781800e+001
+1.673843e+004	   +5.776067e+001
+1.676628e+004	   +5.779737e+001
+1.679418e+004	   +5.778811e+001
+1.682212e+004	   +5.791135e+001
+1.685011e+004	   +5.777817e+001
+1.687814e+004	   +5.780466e+001
+1.690622e+004	   +5.781145e+001
+1.693435e+004	   +5.778745e+001
+1.696252e+004	   +5.782229e+001
+1.699074e+004	   +5.772984e+001
+1.701901e+004	   +5.785544e+001
+1.704733e+004	   +5.769490e+001
+1.707569e+004	   +5.775353e+001
+1.710410e+004	   +5.769203e+001
+1.713256e+004	   +5.773259e+001
+1.716106e+004	   +5.768752e+001
+1.718961e+004	   +5.770803e+001
+1.721821e+004	   +5.765179e+001
+1.724686e+004	   +5.763413e+001
+1.727555e+004	   +5.754101e+001
+1.730430e+004	   +5.762716e+001
+1.733309e+004	   +5.757594e+001
+1.736192e+004	   +5.763688e+001
+1.739081e+004	   +5.753239e+001
+1.741974e+004	   +5.766898e+001
+1.744873e+004	   +5.764684e+001
+1.747776e+004	   +5.758859e+001
+1.750683e+004	   +5.761940e+001
+1.753596e+004	   +5.761954e+001
+1.756514e+004	   +5.758588e+001
+1.759436e+004	   +5.773866e+001
+1.762363e+004	   +5.760935e+001
+1.765296e+004	   +5.763422e+001
+1.768232e+004	   +5.767735e+001
+1.771174e+004	   +5.775666e+001
+1.774121e+004	   +5.765278e+001
+1.777073e+004	   +5.772065e+001
+1.780029e+004	   +5.765876e+001
+1.782991e+004	   +5.761430e+001
+1.785957e+004	   +5.765558e+001
+1.788929e+004	   +5.767797e+001
+1.791905e+004	   +5.759529e+001
+1.794886e+004	   +5.756332e+001
+1.797873e+004	   +5.743390e+001
+1.800864e+004	   +5.742957e+001
+1.803860e+004	   +5.742727e+001
+1.806861e+004	   +5.746682e+001
+1.809867e+004	   +5.749426e+001
+1.812879e+004	   +5.741317e+001
+1.815895e+004	   +5.744180e+001
+1.818916e+004	   +5.740464e+001
+1.821942e+004	   +5.733680e+001
+1.824973e+004	   +5.752345e+001
+1.828010e+004	   +5.738329e+001
+1.831051e+004	   +5.745081e+001
+1.834097e+004	   +5.746333e+001
+1.837149e+004	   +5.759107e+001
+1.840205e+004	   +5.748224e+001
+1.843267e+004	   +5.750344e+001
+1.846334e+004	   +5.742653e+001
+1.849406e+004	   +5.751167e+001
+1.852482e+004	   +5.740675e+001
+1.855565e+004	   +5.739882e+001
+1.858652e+004	   +5.731749e+001
+1.861744e+004	   +5.727800e+001
+1.864842e+004	   +5.737935e+001
+1.867944e+004	   +5.729472e+001
+1.871052e+004	   +5.736878e+001
+1.874165e+004	   +5.737566e+001
+1.877283e+004	   +5.736305e+001
+1.880406e+004	   +5.729731e+001
+1.883535e+004	   +5.726978e+001
+1.886669e+004	   +5.724089e+001
+1.889808e+004	   +5.733257e+001
+1.892952e+004	   +5.724202e+001
+1.896101e+004	   +5.727580e+001
+1.899256e+004	   +5.711348e+001
+1.902416e+004	   +5.713756e+001
+1.905581e+004	   +5.717219e+001
+1.908751e+004	   +5.727377e+001
+1.911927e+004	   +5.707890e+001
+1.915108e+004	   +5.716790e+001
+1.918294e+004	   +5.694912e+001
+1.921486e+004	   +5.707707e+001
+1.924682e+004	   +5.699322e+001
+1.927885e+004	   +5.705996e+001
+1.931092e+004	   +5.700418e+001
+1.934305e+004	   +5.726873e+001
+1.937523e+004	   +5.669241e+001
+1.940747e+004	   +5.689714e+001
+1.943976e+004	   +5.672596e+001
+1.947210e+004	   +5.657368e+001
+1.950450e+004	   +5.649994e+001
+1.953695e+004	   +5.663136e+001
+1.956945e+004	   +5.650940e+001
+1.960201e+004	   +5.655349e+001
+1.963462e+004	   +5.649508e+001
+1.966729e+004	   +5.638802e+001
+1.970001e+004	   +5.647102e+001
+1.973279e+004	   +5.638773e+001
+1.976562e+004	   +5.638364e+001
+1.979850e+004	   +5.627436e+001
+1.983144e+004	   +5.639106e+001
+1.986444e+004	   +5.625744e+001
+1.989749e+004	   +5.626342e+001
+1.993059e+004	   +5.609618e+001
+1.996375e+004	   +5.619287e+001
+1.999696e+004	   +5.596827e+001
+2.003023e+004	   +5.604465e+001
+2.006356e+004	   +5.591690e+001
+2.009694e+004	   +5.583007e+001
+2.013038e+004	   +5.569758e+001
+2.016387e+004	   +5.568544e+001
+2.019742e+004	   +5.560039e+001
+2.023102e+004	   +5.540105e+001
+2.026468e+004	   +5.531684e+001
+2.029839e+004	   +5.507879e+001
+2.033217e+004	   +5.500214e+001
+2.036599e+004	   +5.481637e+001
+2.039988e+004	   +5.480684e+001
+2.043382e+004	   +5.473310e+001
+2.046781e+004	   +5.466640e+001
+2.050187e+004	   +5.468704e+001
+2.053598e+004	   +5.464397e+001
+2.057014e+004	   +5.471893e+001
+2.060437e+004	   +5.474318e+001
+2.063865e+004	   +5.474797e+001
+2.067298e+004	   +5.478217e+001
+2.070738e+004	   +5.489242e+001
+2.074183e+004	   +5.499123e+001
+2.077634e+004	   +5.500084e+001
+2.081091e+004	   +5.531326e+001
+2.084553e+004	   +5.533415e+001
+2.088021e+004	   +5.544389e+001
+2.091495e+004	   +5.552526e+001
+2.094975e+004	   +5.563744e+001
+2.098461e+004	   +5.551541e+001
+2.101952e+004	   +5.570699e+001
+2.105449e+004	   +5.548946e+001
+2.108952e+004	   +5.571679e+001
+2.112461e+004	   +5.557412e+001
+2.115975e+004	   +5.570141e+001
+2.119496e+004	   +5.571328e+001
+2.123022e+004	   +5.562070e+001
+2.126554e+004	   +5.575484e+001
+2.130092e+004	   +5.582444e+001
+2.133636e+004	   +5.596457e+001
+2.137186e+004	   +5.597163e+001
+2.140742e+004	   +5.589635e+001
+2.144303e+004	   +5.603320e+001
+2.147871e+004	   +5.601974e+001
+2.151444e+004	   +5.609754e+001
+2.155024e+004	   +5.599684e+001
+2.158609e+004	   +5.599060e+001
+2.162201e+004	   +5.609345e+001
+2.165798e+004	   +5.587106e+001
+2.169401e+004	   +5.596609e+001
+2.173011e+004	   +5.594992e+001
+2.176626e+004	   +5.602494e+001
+2.180247e+004	   +5.592933e+001
+2.183875e+004	   +5.587568e+001
+2.187508e+004	   +5.587579e+001
+2.191148e+004	   +5.574983e+001
+2.194793e+004	   +5.586020e+001
+2.198445e+004	   +5.580834e+001
+2.202102e+004	   +5.586460e+001
+2.205766e+004	   +5.574129e+001
+2.209436e+004	   +5.581377e+001
+2.213112e+004	   +5.570178e+001
+2.216794e+004	   +5.566171e+001
+2.220482e+004	   +5.574166e+001
+2.224176e+004	   +5.554189e+001
+2.227877e+004	   +5.563660e+001
+2.231584e+004	   +5.569701e+001
+2.235296e+004	   +5.566016e+001
+2.239015e+004	   +5.565134e+001
+2.242740e+004	   +5.569216e+001
+2.246472e+004	   +5.562950e+001
+2.250209e+004	   +5.570426e+001
+2.253953e+004	   +5.573495e+001
+2.257703e+004	   +5.567060e+001
+2.261459e+004	   +5.577370e+001
+2.265222e+004	   +5.562319e+001
+2.268991e+004	   +5.567643e+001
+2.272766e+004	   +5.558710e+001
+2.276547e+004	   +5.553800e+001
+2.280335e+004	   +5.551970e+001
+2.284129e+004	   +5.549177e+001
+2.287929e+004	   +5.546595e+001
+2.291735e+004	   +5.548688e+001
+2.295548e+004	   +5.539034e+001
+2.299367e+004	   +5.544587e+001
+2.303193e+004	   +5.538926e+001
+2.307025e+004	   +5.534807e+001
+2.310863e+004	   +5.535966e+001
+2.314708e+004	   +5.533271e+001
+2.318559e+004	   +5.520170e+001
+2.322416e+004	   +5.527685e+001
+2.326280e+004	   +5.524604e+001
+2.330151e+004	   +5.513831e+001
+2.334027e+004	   +5.522147e+001
+2.337911e+004	   +5.513818e+001
+2.341800e+004	   +5.520233e+001
+2.345696e+004	   +5.504171e+001
+2.349599e+004	   +5.509556e+001
+2.353508e+004	   +5.511440e+001
+2.357424e+004	   +5.504594e+001
+2.361346e+004	   +5.508424e+001
+2.365275e+004	   +5.496400e+001
+2.369210e+004	   +5.506143e+001
+2.373152e+004	   +5.489819e+001
+2.377100e+004	   +5.505874e+001
+2.381055e+004	   +5.489093e+001
+2.385016e+004	   +5.493426e+001
+2.388985e+004	   +5.477396e+001
+2.392959e+004	   +5.488842e+001
+2.396940e+004	   +5.471588e+001
+2.400928e+004	   +5.484414e+001
+2.404923e+004	   +5.474983e+001
+2.408924e+004	   +5.489162e+001
+2.412932e+004	   +5.470045e+001
+2.416946e+004	   +5.472058e+001
+2.420968e+004	   +5.474741e+001
+2.424996e+004	   +5.457516e+001
+2.429030e+004	   +5.469840e+001
+2.433071e+004	   +5.458846e+001
+2.437119e+004	   +5.461523e+001
+2.441174e+004	   +5.455725e+001
+2.445236e+004	   +5.451334e+001
+2.449304e+004	   +5.456129e+001
+2.453379e+004	   +5.452217e+001
+2.457461e+004	   +5.456788e+001
+2.461549e+004	   +5.451635e+001
+2.465645e+004	   +5.456898e+001
+2.469747e+004	   +5.447227e+001
+2.473856e+004	   +5.455442e+001
+2.477972e+004	   +5.442658e+001
+2.482095e+004	   +5.442677e+001
+2.486224e+004	   +5.435637e+001
+2.490361e+004	   +5.453042e+001
+2.494504e+004	   +5.439741e+001
+2.498654e+004	   +5.425027e+001
+2.502811e+004	   +5.435652e+001
+2.506975e+004	   +5.445417e+001
+2.511146e+004	   +5.417725e+001
+2.515324e+004	   +5.434370e+001
+2.519509e+004	   +5.430809e+001
+2.523701e+004	   +5.431973e+001
+2.527900e+004	   +5.420142e+001
+2.532105e+004	   +5.430389e+001
+2.536318e+004	   +5.444189e+001
+2.540538e+004	   +5.400130e+001
+2.544765e+004	   +5.426318e+001
+2.548999e+004	   +5.402001e+001
+2.553239e+004	   +5.424507e+001
+2.557488e+004	   +5.404137e+001
+2.561742e+004	   +5.417342e+001
+2.566004e+004	   +5.406176e+001
+2.570274e+004	   +5.416435e+001
+2.574550e+004	   +5.377378e+001
+2.578833e+004	   +5.390138e+001
+2.583124e+004	   +5.400882e+001
+2.587422e+004	   +5.429382e+001
+2.591726e+004	   +5.426809e+001
+2.596038e+004	   +5.407946e+001
+2.600358e+004	   +5.393116e+001
+2.604684e+004	   +5.360281e+001
+2.609017e+004	   +5.376550e+001
+2.613358e+004	   +5.401468e+001
+2.617706e+004	   +5.382332e+001
+2.622061e+004	   +5.366094e+001
+2.626424e+004	   +5.386433e+001
+2.630794e+004	   +5.333220e+001
+2.635171e+004	   +5.405988e+001
+2.639555e+004	   +5.386475e+001
+2.643946e+004	   +5.364938e+001
+2.648345e+004	   +5.378422e+001
+2.652751e+004	   +5.372139e+001
+2.657165e+004	   +5.380170e+001
+2.661586e+004	   +5.410697e+001
+2.666014e+004	   +5.376011e+001
+2.670449e+004	   +5.409285e+001
+2.674892e+004	   +5.350052e+001
+2.679343e+004	   +5.356051e+001
+2.683800e+004	   +5.404094e+001
+2.688266e+004	   +5.408457e+001
+2.692738e+004	   +5.372162e+001
+2.697218e+004	   +5.377938e+001
+2.701706e+004	   +5.372991e+001
+2.706201e+004	   +5.383807e+001
+2.710703e+004	   +5.361987e+001
+2.715213e+004	   +5.368082e+001
+2.719730e+004	   +5.365273e+001
+2.724255e+004	   +5.373310e+001
+2.728788e+004	   +5.349524e+001
+2.733328e+004	   +5.368442e+001
+2.737876e+004	   +5.353288e+001
+2.742431e+004	   +5.359480e+001
+2.746993e+004	   +5.348347e+001
+2.751564e+004	   +5.346215e+001
+2.756142e+004	   +5.366990e+001
+2.760727e+004	   +5.355172e+001
+2.765320e+004	   +5.362820e+001
+2.769921e+004	   +5.367924e+001
+2.774529e+004	   +5.338872e+001
+2.779146e+004	   +5.356935e+001
+2.783769e+004	   +5.331840e+001
+2.788401e+004	   +5.349261e+001
+2.793040e+004	   +5.331451e+001
+2.797687e+004	   +5.341175e+001
+2.802342e+004	   +5.343938e+001
+2.807004e+004	   +5.329397e+001
+2.811674e+004	   +5.332883e+001
+2.816352e+004	   +5.328536e+001
+2.821038e+004	   +5.343537e+001
+2.825731e+004	   +5.347212e+001
+2.830433e+004	   +5.353651e+001
+2.835142e+004	   +5.338748e+001
+2.839859e+004	   +5.318739e+001
+2.844583e+004	   +5.327697e+001
+2.849316e+004	   +5.338684e+001
+2.854057e+004	   +5.337249e+001
+2.858805e+004	   +5.333097e+001
+2.863561e+004	   +5.327541e+001
+2.868326e+004	   +5.287933e+001
+2.873098e+004	   +5.331500e+001
+2.877878e+004	   +5.307344e+001
+2.882666e+004	   +5.330522e+001
+2.887462e+004	   +5.291986e+001
+2.892266e+004	   +5.320192e+001
+2.897078e+004	   +5.319182e+001
+2.901898e+004	   +5.314456e+001
+2.906726e+004	   +5.298110e+001
+2.911562e+004	   +5.296536e+001
+2.916406e+004	   +5.290556e+001
+2.921258e+004	   +5.303983e+001
+2.926119e+004	   +5.301094e+001
+2.930987e+004	   +5.315990e+001
+2.935863e+004	   +5.301332e+001
+2.940748e+004	   +5.315563e+001
+2.945640e+004	   +5.283037e+001
+2.950541e+004	   +5.282180e+001
+2.955450e+004	   +5.307990e+001
+2.960367e+004	   +5.285593e+001
+2.965293e+004	   +5.294473e+001
+2.970226e+004	   +5.309871e+001
+2.975168e+004	   +5.308769e+001
+2.980118e+004	   +5.299810e+001
+2.985076e+004	   +5.306093e+001
+2.990042e+004	   +5.311044e+001
+2.995017e+004	   +5.297315e+001
+3.000000e+004	   +5.306078e+001
