+1.000000e+003	   +1.848854e-005
+1.001664e+003	   +2.520215e-005
+1.003330e+003	   +2.909844e-005
+1.005000e+003	   +6.793427e-007
+1.006672e+003	   +3.580871e-005
+1.008346e+003	   +2.424342e-006
+1.010024e+003	   +1.427291e-005
+1.011705e+003	   +1.872193e-005
+1.013388e+003	   +1.850871e-005
+1.015074e+003	   +1.820667e-005
+1.016763e+003	   +2.612908e-005
+1.018454e+003	   +7.089005e-006
+1.020149e+003	   +1.102124e-005
+1.021846e+003	   +3.506311e-005
+1.023546e+003	   +1.734334e-005
+1.025249e+003	   +1.778288e-006
+1.026955e+003	   +5.101697e-006
+1.028663e+003	   -2.032704e-005
+1.030375e+003	   -2.778669e-005
+1.032089e+003	   +1.921446e-005
+1.033806e+003	   +9.543865e-006
+1.035526e+003	   -6.347164e-006
+1.037249e+003	   +1.849528e-005
+1.038975e+003	   -3.308005e-005
+1.040703e+003	   +3.070277e-006
+1.042435e+003	   +2.269040e-005
+1.044169e+003	   -1.650324e-005
+1.045906e+003	   +2.675909e-005
+1.047646e+003	   +3.876063e-006
+1.049390e+003	   -1.288021e-005
+1.051135e+003	   -1.535753e-005
+1.052884e+003	   +7.858574e-006
+1.054636e+003	   -1.560387e-005
+1.056391e+003	   -2.978871e-005
+1.058148e+003	   -2.948869e-005
+1.059909e+003	   -1.811422e-006
+1.061672e+003	   +2.836998e-006
+1.063438e+003	   +1.515736e-005
+1.065208e+003	   -1.336576e-005
+1.066980e+003	   -8.650824e-006
+1.068755e+003	   +1.154765e-005
+1.070533e+003	   -4.494512e-005
+1.072314e+003	   +1.593321e-005
+1.074099e+003	   +1.979198e-005
+1.075885e+003	   -1.615749e-005
+1.077676e+003	   +1.649619e-005
+1.079469e+003	   -8.172782e-006
+1.081264e+003	   -1.518742e-005
+1.083063e+003	   -1.398445e-007
+1.084865e+003	   +2.700318e-006
+1.086670e+003	   -1.717062e-005
+1.088478e+003	   -6.026492e-007
+1.090289e+003	   -1.292870e-005
+1.092103e+003	   +3.589298e-006
+1.093920e+003	   -2.359983e-005
+1.095740e+003	   -1.150687e-005
+1.097563e+003	   -1.371766e-006
+1.099389e+003	   -8.643521e-006
+1.101218e+003	   -2.792787e-005
+1.103050e+003	   -2.593718e-005
+1.104886e+003	   -2.437855e-005
+1.106724e+003	   -5.979568e-006
+1.108565e+003	   -1.401003e-005
+1.110410e+003	   -1.314429e-005
+1.112257e+003	   +5.806571e-006
+1.114108e+003	   +1.331731e-007
+1.115961e+003	   +2.162048e-005
+1.117818e+003	   -6.066011e-006
+1.119678e+003	   -1.832459e-005
+1.121540e+003	   +7.657263e-006
+1.123406e+003	   +3.252651e-005
+1.125276e+003	   -1.371610e-005
+1.127148e+003	   -1.689910e-005
+1.129023e+003	   -3.595539e-007
+1.130901e+003	   -1.047365e-005
+1.132783e+003	   +2.311112e-005
+1.134667e+003	   -3.375736e-006
+1.136555e+003	   -2.218869e-005
+1.138446e+003	   -5.183452e-006
+1.140340e+003	   -2.622043e-005
+1.142238e+003	   +1.010376e-006
+1.144138e+003	   -3.625632e-005
+1.146042e+003	   -2.642929e-005
+1.147948e+003	   -2.930643e-005
+1.149858e+003	   -1.346255e-005
+1.151771e+003	   +1.311634e-006
+1.153688e+003	   +6.025584e-007
+1.155607e+003	   -3.227100e-005
+1.157530e+003	   -3.906909e-005
+1.159455e+003	   -5.259829e-007
+1.161384e+003	   -5.270403e-005
+1.163317e+003	   +7.123801e-007
+1.165252e+003	   -1.067248e-005
+1.167191e+003	   -8.222368e-006
+1.169133e+003	   -4.349387e-005
+1.171078e+003	   +1.542605e-005
+1.173026e+003	   -2.569235e-005
+1.174978e+003	   -1.797607e-005
+1.176933e+003	   -3.666387e-005
+1.178891e+003	   -2.394092e-005
+1.180852e+003	   -2.412721e-005
+1.182817e+003	   -1.576503e-005
+1.184785e+003	   -2.139723e-005
+1.186756e+003	   -3.898592e-005
+1.188730e+003	   -8.008952e-006
+1.190708e+003	   -2.949297e-005
+1.192689e+003	   -2.110358e-005
+1.194674e+003	   -3.682848e-005
+1.196661e+003	   -4.039617e-005
+1.198652e+003	   -2.093688e-005
+1.200646e+003	   -2.531714e-005
+1.202644e+003	   -4.365484e-005
+1.204645e+003	   -2.292739e-005
+1.206649e+003	   -1.310107e-005
+1.208657e+003	   -4.527644e-006
+1.210668e+003	   -2.666666e-005
+1.212682e+003	   -4.312088e-005
+1.214699e+003	   -5.172482e-005
+1.216720e+003	   -4.762386e-005
+1.218745e+003	   -1.332052e-005
+1.220772e+003	   -1.367326e-005
+1.222803e+003	   -3.365720e-005
+1.224838e+003	   -1.899864e-005
+1.226876e+003	   -3.177299e-005
+1.228917e+003	   -4.481978e-005
+1.230961e+003	   -2.321164e-005
+1.233010e+003	   -4.627694e-005
+1.235061e+003	   -1.513058e-005
+1.237116e+003	   -4.630307e-005
+1.239174e+003	   -2.022288e-005
+1.241236e+003	   -4.359394e-005
+1.243301e+003	   -2.527522e-005
+1.245369e+003	   -1.849211e-005
+1.247441e+003	   -3.944012e-005
+1.249517e+003	   -3.442169e-005
+1.251596e+003	   -3.088622e-005
+1.253678e+003	   -1.284038e-005
+1.255764e+003	   -2.269853e-005
+1.257853e+003	   -2.189306e-005
+1.259946e+003	   -5.885637e-005
+1.262042e+003	   -4.184767e-005
+1.264142e+003	   -1.640076e-005
+1.266245e+003	   -4.985655e-005
+1.268352e+003	   -1.035200e-005
+1.270462e+003	   -1.718667e-005
+1.272576e+003	   -3.283022e-005
+1.274693e+003	   -3.790479e-005
+1.276814e+003	   -1.732897e-005
+1.278938e+003	   -5.646968e-005
+1.281066e+003	   -5.458204e-005
+1.283197e+003	   -3.976914e-005
+1.285332e+003	   -2.882030e-005
+1.287470e+003	   -3.813206e-005
+1.289612e+003	   -3.007766e-005
+1.291758e+003	   -2.300906e-005
+1.293907e+003	   -3.034370e-005
+1.296060e+003	   -3.116180e-005
+1.298216e+003	   -2.978450e-005
+1.300376e+003	   -2.980435e-005
+1.302540e+003	   -6.082009e-005
+1.304707e+003	   -3.357075e-005
+1.306877e+003	   -2.707472e-005
+1.309052e+003	   -5.713124e-005
+1.311230e+003	   -2.531040e-005
+1.313411e+003	   -2.186270e-005
+1.315596e+003	   -2.757334e-005
+1.317785e+003	   -2.827230e-005
+1.319978e+003	   -2.120396e-005
+1.322174e+003	   -2.782552e-005
+1.324374e+003	   -5.406615e-005
+1.326577e+003	   -3.094566e-005
+1.328784e+003	   -2.408468e-005
+1.330995e+003	   -4.227628e-005
+1.333209e+003	   -5.308161e-005
+1.335427e+003	   -4.836519e-005
+1.337649e+003	   -4.101906e-005
+1.339875e+003	   -9.283501e-006
+1.342104e+003	   -4.352970e-005
+1.344337e+003	   -1.368860e-005
+1.346573e+003	   -3.481072e-005
+1.348814e+003	   -4.500504e-005
+1.351058e+003	   -3.117022e-005
+1.353306e+003	   -3.719932e-006
+1.355557e+003	   -6.138100e-005
+1.357813e+003	   -3.671362e-005
+1.360072e+003	   -4.941686e-005
+1.362334e+003	   -4.300193e-005
+1.364601e+003	   -3.473645e-006
+1.366871e+003	   -3.178130e-005
+1.369146e+003	   -5.949688e-005
+1.371423e+003	   -2.901294e-005
+1.373705e+003	   -2.762851e-005
+1.375991e+003	   -3.295839e-005
+1.378280e+003	   -5.381951e-005
+1.380573e+003	   -7.033533e-005
+1.382870e+003	   -6.091242e-005
+1.385171e+003	   -4.683919e-005
+1.387475e+003	   -5.274447e-005
+1.389784e+003	   -3.391626e-005
+1.392096e+003	   -3.962863e-005
+1.394412e+003	   -6.215452e-005
+1.396732e+003	   -1.188852e-005
+1.399056e+003	   -3.416117e-005
+1.401384e+003	   -4.670069e-005
+1.403715e+003	   -1.284872e-005
+1.406050e+003	   -4.977408e-005
+1.408390e+003	   -2.982842e-005
+1.410733e+003	   -3.145166e-005
+1.413080e+003	   -4.503808e-005
+1.415431e+003	   -4.473875e-005
+1.417786e+003	   -6.318218e-005
+1.420145e+003	   -2.020658e-005
+1.422508e+003	   -3.460464e-005
+1.424874e+003	   -4.225559e-005
+1.427245e+003	   -5.516258e-005
+1.429620e+003	   -7.088486e-005
+1.431998e+003	   -8.318650e-005
+1.434380e+003	   -3.320683e-005
+1.436767e+003	   -1.397855e-005
+1.439157e+003	   -5.702426e-005
+1.441552e+003	   -6.263933e-005
+1.443950e+003	   -4.426267e-005
+1.446353e+003	   -5.725523e-005
+1.448759e+003	   -5.302371e-005
+1.451169e+003	   -4.841092e-005
+1.453584e+003	   -5.259783e-005
+1.456002e+003	   -4.094178e-005
+1.458424e+003	   -4.670754e-005
+1.460851e+003	   -5.064409e-005
+1.463281e+003	   -3.358739e-005
+1.465716e+003	   -1.183831e-005
+1.468154e+003	   -8.547750e-005
+1.470597e+003	   -4.319834e-005
+1.473044e+003	   -5.834232e-005
+1.475495e+003	   -4.753110e-005
+1.477949e+003	   -6.486198e-005
+1.480408e+003	   -6.802104e-005
+1.482871e+003	   -2.583783e-005
+1.485339e+003	   -4.137748e-005
+1.487810e+003	   -2.475292e-005
+1.490285e+003	   -6.918321e-005
+1.492765e+003	   -8.780899e-007
+1.495248e+003	   -7.392538e-005
+1.497736e+003	   -4.738306e-005
+1.500228e+003	   -4.115679e-005
+1.502724e+003	   -6.724557e-005
+1.505224e+003	   -6.201695e-005
+1.507728e+003	   -4.699728e-005
+1.510237e+003	   -6.910032e-005
+1.512749e+003	   -2.690024e-005
+1.515266e+003	   -6.643574e-005
+1.517787e+003	   -5.410657e-005
+1.520312e+003	   -2.328132e-005
+1.522842e+003	   -6.178672e-005
+1.525375e+003	   -4.999177e-005
+1.527913e+003	   -3.939025e-005
+1.530455e+003	   -6.845751e-005
+1.533002e+003	   -4.143639e-005
+1.535552e+003	   -5.073153e-005
+1.538107e+003	   -7.798243e-005
+1.540666e+003	   -4.102607e-005
+1.543229e+003	   -4.884794e-005
+1.545797e+003	   -6.107189e-005
+1.548369e+003	   -4.450401e-005
+1.550945e+003	   -7.745445e-005
+1.553525e+003	   -5.373626e-005
+1.556110e+003	   -3.879043e-005
+1.558699e+003	   -7.158137e-005
+1.561292e+003	   -8.463187e-005
+1.563890e+003	   -3.155375e-005
+1.566491e+003	   -5.658827e-005
+1.569098e+003	   -6.311316e-005
+1.571708e+003	   -6.926483e-005
+1.574323e+003	   -5.372649e-005
+1.576943e+003	   -7.892044e-005
+1.579566e+003	   -8.407880e-005
+1.582194e+003	   -6.238232e-005
+1.584826e+003	   -5.143827e-005
+1.587463e+003	   -8.355815e-005
+1.590104e+003	   -6.223531e-005
+1.592750e+003	   -6.072104e-005
+1.595400e+003	   -8.629657e-005
+1.598054e+003	   -5.478921e-005
+1.600713e+003	   -1.907415e-005
+1.603376e+003	   -5.273192e-005
+1.606044e+003	   -9.166355e-005
+1.608716e+003	   -6.556691e-005
+1.611392e+003	   -5.959361e-005
+1.614073e+003	   -7.710417e-005
+1.616759e+003	   -3.954955e-005
+1.619448e+003	   -8.185119e-005
+1.622143e+003	   -4.284768e-005
+1.624842e+003	   -5.665361e-005
+1.627545e+003	   -7.451698e-005
+1.630253e+003	   -5.330854e-005
+1.632965e+003	   -8.208321e-005
+1.635682e+003	   -5.236281e-005
+1.638403e+003	   -7.152744e-005
+1.641129e+003	   -4.838517e-005
+1.643860e+003	   -8.696313e-005
+1.646595e+003	   -6.639065e-005
+1.649334e+003	   -9.916565e-005
+1.652078e+003	   -4.540966e-005
+1.654827e+003	   -6.169666e-005
+1.657580e+003	   -7.294189e-005
+1.660338e+003	   -7.134836e-005
+1.663100e+003	   -3.008960e-005
+1.665867e+003	   -7.037329e-005
+1.668639e+003	   -7.274727e-005
+1.671415e+003	   -7.011933e-005
+1.674196e+003	   -8.572548e-005
+1.676981e+003	   -8.101176e-005
+1.679771e+003	   -5.951183e-005
+1.682566e+003	   -4.961803e-005
+1.685365e+003	   -9.474847e-005
+1.688169e+003	   -5.402607e-005
+1.690978e+003	   -7.537700e-005
+1.693792e+003	   -8.779070e-005
+1.696609e+003	   -7.219781e-005
+1.699432e+003	   -5.581908e-005
+1.702260e+003	   -1.258552e-004
+1.705092e+003	   -6.712310e-005
+1.707929e+003	   -9.108477e-005
+1.710770e+003	   -7.597490e-005
+1.713616e+003	   -9.353608e-005
+1.716468e+003	   -1.002304e-004
+1.719323e+003	   -8.981142e-005
+1.722184e+003	   -6.679442e-005
+1.725049e+003	   -1.095295e-004
+1.727919e+003	   -4.640652e-005
+1.730794e+003	   -8.011513e-005
+1.733674e+003	   -6.214441e-005
+1.736558e+003	   -6.761680e-005
+1.739447e+003	   -5.375975e-005
+1.742341e+003	   -9.729258e-005
+1.745240e+003	   -8.718101e-005
+1.748144e+003	   -9.395555e-005
+1.751052e+003	   -6.307309e-005
+1.753965e+003	   -6.631066e-005
+1.756884e+003	   -7.442777e-005
+1.759807e+003	   -4.085309e-005
+1.762734e+003	   -8.344043e-005
+1.765667e+003	   -1.006075e-004
+1.768605e+003	   -7.196231e-005
+1.771547e+003	   -1.118407e-004
+1.774495e+003	   -9.872660e-005
+1.777447e+003	   -9.896800e-005
+1.780404e+003	   -4.933801e-005
+1.783366e+003	   -6.339127e-005
+1.786333e+003	   -9.680716e-005
+1.789305e+003	   -7.109103e-005
+1.792282e+003	   -6.667027e-005
+1.795264e+003	   -8.315613e-005
+1.798251e+003	   -6.088593e-005
+1.801243e+003	   -6.514796e-005
+1.804240e+003	   -5.298902e-005
+1.807242e+003	   -8.514358e-005
+1.810248e+003	   -8.009018e-005
+1.813260e+003	   -9.872877e-005
+1.816277e+003	   -7.840012e-005
+1.819299e+003	   -7.881801e-005
+1.822326e+003	   -1.171997e-004
+1.825358e+003	   -8.539304e-005
+1.828395e+003	   -1.092878e-004
+1.831436e+003	   -9.915541e-005
+1.834484e+003	   -9.100846e-005
+1.837536e+003	   -4.795202e-005
+1.840593e+003	   -6.302790e-005
+1.843655e+003	   -7.173284e-005
+1.846722e+003	   -9.786197e-005
+1.849795e+003	   -5.395633e-005
+1.852873e+003	   -1.124453e-004
+1.855955e+003	   -1.042215e-004
+1.859043e+003	   -1.268014e-004
+1.862136e+003	   -7.500200e-005
+1.865234e+003	   -1.164366e-004
+1.868338e+003	   -9.382517e-005
+1.871446e+003	   -1.127456e-004
+1.874560e+003	   -7.047975e-005
+1.877678e+003	   -1.116667e-004
+1.880802e+003	   -1.256911e-004
+1.883932e+003	   -7.400810e-005
+1.887066e+003	   -1.344280e-004
+1.890205e+003	   -9.084604e-005
+1.893350e+003	   -6.860247e-005
+1.896500e+003	   -1.117826e-004
+1.899656e+003	   -1.221823e-004
+1.902816e+003	   -9.907458e-005
+1.905982e+003	   -5.700088e-005
+1.909153e+003	   -5.405882e-005
+1.912329e+003	   -1.015608e-004
+1.915511e+003	   -1.172510e-004
+1.918698e+003	   -1.183164e-004
+1.921890e+003	   -1.077619e-004
+1.925088e+003	   -1.164807e-004
+1.928291e+003	   -1.151484e-004
+1.931499e+003	   -1.047226e-004
+1.934712e+003	   -1.159593e-004
+1.937931e+003	   -1.136141e-004
+1.941155e+003	   -6.363181e-005
+1.944385e+003	   -1.187658e-004
+1.947620e+003	   -1.063007e-004
+1.950860e+003	   -9.043029e-005
+1.954106e+003	   -1.009755e-004
+1.957357e+003	   -1.187715e-004
+1.960614e+003	   -1.472111e-004
+1.963876e+003	   -1.275595e-004
+1.967143e+003	   -1.155350e-004
+1.970416e+003	   -1.100141e-004
+1.973694e+003	   -1.124674e-004
+1.976978e+003	   -1.203032e-004
+1.980267e+003	   -1.211198e-004
+1.983562e+003	   -1.155248e-004
+1.986862e+003	   -1.089765e-004
+1.990167e+003	   -1.525339e-004
+1.993479e+003	   -8.819810e-005
+1.996795e+003	   -9.272894e-005
+2.000117e+003	   -9.034177e-005
+2.003445e+003	   -1.180285e-004
+2.006778e+003	   -9.631975e-005
+2.010117e+003	   -1.109312e-004
+2.013462e+003	   -1.122208e-004
+2.016811e+003	   -1.301859e-004
+2.020167e+003	   -1.437323e-004
+2.023528e+003	   -1.323689e-004
+2.026895e+003	   -1.133989e-004
+2.030267e+003	   -1.092139e-004
+2.033645e+003	   -1.050396e-004
+2.037028e+003	   -8.664991e-005
+2.040417e+003	   -1.486562e-004
+2.043812e+003	   -1.108132e-004
+2.047212e+003	   -1.333735e-004
+2.050618e+003	   -8.360960e-005
+2.054030e+003	   -1.262843e-004
+2.057448e+003	   -1.401097e-004
+2.060871e+003	   -1.562990e-004
+2.064299e+003	   -1.135732e-004
+2.067734e+003	   -1.481477e-004
+2.071174e+003	   -1.013802e-004
+2.074620e+003	   -1.431584e-004
+2.078072e+003	   -1.421611e-004
+2.081529e+003	   -1.145737e-004
+2.084992e+003	   -9.365881e-005
+2.088461e+003	   -8.444124e-005
+2.091936e+003	   -1.163314e-004
+2.095416e+003	   -1.017149e-004
+2.098902e+003	   -9.729667e-005
+2.102394e+003	   -1.550954e-004
+2.105892e+003	   -1.168466e-004
+2.109396e+003	   -1.345252e-004
+2.112905e+003	   -7.574746e-005
+2.116421e+003	   -1.390911e-004
+2.119942e+003	   -1.268870e-004
+2.123469e+003	   -9.205966e-005
+2.127002e+003	   -1.150988e-004
+2.130541e+003	   -9.092912e-005
+2.134085e+003	   -1.030093e-004
+2.137636e+003	   -1.314098e-004
+2.141192e+003	   -9.405654e-005
+2.144755e+003	   -1.004692e-004
+2.148323e+003	   -8.930804e-005
+2.151897e+003	   -9.780975e-005
+2.155478e+003	   -1.192338e-004
+2.159064e+003	   -1.256287e-004
+2.162656e+003	   -1.404963e-004
+2.166254e+003	   -1.079153e-004
+2.169858e+003	   -9.431529e-005
+2.173468e+003	   -9.259013e-005
+2.177084e+003	   -1.277098e-004
+2.180706e+003	   -1.265783e-004
+2.184334e+003	   -1.172505e-004
+2.187969e+003	   -9.584366e-005
+2.191609e+003	   -1.242024e-004
+2.195255e+003	   -1.128328e-004
+2.198907e+003	   -1.278815e-004
+2.202566e+003	   -1.322327e-004
+2.206230e+003	   -9.493512e-005
+2.209901e+003	   -1.248500e-004
+2.213578e+003	   -1.332258e-004
+2.217261e+003	   -9.132864e-005
+2.220950e+003	   -1.226502e-004
+2.224645e+003	   -8.814249e-005
+2.228346e+003	   -1.388584e-004
+2.232053e+003	   -1.009616e-004
+2.235767e+003	   -1.216753e-004
+2.239487e+003	   -1.419986e-004
+2.243213e+003	   -5.934811e-005
+2.246945e+003	   -1.072679e-004
+2.250683e+003	   -9.115150e-005
+2.254428e+003	   -1.110838e-004
+2.258178e+003	   -1.320711e-004
+2.261936e+003	   -1.267306e-004
+2.265699e+003	   -1.209807e-004
+2.269468e+003	   -1.269395e-004
+2.273244e+003	   -1.135550e-004
+2.277026e+003	   -9.852982e-005
+2.280815e+003	   -1.513080e-004
+2.284609e+003	   -1.534808e-004
+2.288410e+003	   -1.312907e-004
+2.292218e+003	   -8.697472e-005
+2.296031e+003	   -6.981005e-005
+2.299851e+003	   -1.178524e-004
+2.303678e+003	   -1.217830e-004
+2.307510e+003	   -1.056719e-004
+2.311350e+003	   -1.102064e-004
+2.315195e+003	   -1.030495e-004
+2.319047e+003	   -1.017824e-004
+2.322905e+003	   -8.618931e-005
+2.326770e+003	   -8.004312e-005
+2.330641e+003	   -7.018419e-005
+2.334519e+003	   -9.258626e-005
+2.338403e+003	   -9.040811e-005
+2.342293e+003	   -9.889712e-005
+2.346190e+003	   -7.054250e-005
+2.350094e+003	   -9.572722e-005
+2.354004e+003	   -8.472284e-005
+2.357920e+003	   -8.115920e-005
+2.361843e+003	   -5.579419e-005
+2.365773e+003	   -7.713396e-005
+2.369709e+003	   -8.840728e-005
+2.373651e+003	   -1.076399e-004
+2.377601e+003	   -9.479357e-005
+2.381556e+003	   -7.394580e-005
+2.385519e+003	   -1.121277e-004
+2.389488e+003	   -9.865979e-005
+2.393463e+003	   -8.887950e-005
+2.397445e+003	   -1.115154e-004
+2.401434e+003	   -9.277859e-005
+2.405429e+003	   -8.616579e-005
+2.409431e+003	   -9.422856e-005
+2.413440e+003	   -9.080562e-005
+2.417455e+003	   -7.013391e-005
+2.421477e+003	   -9.765346e-005
+2.425506e+003	   -8.637468e-005
+2.429542e+003	   -7.785027e-005
+2.433583e+003	   -1.047500e-004
+2.437633e+003	   -1.155840e-004
+2.441688e+003	   -1.168192e-004
+2.445750e+003	   -7.608241e-005
+2.449820e+003	   -6.827687e-005
+2.453896e+003	   -1.134211e-004
+2.457978e+003	   -1.158334e-004
+2.462068e+003	   -6.078280e-005
+2.466164e+003	   -1.140598e-004
+2.470267e+003	   -1.078741e-004
+2.474377e+003	   -9.585275e-005
+2.478493e+003	   -9.091467e-005
+2.482617e+003	   -1.198744e-004
+2.486748e+003	   -9.037487e-005
+2.490885e+003	   -7.566470e-005
+2.495029e+003	   -1.005723e-004
+2.499180e+003	   -8.626107e-005
+2.503338e+003	   -7.114191e-005
+2.507503e+003	   -1.065055e-004
+2.511675e+003	   -7.543885e-005
+2.515854e+003	   -1.046370e-004
+2.520040e+003	   -9.537175e-005
+2.524232e+003	   -1.051240e-004
+2.528432e+003	   -7.912679e-005
+2.532638e+003	   -8.184661e-005
+2.536852e+003	   -1.130498e-004
+2.541073e+003	   -1.379643e-004
+2.545301e+003	   -8.815057e-005
+2.549535e+003	   -1.106806e-004
+2.553777e+003	   -1.059761e-004
+2.558026e+003	   -1.327166e-004
+2.562282e+003	   -7.035190e-005
+2.566545e+003	   -8.848872e-005
+2.570815e+003	   -4.518465e-005
+2.575092e+003	   -1.104397e-004
+2.579376e+003	   -1.282560e-004
+2.583668e+003	   -1.235488e-004
+2.587966e+003	   -1.384428e-004
+2.592272e+003	   -9.169647e-005
+2.596585e+003	   -1.258724e-004
+2.600905e+003	   -1.159180e-004
+2.605232e+003	   -9.482822e-005
+2.609567e+003	   -1.040962e-004
+2.613908e+003	   -1.296864e-004
+2.618257e+003	   -1.150707e-004
+2.622613e+003	   -1.488745e-004
+2.626977e+003	   -1.376332e-004
+2.631347e+003	   -9.807521e-005
+2.635725e+003	   -8.034988e-005
+2.640110e+003	   -1.006334e-004
+2.644503e+003	   -8.395692e-005
+2.648903e+003	   -9.883241e-005
+2.653310e+003	   -9.234185e-005
+2.657724e+003	   -4.651246e-005
+2.662146e+003	   -1.284370e-004
+2.666575e+003	   -8.536234e-005
+2.671012e+003	   -1.207164e-004
+2.675456e+003	   -1.196604e-004
+2.679907e+003	   -1.277909e-004
+2.684365e+003	   -9.108239e-005
+2.688832e+003	   -1.146421e-004
+2.693305e+003	   -1.395504e-004
+2.697786e+003	   -8.954758e-005
+2.702275e+003	   -1.031552e-004
+2.706771e+003	   -1.074987e-004
+2.711274e+003	   -6.942174e-005
+2.715785e+003	   -1.680304e-004
+2.720303e+003	   -1.028803e-004
+2.724829e+003	   -1.148729e-004
+2.729363e+003	   -1.339223e-004
+2.733903e+003	   -1.315673e-004
+2.738452e+003	   -7.891302e-005
+2.743008e+003	   -9.308090e-005
+2.747572e+003	   -1.156718e-004
+2.752143e+003	   -1.232592e-004
+2.756722e+003	   -1.425647e-004
+2.761308e+003	   -1.003716e-004
+2.765902e+003	   -1.093259e-004
+2.770504e+003	   -1.170253e-004
+2.775114e+003	   -1.369757e-004
+2.779731e+003	   -1.224022e-004
+2.784355e+003	   -1.037943e-004
+2.788988e+003	   -1.470631e-004
+2.793628e+003	   -9.945199e-005
+2.798276e+003	   -1.441883e-004
+2.802932e+003	   -1.241000e-004
+2.807595e+003	   -1.611016e-004
+2.812266e+003	   -1.124868e-004
+2.816945e+003	   -1.699609e-004
+2.821632e+003	   -1.320854e-004
+2.826326e+003	   -1.014693e-004
+2.831029e+003	   -9.146210e-005
+2.835739e+003	   -1.435313e-004
+2.840457e+003	   -1.177528e-004
+2.845182e+003	   -1.105247e-004
+2.849916e+003	   -8.032120e-005
+2.854657e+003	   -1.287793e-004
+2.859407e+003	   -1.141687e-004
+2.864164e+003	   -1.517678e-004
+2.868929e+003	   -1.476801e-004
+2.873703e+003	   -1.627403e-004
+2.878484e+003	   -1.167772e-004
+2.883273e+003	   -1.052837e-004
+2.888070e+003	   -1.463368e-004
+2.892875e+003	   -1.357700e-004
+2.897688e+003	   -8.558385e-005
+2.902509e+003	   -1.693838e-004
+2.907338e+003	   -1.389382e-004
+2.912175e+003	   -1.412120e-004
+2.917020e+003	   -1.368660e-004
+2.921873e+003	   -1.399041e-004
+2.926735e+003	   -1.365188e-004
+2.931604e+003	   -1.221743e-004
+2.936481e+003	   -1.181614e-004
+2.941367e+003	   -1.452214e-004
+2.946261e+003	   -1.373171e-004
+2.951163e+003	   -1.673315e-004
+2.956073e+003	   -1.464913e-004
+2.960991e+003	   -1.688722e-004
+2.965917e+003	   -1.349570e-004
+2.970852e+003	   -1.409737e-004
+2.975794e+003	   -1.038053e-004
+2.980745e+003	   -1.112244e-004
+2.985704e+003	   -1.733640e-004
+2.990672e+003	   -1.827832e-004
+2.995648e+003	   -1.864040e-004
+3.000632e+003	   -1.611819e-004
+3.005624e+003	   -1.661067e-004
+3.010625e+003	   -1.824459e-004
+3.015634e+003	   -1.757711e-004
+3.020651e+003	   -1.751526e-004
+3.025676e+003	   -1.476146e-004
+3.030710e+003	   -1.711949e-004
+3.035753e+003	   -1.740295e-004
+3.040803e+003	   -1.770310e-004
+3.045863e+003	   -1.733461e-004
+3.050930e+003	   -1.703899e-004
+3.056006e+003	   -1.563192e-004
+3.061090e+003	   -1.858146e-004
+3.066183e+003	   -1.563841e-004
+3.071285e+003	   -1.436916e-004
+3.076395e+003	   -1.594498e-004
+3.081513e+003	   -1.062062e-004
+3.086640e+003	   -2.171164e-004
+3.091775e+003	   -1.405642e-004
+3.096919e+003	   -1.900481e-004
+3.102072e+003	   -1.850389e-004
+3.107232e+003	   -1.738394e-004
+3.112402e+003	   -1.943057e-004
+3.117580e+003	   -1.443779e-004
+3.122767e+003	   -1.842185e-004
+3.127963e+003	   -1.478408e-004
+3.133167e+003	   -1.896554e-004
+3.138380e+003	   -1.701630e-004
+3.143601e+003	   -1.876236e-004
+3.148831e+003	   -1.815515e-004
+3.154070e+003	   -1.536598e-004
+3.159318e+003	   -2.047170e-004
+3.164574e+003	   -1.394444e-004
+3.169839e+003	   -1.317936e-004
+3.175113e+003	   -1.760491e-004
+3.180396e+003	   -1.662433e-004
+3.185687e+003	   -1.726896e-004
+3.190987e+003	   -1.230103e-004
+3.196296e+003	   -1.931938e-004
+3.201614e+003	   -1.628471e-004
+3.206940e+003	   -1.816522e-004
+3.212276e+003	   -1.729464e-004
+3.217621e+003	   -1.563907e-004
+3.222974e+003	   -2.043023e-004
+3.228336e+003	   -1.792405e-004
+3.233707e+003	   -1.438388e-004
+3.239087e+003	   -1.963590e-004
+3.244476e+003	   -2.263459e-004
+3.249874e+003	   -1.592338e-004
+3.255281e+003	   -1.961776e-004
+3.260697e+003	   -1.705386e-004
+3.266122e+003	   -1.711989e-004
+3.271556e+003	   -1.641494e-004
+3.276999e+003	   -1.900997e-004
+3.282451e+003	   -1.887613e-004
+3.287912e+003	   -2.201243e-004
+3.293383e+003	   -1.875173e-004
+3.298862e+003	   -1.739982e-004
+3.304351e+003	   -1.892439e-004
+3.309848e+003	   -2.057803e-004
+3.315355e+003	   -1.833005e-004
+3.320871e+003	   -1.372800e-004
+3.326396e+003	   -1.783148e-004
+3.331930e+003	   -2.188155e-004
+3.337474e+003	   -1.736327e-004
+3.343026e+003	   -1.770513e-004
+3.348588e+003	   -1.679554e-004
+3.354159e+003	   -2.129020e-004
+3.359740e+003	   -1.661921e-004
+3.365330e+003	   -1.655074e-004
+3.370929e+003	   -2.280843e-004
+3.376537e+003	   -2.318507e-004
+3.382155e+003	   -2.087545e-004
+3.387782e+003	   -1.657929e-004
+3.393418e+003	   -1.432844e-004
+3.399064e+003	   -1.927801e-004
+3.404719e+003	   -1.765496e-004
+3.410384e+003	   -1.731297e-004
+3.416058e+003	   -1.682743e-004
+3.421741e+003	   -2.027171e-004
+3.427434e+003	   -1.663611e-004
+3.433137e+003	   -1.551569e-004
+3.438849e+003	   -1.895149e-004
+3.444570e+003	   -2.037646e-004
+3.450301e+003	   -1.933978e-004
+3.456041e+003	   -2.080144e-004
+3.461791e+003	   -2.169235e-004
+3.467551e+003	   -2.361049e-004
+3.473320e+003	   -2.376581e-004
+3.479099e+003	   -2.043915e-004
+3.484887e+003	   -2.171095e-004
+3.490685e+003	   -1.495720e-004
+3.496492e+003	   -2.136737e-004
+3.502310e+003	   -2.576981e-004
+3.508137e+003	   -2.217400e-004
+3.513973e+003	   -1.488309e-004
+3.519820e+003	   -2.439830e-004
+3.525676e+003	   -2.184356e-004
+3.531542e+003	   -2.497798e-004
+3.537417e+003	   -2.400058e-004
+3.543303e+003	   -2.636251e-004
+3.549198e+003	   -2.157588e-004
+3.555103e+003	   -2.434717e-004
+3.561018e+003	   -2.474380e-004
+3.566942e+003	   -2.734531e-004
+3.572877e+003	   -2.548934e-004
+3.578821e+003	   -2.365208e-004
+3.584775e+003	   -2.819004e-004
+3.590740e+003	   -2.105769e-004
+3.596714e+003	   -2.282209e-004
+3.602698e+003	   -2.531107e-004
+3.608691e+003	   -2.353225e-004
+3.614696e+003	   -2.563183e-004
+3.620709e+003	   -2.234081e-004
+3.626733e+003	   -2.333490e-004
+3.632767e+003	   -2.400286e-004
+3.638811e+003	   -2.572015e-004
+3.644865e+003	   -2.252132e-004
+3.650929e+003	   -2.441363e-004
+3.657004e+003	   -2.552167e-004
+3.663088e+003	   -2.738975e-004
+3.669183e+003	   -2.473522e-004
+3.675287e+003	   -2.460653e-004
+3.681402e+003	   -2.165888e-004
+3.687527e+003	   -2.719690e-004
+3.693662e+003	   -3.202290e-004
+3.699807e+003	   -2.895251e-004
+3.705963e+003	   -2.923408e-004
+3.712128e+003	   -2.997071e-004
+3.718305e+003	   -3.323480e-004
+3.724491e+003	   -3.071028e-004
+3.730688e+003	   -2.664928e-004
+3.736895e+003	   -2.630981e-004
+3.743112e+003	   -3.374492e-004
+3.749339e+003	   -3.058358e-004
+3.755577e+003	   -3.274330e-004
+3.761825e+003	   -2.642272e-004
+3.768084e+003	   -3.106534e-004
+3.774354e+003	   -3.263946e-004
+3.780633e+003	   -3.197742e-004
+3.786923e+003	   -3.053952e-004
+3.793223e+003	   -3.276738e-004
+3.799534e+003	   -3.043915e-004
+3.805856e+003	   -3.171360e-004
+3.812188e+003	   -2.946817e-004
+3.818530e+003	   -3.004051e-004
+3.824884e+003	   -3.082007e-004
+3.831247e+003	   -3.666753e-004
+3.837621e+003	   -2.584735e-004
+3.844006e+003	   -3.534675e-004
+3.850402e+003	   -3.110146e-004
+3.856808e+003	   -3.407914e-004
+3.863224e+003	   -3.533331e-004
+3.869652e+003	   -3.357291e-004
+3.876090e+003	   -3.518877e-004
+3.882539e+003	   -3.084640e-004
+3.888998e+003	   -3.594150e-004
+3.895469e+003	   -3.027710e-004
+3.901950e+003	   -3.938551e-004
+3.908442e+003	   -2.838343e-004
+3.914944e+003	   -3.905513e-004
+3.921458e+003	   -3.570912e-004
+3.927982e+003	   -3.318923e-004
+3.934517e+003	   -3.814497e-004
+3.941063e+003	   -3.539823e-004
+3.947620e+003	   -4.040918e-004
+3.954188e+003	   -3.773442e-004
+3.960767e+003	   -3.719930e-004
+3.967356e+003	   -3.889034e-004
+3.973957e+003	   -4.357169e-004
+3.980569e+003	   -3.947143e-004
+3.987192e+003	   -3.540932e-004
+3.993825e+003	   -3.490105e-004
+4.000470e+003	   -4.168790e-004
+4.007126e+003	   -3.842170e-004
+4.013792e+003	   -4.086327e-004
+4.020470e+003	   -3.849996e-004
+4.027159e+003	   -4.845552e-004
+4.033860e+003	   -3.874006e-004
+4.040571e+003	   -4.216054e-004
+4.047293e+003	   -4.277071e-004
+4.054027e+003	   -4.671789e-004
+4.060772e+003	   -4.179884e-004
+4.067528e+003	   -4.151993e-004
+4.074295e+003	   -4.254068e-004
+4.081074e+003	   -4.147069e-004
+4.087864e+003	   -4.404249e-004
+4.094665e+003	   -4.466148e-004
+4.101478e+003	   -4.655104e-004
+4.108301e+003	   -4.084133e-004
+4.115137e+003	   -4.562024e-004
+4.121983e+003	   -4.770377e-004
+4.128841e+003	   -4.730099e-004
+4.135710e+003	   -4.617164e-004
+4.142591e+003	   -5.327142e-004
+4.149483e+003	   -4.772682e-004
+4.156387e+003	   -4.709060e-004
+4.163302e+003	   -5.331762e-004
+4.170229e+003	   -5.169740e-004
+4.177167e+003	   -4.813396e-004
+4.184117e+003	   -4.686909e-004
+4.191078e+003	   -5.020148e-004
+4.198051e+003	   -4.769931e-004
+4.205036e+003	   -4.814089e-004
+4.212032e+003	   -5.075465e-004
+4.219040e+003	   -4.140773e-004
+4.226059e+003	   -4.726350e-004
+4.233090e+003	   -4.503882e-004
+4.240133e+003	   -4.592896e-004
+4.247188e+003	   -4.522596e-004
+4.254253e+003	   -4.497336e-004
+4.261332e+003	   -4.681804e-004
+4.268421e+003	   -4.906515e-004
+4.275523e+003	   -5.179976e-004
+4.282636e+003	   -4.337208e-004
+4.289762e+003	   -5.197025e-004
+4.296898e+003	   -4.885513e-004
+4.304047e+003	   -4.976811e-004
+4.311208e+003	   -4.805098e-004
+4.318381e+003	   -4.908889e-004
+4.325566e+003	   -5.179275e-004
+4.332763e+003	   -4.777554e-004
+4.339971e+003	   -4.945330e-004
+4.347192e+003	   -4.795470e-004
+4.354424e+003	   -4.988534e-004
+4.361669e+003	   -4.708112e-004
+4.368926e+003	   -4.372412e-004
+4.376194e+003	   -4.623487e-004
+4.383476e+003	   -4.818426e-004
+4.390769e+003	   -5.152138e-004
+4.398074e+003	   -4.734624e-004
+4.405391e+003	   -4.655895e-004
+4.412720e+003	   -5.652087e-004
+4.420062e+003	   -4.497757e-004
+4.427416e+003	   -4.868356e-004
+4.434782e+003	   -4.947641e-004
+4.442160e+003	   -4.563332e-004
+4.449551e+003	   -5.225837e-004
+4.456954e+003	   -5.698762e-004
+4.464369e+003	   -4.934015e-004
+4.471796e+003	   -5.716420e-004
+4.479236e+003	   -5.246180e-004
+4.486689e+003	   -5.111509e-004
+4.494153e+003	   -5.290214e-004
+4.501631e+003	   -4.966506e-004
+4.509120e+003	   -4.920127e-004
+4.516622e+003	   -4.889894e-004
+4.524137e+003	   -5.269940e-004
+4.531664e+003	   -5.278356e-004
+4.539203e+003	   -4.979256e-004
+4.546755e+003	   -5.340447e-004
+4.554320e+003	   -5.912267e-004
+4.561897e+003	   -5.293736e-004
+4.569487e+003	   -5.414928e-004
+4.577090e+003	   -5.172393e-004
+4.584705e+003	   -5.664735e-004
+4.592333e+003	   -5.811544e-004
+4.599973e+003	   -5.041089e-004
+4.607626e+003	   -5.341794e-004
+4.615292e+003	   -5.657003e-004
+4.622971e+003	   -5.634722e-004
+4.630662e+003	   -5.612887e-004
+4.638367e+003	   -5.669883e-004
+4.646083e+003	   -5.705992e-004
+4.653813e+003	   -5.522910e-004
+4.661556e+003	   -5.608882e-004
+4.669312e+003	   -5.578224e-004
+4.677081e+003	   -5.832545e-004
+4.684862e+003	   -5.437396e-004
+4.692656e+003	   -5.348445e-004
+4.700464e+003	   -5.196963e-004
+4.708284e+003	   -6.639984e-004
+4.716118e+003	   -5.344484e-004
+4.723964e+003	   -5.360697e-004
+4.731823e+003	   -5.794739e-004
+4.739696e+003	   -5.650749e-004
+4.747582e+003	   -5.564509e-004
+4.755480e+003	   -5.529332e-004
+4.763392e+003	   -5.205076e-004
+4.771317e+003	   -5.738793e-004
+4.779256e+003	   -5.174956e-004
+4.787207e+003	   -4.403148e-004
+4.795172e+003	   -4.773533e-004
+4.803150e+003	   -3.876765e-004
+4.811141e+003	   -2.917730e-004
+4.819146e+003	   -2.830085e-004
+4.827164e+003	   -3.058511e-004
+4.835194e+003	   -3.305823e-004
+4.843239e+003	   -3.874739e-004
+4.851297e+003	   -3.892371e-004
+4.859368e+003	   -5.085017e-004
+4.867453e+003	   -5.001102e-004
+4.875551e+003	   -5.254233e-004
+4.883663e+003	   -4.913444e-004
+4.891788e+003	   -5.559083e-004
+4.899927e+003	   -5.651067e-004
+4.908079e+003	   -6.502291e-004
+4.916245e+003	   -6.016775e-004
+4.924424e+003	   -6.701789e-004
+4.932617e+003	   -6.156794e-004
+4.940824e+003	   -6.889601e-004
+4.949044e+003	   -6.357805e-004
+4.957278e+003	   -6.937115e-004
+4.965526e+003	   -6.906774e-004
+4.973787e+003	   -6.919992e-004
+4.982063e+003	   -7.395110e-004
+4.990351e+003	   -7.612112e-004
+4.998654e+003	   -6.953346e-004
+5.006970e+003	   -7.400215e-004
+5.015301e+003	   -7.458437e-004
+5.023645e+003	   -7.730686e-004
+5.032003e+003	   -7.592899e-004
+5.040375e+003	   -7.532426e-004
+5.048761e+003	   -7.314630e-004
+5.057161e+003	   -7.940966e-004
+5.065575e+003	   -8.129570e-004
+5.074002e+003	   -8.192937e-004
+5.082444e+003	   -8.783978e-004
+5.090900e+003	   -8.482549e-004
+5.099370e+003	   -8.150726e-004
+5.107854e+003	   -7.416313e-004
+5.116353e+003	   -8.390660e-004
+5.124865e+003	   -8.087115e-004
+5.133391e+003	   -8.480051e-004
+5.141932e+003	   -8.536762e-004
+5.150487e+003	   -8.445834e-004
+5.159056e+003	   -8.005485e-004
+5.167639e+003	   -8.209060e-004
+5.176237e+003	   -8.162720e-004
+5.184849e+003	   -8.098782e-004
+5.193475e+003	   -7.465658e-004
+5.202116e+003	   -8.428979e-004
+5.210771e+003	   -8.040152e-004
+5.219440e+003	   -8.176061e-004
+5.228124e+003	   -7.745408e-004
+5.236822e+003	   -7.976505e-004
+5.245535e+003	   -8.016195e-004
+5.254262e+003	   -7.933167e-004
+5.263004e+003	   -8.280566e-004
+5.271760e+003	   -8.298635e-004
+5.280531e+003	   -8.288381e-004
+5.289316e+003	   -7.617250e-004
+5.298117e+003	   -8.226421e-004
+5.306931e+003	   -7.755669e-004
+5.315761e+003	   -7.773431e-004
+5.324605e+003	   -8.116176e-004
+5.333463e+003	   -7.818387e-004
+5.342337e+003	   -7.809987e-004
+5.351226e+003	   -7.364306e-004
+5.360128e+003	   -7.801896e-004
+5.369046e+003	   -7.561271e-004
+5.377979e+003	   -7.795638e-004
+5.386927e+003	   -7.423378e-004
+5.395889e+003	   -7.019875e-004
+5.404867e+003	   -7.182850e-004
+5.413859e+003	   -7.314277e-004
+5.422866e+003	   -7.180448e-004
+5.431889e+003	   -7.570292e-004
+5.440926e+003	   -7.822555e-004
+5.449978e+003	   -7.673010e-004
+5.459045e+003	   -7.158206e-004
+5.468128e+003	   -7.116760e-004
+5.477226e+003	   -7.965703e-004
+5.486338e+003	   -7.438481e-004
+5.495466e+003	   -7.976648e-004
+5.504609e+003	   -7.586906e-004
+5.513768e+003	   -7.224035e-004
+5.522941e+003	   -7.659706e-004
+5.532130e+003	   -7.285955e-004
+5.541334e+003	   -7.860371e-004
+5.550553e+003	   -6.748092e-004
+5.559788e+003	   -7.120191e-004
+5.569038e+003	   -7.222980e-004
+5.578304e+003	   -7.495305e-004
+5.587584e+003	   -8.161764e-004
+5.596881e+003	   -7.633700e-004
+5.606192e+003	   -7.915745e-004
+5.615520e+003	   -7.692499e-004
+5.624863e+003	   -7.055140e-004
+5.634221e+003	   -7.048151e-004
+5.643595e+003	   -7.772710e-004
+5.652984e+003	   -7.598200e-004
+5.662390e+003	   -7.241212e-004
+5.671810e+003	   -7.398837e-004
+5.681247e+003	   -6.979846e-004
+5.690699e+003	   -7.267058e-004
+5.700167e+003	   -7.536638e-004
+5.709650e+003	   -7.057773e-004
+5.719150e+003	   -6.960580e-004
+5.728665e+003	   -6.892980e-004
+5.738196e+003	   -6.889187e-004
+5.747743e+003	   -7.710195e-004
+5.757306e+003	   -6.794623e-004
+5.766884e+003	   -8.034479e-004
+5.776479e+003	   -7.323681e-004
+5.786090e+003	   -7.204890e-004
+5.795716e+003	   -7.513859e-004
+5.805359e+003	   -7.896849e-004
+5.815018e+003	   -7.620715e-004
+5.824692e+003	   -7.617778e-004
+5.834383e+003	   -7.815465e-004
+5.844090e+003	   -7.372345e-004
+5.853813e+003	   -7.258090e-004
+5.863552e+003	   -7.061536e-004
+5.873308e+003	   -7.882089e-004
+5.883080e+003	   -7.848660e-004
+5.892868e+003	   -7.440688e-004
+5.902672e+003	   -8.263768e-004
+5.912492e+003	   -7.862630e-004
+5.922329e+003	   -7.728078e-004
+5.932183e+003	   -7.527265e-004
+5.942052e+003	   -7.843350e-004
+5.951938e+003	   -7.435848e-004
+5.961841e+003	   -7.917037e-004
+5.971760e+003	   -7.671968e-004
+5.981695e+003	   -8.726958e-004
+5.991647e+003	   -8.376897e-004
+6.001616e+003	   -7.876541e-004
+6.011601e+003	   -7.339239e-004
+6.021603e+003	   -8.182010e-004
+6.031621e+003	   -8.012069e-004
+6.041656e+003	   -7.825287e-004
+6.051708e+003	   -8.184842e-004
+6.061776e+003	   -8.447798e-004
+6.071862e+003	   -8.197578e-004
+6.081964e+003	   -8.878012e-004
+6.092083e+003	   -9.057937e-004
+6.102218e+003	   -8.766037e-004
+6.112371e+003	   -8.338071e-004
+6.122541e+003	   -8.268534e-004
+6.132727e+003	   -8.387762e-004
+6.142930e+003	   -8.432921e-004
+6.153150e+003	   -8.533454e-004
+6.163388e+003	   -8.584113e-004
+6.173642e+003	   -8.152921e-004
+6.183913e+003	   -8.315292e-004
+6.194202e+003	   -8.601101e-004
+6.204507e+003	   -8.172651e-004
+6.214830e+003	   -8.444639e-004
+6.225170e+003	   -9.207628e-004
+6.235527e+003	   -8.155997e-004
+6.245901e+003	   -8.473984e-004
+6.256293e+003	   -7.746055e-004
+6.266702e+003	   -8.437588e-004
+6.277128e+003	   -8.092255e-004
+6.287572e+003	   -7.876240e-004
+6.298033e+003	   -8.356082e-004
+6.308511e+003	   -8.703119e-004
+6.319007e+003	   -8.004121e-004
+6.329520e+003	   -7.755588e-004
+6.340051e+003	   -8.140579e-004
+6.350599e+003	   -8.341207e-004
+6.361165e+003	   -7.976103e-004
+6.371748e+003	   -7.709007e-004
+6.382349e+003	   -7.376499e-004
+6.392968e+003	   -7.569639e-004
+6.403604e+003	   -7.470608e-004
+6.414258e+003	   -8.036822e-004
+6.424930e+003	   -8.507637e-004
+6.435619e+003	   -7.253407e-004
+6.446326e+003	   -7.988302e-004
+6.457051e+003	   -8.124891e-004
+6.467794e+003	   -8.025481e-004
+6.478555e+003	   -8.145701e-004
+6.489333e+003	   -7.865551e-004
+6.500130e+003	   -8.003608e-004
+6.510945e+003	   -7.459989e-004
+6.521777e+003	   -8.082597e-004
+6.532628e+003	   -7.915351e-004
+6.543497e+003	   -8.181044e-004
+6.554383e+003	   -7.944310e-004
+6.565288e+003	   -6.883119e-004
+6.576211e+003	   -7.047037e-004
+6.587152e+003	   -7.623392e-004
+6.598112e+003	   -8.148638e-004
+6.609089e+003	   -8.176870e-004
+6.620085e+003	   -7.337427e-004
+6.631099e+003	   -8.270243e-004
+6.642132e+003	   -7.549883e-004
+6.653183e+003	   -7.779981e-004
+6.664252e+003	   -7.355597e-004
+6.675339e+003	   -7.714275e-004
+6.686445e+003	   -8.256921e-004
+6.697570e+003	   -8.185590e-004
+6.708713e+003	   -8.472645e-004
+6.719875e+003	   -7.739040e-004
+6.731055e+003	   -8.276438e-004
+6.742253e+003	   -7.678268e-004
+6.753471e+003	   -7.716736e-004
+6.764707e+003	   -8.377531e-004
+6.775962e+003	   -8.498471e-004
+6.787235e+003	   -8.732217e-004
+6.798527e+003	   -8.316468e-004
+6.809838e+003	   -8.865084e-004
+6.821168e+003	   -7.794433e-004
+6.832517e+003	   -8.425683e-004
+6.843885e+003	   -8.098778e-004
+6.855271e+003	   -8.091739e-004
+6.866677e+003	   -7.950944e-004
+6.878101e+003	   -8.743563e-004
+6.889544e+003	   -8.148538e-004
+6.901007e+003	   -7.474409e-004
+6.912488e+003	   -9.115774e-004
+6.923989e+003	   -8.762545e-004
+6.935509e+003	   -8.577831e-004
+6.947048e+003	   -7.677568e-004
+6.958606e+003	   -9.091721e-004
+6.970183e+003	   -9.393812e-004
+6.981780e+003	   -9.394256e-004
+6.993396e+003	   -8.960958e-004
+7.005031e+003	   -8.747499e-004
+7.016686e+003	   -9.555127e-004
+7.028359e+003	   -8.205248e-004
+7.040053e+003	   -9.874698e-004
+7.051766e+003	   -9.326476e-004
+7.063498e+003	   -9.485206e-004
+7.075250e+003	   -1.016450e-003
+7.087021e+003	   -9.298466e-004
+7.098813e+003	   -9.953607e-004
+7.110623e+003	   -9.623027e-004
+7.122454e+003	   -1.023173e-003
+7.134303e+003	   -9.818571e-004
+7.146173e+003	   -8.920289e-004
+7.158063e+003	   -1.008847e-003
+7.169972e+003	   -1.037380e-003
+7.181901e+003	   -9.353894e-004
+7.193850e+003	   -9.677480e-004
+7.205818e+003	   -1.000645e-003
+7.217807e+003	   -9.922601e-004
+7.229815e+003	   -9.524787e-004
+7.241844e+003	   -9.372585e-004
+7.253893e+003	   -1.059909e-003
+7.265961e+003	   -9.396366e-004
+7.278050e+003	   -9.242602e-004
+7.290159e+003	   -9.874259e-004
+7.302288e+003	   -9.237612e-004
+7.314437e+003	   -9.149705e-004
+7.326606e+003	   -1.064585e-003
+7.338796e+003	   -9.917705e-004
+7.351006e+003	   -9.425458e-004
+7.363236e+003	   -9.562413e-004
+7.375487e+003	   -9.885865e-004
+7.387758e+003	   -8.294092e-004
+7.400049e+003	   -9.742812e-004
+7.412361e+003	   -9.732902e-004
+7.424693e+003	   -9.695038e-004
+7.437046e+003	   -9.662184e-004
+7.449419e+003	   -9.158579e-004
+7.461813e+003	   -9.295527e-004
+7.474228e+003	   -9.576776e-004
+7.486663e+003	   -9.718633e-004
+7.499119e+003	   -9.438495e-004
+7.511596e+003	   -8.912188e-004
+7.524093e+003	   -9.841190e-004
+7.536611e+003	   -8.456802e-004
+7.549150e+003	   -9.190795e-004
+7.561710e+003	   -9.760882e-004
+7.574291e+003	   -9.999331e-004
+7.586893e+003	   -9.928382e-004
+7.599515e+003	   -9.714438e-004
+7.612159e+003	   -1.009036e-003
+7.624824e+003	   -9.437038e-004
+7.637509e+003	   -9.163909e-004
+7.650216e+003	   -9.322914e-004
+7.662944e+003	   -9.370750e-004
+7.675693e+003	   -1.005061e-003
+7.688464e+003	   -9.335000e-004
+7.701255e+003	   -9.440128e-004
+7.714068e+003	   -9.784313e-004
+7.726903e+003	   -9.834925e-004
+7.739758e+003	   -9.836731e-004
+7.752635e+003	   -9.576784e-004
+7.765534e+003	   -9.475637e-004
+7.778454e+003	   -9.475640e-004
+7.791395e+003	   -9.615796e-004
+7.804358e+003	   -9.085811e-004
+7.817342e+003	   -9.453605e-004
+7.830349e+003	   -9.010190e-004
+7.843376e+003	   -9.665696e-004
+7.856426e+003	   -1.014436e-003
+7.869497e+003	   -1.000664e-003
+7.882589e+003	   -1.002097e-003
+7.895704e+003	   -9.975095e-004
+7.908841e+003	   -1.021573e-003
+7.921999e+003	   -9.944027e-004
+7.935179e+003	   -1.056089e-003
+7.948381e+003	   -9.704605e-004
+7.961605e+003	   -1.002703e-003
+7.974852e+003	   -1.012468e-003
+7.988120e+003	   -9.881612e-004
+8.001410e+003	   -9.790467e-004
+8.014722e+003	   -1.047922e-003
+8.028057e+003	   -1.061535e-003
+8.041413e+003	   -1.072986e-003
+8.054792e+003	   -1.093092e-003
+8.068193e+003	   -1.077463e-003
+8.081617e+003	   -1.039029e-003
+8.095063e+003	   -1.154280e-003
+8.108531e+003	   -1.140548e-003
+8.122021e+003	   -1.062403e-003
+8.135534e+003	   -1.163584e-003
+8.149070e+003	   -1.133566e-003
+8.162627e+003	   -1.182526e-003
+8.176208e+003	   -1.078392e-003
+8.189811e+003	   -1.138877e-003
+8.203438e+003	   -1.126388e-003
+8.217086e+003	   -1.169672e-003
+8.230757e+003	   -1.120790e-003
+8.244450e+003	   -1.158946e-003
+8.258167e+003	   -1.108847e-003
+8.271906e+003	   -1.093850e-003
+8.285669e+003	   -1.114996e-003
+8.299454e+003	   -1.165965e-003
+8.313263e+003	   -1.190063e-003
+8.327094e+003	   -1.162653e-003
+8.340948e+003	   -1.136558e-003
+8.354825e+003	   -1.132614e-003
+8.368726e+003	   -1.167377e-003
+8.382648e+003	   -1.250798e-003
+8.396596e+003	   -1.212833e-003
+8.410565e+003	   -1.062266e-003
+8.424559e+003	   -1.148061e-003
+8.438574e+003	   -1.064166e-003
+8.452614e+003	   -1.177506e-003
+8.466678e+003	   -1.114542e-003
+8.480764e+003	   -1.193571e-003
+8.494874e+003	   -1.151019e-003
+8.509007e+003	   -1.188573e-003
+8.523164e+003	   -1.125292e-003
+8.537344e+003	   -1.107753e-003
+8.551548e+003	   -1.152558e-003
+8.565775e+003	   -1.110678e-003
+8.580027e+003	   -1.131053e-003
+8.594302e+003	   -1.214808e-003
+8.608601e+003	   -1.127088e-003
+8.622923e+003	   -1.102691e-003
+8.637270e+003	   -1.173459e-003
+8.651640e+003	   -1.225348e-003
+8.666034e+003	   -1.175539e-003
+8.680452e+003	   -1.184517e-003
+8.694895e+003	   -1.191715e-003
+8.709360e+003	   -1.254711e-003
+8.723851e+003	   -1.171838e-003
+8.738364e+003	   -1.255923e-003
+8.752903e+003	   -1.158663e-003
+8.767466e+003	   -1.176457e-003
+8.782053e+003	   -1.234845e-003
+8.796664e+003	   -1.238613e-003
+8.811299e+003	   -1.240712e-003
+8.825959e+003	   -1.174296e-003
+8.840643e+003	   -1.227210e-003
+8.855352e+003	   -1.281389e-003
+8.870085e+003	   -1.268768e-003
+8.884842e+003	   -1.333854e-003
+8.899624e+003	   -1.214017e-003
+8.914431e+003	   -1.297840e-003
+8.929263e+003	   -1.354201e-003
+8.944118e+003	   -1.287314e-003
+8.958999e+003	   -1.386892e-003
+8.973904e+003	   -1.315521e-003
+8.988835e+003	   -1.408130e-003
+9.003790e+003	   -1.400156e-003
+9.018771e+003	   -1.426026e-003
+9.033775e+003	   -1.399227e-003
+9.048805e+003	   -1.387505e-003
+9.063860e+003	   -1.440380e-003
+9.078940e+003	   -1.491798e-003
+9.094045e+003	   -1.449482e-003
+9.109175e+003	   -1.437388e-003
+9.124331e+003	   -1.507262e-003
+9.139511e+003	   -1.504452e-003
+9.154717e+003	   -1.542594e-003
+9.169948e+003	   -1.580423e-003
+9.185204e+003	   -1.537558e-003
+9.200486e+003	   -1.591595e-003
+9.215794e+003	   -1.517305e-003
+9.231126e+003	   -1.541120e-003
+9.246484e+003	   -1.499329e-003
+9.261868e+003	   -1.542337e-003
+9.277278e+003	   -1.547819e-003
+9.292713e+003	   -1.539436e-003
+9.308174e+003	   -1.456411e-003
+9.323660e+003	   -1.563419e-003
+9.339172e+003	   -1.517536e-003
+9.354710e+003	   -1.517102e-003
+9.370274e+003	   -1.579272e-003
+9.385864e+003	   -1.546245e-003
+9.401479e+003	   -1.437780e-003
+9.417121e+003	   -1.521668e-003
+9.432789e+003	   -1.503052e-003
+9.448482e+003	   -1.451380e-003
+9.464203e+003	   -1.508177e-003
+9.479949e+003	   -1.460227e-003
+9.495721e+003	   -1.544619e-003
+9.511520e+003	   -1.480742e-003
+9.527345e+003	   -1.486630e-003
+9.543195e+003	   -1.454688e-003
+9.559073e+003	   -1.514871e-003
+9.574977e+003	   -1.499750e-003
+9.590907e+003	   -1.564360e-003
+9.606864e+003	   -1.473770e-003
+9.622848e+003	   -1.420542e-003
+9.638857e+003	   -1.422975e-003
+9.654894e+003	   -1.466877e-003
+9.670957e+003	   -1.485723e-003
+9.687047e+003	   -1.431589e-003
+9.703164e+003	   -1.475204e-003
+9.719308e+003	   -1.497468e-003
+9.735479e+003	   -1.381852e-003
+9.751676e+003	   -1.573671e-003
+9.767899e+003	   -1.529074e-003
+9.784151e+003	   -1.507008e-003
+9.800430e+003	   -1.480169e-003
+9.816734e+003	   -1.509895e-003
+9.833067e+003	   -1.499962e-003
+9.849427e+003	   -1.467654e-003
+9.865814e+003	   -1.440398e-003
+9.882229e+003	   -1.587764e-003
+9.898670e+003	   -1.536848e-003
+9.915139e+003	   -1.484030e-003
+9.931635e+003	   -1.568951e-003
+9.948159e+003	   -1.499742e-003
+9.964710e+003	   -1.543706e-003
+9.981289e+003	   -1.570530e-003
+9.997895e+003	   -1.508973e-003
+1.001453e+004	   -1.673194e-003
+1.003119e+004	   -1.581333e-003
+1.004788e+004	   -1.588947e-003
+1.006460e+004	   -1.614890e-003
+1.008134e+004	   -1.593088e-003
+1.009812e+004	   -1.659317e-003
+1.011492e+004	   -1.509638e-003
+1.013174e+004	   -1.667996e-003
+1.014860e+004	   -1.679796e-003
+1.016549e+004	   -1.655376e-003
+1.018240e+004	   -1.614096e-003
+1.019934e+004	   -1.647081e-003
+1.021631e+004	   -1.647492e-003
+1.023331e+004	   -1.672634e-003
+1.025033e+004	   -1.721653e-003
+1.026739e+004	   -1.679754e-003
+1.028447e+004	   -1.612361e-003
+1.030158e+004	   -1.640561e-003
+1.031872e+004	   -1.521710e-003
+1.033589e+004	   -1.557975e-003
+1.035308e+004	   -1.605614e-003
+1.037031e+004	   -1.585479e-003
+1.038756e+004	   -1.619882e-003
+1.040484e+004	   -1.528063e-003
+1.042215e+004	   -1.592665e-003
+1.043949e+004	   -1.570992e-003
+1.045686e+004	   -1.555249e-003
+1.047426e+004	   -1.537521e-003
+1.049169e+004	   -1.622515e-003
+1.050914e+004	   -1.562601e-003
+1.052663e+004	   -1.520050e-003
+1.054414e+004	   -1.515083e-003
+1.056168e+004	   -1.457821e-003
+1.057925e+004	   -1.520592e-003
+1.059686e+004	   -1.507050e-003
+1.061449e+004	   -1.543622e-003
+1.063215e+004	   -1.502346e-003
+1.064983e+004	   -1.500013e-003
+1.066755e+004	   -1.465373e-003
+1.068530e+004	   -1.506673e-003
+1.070308e+004	   -1.463368e-003
+1.072089e+004	   -1.526237e-003
+1.073872e+004	   -1.452164e-003
+1.075659e+004	   -1.449489e-003
+1.077449e+004	   -1.435960e-003
+1.079241e+004	   -1.479230e-003
+1.081037e+004	   -1.476472e-003
+1.082835e+004	   -1.451341e-003
+1.084637e+004	   -1.481885e-003
+1.086442e+004	   -1.422185e-003
+1.088249e+004	   -1.499495e-003
+1.090060e+004	   -1.479759e-003
+1.091873e+004	   -1.506643e-003
+1.093690e+004	   -1.415909e-003
+1.095509e+004	   -1.377367e-003
+1.097332e+004	   -1.551615e-003
+1.099158e+004	   -1.579745e-003
+1.100987e+004	   -1.493880e-003
+1.102818e+004	   -1.607673e-003
+1.104653e+004	   -1.562827e-003
+1.106491e+004	   -1.468935e-003
+1.108332e+004	   -1.501062e-003
+1.110176e+004	   -1.461555e-003
+1.112023e+004	   -1.504106e-003
+1.113873e+004	   -1.523030e-003
+1.115726e+004	   -1.565980e-003
+1.117583e+004	   -1.525222e-003
+1.119442e+004	   -1.619750e-003
+1.121304e+004	   -1.515576e-003
+1.123170e+004	   -1.526345e-003
+1.125039e+004	   -1.550713e-003
+1.126910e+004	   -1.519407e-003
+1.128785e+004	   -1.494491e-003
+1.130663e+004	   -1.603622e-003
+1.132544e+004	   -1.555942e-003
+1.134429e+004	   -1.587009e-003
+1.136316e+004	   -1.508795e-003
+1.138207e+004	   -1.569449e-003
+1.140100e+004	   -1.460289e-003
+1.141997e+004	   -1.505607e-003
+1.143897e+004	   -1.496933e-003
+1.145800e+004	   -1.526362e-003
+1.147707e+004	   -1.448160e-003
+1.149616e+004	   -1.435396e-003
+1.151529e+004	   -1.511598e-003
+1.153445e+004	   -1.489158e-003
+1.155364e+004	   -1.490562e-003
+1.157286e+004	   -1.383346e-003
+1.159211e+004	   -1.466423e-003
+1.161140e+004	   -1.487741e-003
+1.163072e+004	   -1.413267e-003
+1.165007e+004	   -1.462186e-003
+1.166945e+004	   -1.416733e-003
+1.168887e+004	   -1.392525e-003
+1.170831e+004	   -1.417251e-003
+1.172779e+004	   -1.451025e-003
+1.174731e+004	   -1.460080e-003
+1.176685e+004	   -1.529233e-003
+1.178643e+004	   -1.542385e-003
+1.180604e+004	   -1.470793e-003
+1.182568e+004	   -1.486983e-003
+1.184535e+004	   -1.523624e-003
+1.186506e+004	   -1.557219e-003
+1.188480e+004	   -1.463701e-003
+1.190458e+004	   -1.456988e-003
+1.192438e+004	   -1.531354e-003
+1.194422e+004	   -1.502595e-003
+1.196409e+004	   -1.460097e-003
+1.198400e+004	   -1.529411e-003
+1.200394e+004	   -1.683939e-003
+1.202391e+004	   -1.577636e-003
+1.204391e+004	   -1.601023e-003
+1.206395e+004	   -1.542954e-003
+1.208402e+004	   -1.585300e-003
+1.210413e+004	   -1.659561e-003
+1.212427e+004	   -1.650742e-003
+1.214444e+004	   -1.676170e-003
+1.216464e+004	   -1.718395e-003
+1.218488e+004	   -1.718979e-003
+1.220515e+004	   -1.643321e-003
+1.222546e+004	   -1.718257e-003
+1.224580e+004	   -1.706326e-003
+1.226617e+004	   -1.731360e-003
+1.228658e+004	   -1.731523e-003
+1.230702e+004	   -1.710841e-003
+1.232750e+004	   -1.775009e-003
+1.234801e+004	   -1.628029e-003
+1.236855e+004	   -1.651615e-003
+1.238913e+004	   -1.663881e-003
+1.240974e+004	   -1.665238e-003
+1.243039e+004	   -1.594340e-003
+1.245107e+004	   -1.664249e-003
+1.247179e+004	   -1.650376e-003
+1.249254e+004	   -1.741920e-003
+1.251332e+004	   -1.616854e-003
+1.253414e+004	   -1.668361e-003
+1.255499e+004	   -1.641877e-003
+1.257588e+004	   -1.574666e-003
+1.259680e+004	   -1.556518e-003
+1.261776e+004	   -1.579746e-003
+1.263876e+004	   -1.593826e-003
+1.265978e+004	   -1.639319e-003
+1.268085e+004	   -1.483921e-003
+1.270194e+004	   -1.528320e-003
+1.272308e+004	   -1.556515e-003
+1.274424e+004	   -1.562147e-003
+1.276545e+004	   -1.541758e-003
+1.278669e+004	   -1.529334e-003
+1.280796e+004	   -1.475373e-003
+1.282927e+004	   -1.560229e-003
+1.285061e+004	   -1.559605e-003
+1.287199e+004	   -1.538310e-003
+1.289341e+004	   -1.558620e-003
+1.291486e+004	   -1.511623e-003
+1.293635e+004	   -1.529919e-003
+1.295787e+004	   -1.635502e-003
+1.297943e+004	   -1.543523e-003
+1.300102e+004	   -1.528446e-003
+1.302265e+004	   -1.551876e-003
+1.304432e+004	   -1.642052e-003
+1.306602e+004	   -1.535363e-003
+1.308776e+004	   -1.664080e-003
+1.310954e+004	   -1.572985e-003
+1.313135e+004	   -1.623650e-003
+1.315320e+004	   -1.511495e-003
+1.317508e+004	   -1.583093e-003
+1.319700e+004	   -1.588338e-003
+1.321896e+004	   -1.629200e-003
+1.324095e+004	   -1.703393e-003
+1.326298e+004	   -1.613193e-003
+1.328504e+004	   -1.721379e-003
+1.330715e+004	   -1.718241e-003
+1.332929e+004	   -1.693669e-003
+1.335146e+004	   -1.703374e-003
+1.337368e+004	   -1.640432e-003
+1.339593e+004	   -1.609927e-003
+1.341821e+004	   -1.625957e-003
+1.344054e+004	   -1.548460e-003
+1.346290e+004	   -1.486122e-003
+1.348530e+004	   -1.552937e-003
+1.350774e+004	   -1.546711e-003
+1.353021e+004	   -1.545589e-003
+1.355272e+004	   -1.578968e-003
+1.357527e+004	   -1.660448e-003
+1.359785e+004	   -1.588156e-003
+1.362048e+004	   -1.548673e-003
+1.364314e+004	   -1.507146e-003
+1.366584e+004	   -1.644362e-003
+1.368857e+004	   -1.545603e-003
+1.371135e+004	   -1.478065e-003
+1.373416e+004	   -1.571612e-003
+1.375701e+004	   -1.586264e-003
+1.377990e+004	   -1.549344e-003
+1.380282e+004	   -1.671954e-003
+1.382579e+004	   -1.571695e-003
+1.384879e+004	   -1.526142e-003
+1.387183e+004	   -1.570534e-003
+1.389491e+004	   -1.535448e-003
+1.391803e+004	   -1.537383e-003
+1.394119e+004	   -1.572533e-003
+1.396438e+004	   -1.587408e-003
+1.398761e+004	   -1.496463e-003
+1.401088e+004	   -1.534479e-003
+1.403420e+004	   -1.526464e-003
+1.405754e+004	   -1.586240e-003
+1.408093e+004	   -1.552122e-003
+1.410436e+004	   -1.626437e-003
+1.412783e+004	   -1.545383e-003
+1.415133e+004	   -1.635258e-003
+1.417488e+004	   -1.777323e-003
+1.419846e+004	   -1.687225e-003
+1.422208e+004	   -1.723249e-003
+1.424574e+004	   -1.694239e-003
+1.426945e+004	   -1.649315e-003
+1.429319e+004	   -1.665698e-003
+1.431697e+004	   -1.686257e-003
+1.434079e+004	   -1.720363e-003
+1.436465e+004	   -1.726681e-003
+1.438854e+004	   -1.681481e-003
+1.441248e+004	   -1.709208e-003
+1.443646e+004	   -1.678519e-003
+1.446048e+004	   -1.689698e-003
+1.448454e+004	   -1.675754e-003
+1.450864e+004	   -1.696632e-003
+1.453278e+004	   -1.710529e-003
+1.455696e+004	   -1.633677e-003
+1.458117e+004	   -1.693901e-003
+1.460543e+004	   -1.672569e-003
+1.462973e+004	   -1.659504e-003
+1.465407e+004	   -1.665187e-003
+1.467845e+004	   -1.663483e-003
+1.470288e+004	   -1.613071e-003
+1.472734e+004	   -1.672992e-003
+1.475184e+004	   -1.569756e-003
+1.477638e+004	   -1.728220e-003
+1.480097e+004	   -1.707769e-003
+1.482559e+004	   -1.710933e-003
+1.485026e+004	   -1.649440e-003
+1.487497e+004	   -1.662187e-003
+1.489971e+004	   -1.710948e-003
+1.492450e+004	   -1.634694e-003
+1.494933e+004	   -1.624870e-003
+1.497421e+004	   -1.691174e-003
+1.499912e+004	   -1.724397e-003
+1.502407e+004	   -1.681096e-003
+1.504907e+004	   -1.682713e-003
+1.507411e+004	   -1.704292e-003
+1.509919e+004	   -1.752504e-003
+1.512431e+004	   -1.822287e-003
+1.514947e+004	   -1.742410e-003
+1.517468e+004	   -1.652065e-003
+1.519992e+004	   -1.822276e-003
+1.522521e+004	   -1.783777e-003
+1.525054e+004	   -1.797115e-003
+1.527592e+004	   -1.884965e-003
+1.530133e+004	   -1.984381e-003
+1.532679e+004	   -1.791998e-003
+1.535229e+004	   -1.821021e-003
+1.537783e+004	   -1.855221e-003
+1.540342e+004	   -1.916626e-003
+1.542904e+004	   -1.861417e-003
+1.545471e+004	   -1.887170e-003
+1.548043e+004	   -1.865130e-003
+1.550618e+004	   -1.818955e-003
+1.553198e+004	   -1.838670e-003
+1.555782e+004	   -1.847743e-003
+1.558371e+004	   -1.731397e-003
+1.560963e+004	   -1.729230e-003
+1.563560e+004	   -1.688124e-003
+1.566162e+004	   -1.663152e-003
+1.568767e+004	   -1.717464e-003
+1.571377e+004	   -1.746300e-003
+1.573992e+004	   -1.765384e-003
+1.576611e+004	   -1.713747e-003
+1.579234e+004	   -1.737535e-003
+1.581861e+004	   -1.703896e-003
+1.584493e+004	   -1.591617e-003
+1.587129e+004	   -1.682910e-003
+1.589770e+004	   -1.689500e-003
+1.592415e+004	   -1.701385e-003
+1.595064e+004	   -1.736812e-003
+1.597718e+004	   -1.636258e-003
+1.600376e+004	   -1.656531e-003
+1.603039e+004	   -1.728531e-003
+1.605706e+004	   -1.661305e-003
+1.608377e+004	   -1.575284e-003
+1.611053e+004	   -1.612846e-003
+1.613733e+004	   -1.595753e-003
+1.616418e+004	   -1.725998e-003
+1.619108e+004	   -1.644874e-003
+1.621801e+004	   -1.648466e-003
+1.624500e+004	   -1.698967e-003
+1.627202e+004	   -1.722912e-003
+1.629910e+004	   -1.680477e-003
+1.632621e+004	   -1.756381e-003
+1.635338e+004	   -1.795583e-003
+1.638058e+004	   -1.759502e-003
+1.640784e+004	   -1.800124e-003
+1.643514e+004	   -1.767972e-003
+1.646248e+004	   -1.677256e-003
+1.648987e+004	   -1.661760e-003
+1.651730e+004	   -1.713414e-003
+1.654479e+004	   -1.710256e-003
+1.657231e+004	   -1.605618e-003
+1.659988e+004	   -1.661392e-003
+1.662750e+004	   -1.691526e-003
+1.665517e+004	   -1.535957e-003
+1.668288e+004	   -1.668441e-003
+1.671063e+004	   -1.551725e-003
+1.673843e+004	   -1.682343e-003
+1.676628e+004	   -1.578601e-003
+1.679418e+004	   -1.551429e-003
+1.682212e+004	   -1.476242e-003
+1.685011e+004	   -1.613720e-003
+1.687814e+004	   -1.605377e-003
+1.690622e+004	   -1.614351e-003
+1.693435e+004	   -1.525193e-003
+1.696252e+004	   -1.624213e-003
+1.699074e+004	   -1.548149e-003
+1.701901e+004	   -1.603185e-003
+1.704733e+004	   -1.661820e-003
+1.707569e+004	   -1.661462e-003
+1.710410e+004	   -1.560257e-003
+1.713256e+004	   -1.674050e-003
+1.716106e+004	   -1.615271e-003
+1.718961e+004	   -1.629506e-003
+1.721821e+004	   -1.555347e-003
+1.724686e+004	   -1.564099e-003
+1.727555e+004	   -1.641221e-003
+1.730430e+004	   -1.644109e-003
+1.733309e+004	   -1.707618e-003
+1.736192e+004	   -1.702984e-003
+1.739081e+004	   -1.723187e-003
+1.741974e+004	   -1.769604e-003
+1.744873e+004	   -1.711239e-003
+1.747776e+004	   -1.588779e-003
+1.750683e+004	   -1.753615e-003
+1.753596e+004	   -1.636661e-003
+1.756514e+004	   -1.691453e-003
+1.759436e+004	   -1.766087e-003
+1.762363e+004	   -1.696523e-003
+1.765296e+004	   -1.690946e-003
+1.768232e+004	   -1.644588e-003
+1.771174e+004	   -1.675225e-003
+1.774121e+004	   -1.706871e-003
+1.777073e+004	   -1.678237e-003
+1.780029e+004	   -1.676260e-003
+1.782991e+004	   -1.636902e-003
+1.785957e+004	   -1.745370e-003
+1.788929e+004	   -1.738822e-003
+1.791905e+004	   -1.714607e-003
+1.794886e+004	   -1.734209e-003
+1.797873e+004	   -1.769164e-003
+1.800864e+004	   -1.713779e-003
+1.803860e+004	   -1.815387e-003
+1.806861e+004	   -1.799597e-003
+1.809867e+004	   -1.781435e-003
+1.812879e+004	   -1.839139e-003
+1.815895e+004	   -1.845045e-003
+1.818916e+004	   -1.837054e-003
+1.821942e+004	   -1.840742e-003
+1.824973e+004	   -1.972382e-003
+1.828010e+004	   -1.918489e-003
+1.831051e+004	   -1.925385e-003
+1.834097e+004	   -1.974771e-003
+1.837149e+004	   -2.035391e-003
+1.840205e+004	   -1.967876e-003
+1.843267e+004	   -2.071093e-003
+1.846334e+004	   -2.004693e-003
+1.849406e+004	   -1.957274e-003
+1.852482e+004	   -1.981589e-003
+1.855565e+004	   -1.934623e-003
+1.858652e+004	   -1.938301e-003
+1.861744e+004	   -1.901634e-003
+1.864842e+004	   -1.892011e-003
+1.867944e+004	   -1.894762e-003
+1.871052e+004	   -1.924229e-003
+1.874165e+004	   -1.894195e-003
+1.877283e+004	   -1.888578e-003
+1.880406e+004	   -1.844377e-003
+1.883535e+004	   -1.789214e-003
+1.886669e+004	   -1.822301e-003
+1.889808e+004	   -1.719774e-003
+1.892952e+004	   -1.845523e-003
+1.896101e+004	   -1.770268e-003
+1.899256e+004	   -1.808621e-003
+1.902416e+004	   -1.802066e-003
+1.905581e+004	   -1.828094e-003
+1.908751e+004	   -1.785391e-003
+1.911927e+004	   -1.766024e-003
+1.915108e+004	   -1.789312e-003
+1.918294e+004	   -1.785979e-003
+1.921486e+004	   -1.781762e-003
+1.924682e+004	   -1.767615e-003
+1.927885e+004	   -1.878327e-003
+1.931092e+004	   -1.886900e-003
+1.934305e+004	   -1.837677e-003
+1.937523e+004	   -1.864220e-003
+1.940747e+004	   -1.795926e-003
+1.943976e+004	   -1.851312e-003
+1.947210e+004	   -1.818061e-003
+1.950450e+004	   -1.817317e-003
+1.953695e+004	   -1.861637e-003
+1.956945e+004	   -1.801464e-003
+1.960201e+004	   -1.787077e-003
+1.963462e+004	   -1.795300e-003
+1.966729e+004	   -1.712339e-003
+1.970001e+004	   -1.714875e-003
+1.973279e+004	   -1.786907e-003
+1.976562e+004	   -1.690738e-003
+1.979850e+004	   -1.823913e-003
+1.983144e+004	   -1.749394e-003
+1.986444e+004	   -1.692056e-003
+1.989749e+004	   -1.691974e-003
+1.993059e+004	   -1.605861e-003
+1.996375e+004	   -1.610593e-003
+1.999696e+004	   -1.696642e-003
+2.003023e+004	   -1.672024e-003
+2.006356e+004	   -1.764736e-003
+2.009694e+004	   -1.648601e-003
+2.013038e+004	   -1.645605e-003
+2.016387e+004	   -1.783419e-003
+2.019742e+004	   -1.811616e-003
+2.023102e+004	   -1.793454e-003
+2.026468e+004	   -1.760247e-003
+2.029839e+004	   -1.733693e-003
+2.033217e+004	   -1.705579e-003
+2.036599e+004	   -1.785960e-003
+2.039988e+004	   -1.780055e-003
+2.043382e+004	   -1.762184e-003
+2.046781e+004	   -1.802442e-003
+2.050187e+004	   -1.775631e-003
+2.053598e+004	   -1.814184e-003
+2.057014e+004	   -1.725379e-003
+2.060437e+004	   -1.796201e-003
+2.063865e+004	   -1.710540e-003
+2.067298e+004	   -1.640324e-003
+2.070738e+004	   -1.729342e-003
+2.074183e+004	   -1.644037e-003
+2.077634e+004	   -1.643444e-003
+2.081091e+004	   -1.713097e-003
+2.084553e+004	   -1.693396e-003
+2.088021e+004	   -1.671666e-003
+2.091495e+004	   -1.567515e-003
+2.094975e+004	   -1.578174e-003
+2.098461e+004	   -1.639023e-003
+2.101952e+004	   -1.471260e-003
+2.105449e+004	   -1.640388e-003
+2.108952e+004	   -1.687632e-003
+2.112461e+004	   -1.661280e-003
+2.115975e+004	   -1.655570e-003
+2.119496e+004	   -1.631143e-003
+2.123022e+004	   -1.602090e-003
+2.126554e+004	   -1.671495e-003
+2.130092e+004	   -1.719691e-003
+2.133636e+004	   -1.671765e-003
+2.137186e+004	   -1.647858e-003
+2.140742e+004	   -1.695890e-003
+2.144303e+004	   -1.816697e-003
+2.147871e+004	   -1.786242e-003
+2.151444e+004	   -1.701982e-003
+2.155024e+004	   -1.671200e-003
+2.158609e+004	   -1.748868e-003
+2.162201e+004	   -1.750167e-003
+2.165798e+004	   -1.634113e-003
+2.169401e+004	   -1.578894e-003
+2.173011e+004	   -1.581447e-003
+2.176626e+004	   -1.627025e-003
+2.180247e+004	   -1.619210e-003
+2.183875e+004	   -1.599487e-003
+2.187508e+004	   -1.476705e-003
+2.191148e+004	   -1.455975e-003
+2.194793e+004	   -1.516106e-003
+2.198445e+004	   -1.477545e-003
+2.202102e+004	   -1.431804e-003
+2.205766e+004	   -1.472640e-003
+2.209436e+004	   -1.415504e-003
+2.213112e+004	   -1.391360e-003
+2.216794e+004	   -1.352361e-003
+2.220482e+004	   -1.365955e-003
+2.224176e+004	   -1.346907e-003
+2.227877e+004	   -1.367269e-003
+2.231584e+004	   -1.291989e-003
+2.235296e+004	   -1.253257e-003
+2.239015e+004	   -1.372934e-003
+2.242740e+004	   -1.269977e-003
+2.246472e+004	   -1.383765e-003
+2.250209e+004	   -1.324144e-003
+2.253953e+004	   -1.323374e-003
+2.257703e+004	   -1.283719e-003
+2.261459e+004	   -1.262676e-003
+2.265222e+004	   -1.317450e-003
+2.268991e+004	   -1.197003e-003
+2.272766e+004	   -1.226081e-003
+2.276547e+004	   -1.300432e-003
+2.280335e+004	   -1.273655e-003
+2.284129e+004	   -1.251960e-003
+2.287929e+004	   -1.280685e-003
+2.291735e+004	   -1.206251e-003
+2.295548e+004	   -1.268739e-003
+2.299367e+004	   -1.207078e-003
+2.303193e+004	   -1.275765e-003
+2.307025e+004	   -1.267724e-003
+2.310863e+004	   -1.288831e-003
+2.314708e+004	   -1.225563e-003
+2.318559e+004	   -1.253854e-003
+2.322416e+004	   -1.274050e-003
+2.326280e+004	   -1.244957e-003
+2.330151e+004	   -1.303163e-003
+2.334027e+004	   -1.315784e-003
+2.337911e+004	   -1.382238e-003
+2.341800e+004	   -1.313466e-003
+2.345696e+004	   -1.253188e-003
+2.349599e+004	   -1.299840e-003
+2.353508e+004	   -1.410734e-003
+2.357424e+004	   -1.298578e-003
+2.361346e+004	   -1.358188e-003
+2.365275e+004	   -1.237634e-003
+2.369210e+004	   -1.372091e-003
+2.373152e+004	   -1.378073e-003
+2.377100e+004	   -1.213222e-003
+2.381055e+004	   -1.208496e-003
+2.385016e+004	   -1.138844e-003
+2.388985e+004	   -1.206161e-003
+2.392959e+004	   -1.279283e-003
+2.396940e+004	   -1.124840e-003
+2.400928e+004	   -1.150918e-003
+2.404923e+004	   -1.193858e-003
+2.408924e+004	   -1.298984e-003
+2.412932e+004	   -1.263363e-003
+2.416946e+004	   -1.249127e-003
+2.420968e+004	   -1.251334e-003
+2.424996e+004	   -1.318667e-003
+2.429030e+004	   -1.167810e-003
+2.433071e+004	   -1.258558e-003
+2.437119e+004	   -1.216754e-003
+2.441174e+004	   -1.284954e-003
+2.445236e+004	   -1.266554e-003
+2.449304e+004	   -1.221249e-003
+2.453379e+004	   -1.189008e-003
+2.457461e+004	   -1.262619e-003
+2.461549e+004	   -1.242102e-003
+2.465645e+004	   -1.244534e-003
+2.469747e+004	   -1.125834e-003
+2.473856e+004	   -1.174371e-003
+2.477972e+004	   -1.205722e-003
+2.482095e+004	   -1.182891e-003
+2.486224e+004	   -1.139889e-003
+2.490361e+004	   -1.147249e-003
+2.494504e+004	   -1.181962e-003
+2.498654e+004	   -1.157549e-003
+2.502811e+004	   -1.084259e-003
+2.506975e+004	   -1.188718e-003
+2.511146e+004	   -1.154408e-003
+2.515324e+004	   -1.122350e-003
+2.519509e+004	   -1.126209e-003
+2.523701e+004	   -1.191032e-003
+2.527900e+004	   -1.169794e-003
+2.532105e+004	   -1.165847e-003
+2.536318e+004	   -1.199953e-003
+2.540538e+004	   -1.213833e-003
+2.544765e+004	   -1.230034e-003
+2.548999e+004	   -1.236476e-003
+2.553239e+004	   -1.138110e-003
+2.557488e+004	   -1.198276e-003
+2.561742e+004	   -1.047075e-003
+2.566004e+004	   -1.189565e-003
+2.570274e+004	   -1.127064e-003
+2.574550e+004	   -1.271799e-003
+2.578833e+004	   -1.132331e-003
+2.583124e+004	   -1.131426e-003
+2.587422e+004	   -1.135610e-003
+2.591726e+004	   -1.212155e-003
+2.596038e+004	   -1.236552e-003
+2.600358e+004	   -1.113377e-003
+2.604684e+004	   -1.149237e-003
+2.609017e+004	   -1.211199e-003
+2.613358e+004	   -1.167071e-003
+2.617706e+004	   -1.155277e-003
+2.622061e+004	   -1.114038e-003
+2.626424e+004	   -1.102330e-003
+2.630794e+004	   -1.137411e-003
+2.635171e+004	   -1.065173e-003
+2.639555e+004	   -1.077000e-003
+2.643946e+004	   -1.090624e-003
+2.648345e+004	   -1.050799e-003
+2.652751e+004	   -1.045550e-003
+2.657165e+004	   -1.004544e-003
+2.661586e+004	   -1.044153e-003
+2.666014e+004	   -1.066487e-003
+2.670449e+004	   -1.009748e-003
+2.674892e+004	   -1.031839e-003
+2.679343e+004	   -1.088667e-003
+2.683800e+004	   -9.424189e-004
+2.688266e+004	   -1.001143e-003
+2.692738e+004	   -9.690894e-004
+2.697218e+004	   -1.110159e-003
+2.701706e+004	   -1.041240e-003
+2.706201e+004	   -9.920991e-004
+2.710703e+004	   -1.018963e-003
+2.715213e+004	   -9.596417e-004
+2.719730e+004	   -9.433602e-004
+2.724255e+004	   -1.006837e-003
+2.728788e+004	   -9.888068e-004
+2.733328e+004	   -9.785221e-004
+2.737876e+004	   -9.778562e-004
+2.742431e+004	   -9.414423e-004
+2.746993e+004	   -9.580936e-004
+2.751564e+004	   -1.001917e-003
+2.756142e+004	   -9.374604e-004
+2.760727e+004	   -1.051182e-003
+2.765320e+004	   -1.026622e-003
+2.769921e+004	   -9.161077e-004
+2.774529e+004	   -9.899185e-004
+2.779146e+004	   -8.402154e-004
+2.783769e+004	   -9.903295e-004
+2.788401e+004	   -9.234768e-004
+2.793040e+004	   -9.296139e-004
+2.797687e+004	   -8.740154e-004
+2.802342e+004	   -7.970884e-004
+2.807004e+004	   -9.652078e-004
+2.811674e+004	   -9.363459e-004
+2.816352e+004	   -9.145404e-004
+2.821038e+004	   -8.729360e-004
+2.825731e+004	   -7.731642e-004
+2.830433e+004	   -8.798775e-004
+2.835142e+004	   -8.434615e-004
+2.839859e+004	   -8.608605e-004
+2.844583e+004	   -8.889290e-004
+2.849316e+004	   -8.046900e-004
+2.854057e+004	   -7.722026e-004
+2.858805e+004	   -7.999846e-004
+2.863561e+004	   -7.879251e-004
+2.868326e+004	   -7.656203e-004
+2.873098e+004	   -7.503264e-004
+2.877878e+004	   -8.086787e-004
+2.882666e+004	   -8.304293e-004
+2.887462e+004	   -7.781681e-004
+2.892266e+004	   -8.162771e-004
+2.897078e+004	   -8.565641e-004
+2.901898e+004	   -7.863523e-004
+2.906726e+004	   -8.517808e-004
+2.911562e+004	   -8.755963e-004
+2.916406e+004	   -8.029773e-004
+2.921258e+004	   -9.157010e-004
+2.926119e+004	   -9.199020e-004
+2.930987e+004	   -9.100036e-004
+2.935863e+004	   -9.214150e-004
+2.940748e+004	   -8.805177e-004
+2.945640e+004	   -9.273394e-004
+2.950541e+004	   -9.749637e-004
+2.955450e+004	   -9.555039e-004
+2.960367e+004	   -1.021677e-003
+2.965293e+004	   -9.716520e-004
+2.970226e+004	   -1.024729e-003
+2.975168e+004	   -9.571615e-004
+2.980118e+004	   -1.050216e-003
+2.985076e+004	   -1.087167e-003
+2.990042e+004	   -1.167206e-003
+2.995017e+004	   -1.028553e-003
+3.000000e+004	   -1.063441e-003
