+2.600000e+003	   +2.452090e-004
+2.601000e+003	   +2.726710e-004
+2.602000e+003	   +2.853686e-004
+2.603000e+003	   +2.779736e-004
+2.604000e+003	   +2.884485e-004
+2.605000e+003	   +3.003165e-004
+2.606000e+003	   +2.855012e-004
+2.607000e+003	   +2.851113e-004
+2.608000e+003	   +2.801473e-004
+2.609000e+003	   +2.690256e-004
+2.610000e+003	   +2.966192e-004
+2.611000e+003	   +3.400722e-004
+2.612000e+003	   +3.482628e-004
+2.613000e+003	   +3.409965e-004
+2.614000e+003	   +3.367000e-004
+2.615000e+003	   +3.182564e-004
+2.616000e+003	   +2.982306e-004
+2.617000e+003	   +2.982599e-004
+2.618000e+003	   +2.945756e-004
+2.619000e+003	   +2.735227e-004
+2.620000e+003	   +2.592238e-004
+2.621000e+003	   +2.424574e-004
+2.622000e+003	   +2.427607e-004
+2.623000e+003	   +2.504772e-004
+2.624000e+003	   +2.390837e-004
+2.625000e+003	   +2.341926e-004
+2.626000e+003	   +2.346770e-004
+2.627000e+003	   +2.460839e-004
+2.628000e+003	   +2.496517e-004
+2.629000e+003	   +2.544640e-004
+2.630000e+003	   +2.677295e-004
+2.631000e+003	   +2.775698e-004
+2.632000e+003	   +2.502000e-004
+2.633000e+003	   +2.433858e-004
+2.634000e+003	   +2.807418e-004
+2.635000e+003	   +2.866319e-004
+2.636000e+003	   +2.923243e-004
+2.637000e+003	   +2.749603e-004
+2.638000e+003	   +2.608771e-004
+2.639000e+003	   +2.719273e-004
+2.640000e+003	   +2.924578e-004
+2.641000e+003	   +2.857566e-004
+2.642000e+003	   +2.779341e-004
+2.643000e+003	   +2.694869e-004
+2.644000e+003	   +2.566021e-004
+2.645000e+003	   +2.623766e-004
+2.646000e+003	   +2.692237e-004
+2.647000e+003	   +2.582533e-004
+2.648000e+003	   +2.495738e-004
+2.649000e+003	   +2.430582e-004
+2.650000e+003	   +2.324873e-004
+2.651000e+003	   +2.447121e-004
+2.652000e+003	   +2.517749e-004
+2.653000e+003	   +2.436915e-004
+2.654000e+003	   +2.352116e-004
+2.655000e+003	   +2.508916e-004
+2.656000e+003	   +2.567898e-004
+2.657000e+003	   +2.559100e-004
+2.658000e+003	   +2.622536e-004
+2.659000e+003	   +2.568436e-004
+2.660000e+003	   +2.598080e-004
+2.661000e+003	   +2.577916e-004
+2.662000e+003	   +2.579245e-004
+2.663000e+003	   +2.857486e-004
+2.664000e+003	   +2.932978e-004
+2.665000e+003	   +2.558591e-004
+2.666000e+003	   +2.217436e-004
+2.667000e+003	   +2.245873e-004
+2.668000e+003	   +2.356662e-004
+2.669000e+003	   +2.332765e-004
+2.670000e+003	   +2.358594e-004
+2.671000e+003	   +2.509913e-004
+2.672000e+003	   +2.553136e-004
+2.673000e+003	   +2.506484e-004
+2.674000e+003	   +2.771873e-004
+2.675000e+003	   +2.748497e-004
+2.676000e+003	   +2.722830e-004
+2.677000e+003	   +2.944951e-004
+2.678000e+003	   +3.106286e-004
+2.679000e+003	   +3.352424e-004
+2.680000e+003	   +3.302026e-004
+2.681000e+003	   +3.005843e-004
+2.682000e+003	   +2.994599e-004
+2.683000e+003	   +2.838242e-004
+2.684000e+003	   +2.582786e-004
+2.685000e+003	   +2.465967e-004
+2.686000e+003	   +2.280946e-004
+2.687000e+003	   +2.384550e-004
+2.688000e+003	   +2.597018e-004
+2.689000e+003	   +2.581371e-004
+2.690000e+003	   +2.499721e-004
+2.691000e+003	   +2.367957e-004
+2.692000e+003	   +2.205914e-004
+2.693000e+003	   +2.267504e-004
+2.694000e+003	   +2.296960e-004
+2.695000e+003	   +2.217107e-004
+2.696000e+003	   +2.229797e-004
+2.697000e+003	   +2.490308e-004
+2.698000e+003	   +2.702425e-004
+2.699000e+003	   +2.658602e-004
+2.700000e+003	   +2.599157e-004
+2.701000e+003	   +2.553861e-004
+2.702000e+003	   +2.381599e-004
+2.703000e+003	   +2.254936e-004
+2.704000e+003	   +2.453653e-004
+2.705000e+003	   +2.538743e-004
+2.706000e+003	   +2.381044e-004
+2.707000e+003	   +2.121105e-004
+2.708000e+003	   +1.959569e-004
+2.709000e+003	   +2.184469e-004
+2.710000e+003	   +2.420451e-004
+2.711000e+003	   +2.204386e-004
+2.712000e+003	   +2.098067e-004
+2.713000e+003	   +2.063898e-004
+2.714000e+003	   +2.100504e-004
+2.715000e+003	   +2.052085e-004
+2.716000e+003	   +1.958657e-004
+2.717000e+003	   +1.882144e-004
+2.718000e+003	   +1.703631e-004
+2.719000e+003	   +1.819896e-004
+2.720000e+003	   +2.039131e-004
+2.721000e+003	   +2.215986e-004
+2.722000e+003	   +2.328936e-004
+2.723000e+003	   +2.401108e-004
+2.724000e+003	   +2.379319e-004
+2.725000e+003	   +2.224316e-004
+2.726000e+003	   +2.140872e-004
+2.727000e+003	   +2.306596e-004
+2.728000e+003	   +2.377513e-004
+2.729000e+003	   +2.255217e-004
+2.730000e+003	   +2.079173e-004
+2.731000e+003	   +2.034429e-004
+2.732000e+003	   +2.211057e-004
+2.733000e+003	   +2.581806e-004
+2.734000e+003	   +2.635637e-004
+2.735000e+003	   +2.403306e-004
+2.736000e+003	   +2.297276e-004
+2.737000e+003	   +2.445853e-004
+2.738000e+003	   +2.497137e-004
+2.739000e+003	   +2.405627e-004
+2.740000e+003	   +2.329326e-004
+2.741000e+003	   +2.361576e-004
+2.742000e+003	   +2.315243e-004
+2.743000e+003	   +2.175667e-004
+2.744000e+003	   +2.097429e-004
+2.745000e+003	   +1.983989e-004
+2.746000e+003	   +1.833462e-004
+2.747000e+003	   +1.949631e-004
+2.748000e+003	   +1.936396e-004
+2.749000e+003	   +1.872691e-004
+2.750000e+003	   +1.871386e-004
+2.751000e+003	   +1.832102e-004
+2.752000e+003	   +1.978446e-004
+2.753000e+003	   +2.130392e-004
+2.754000e+003	   +2.024831e-004
+2.755000e+003	   +1.970255e-004
+2.756000e+003	   +1.895753e-004
+2.757000e+003	   +1.993110e-004
+2.758000e+003	   +2.066251e-004
+2.759000e+003	   +1.982460e-004
+2.760000e+003	   +1.870643e-004
+2.761000e+003	   +1.791444e-004
+2.762000e+003	   +1.672210e-004
+2.763000e+003	   +1.501530e-004
+2.764000e+003	   +1.400679e-004
+2.765000e+003	   +1.551080e-004
+2.766000e+003	   +1.694720e-004
+2.767000e+003	   +1.839608e-004
+2.768000e+003	   +1.811932e-004
+2.769000e+003	   +1.841069e-004
+2.770000e+003	   +1.915307e-004
+2.771000e+003	   +1.886013e-004
+2.772000e+003	   +1.842745e-004
+2.773000e+003	   +1.895368e-004
+2.774000e+003	   +1.929088e-004
+2.775000e+003	   +2.026290e-004
+2.776000e+003	   +2.040833e-004
+2.777000e+003	   +1.942496e-004
+2.778000e+003	   +1.756425e-004
+2.779000e+003	   +1.604847e-004
+2.780000e+003	   +1.603714e-004
+2.781000e+003	   +1.729996e-004
+2.782000e+003	   +1.965961e-004
+2.783000e+003	   +1.982047e-004
+2.784000e+003	   +1.817505e-004
+2.785000e+003	   +1.867665e-004
+2.786000e+003	   +1.833223e-004
+2.787000e+003	   +1.854087e-004
+2.788000e+003	   +1.914223e-004
+2.789000e+003	   +1.871972e-004
+2.790000e+003	   +1.821666e-004
+2.791000e+003	   +1.651292e-004
+2.792000e+003	   +1.518479e-004
+2.793000e+003	   +1.507299e-004
+2.794000e+003	   +1.525272e-004
+2.795000e+003	   +1.717526e-004
+2.796000e+003	   +1.966064e-004
+2.797000e+003	   +2.040129e-004
+2.798000e+003	   +2.026537e-004
+2.799000e+003	   +1.947339e-004
+2.800000e+003	   +1.975634e-004
+2.801000e+003	   +1.855311e-004
+2.802000e+003	   +1.661376e-004
+2.803000e+003	   +1.483230e-004
+2.804000e+003	   +1.402959e-004
+2.805000e+003	   +1.533225e-004
+2.806000e+003	   +1.634958e-004
+2.807000e+003	   +1.610662e-004
+2.808000e+003	   +1.528266e-004
+2.809000e+003	   +1.373159e-004
+2.810000e+003	   +1.255737e-004
+2.811000e+003	   +1.423191e-004
+2.812000e+003	   +1.592017e-004
+2.813000e+003	   +1.830079e-004
+2.814000e+003	   +1.898036e-004
+2.815000e+003	   +1.737482e-004
+2.816000e+003	   +1.525989e-004
+2.817000e+003	   +1.374961e-004
+2.818000e+003	   +1.304199e-004
+2.819000e+003	   +1.321844e-004
+2.820000e+003	   +1.304974e-004
+2.821000e+003	   +1.300706e-004
+2.822000e+003	   +1.383828e-004
+2.823000e+003	   +1.306222e-004
+2.824000e+003	   +1.216898e-004
+2.825000e+003	   +1.233368e-004
+2.826000e+003	   +1.317790e-004
+2.827000e+003	   +1.377740e-004
+2.828000e+003	   +1.538207e-004
+2.829000e+003	   +1.560276e-004
+2.830000e+003	   +1.450361e-004
+2.831000e+003	   +1.417087e-004
+2.832000e+003	   +1.390440e-004
+2.833000e+003	   +1.303613e-004
+2.834000e+003	   +1.275163e-004
+2.835000e+003	   +1.368777e-004
+2.836000e+003	   +1.360818e-004
+2.837000e+003	   +1.333141e-004
+2.838000e+003	   +1.397446e-004
+2.839000e+003	   +1.544383e-004
+2.840000e+003	   +1.491468e-004
+2.841000e+003	   +1.348814e-004
+2.842000e+003	   +1.403559e-004
+2.843000e+003	   +1.445763e-004
+2.844000e+003	   +1.521990e-004
+2.845000e+003	   +1.439238e-004
+2.846000e+003	   +1.339934e-004
+2.847000e+003	   +1.308858e-004
+2.848000e+003	   +1.135597e-004
+2.849000e+003	   +1.016502e-004
+2.850000e+003	   +1.074427e-004
+2.851000e+003	   +1.110387e-004
+2.852000e+003	   +1.073081e-004
+2.853000e+003	   +1.103773e-004
+2.854000e+003	   +1.213677e-004
+2.855000e+003	   +1.248544e-004
+2.856000e+003	   +1.249259e-004
+2.857000e+003	   +1.272463e-004
+2.858000e+003	   +1.313789e-004
+2.859000e+003	   +1.331797e-004
+2.860000e+003	   +1.186849e-004
+2.861000e+003	   +1.087293e-004
+2.862000e+003	   +1.163025e-004
+2.863000e+003	   +1.106896e-004
+2.864000e+003	   +1.065826e-004
+2.865000e+003	   +1.023661e-004
+2.866000e+003	   +9.680920e-005
+2.867000e+003	   +1.028345e-004
+2.868000e+003	   +1.134467e-004
+2.869000e+003	   +1.093619e-004
+2.870000e+003	   +1.055369e-004
+2.871000e+003	   +1.073944e-004
+2.872000e+003	   +1.070972e-004
+2.873000e+003	   +1.011509e-004
+2.874000e+003	   +9.619371e-005
+2.875000e+003	   +9.329496e-005
+2.876000e+003	   +9.896475e-005
+2.877000e+003	   +1.111381e-004
+2.878000e+003	   +1.152934e-004
+2.879000e+003	   +1.145548e-004
+2.880000e+003	   +1.169839e-004
+2.881000e+003	   +1.199873e-004
+2.882000e+003	   +1.197673e-004
+2.883000e+003	   +1.138790e-004
+2.884000e+003	   +1.175339e-004
+2.885000e+003	   +1.313636e-004
+2.886000e+003	   +1.336980e-004
+2.887000e+003	   +1.376167e-004
+2.888000e+003	   +1.509415e-004
+2.889000e+003	   +1.464156e-004
+2.890000e+003	   +1.251094e-004
+2.891000e+003	   +1.275625e-004
+2.892000e+003	   +1.320059e-004
+2.893000e+003	   +1.247546e-004
+2.894000e+003	   +1.194556e-004
+2.895000e+003	   +1.177606e-004
+2.896000e+003	   +1.239859e-004
+2.897000e+003	   +1.170935e-004
+2.898000e+003	   +1.089536e-004
+2.899000e+003	   +1.126597e-004
+2.900000e+003	   +1.205026e-004
+2.901000e+003	   +1.331875e-004
+2.902000e+003	   +1.366021e-004
+2.903000e+003	   +1.275599e-004
+2.904000e+003	   +1.173699e-004
+2.905000e+003	   +1.141975e-004
+2.906000e+003	   +1.193561e-004
+2.907000e+003	   +1.128882e-004
+2.908000e+003	   +1.071302e-004
+2.909000e+003	   +1.063717e-004
+2.910000e+003	   +1.257337e-004
+2.911000e+003	   +1.509447e-004
+2.912000e+003	   +1.477955e-004
+2.913000e+003	   +1.269052e-004
+2.914000e+003	   +1.185672e-004
+2.915000e+003	   +1.199339e-004
+2.916000e+003	   +1.269869e-004
+2.917000e+003	   +1.187482e-004
+2.918000e+003	   +1.198224e-004
+2.919000e+003	   +1.389585e-004
+2.920000e+003	   +1.424696e-004
+2.921000e+003	   +1.278145e-004
+2.922000e+003	   +1.260930e-004
+2.923000e+003	   +1.289115e-004
+2.924000e+003	   +1.217721e-004
+2.925000e+003	   +1.183833e-004
+2.926000e+003	   +1.308426e-004
+2.927000e+003	   +1.468618e-004
+2.928000e+003	   +1.426485e-004
+2.929000e+003	   +1.166907e-004
+2.930000e+003	   +1.022429e-004
+2.931000e+003	   +1.043921e-004
+2.932000e+003	   +1.026974e-004
+2.933000e+003	   +1.023077e-004
+2.934000e+003	   +1.153243e-004
+2.935000e+003	   +1.221418e-004
+2.936000e+003	   +1.151507e-004
+2.937000e+003	   +1.084672e-004
+2.938000e+003	   +9.731904e-005
+2.939000e+003	   +9.903160e-005
+2.940000e+003	   +1.163304e-004
+2.941000e+003	   +1.225026e-004
+2.942000e+003	   +1.205957e-004
+2.943000e+003	   +1.189674e-004
+2.944000e+003	   +1.195236e-004
+2.945000e+003	   +1.111022e-004
+2.946000e+003	   +1.051284e-004
+2.947000e+003	   +1.061016e-004
+2.948000e+003	   +1.139485e-004
+2.949000e+003	   +1.202129e-004
+2.950000e+003	   +1.222750e-004
+2.951000e+003	   +1.282501e-004
+2.952000e+003	   +1.312901e-004
+2.953000e+003	   +1.316980e-004
+2.954000e+003	   +1.361690e-004
+2.955000e+003	   +1.325736e-004
+2.956000e+003	   +1.161620e-004
+2.957000e+003	   +1.137125e-004
+2.958000e+003	   +1.269565e-004
+2.959000e+003	   +1.263846e-004
+2.960000e+003	   +1.171532e-004
+2.961000e+003	   +1.245378e-004
+2.962000e+003	   +1.347466e-004
+2.963000e+003	   +1.180794e-004
+2.964000e+003	   +1.103681e-004
+2.965000e+003	   +1.182421e-004
+2.966000e+003	   +1.172457e-004
+2.967000e+003	   +1.129968e-004
+2.968000e+003	   +1.175437e-004
+2.969000e+003	   +1.152293e-004
+2.970000e+003	   +1.135788e-004
+2.971000e+003	   +1.216449e-004
+2.972000e+003	   +1.272559e-004
+2.973000e+003	   +1.109333e-004
+2.974000e+003	   +1.057880e-004
+2.975000e+003	   +1.087861e-004
+2.976000e+003	   +1.100749e-004
+2.977000e+003	   +1.134103e-004
+2.978000e+003	   +1.146116e-004
+2.979000e+003	   +1.197062e-004
+2.980000e+003	   +1.123407e-004
+2.981000e+003	   +1.033459e-004
+2.982000e+003	   +1.044472e-004
+2.983000e+003	   +1.141656e-004
+2.984000e+003	   +1.212125e-004
+2.985000e+003	   +1.223542e-004
+2.986000e+003	   +1.224877e-004
+2.987000e+003	   +1.251125e-004
+2.988000e+003	   +1.242679e-004
+2.989000e+003	   +1.154675e-004
+2.990000e+003	   +1.101607e-004
+2.991000e+003	   +1.154395e-004
+2.992000e+003	   +1.235992e-004
+2.993000e+003	   +1.273304e-004
+2.994000e+003	   +1.345985e-004
+2.995000e+003	   +1.332790e-004
+2.996000e+003	   +1.277208e-004
+2.997000e+003	   +1.240955e-004
+2.998000e+003	   +1.279978e-004
+2.999000e+003	   +1.367168e-004
+3.000000e+003	   +1.512713e-004
+3.001000e+003	   +1.598282e-004
+3.002000e+003	   +1.489554e-004
+3.003000e+003	   +1.379457e-004
+3.004000e+003	   +1.439354e-004
+3.005000e+003	   +1.644729e-004
+3.006000e+003	   +1.707873e-004
+3.007000e+003	   +1.671285e-004
+3.008000e+003	   +1.628277e-004
+3.009000e+003	   +1.470901e-004
+3.010000e+003	   +1.432298e-004
+3.011000e+003	   +1.571565e-004
+3.012000e+003	   +1.762743e-004
+3.013000e+003	   +1.940972e-004
+3.014000e+003	   +2.064318e-004
+3.015000e+003	   +2.092695e-004
+3.016000e+003	   +2.082687e-004
+3.017000e+003	   +2.102446e-004
+3.018000e+003	   +2.044916e-004
+3.019000e+003	   +2.039952e-004
+3.020000e+003	   +2.373305e-004
+3.021000e+003	   +2.331754e-004
+3.022000e+003	   +1.892601e-004
+3.023000e+003	   +1.649916e-004
+3.024000e+003	   +1.620748e-004
+3.025000e+003	   +1.692235e-004
+3.026000e+003	   +1.720927e-004
+3.027000e+003	   +1.780721e-004
+3.028000e+003	   +1.930416e-004
+3.029000e+003	   +2.100187e-004
+3.030000e+003	   +2.152212e-004
+3.031000e+003	   +2.184884e-004
+3.032000e+003	   +2.340054e-004
+3.033000e+003	   +2.325901e-004
+3.034000e+003	   +2.246964e-004
+3.035000e+003	   +2.381260e-004
+3.036000e+003	   +2.513528e-004
+3.037000e+003	   +2.728093e-004
+3.038000e+003	   +2.609738e-004
+3.039000e+003	   +2.416175e-004
+3.040000e+003	   +2.472273e-004
+3.041000e+003	   +2.474435e-004
+3.042000e+003	   +2.409912e-004
+3.043000e+003	   +2.459591e-004
+3.044000e+003	   +2.390345e-004
+3.045000e+003	   +2.227701e-004
+3.046000e+003	   +2.047008e-004
+3.047000e+003	   +2.120997e-004
+3.048000e+003	   +2.211135e-004
+3.049000e+003	   +2.180877e-004
+3.050000e+003	   +2.165179e-004
+3.051000e+003	   +2.163016e-004
+3.052000e+003	   +2.193798e-004
+3.053000e+003	   +2.279777e-004
+3.054000e+003	   +2.561467e-004
+3.055000e+003	   +2.831554e-004
+3.056000e+003	   +3.028906e-004
+3.057000e+003	   +3.261941e-004
+3.058000e+003	   +3.234764e-004
+3.059000e+003	   +3.057355e-004
+3.060000e+003	   +3.367806e-004
+3.061000e+003	   +3.460511e-004
+3.062000e+003	   +3.540310e-004
+3.063000e+003	   +3.615824e-004
+3.064000e+003	   +3.225028e-004
+3.065000e+003	   +2.836892e-004
+3.066000e+003	   +3.120256e-004
+3.067000e+003	   +3.641672e-004
+3.068000e+003	   +3.767178e-004
+3.069000e+003	   +3.894568e-004
+3.070000e+003	   +4.057440e-004
+3.071000e+003	   +3.928908e-004
+3.072000e+003	   +3.769876e-004
+3.073000e+003	   +3.814962e-004
+3.074000e+003	   +3.423395e-004
+3.075000e+003	   +3.125039e-004
+3.076000e+003	   +3.052314e-004
+3.077000e+003	   +3.164648e-004
+3.078000e+003	   +3.631296e-004
+3.079000e+003	   +3.999955e-004
+3.080000e+003	   +4.197589e-004
+3.081000e+003	   +4.017614e-004
+3.082000e+003	   +3.749702e-004
+3.083000e+003	   +3.821419e-004
+3.084000e+003	   +3.738790e-004
+3.085000e+003	   +3.904101e-004
+3.086000e+003	   +4.142426e-004
+3.087000e+003	   +4.142908e-004
+3.088000e+003	   +4.181305e-004
+3.089000e+003	   +4.345264e-004
+3.090000e+003	   +4.250314e-004
+3.091000e+003	   +4.222926e-004
+3.092000e+003	   +4.114885e-004
+3.093000e+003	   +3.911794e-004
+3.094000e+003	   +3.800103e-004
+3.095000e+003	   +3.869993e-004
+3.096000e+003	   +3.835784e-004
+3.097000e+003	   +3.658258e-004
+3.098000e+003	   +3.500567e-004
+3.099000e+003	   +3.442148e-004
+3.100000e+003	   +3.605463e-004
+3.101000e+003	   +3.684789e-004
+3.102000e+003	   +3.809410e-004
+3.103000e+003	   +3.867875e-004
+3.104000e+003	   +3.660627e-004
+3.105000e+003	   +3.806325e-004
+3.106000e+003	   +4.066080e-004
+3.107000e+003	   +4.205664e-004
+3.108000e+003	   +4.343225e-004
+3.109000e+003	   +4.167025e-004
+3.110000e+003	   +3.931003e-004
+3.111000e+003	   +3.957176e-004
+3.112000e+003	   +4.154471e-004
+3.113000e+003	   +4.269041e-004
+3.114000e+003	   +3.741407e-004
+3.115000e+003	   +3.301218e-004
+3.116000e+003	   +3.175285e-004
+3.117000e+003	   +3.426935e-004
+3.118000e+003	   +3.847126e-004
+3.119000e+003	   +3.806325e-004
+3.120000e+003	   +3.626416e-004
+3.121000e+003	   +3.460403e-004
+3.122000e+003	   +3.171772e-004
+3.123000e+003	   +3.132603e-004
+3.124000e+003	   +3.206292e-004
+3.125000e+003	   +3.022408e-004
+3.126000e+003	   +2.830192e-004
+3.127000e+003	   +3.012496e-004
+3.128000e+003	   +3.051635e-004
+3.129000e+003	   +2.861744e-004
+3.130000e+003	   +2.649215e-004
+3.131000e+003	   +2.696596e-004
+3.132000e+003	   +2.878463e-004
+3.133000e+003	   +2.824601e-004
+3.134000e+003	   +2.546023e-004
+3.135000e+003	   +2.564962e-004
+3.136000e+003	   +2.639077e-004
+3.137000e+003	   +2.545832e-004
+3.138000e+003	   +2.526319e-004
+3.139000e+003	   +2.590481e-004
+3.140000e+003	   +2.556608e-004
+3.141000e+003	   +2.601510e-004
+3.142000e+003	   +2.451958e-004
+3.143000e+003	   +2.481167e-004
+3.144000e+003	   +2.700863e-004
+3.145000e+003	   +2.616377e-004
+3.146000e+003	   +2.541765e-004
+3.147000e+003	   +2.375422e-004
+3.148000e+003	   +2.218899e-004
+3.149000e+003	   +2.124173e-004
+3.150000e+003	   +2.028737e-004
+3.151000e+003	   +2.009678e-004
+3.152000e+003	   +1.954904e-004
+3.153000e+003	   +1.796084e-004
+3.154000e+003	   +1.631993e-004
+3.155000e+003	   +1.536198e-004
+3.156000e+003	   +1.449400e-004
+3.157000e+003	   +1.375193e-004
+3.158000e+003	   +1.359655e-004
+3.159000e+003	   +1.321077e-004
+3.160000e+003	   +1.250463e-004
+3.161000e+003	   +1.395393e-004
+3.162000e+003	   +1.930681e-004
+3.163000e+003	   +2.365704e-004
+3.164000e+003	   +2.309681e-004
+3.165000e+003	   +2.073869e-004
+3.166000e+003	   +2.102766e-004
+3.167000e+003	   +2.243138e-004
+3.168000e+003	   +2.420229e-004
+3.169000e+003	   +2.407380e-004
+3.170000e+003	   +2.326953e-004
+3.171000e+003	   +2.163035e-004
+3.172000e+003	   +2.014204e-004
+3.173000e+003	   +1.831860e-004
+3.174000e+003	   +1.842255e-004
+3.175000e+003	   +1.874024e-004
+3.176000e+003	   +1.798040e-004
+3.177000e+003	   +1.742996e-004
+3.178000e+003	   +1.665702e-004
+3.179000e+003	   +1.597807e-004
+3.180000e+003	   +1.649576e-004
+3.181000e+003	   +1.899209e-004
+3.182000e+003	   +1.921791e-004
+3.183000e+003	   +1.690340e-004
+3.184000e+003	   +1.561888e-004
+3.185000e+003	   +1.528403e-004
+3.186000e+003	   +1.605718e-004
+3.187000e+003	   +1.648405e-004
+3.188000e+003	   +1.670904e-004
+3.189000e+003	   +1.564562e-004
+3.190000e+003	   +1.506367e-004
+3.191000e+003	   +1.536729e-004
+3.192000e+003	   +1.567711e-004
+3.193000e+003	   +1.486620e-004
+3.194000e+003	   +1.343778e-004
+3.195000e+003	   +1.211664e-004
+3.196000e+003	   +1.157905e-004
+3.197000e+003	   +1.069719e-004
+3.198000e+003	   +1.041222e-004
+3.199000e+003	   +1.150489e-004
+3.200000e+003	   +1.225927e-004
+3.201000e+003	   +1.331127e-004
+3.202000e+003	   +1.382745e-004
+3.203000e+003	   +1.365542e-004
+3.204000e+003	   +1.477254e-004
+3.205000e+003	   +1.550679e-004
+3.206000e+003	   +1.478198e-004
+3.207000e+003	   +1.392357e-004
+3.208000e+003	   +1.359908e-004
+3.209000e+003	   +1.358722e-004
+3.210000e+003	   +1.325573e-004
+3.211000e+003	   +1.240095e-004
+3.212000e+003	   +1.148126e-004
+3.213000e+003	   +1.277455e-004
+3.214000e+003	   +1.363765e-004
+3.215000e+003	   +1.395851e-004
+3.216000e+003	   +1.294899e-004
+3.217000e+003	   +1.191192e-004
+3.218000e+003	   +1.203784e-004
+3.219000e+003	   +1.298548e-004
+3.220000e+003	   +1.309151e-004
+3.221000e+003	   +1.213583e-004
+3.222000e+003	   +1.240331e-004
+3.223000e+003	   +1.237511e-004
+3.224000e+003	   +1.238941e-004
+3.225000e+003	   +1.185271e-004
+3.226000e+003	   +1.105393e-004
+3.227000e+003	   +1.051530e-004
+3.228000e+003	   +1.103840e-004
+3.229000e+003	   +1.175740e-004
+3.230000e+003	   +1.270124e-004
+3.231000e+003	   +1.251399e-004
+3.232000e+003	   +1.247439e-004
+3.233000e+003	   +1.266528e-004
+3.234000e+003	   +1.099211e-004
+3.235000e+003	   +1.004936e-004
+3.236000e+003	   +1.095286e-004
+3.237000e+003	   +1.207160e-004
+3.238000e+003	   +1.205536e-004
+3.239000e+003	   +1.293628e-004
+3.240000e+003	   +1.261314e-004
+3.241000e+003	   +1.065491e-004
+3.242000e+003	   +1.047304e-004
+3.243000e+003	   +1.123951e-004
+3.244000e+003	   +1.109787e-004
+3.245000e+003	   +1.008540e-004
+3.246000e+003	   +9.004739e-005
+3.247000e+003	   +9.165473e-005
+3.248000e+003	   +1.001519e-004
+3.249000e+003	   +1.062318e-004
+3.250000e+003	   +1.040935e-004
+3.251000e+003	   +9.813483e-005
+3.252000e+003	   +1.025962e-004
+3.253000e+003	   +1.048880e-004
+3.254000e+003	   +1.057297e-004
+3.255000e+003	   +1.060010e-004
+3.256000e+003	   +1.037961e-004
+3.257000e+003	   +1.054302e-004
+3.258000e+003	   +1.081685e-004
+3.259000e+003	   +1.065606e-004
+3.260000e+003	   +1.101453e-004
+3.261000e+003	   +1.151216e-004
+3.262000e+003	   +1.121972e-004
+3.263000e+003	   +9.903823e-005
+3.264000e+003	   +9.265389e-005
+3.265000e+003	   +9.297857e-005
+3.266000e+003	   +9.719581e-005
+3.267000e+003	   +1.013212e-004
+3.268000e+003	   +1.082127e-004
+3.269000e+003	   +1.101112e-004
+3.270000e+003	   +1.063169e-004
+3.271000e+003	   +1.031046e-004
+3.272000e+003	   +9.840101e-005
+3.273000e+003	   +9.535604e-005
+3.274000e+003	   +9.976115e-005
+3.275000e+003	   +1.029942e-004
+3.276000e+003	   +9.552275e-005
+3.277000e+003	   +9.128123e-005
+3.278000e+003	   +8.767444e-005
+3.279000e+003	   +9.493066e-005
+3.280000e+003	   +1.125731e-004
+3.281000e+003	   +1.169317e-004
+3.282000e+003	   +1.072552e-004
+3.283000e+003	   +9.926118e-005
+3.284000e+003	   +1.048687e-004
+3.285000e+003	   +9.721940e-005
+3.286000e+003	   +8.355295e-005
+3.287000e+003	   +8.736560e-005
+3.288000e+003	   +9.499843e-005
+3.289000e+003	   +9.373153e-005
+3.290000e+003	   +9.046707e-005
+3.291000e+003	   +8.186357e-005
+3.292000e+003	   +7.321791e-005
+3.293000e+003	   +7.569978e-005
+3.294000e+003	   +7.959759e-005
+3.295000e+003	   +8.703853e-005
+3.296000e+003	   +9.427907e-005
+3.297000e+003	   +8.581830e-005
+3.298000e+003	   +7.932216e-005
+3.299000e+003	   +8.452372e-005
+3.300000e+003	   +9.050631e-005
+3.301000e+003	   +8.907702e-005
+3.302000e+003	   +8.290687e-005
+3.303000e+003	   +7.495773e-005
+3.304000e+003	   +7.668877e-005
+3.305000e+003	   +8.117065e-005
+3.306000e+003	   +8.219709e-005
+3.307000e+003	   +8.481088e-005
+3.308000e+003	   +8.985569e-005
+3.309000e+003	   +8.806943e-005
+3.310000e+003	   +8.420591e-005
+3.311000e+003	   +8.441567e-005
+3.312000e+003	   +8.418141e-005
+3.313000e+003	   +7.865005e-005
+3.314000e+003	   +7.562817e-005
+3.315000e+003	   +7.958876e-005
+3.316000e+003	   +8.355478e-005
+3.317000e+003	   +7.763373e-005
+3.318000e+003	   +7.379837e-005
+3.319000e+003	   +7.307945e-005
+3.320000e+003	   +7.052497e-005
+3.321000e+003	   +6.628393e-005
+3.322000e+003	   +6.354872e-005
+3.323000e+003	   +6.282175e-005
+3.324000e+003	   +6.968551e-005
+3.325000e+003	   +6.811479e-005
+3.326000e+003	   +6.821501e-005
+3.327000e+003	   +7.359462e-005
+3.328000e+003	   +7.459312e-005
+3.329000e+003	   +7.820787e-005
+3.330000e+003	   +7.625158e-005
+3.331000e+003	   +7.263788e-005
+3.332000e+003	   +7.505622e-005
+3.333000e+003	   +7.756198e-005
+3.334000e+003	   +7.469377e-005
+3.335000e+003	   +7.253356e-005
+3.336000e+003	   +7.545092e-005
+3.337000e+003	   +8.078443e-005
+3.338000e+003	   +7.787250e-005
+3.339000e+003	   +7.009798e-005
+3.340000e+003	   +7.573811e-005
+3.341000e+003	   +7.620773e-005
+3.342000e+003	   +7.499872e-005
+3.343000e+003	   +7.945700e-005
+3.344000e+003	   +7.344069e-005
+3.345000e+003	   +6.503013e-005
+3.346000e+003	   +6.269138e-005
+3.347000e+003	   +6.844210e-005
+3.348000e+003	   +7.896137e-005
+3.349000e+003	   +8.201165e-005
+3.350000e+003	   +6.992119e-005
+3.351000e+003	   +5.925807e-005
+3.352000e+003	   +5.710157e-005
+3.353000e+003	   +5.989597e-005
+3.354000e+003	   +6.420777e-005
+3.355000e+003	   +7.035837e-005
+3.356000e+003	   +7.319059e-005
+3.357000e+003	   +6.939934e-005
+3.358000e+003	   +7.275090e-005
+3.359000e+003	   +7.584170e-005
+3.360000e+003	   +7.042074e-005
+3.361000e+003	   +7.022008e-005
+3.362000e+003	   +7.604557e-005
+3.363000e+003	   +7.363746e-005
+3.364000e+003	   +7.385949e-005
+3.365000e+003	   +7.878998e-005
+3.366000e+003	   +8.079712e-005
+3.367000e+003	   +7.749253e-005
+3.368000e+003	   +7.369926e-005
+3.369000e+003	   +7.110296e-005
+3.370000e+003	   +6.768910e-005
+3.371000e+003	   +6.517911e-005
+3.372000e+003	   +6.430662e-005
+3.373000e+003	   +6.932790e-005
+3.374000e+003	   +7.707860e-005
+3.375000e+003	   +8.172805e-005
+3.376000e+003	   +8.035741e-005
+3.377000e+003	   +7.900178e-005
+3.378000e+003	   +7.636906e-005
+3.379000e+003	   +7.319854e-005
+3.380000e+003	   +7.226408e-005
+3.381000e+003	   +6.571870e-005
+3.382000e+003	   +6.451645e-005
+3.383000e+003	   +6.741304e-005
+3.384000e+003	   +6.577861e-005
+3.385000e+003	   +6.184541e-005
+3.386000e+003	   +6.245518e-005
+3.387000e+003	   +6.511151e-005
+3.388000e+003	   +6.536120e-005
+3.389000e+003	   +6.562640e-005
+3.390000e+003	   +6.663528e-005
+3.391000e+003	   +6.347989e-005
+3.392000e+003	   +6.429920e-005
+3.393000e+003	   +6.791257e-005
+3.394000e+003	   +7.291259e-005
+3.395000e+003	   +7.553995e-005
+3.396000e+003	   +7.247298e-005
+3.397000e+003	   +6.770129e-005
+3.398000e+003	   +6.633410e-005
+3.399000e+003	   +6.835048e-005
+3.400000e+003	   +6.822025e-005
