+8.200000e+003	   +1.975902e-005
+8.201000e+003	   +1.846772e-005
+8.202000e+003	   +1.845637e-005
+8.203000e+003	   +2.112790e-005
+8.204000e+003	   +2.047444e-005
+8.205000e+003	   +1.746578e-005
+8.206000e+003	   +1.770788e-005
+8.207000e+003	   +1.958797e-005
+8.208000e+003	   +2.145644e-005
+8.209000e+003	   +2.014965e-005
+8.210000e+003	   +1.871296e-005
+8.211000e+003	   +1.918195e-005
+8.212000e+003	   +1.980672e-005
+8.213000e+003	   +1.984152e-005
+8.214000e+003	   +1.898968e-005
+8.215000e+003	   +1.742301e-005
+8.216000e+003	   +1.842986e-005
+8.217000e+003	   +1.792859e-005
+8.218000e+003	   +1.759306e-005
+8.219000e+003	   +1.848315e-005
+8.220000e+003	   +1.893040e-005
+8.221000e+003	   +1.860822e-005
+8.222000e+003	   +1.718320e-005
+8.223000e+003	   +1.713318e-005
+8.224000e+003	   +1.956976e-005
+8.225000e+003	   +2.189341e-005
+8.226000e+003	   +2.143231e-005
+8.227000e+003	   +1.799468e-005
+8.228000e+003	   +1.862525e-005
+8.229000e+003	   +1.924238e-005
+8.230000e+003	   +1.736057e-005
+8.231000e+003	   +1.723333e-005
+8.232000e+003	   +1.987741e-005
+8.233000e+003	   +2.044780e-005
+8.234000e+003	   +1.849265e-005
+8.235000e+003	   +1.787113e-005
+8.236000e+003	   +1.822905e-005
+8.237000e+003	   +1.817783e-005
+8.238000e+003	   +2.090297e-005
+8.239000e+003	   +2.261588e-005
+8.240000e+003	   +2.039112e-005
+8.241000e+003	   +1.730190e-005
+8.242000e+003	   +1.781347e-005
+8.243000e+003	   +2.162534e-005
+8.244000e+003	   +2.218612e-005
+8.245000e+003	   +2.211566e-005
+8.246000e+003	   +2.186845e-005
+8.247000e+003	   +2.192779e-005
+8.248000e+003	   +2.109077e-005
+8.249000e+003	   +2.068592e-005
+8.250000e+003	   +2.122492e-005
+8.251000e+003	   +2.080639e-005
+8.252000e+003	   +2.114753e-005
+8.253000e+003	   +2.341378e-005
+8.254000e+003	   +2.475245e-005
+8.255000e+003	   +2.162486e-005
+8.256000e+003	   +1.687919e-005
+8.257000e+003	   +1.678389e-005
+8.258000e+003	   +1.880312e-005
+8.259000e+003	   +1.899123e-005
+8.260000e+003	   +2.014869e-005
+8.261000e+003	   +2.157496e-005
+8.262000e+003	   +2.008786e-005
+8.263000e+003	   +1.732625e-005
+8.264000e+003	   +1.699704e-005
+8.265000e+003	   +1.975392e-005
+8.266000e+003	   +2.017156e-005
+8.267000e+003	   +1.974347e-005
+8.268000e+003	   +1.863836e-005
+8.269000e+003	   +1.857974e-005
+8.270000e+003	   +1.910057e-005
+8.271000e+003	   +1.920515e-005
+8.272000e+003	   +2.048143e-005
+8.273000e+003	   +1.962413e-005
+8.274000e+003	   +1.860221e-005
+8.275000e+003	   +1.865390e-005
+8.276000e+003	   +1.944594e-005
+8.277000e+003	   +1.909565e-005
+8.278000e+003	   +1.768423e-005
+8.279000e+003	   +1.787221e-005
+8.280000e+003	   +1.851297e-005
+8.281000e+003	   +1.776943e-005
+8.282000e+003	   +1.952640e-005
+8.283000e+003	   +2.273117e-005
+8.284000e+003	   +2.236659e-005
+8.285000e+003	   +2.118888e-005
+8.286000e+003	   +1.877088e-005
+8.287000e+003	   +1.818226e-005
+8.288000e+003	   +1.941688e-005
+8.289000e+003	   +1.923478e-005
+8.290000e+003	   +1.828233e-005
+8.291000e+003	   +1.810845e-005
+8.292000e+003	   +1.875792e-005
+8.293000e+003	   +1.873627e-005
+8.294000e+003	   +1.856532e-005
+8.295000e+003	   +1.890196e-005
+8.296000e+003	   +1.878560e-005
+8.297000e+003	   +1.928003e-005
+8.298000e+003	   +2.088568e-005
+8.299000e+003	   +1.931070e-005
+8.300000e+003	   +1.475654e-005
+8.301000e+003	   +1.470746e-005
+8.302000e+003	   +1.757784e-005
+8.303000e+003	   +1.888280e-005
+8.304000e+003	   +1.886114e-005
+8.305000e+003	   +1.675583e-005
+8.306000e+003	   +1.558390e-005
+8.307000e+003	   +1.918978e-005
+8.308000e+003	   +2.076698e-005
+8.309000e+003	   +2.089042e-005
+8.310000e+003	   +2.094423e-005
+8.311000e+003	   +1.979457e-005
+8.312000e+003	   +1.819346e-005
+8.313000e+003	   +1.846928e-005
+8.314000e+003	   +1.883858e-005
+8.315000e+003	   +1.858582e-005
+8.316000e+003	   +2.188132e-005
+8.317000e+003	   +2.349603e-005
+8.318000e+003	   +2.255755e-005
+8.319000e+003	   +2.321167e-005
+8.320000e+003	   +2.351498e-005
+8.321000e+003	   +2.036150e-005
+8.322000e+003	   +1.962370e-005
+8.323000e+003	   +2.059111e-005
+8.324000e+003	   +1.992560e-005
+8.325000e+003	   +1.998798e-005
+8.326000e+003	   +1.859023e-005
+8.327000e+003	   +1.623137e-005
+8.328000e+003	   +1.711761e-005
+8.329000e+003	   +1.768860e-005
+8.330000e+003	   +1.938593e-005
+8.331000e+003	   +2.255329e-005
+8.332000e+003	   +2.283942e-005
+8.333000e+003	   +2.009909e-005
+8.334000e+003	   +1.816895e-005
+8.335000e+003	   +1.930672e-005
+8.336000e+003	   +2.069582e-005
+8.337000e+003	   +2.221773e-005
+8.338000e+003	   +2.097037e-005
+8.339000e+003	   +1.764639e-005
+8.340000e+003	   +1.580250e-005
+8.341000e+003	   +1.707049e-005
+8.342000e+003	   +1.835316e-005
+8.343000e+003	   +1.795215e-005
+8.344000e+003	   +1.628183e-005
+8.345000e+003	   +1.700134e-005
+8.346000e+003	   +1.868971e-005
+8.347000e+003	   +1.869770e-005
+8.348000e+003	   +1.808720e-005
+8.349000e+003	   +1.801880e-005
+8.350000e+003	   +1.906330e-005
+8.351000e+003	   +1.787076e-005
+8.352000e+003	   +1.648208e-005
+8.353000e+003	   +1.638565e-005
+8.354000e+003	   +1.671498e-005
+8.355000e+003	   +1.832047e-005
+8.356000e+003	   +1.868319e-005
+8.357000e+003	   +1.961741e-005
+8.358000e+003	   +1.966606e-005
+8.359000e+003	   +1.989726e-005
+8.360000e+003	   +2.058342e-005
+8.361000e+003	   +2.004615e-005
+8.362000e+003	   +1.984599e-005
+8.363000e+003	   +1.977015e-005
+8.364000e+003	   +2.039934e-005
+8.365000e+003	   +2.011136e-005
+8.366000e+003	   +1.967526e-005
+8.367000e+003	   +1.938367e-005
+8.368000e+003	   +1.868214e-005
+8.369000e+003	   +1.620253e-005
+8.370000e+003	   +1.561260e-005
+8.371000e+003	   +1.695816e-005
+8.372000e+003	   +1.867942e-005
+8.373000e+003	   +1.817278e-005
+8.374000e+003	   +1.776377e-005
+8.375000e+003	   +1.988233e-005
+8.376000e+003	   +2.047008e-005
+8.377000e+003	   +1.888800e-005
+8.378000e+003	   +1.862036e-005
+8.379000e+003	   +1.959438e-005
+8.380000e+003	   +2.111528e-005
+8.381000e+003	   +2.260861e-005
+8.382000e+003	   +2.256902e-005
+8.383000e+003	   +2.039699e-005
+8.384000e+003	   +1.905058e-005
+8.385000e+003	   +2.098793e-005
+8.386000e+003	   +2.368392e-005
+8.387000e+003	   +2.349575e-005
+8.388000e+003	   +2.177735e-005
+8.389000e+003	   +2.161558e-005
+8.390000e+003	   +2.170617e-005
+8.391000e+003	   +2.094419e-005
+8.392000e+003	   +2.085614e-005
+8.393000e+003	   +1.952745e-005
+8.394000e+003	   +1.831709e-005
+8.395000e+003	   +1.618196e-005
+8.396000e+003	   +1.585324e-005
+8.397000e+003	   +1.686617e-005
+8.398000e+003	   +1.828546e-005
+8.399000e+003	   +1.785530e-005
+8.400000e+003	   +1.701052e-005
+8.401000e+003	   +1.681445e-005
+8.402000e+003	   +1.490082e-005
+8.403000e+003	   +1.591507e-005
+8.404000e+003	   +1.901029e-005
+8.405000e+003	   +1.954030e-005
+8.406000e+003	   +1.791993e-005
+8.407000e+003	   +1.859298e-005
+8.408000e+003	   +1.985344e-005
+8.409000e+003	   +2.089187e-005
+8.410000e+003	   +2.346157e-005
+8.411000e+003	   +2.145199e-005
+8.412000e+003	   +1.891834e-005
+8.413000e+003	   +2.120356e-005
+8.414000e+003	   +2.023405e-005
+8.415000e+003	   +1.903243e-005
+8.416000e+003	   +1.979541e-005
+8.417000e+003	   +1.898368e-005
+8.418000e+003	   +1.904604e-005
+8.419000e+003	   +2.054152e-005
+8.420000e+003	   +2.051781e-005
+8.421000e+003	   +2.018126e-005
+8.422000e+003	   +2.024960e-005
+8.423000e+003	   +2.077642e-005
+8.424000e+003	   +2.153832e-005
+8.425000e+003	   +2.155985e-005
+8.426000e+003	   +2.120612e-005
+8.427000e+003	   +1.906357e-005
+8.428000e+003	   +1.927040e-005
+8.429000e+003	   +2.073005e-005
+8.430000e+003	   +2.079312e-005
+8.431000e+003	   +1.767983e-005
+8.432000e+003	   +1.778508e-005
+8.433000e+003	   +1.961665e-005
+8.434000e+003	   +1.934568e-005
+8.435000e+003	   +1.935492e-005
+8.436000e+003	   +1.986046e-005
+8.437000e+003	   +1.956462e-005
+8.438000e+003	   +1.951918e-005
+8.439000e+003	   +2.067872e-005
+8.440000e+003	   +2.069894e-005
+8.441000e+003	   +1.973140e-005
+8.442000e+003	   +1.897868e-005
+8.443000e+003	   +1.793649e-005
+8.444000e+003	   +1.779803e-005
+8.445000e+003	   +1.891953e-005
+8.446000e+003	   +1.915579e-005
+8.447000e+003	   +1.878542e-005
+8.448000e+003	   +1.842518e-005
+8.449000e+003	   +1.954603e-005
+8.450000e+003	   +1.935075e-005
+8.451000e+003	   +1.738907e-005
+8.452000e+003	   +1.677571e-005
+8.453000e+003	   +1.735468e-005
+8.454000e+003	   +1.759136e-005
+8.455000e+003	   +1.902355e-005
+8.456000e+003	   +2.146391e-005
+8.457000e+003	   +1.889151e-005
+8.458000e+003	   +1.736166e-005
+8.459000e+003	   +1.988396e-005
+8.460000e+003	   +2.087359e-005
+8.461000e+003	   +1.950365e-005
+8.462000e+003	   +1.932156e-005
+8.463000e+003	   +2.159179e-005
+8.464000e+003	   +2.096690e-005
+8.465000e+003	   +1.952111e-005
+8.466000e+003	   +1.865789e-005
+8.467000e+003	   +1.881940e-005
+8.468000e+003	   +1.842909e-005
+8.469000e+003	   +1.632298e-005
+8.470000e+003	   +1.798943e-005
+8.471000e+003	   +1.923947e-005
+8.472000e+003	   +1.874901e-005
+8.473000e+003	   +1.739499e-005
+8.474000e+003	   +1.733817e-005
+8.475000e+003	   +1.859086e-005
+8.476000e+003	   +1.893173e-005
+8.477000e+003	   +1.858092e-005
+8.478000e+003	   +1.605948e-005
+8.479000e+003	   +1.548162e-005
+8.480000e+003	   +1.802389e-005
+8.481000e+003	   +2.010057e-005
+8.482000e+003	   +2.004703e-005
+8.483000e+003	   +2.066687e-005
+8.484000e+003	   +2.222637e-005
+8.485000e+003	   +2.277466e-005
+8.486000e+003	   +2.042011e-005
+8.487000e+003	   +1.868778e-005
+8.488000e+003	   +2.040391e-005
+8.489000e+003	   +2.181818e-005
+8.490000e+003	   +2.075355e-005
+8.491000e+003	   +1.942372e-005
+8.492000e+003	   +1.857656e-005
+8.493000e+003	   +1.779465e-005
+8.494000e+003	   +1.910026e-005
+8.495000e+003	   +1.745614e-005
+8.496000e+003	   +1.638977e-005
+8.497000e+003	   +1.803246e-005
+8.498000e+003	   +1.724020e-005
+8.499000e+003	   +1.578538e-005
+8.500000e+003	   +1.646730e-005
+8.501000e+003	   +1.787415e-005
+8.502000e+003	   +1.953245e-005
+8.503000e+003	   +2.068628e-005
+8.504000e+003	   +1.984712e-005
+8.505000e+003	   +1.950943e-005
+8.506000e+003	   +1.990677e-005
+8.507000e+003	   +1.937986e-005
+8.508000e+003	   +2.027345e-005
+8.509000e+003	   +2.141697e-005
+8.510000e+003	   +1.926388e-005
+8.511000e+003	   +1.779299e-005
+8.512000e+003	   +1.845375e-005
+8.513000e+003	   +1.863500e-005
+8.514000e+003	   +1.779545e-005
+8.515000e+003	   +1.928769e-005
+8.516000e+003	   +2.059307e-005
+8.517000e+003	   +2.104081e-005
+8.518000e+003	   +1.927503e-005
+8.519000e+003	   +1.942159e-005
+8.520000e+003	   +1.991776e-005
+8.521000e+003	   +2.041498e-005
+8.522000e+003	   +1.948826e-005
+8.523000e+003	   +1.860209e-005
+8.524000e+003	   +1.723683e-005
+8.525000e+003	   +1.868805e-005
+8.526000e+003	   +1.961816e-005
+8.527000e+003	   +1.878065e-005
+8.528000e+003	   +1.994832e-005
+8.529000e+003	   +2.267075e-005
+8.530000e+003	   +2.182170e-005
+8.531000e+003	   +1.864794e-005
+8.532000e+003	   +1.648535e-005
+8.533000e+003	   +1.523832e-005
+8.534000e+003	   +1.649625e-005
+8.535000e+003	   +1.814566e-005
+8.536000e+003	   +1.923778e-005
+8.537000e+003	   +1.947277e-005
+8.538000e+003	   +1.956355e-005
+8.539000e+003	   +1.882093e-005
+8.540000e+003	   +1.943987e-005
+8.541000e+003	   +1.895379e-005
+8.542000e+003	   +1.690037e-005
+8.543000e+003	   +1.562141e-005
+8.544000e+003	   +1.595949e-005
+8.545000e+003	   +1.622893e-005
+8.546000e+003	   +1.539637e-005
+8.547000e+003	   +1.667383e-005
+8.548000e+003	   +1.788080e-005
+8.549000e+003	   +1.840935e-005
+8.550000e+003	   +1.905903e-005
+8.551000e+003	   +1.765901e-005
+8.552000e+003	   +1.657206e-005
+8.553000e+003	   +1.672128e-005
+8.554000e+003	   +1.834434e-005
+8.555000e+003	   +1.869881e-005
+8.556000e+003	   +1.841489e-005
+8.557000e+003	   +1.802632e-005
+8.558000e+003	   +1.945963e-005
+8.559000e+003	   +2.012550e-005
+8.560000e+003	   +2.077505e-005
+8.561000e+003	   +1.898222e-005
+8.562000e+003	   +1.793592e-005
+8.563000e+003	   +1.964756e-005
+8.564000e+003	   +2.006223e-005
+8.565000e+003	   +2.130627e-005
+8.566000e+003	   +2.069687e-005
+8.567000e+003	   +1.857509e-005
+8.568000e+003	   +1.691227e-005
+8.569000e+003	   +1.710071e-005
+8.570000e+003	   +1.798097e-005
+8.571000e+003	   +2.073476e-005
+8.572000e+003	   +2.122418e-005
+8.573000e+003	   +2.049385e-005
+8.574000e+003	   +2.149287e-005
+8.575000e+003	   +2.125195e-005
+8.576000e+003	   +1.857113e-005
+8.577000e+003	   +1.720414e-005
+8.578000e+003	   +1.867956e-005
+8.579000e+003	   +1.943400e-005
+8.580000e+003	   +2.028692e-005
+8.581000e+003	   +2.040946e-005
+8.582000e+003	   +1.909214e-005
+8.583000e+003	   +1.731137e-005
+8.584000e+003	   +1.642274e-005
+8.585000e+003	   +1.646095e-005
+8.586000e+003	   +1.540234e-005
+8.587000e+003	   +1.640471e-005
+8.588000e+003	   +1.912040e-005
+8.589000e+003	   +2.090892e-005
+8.590000e+003	   +2.111271e-005
+8.591000e+003	   +2.064875e-005
+8.592000e+003	   +1.963976e-005
+8.593000e+003	   +1.802268e-005
+8.594000e+003	   +1.743147e-005
+8.595000e+003	   +1.872144e-005
+8.596000e+003	   +1.936727e-005
+8.597000e+003	   +1.671327e-005
+8.598000e+003	   +1.444965e-005
+8.599000e+003	   +1.639080e-005
+8.600000e+003	   +1.766892e-005
+8.601000e+003	   +1.785828e-005
+8.602000e+003	   +2.027398e-005
+8.603000e+003	   +2.176459e-005
+8.604000e+003	   +2.066292e-005
+8.605000e+003	   +1.902382e-005
+8.606000e+003	   +1.911587e-005
+8.607000e+003	   +1.955539e-005
+8.608000e+003	   +1.952475e-005
+8.609000e+003	   +1.902424e-005
+8.610000e+003	   +1.846954e-005
+8.611000e+003	   +1.814987e-005
+8.612000e+003	   +1.809982e-005
+8.613000e+003	   +1.868869e-005
+8.614000e+003	   +1.999880e-005
+8.615000e+003	   +2.127997e-005
+8.616000e+003	   +2.224058e-005
+8.617000e+003	   +2.047478e-005
+8.618000e+003	   +1.799822e-005
+8.619000e+003	   +1.970494e-005
+8.620000e+003	   +2.011841e-005
+8.621000e+003	   +1.781042e-005
+8.622000e+003	   +1.712717e-005
+8.623000e+003	   +2.059717e-005
+8.624000e+003	   +2.290896e-005
+8.625000e+003	   +2.238711e-005
+8.626000e+003	   +2.035942e-005
+8.627000e+003	   +1.861169e-005
+8.628000e+003	   +1.885978e-005
+8.629000e+003	   +2.023867e-005
+8.630000e+003	   +2.081366e-005
+8.631000e+003	   +1.791384e-005
+8.632000e+003	   +1.886769e-005
+8.633000e+003	   +2.099482e-005
+8.634000e+003	   +1.997622e-005
+8.635000e+003	   +1.987394e-005
+8.636000e+003	   +1.957558e-005
+8.637000e+003	   +1.842763e-005
+8.638000e+003	   +1.795734e-005
+8.639000e+003	   +2.033956e-005
+8.640000e+003	   +2.015644e-005
+8.641000e+003	   +1.785910e-005
+8.642000e+003	   +1.673040e-005
+8.643000e+003	   +1.835101e-005
+8.644000e+003	   +1.915848e-005
+8.645000e+003	   +1.856671e-005
+8.646000e+003	   +1.795886e-005
+8.647000e+003	   +1.742458e-005
+8.648000e+003	   +1.816131e-005
+8.649000e+003	   +2.126579e-005
+8.650000e+003	   +2.092412e-005
+8.651000e+003	   +1.835845e-005
+8.652000e+003	   +1.789638e-005
+8.653000e+003	   +1.895642e-005
+8.654000e+003	   +1.878585e-005
+8.655000e+003	   +1.841089e-005
+8.656000e+003	   +1.886564e-005
+8.657000e+003	   +1.955891e-005
+8.658000e+003	   +1.925595e-005
+8.659000e+003	   +1.851218e-005
+8.660000e+003	   +1.718681e-005
+8.661000e+003	   +1.809382e-005
+8.662000e+003	   +1.988508e-005
+8.663000e+003	   +1.989619e-005
+8.664000e+003	   +1.965542e-005
+8.665000e+003	   +1.926166e-005
+8.666000e+003	   +1.843929e-005
+8.667000e+003	   +1.864198e-005
+8.668000e+003	   +1.721200e-005
+8.669000e+003	   +1.684411e-005
+8.670000e+003	   +1.850691e-005
+8.671000e+003	   +1.932018e-005
+8.672000e+003	   +1.917990e-005
+8.673000e+003	   +2.028957e-005
+8.674000e+003	   +2.119914e-005
+8.675000e+003	   +2.091383e-005
+8.676000e+003	   +2.008389e-005
+8.677000e+003	   +1.878319e-005
+8.678000e+003	   +1.853280e-005
+8.679000e+003	   +1.847461e-005
+8.680000e+003	   +1.831985e-005
+8.681000e+003	   +1.919278e-005
+8.682000e+003	   +1.959554e-005
+8.683000e+003	   +1.950686e-005
+8.684000e+003	   +1.932052e-005
+8.685000e+003	   +1.841505e-005
+8.686000e+003	   +1.744717e-005
+8.687000e+003	   +1.742004e-005
+8.688000e+003	   +2.117644e-005
+8.689000e+003	   +2.148115e-005
+8.690000e+003	   +1.952128e-005
+8.691000e+003	   +1.908020e-005
+8.692000e+003	   +1.917321e-005
+8.693000e+003	   +1.884264e-005
+8.694000e+003	   +1.881039e-005
+8.695000e+003	   +1.832924e-005
+8.696000e+003	   +1.880791e-005
+8.697000e+003	   +2.106369e-005
+8.698000e+003	   +2.097219e-005
+8.699000e+003	   +1.816514e-005
+8.700000e+003	   +1.723689e-005
+8.701000e+003	   +1.682830e-005
+8.702000e+003	   +1.787319e-005
+8.703000e+003	   +1.955255e-005
+8.704000e+003	   +1.969415e-005
+8.705000e+003	   +1.823886e-005
+8.706000e+003	   +1.779635e-005
+8.707000e+003	   +1.803115e-005
+8.708000e+003	   +1.757767e-005
+8.709000e+003	   +1.801208e-005
+8.710000e+003	   +2.019725e-005
+8.711000e+003	   +2.059203e-005
+8.712000e+003	   +1.994536e-005
+8.713000e+003	   +1.862038e-005
+8.714000e+003	   +1.921194e-005
+8.715000e+003	   +1.819123e-005
+8.716000e+003	   +1.833077e-005
+8.717000e+003	   +1.930332e-005
+8.718000e+003	   +1.990428e-005
+8.719000e+003	   +1.978307e-005
+8.720000e+003	   +1.882320e-005
+8.721000e+003	   +1.798036e-005
+8.722000e+003	   +1.822503e-005
+8.723000e+003	   +1.761991e-005
+8.724000e+003	   +1.785295e-005
+8.725000e+003	   +1.946354e-005
+8.726000e+003	   +2.063692e-005
+8.727000e+003	   +2.117141e-005
+8.728000e+003	   +1.958517e-005
+8.729000e+003	   +1.700841e-005
+8.730000e+003	   +1.821841e-005
+8.731000e+003	   +1.925181e-005
+8.732000e+003	   +2.016662e-005
+8.733000e+003	   +2.144818e-005
+8.734000e+003	   +2.135913e-005
+8.735000e+003	   +2.134038e-005
+8.736000e+003	   +2.107070e-005
+8.737000e+003	   +1.968023e-005
+8.738000e+003	   +1.987988e-005
+8.739000e+003	   +2.030141e-005
+8.740000e+003	   +1.934113e-005
+8.741000e+003	   +1.979622e-005
+8.742000e+003	   +2.054125e-005
+8.743000e+003	   +2.127298e-005
+8.744000e+003	   +1.941029e-005
+8.745000e+003	   +1.742255e-005
+8.746000e+003	   +1.887102e-005
+8.747000e+003	   +2.043229e-005
+8.748000e+003	   +1.970494e-005
+8.749000e+003	   +1.901109e-005
+8.750000e+003	   +1.839149e-005
+8.751000e+003	   +1.632309e-005
+8.752000e+003	   +1.579160e-005
+8.753000e+003	   +1.773401e-005
+8.754000e+003	   +1.676514e-005
+8.755000e+003	   +1.473969e-005
+8.756000e+003	   +1.575811e-005
+8.757000e+003	   +1.922279e-005
+8.758000e+003	   +2.071747e-005
+8.759000e+003	   +1.877383e-005
+8.760000e+003	   +1.815854e-005
+8.761000e+003	   +1.706149e-005
+8.762000e+003	   +1.733611e-005
+8.763000e+003	   +1.936098e-005
+8.764000e+003	   +1.893636e-005
+8.765000e+003	   +1.936384e-005
+8.766000e+003	   +1.944837e-005
+8.767000e+003	   +1.749194e-005
+8.768000e+003	   +1.761277e-005
+8.769000e+003	   +1.841722e-005
+8.770000e+003	   +1.908825e-005
+8.771000e+003	   +2.080130e-005
+8.772000e+003	   +2.152799e-005
+8.773000e+003	   +2.032723e-005
+8.774000e+003	   +1.919415e-005
+8.775000e+003	   +2.027285e-005
+8.776000e+003	   +1.991094e-005
+8.777000e+003	   +1.971929e-005
+8.778000e+003	   +2.053324e-005
+8.779000e+003	   +2.033192e-005
+8.780000e+003	   +1.770077e-005
+8.781000e+003	   +1.634933e-005
+8.782000e+003	   +1.595032e-005
+8.783000e+003	   +1.821545e-005
+8.784000e+003	   +1.896528e-005
+8.785000e+003	   +1.888676e-005
+8.786000e+003	   +2.073979e-005
+8.787000e+003	   +1.926921e-005
+8.788000e+003	   +1.790171e-005
+8.789000e+003	   +2.008283e-005
+8.790000e+003	   +2.070755e-005
+8.791000e+003	   +1.988615e-005
+8.792000e+003	   +1.837896e-005
+8.793000e+003	   +1.828705e-005
+8.794000e+003	   +1.922120e-005
+8.795000e+003	   +1.875556e-005
+8.796000e+003	   +1.912628e-005
+8.797000e+003	   +2.020845e-005
+8.798000e+003	   +1.962924e-005
+8.799000e+003	   +1.812917e-005
+8.800000e+003	   +1.920776e-005
+8.801000e+003	   +1.953951e-005
+8.802000e+003	   +1.908294e-005
+8.803000e+003	   +1.931333e-005
+8.804000e+003	   +1.898232e-005
+8.805000e+003	   +2.074533e-005
+8.806000e+003	   +2.173361e-005
+8.807000e+003	   +1.979978e-005
+8.808000e+003	   +1.918711e-005
+8.809000e+003	   +1.833013e-005
+8.810000e+003	   +1.775068e-005
+8.811000e+003	   +1.950452e-005
+8.812000e+003	   +1.885100e-005
+8.813000e+003	   +1.739379e-005
+8.814000e+003	   +1.730551e-005
+8.815000e+003	   +1.833713e-005
+8.816000e+003	   +2.005025e-005
+8.817000e+003	   +2.066907e-005
+8.818000e+003	   +1.927903e-005
+8.819000e+003	   +1.829335e-005
+8.820000e+003	   +1.795505e-005
+8.821000e+003	   +1.783467e-005
+8.822000e+003	   +1.871300e-005
+8.823000e+003	   +1.789783e-005
+8.824000e+003	   +1.760042e-005
+8.825000e+003	   +1.800634e-005
+8.826000e+003	   +1.914008e-005
+8.827000e+003	   +1.888516e-005
+8.828000e+003	   +1.683080e-005
+8.829000e+003	   +1.756355e-005
+8.830000e+003	   +1.917647e-005
+8.831000e+003	   +2.011002e-005
+8.832000e+003	   +2.101693e-005
+8.833000e+003	   +2.072529e-005
+8.834000e+003	   +1.926202e-005
+8.835000e+003	   +1.863001e-005
+8.836000e+003	   +1.824714e-005
+8.837000e+003	   +1.897826e-005
+8.838000e+003	   +2.053058e-005
+8.839000e+003	   +2.024578e-005
+8.840000e+003	   +1.716380e-005
+8.841000e+003	   +1.610273e-005
+8.842000e+003	   +1.778369e-005
+8.843000e+003	   +1.833695e-005
+8.844000e+003	   +1.738285e-005
+8.845000e+003	   +1.889001e-005
+8.846000e+003	   +2.225210e-005
+8.847000e+003	   +2.289991e-005
+8.848000e+003	   +2.109575e-005
+8.849000e+003	   +1.922557e-005
+8.850000e+003	   +1.960096e-005
+8.851000e+003	   +2.033382e-005
+8.852000e+003	   +2.080223e-005
+8.853000e+003	   +2.022636e-005
+8.854000e+003	   +1.866455e-005
+8.855000e+003	   +1.643320e-005
+8.856000e+003	   +1.427142e-005
+8.857000e+003	   +1.566564e-005
+8.858000e+003	   +1.881221e-005
+8.859000e+003	   +1.927332e-005
+8.860000e+003	   +1.883157e-005
+8.861000e+003	   +1.997071e-005
+8.862000e+003	   +1.980891e-005
+8.863000e+003	   +1.894533e-005
+8.864000e+003	   +1.952458e-005
+8.865000e+003	   +2.141817e-005
+8.866000e+003	   +2.026286e-005
+8.867000e+003	   +1.766925e-005
+8.868000e+003	   +1.889037e-005
+8.869000e+003	   +1.933508e-005
+8.870000e+003	   +1.612372e-005
+8.871000e+003	   +1.653275e-005
+8.872000e+003	   +1.771879e-005
+8.873000e+003	   +1.688117e-005
+8.874000e+003	   +1.754350e-005
+8.875000e+003	   +1.712248e-005
+8.876000e+003	   +1.704447e-005
+8.877000e+003	   +1.750479e-005
+8.878000e+003	   +1.779725e-005
+8.879000e+003	   +1.742538e-005
+8.880000e+003	   +1.728609e-005
+8.881000e+003	   +1.640900e-005
+8.882000e+003	   +1.652578e-005
+8.883000e+003	   +1.829384e-005
+8.884000e+003	   +2.063438e-005
+8.885000e+003	   +2.148867e-005
+8.886000e+003	   +2.161601e-005
+8.887000e+003	   +1.995763e-005
+8.888000e+003	   +1.734354e-005
+8.889000e+003	   +1.749949e-005
+8.890000e+003	   +1.674691e-005
+8.891000e+003	   +1.797095e-005
+8.892000e+003	   +1.853040e-005
+8.893000e+003	   +1.778572e-005
+8.894000e+003	   +2.030671e-005
+8.895000e+003	   +2.102047e-005
+8.896000e+003	   +1.877956e-005
+8.897000e+003	   +1.733200e-005
+8.898000e+003	   +1.680225e-005
+8.899000e+003	   +1.811405e-005
+8.900000e+003	   +1.970235e-005
+8.901000e+003	   +1.825958e-005
+8.902000e+003	   +1.742343e-005
+8.903000e+003	   +1.932445e-005
+8.904000e+003	   +1.952494e-005
+8.905000e+003	   +1.907718e-005
+8.906000e+003	   +2.037557e-005
+8.907000e+003	   +2.028565e-005
+8.908000e+003	   +2.051062e-005
+8.909000e+003	   +2.065204e-005
+8.910000e+003	   +2.125900e-005
+8.911000e+003	   +2.125634e-005
+8.912000e+003	   +1.970620e-005
+8.913000e+003	   +1.843468e-005
+8.914000e+003	   +1.777936e-005
+8.915000e+003	   +1.747111e-005
+8.916000e+003	   +1.755607e-005
+8.917000e+003	   +1.845160e-005
+8.918000e+003	   +2.146413e-005
+8.919000e+003	   +2.136934e-005
+8.920000e+003	   +2.042944e-005
+8.921000e+003	   +2.071683e-005
+8.922000e+003	   +2.064174e-005
+8.923000e+003	   +1.958070e-005
+8.924000e+003	   +1.797890e-005
+8.925000e+003	   +1.941541e-005
+8.926000e+003	   +2.117527e-005
+8.927000e+003	   +2.193956e-005
+8.928000e+003	   +2.228861e-005
+8.929000e+003	   +2.064725e-005
+8.930000e+003	   +1.850330e-005
+8.931000e+003	   +1.856500e-005
+8.932000e+003	   +1.955644e-005
+8.933000e+003	   +1.941453e-005
+8.934000e+003	   +1.951281e-005
+8.935000e+003	   +1.938335e-005
+8.936000e+003	   +1.746375e-005
+8.937000e+003	   +1.680995e-005
+8.938000e+003	   +1.743614e-005
+8.939000e+003	   +1.817264e-005
+8.940000e+003	   +1.916168e-005
+8.941000e+003	   +1.904847e-005
+8.942000e+003	   +1.780823e-005
+8.943000e+003	   +1.919162e-005
+8.944000e+003	   +1.919236e-005
+8.945000e+003	   +1.914099e-005
+8.946000e+003	   +1.863918e-005
+8.947000e+003	   +1.773080e-005
+8.948000e+003	   +1.919520e-005
+8.949000e+003	   +1.933744e-005
+8.950000e+003	   +1.895436e-005
+8.951000e+003	   +2.076294e-005
+8.952000e+003	   +2.025761e-005
+8.953000e+003	   +2.009353e-005
+8.954000e+003	   +2.097454e-005
+8.955000e+003	   +2.023356e-005
+8.956000e+003	   +1.958999e-005
+8.957000e+003	   +2.126563e-005
+8.958000e+003	   +2.286368e-005
+8.959000e+003	   +2.084069e-005
+8.960000e+003	   +1.942016e-005
+8.961000e+003	   +2.093922e-005
+8.962000e+003	   +2.304157e-005
+8.963000e+003	   +2.269149e-005
+8.964000e+003	   +2.129158e-005
+8.965000e+003	   +2.039193e-005
+8.966000e+003	   +2.105077e-005
+8.967000e+003	   +2.091826e-005
+8.968000e+003	   +1.915415e-005
+8.969000e+003	   +1.646021e-005
+8.970000e+003	   +1.686532e-005
+8.971000e+003	   +1.948678e-005
+8.972000e+003	   +1.902316e-005
+8.973000e+003	   +1.770732e-005
+8.974000e+003	   +1.698805e-005
+8.975000e+003	   +1.698783e-005
+8.976000e+003	   +1.744043e-005
+8.977000e+003	   +1.904343e-005
+8.978000e+003	   +2.094214e-005
+8.979000e+003	   +2.175486e-005
+8.980000e+003	   +2.022792e-005
+8.981000e+003	   +1.900044e-005
+8.982000e+003	   +2.024371e-005
+8.983000e+003	   +2.195431e-005
+8.984000e+003	   +2.218524e-005
+8.985000e+003	   +1.983451e-005
+8.986000e+003	   +1.961323e-005
+8.987000e+003	   +2.209406e-005
+8.988000e+003	   +2.254173e-005
+8.989000e+003	   +2.400544e-005
+8.990000e+003	   +2.498135e-005
+8.991000e+003	   +2.318383e-005
+8.992000e+003	   +1.976410e-005
+8.993000e+003	   +1.824920e-005
+8.994000e+003	   +1.962980e-005
+8.995000e+003	   +2.066619e-005
+8.996000e+003	   +2.027065e-005
+8.997000e+003	   +2.026306e-005
+8.998000e+003	   +2.032259e-005
+8.999000e+003	   +1.855766e-005
+9.000000e+003	   +1.747376e-005
