+1.540000e+004	   +2.181794e-005
+1.540100e+004	   +2.040601e-005
+1.540200e+004	   +2.016317e-005
+1.540300e+004	   +1.977981e-005
+1.540400e+004	   +2.087518e-005
+1.540500e+004	   +2.056720e-005
+1.540600e+004	   +1.786999e-005
+1.540700e+004	   +1.986410e-005
+1.540800e+004	   +2.269914e-005
+1.540900e+004	   +2.225191e-005
+1.541000e+004	   +2.114616e-005
+1.541100e+004	   +1.978522e-005
+1.541200e+004	   +1.965788e-005
+1.541300e+004	   +2.157916e-005
+1.541400e+004	   +2.093219e-005
+1.541500e+004	   +1.891350e-005
+1.541600e+004	   +1.950549e-005
+1.541700e+004	   +2.121127e-005
+1.541800e+004	   +2.108148e-005
+1.541900e+004	   +1.969024e-005
+1.542000e+004	   +2.055460e-005
+1.542100e+004	   +2.162745e-005
+1.542200e+004	   +2.101084e-005
+1.542300e+004	   +1.963016e-005
+1.542400e+004	   +1.900460e-005
+1.542500e+004	   +1.933699e-005
+1.542600e+004	   +2.012941e-005
+1.542700e+004	   +2.130870e-005
+1.542800e+004	   +2.223350e-005
+1.542900e+004	   +2.131989e-005
+1.543000e+004	   +2.134429e-005
+1.543100e+004	   +2.200178e-005
+1.543200e+004	   +2.150078e-005
+1.543300e+004	   +2.009922e-005
+1.543400e+004	   +1.930708e-005
+1.543500e+004	   +1.869246e-005
+1.543600e+004	   +1.752110e-005
+1.543700e+004	   +2.044109e-005
+1.543800e+004	   +2.185594e-005
+1.543900e+004	   +2.026395e-005
+1.544000e+004	   +2.019365e-005
+1.544100e+004	   +2.171117e-005
+1.544200e+004	   +2.388460e-005
+1.544300e+004	   +2.286574e-005
+1.544400e+004	   +2.088024e-005
+1.544500e+004	   +2.025458e-005
+1.544600e+004	   +2.117760e-005
+1.544700e+004	   +2.176576e-005
+1.544800e+004	   +2.099641e-005
+1.544900e+004	   +2.218190e-005
+1.545000e+004	   +2.161522e-005
+1.545100e+004	   +1.907771e-005
+1.545200e+004	   +2.061260e-005
+1.545300e+004	   +2.165213e-005
+1.545400e+004	   +2.123175e-005
+1.545500e+004	   +2.110993e-005
+1.545600e+004	   +2.162602e-005
+1.545700e+004	   +2.017311e-005
+1.545800e+004	   +2.136486e-005
+1.545900e+004	   +2.173419e-005
+1.546000e+004	   +2.022820e-005
+1.546100e+004	   +2.172658e-005
+1.546200e+004	   +2.308632e-005
+1.546300e+004	   +2.052065e-005
+1.546400e+004	   +1.856928e-005
+1.546500e+004	   +1.722137e-005
+1.546600e+004	   +1.823928e-005
+1.546700e+004	   +2.033324e-005
+1.546800e+004	   +2.056598e-005
+1.546900e+004	   +2.074961e-005
+1.547000e+004	   +2.182158e-005
+1.547100e+004	   +2.275364e-005
+1.547200e+004	   +2.149292e-005
+1.547300e+004	   +2.087827e-005
+1.547400e+004	   +2.050294e-005
+1.547500e+004	   +1.883693e-005
+1.547600e+004	   +2.027646e-005
+1.547700e+004	   +2.218814e-005
+1.547800e+004	   +2.169311e-005
+1.547900e+004	   +2.074139e-005
+1.548000e+004	   +2.213915e-005
+1.548100e+004	   +2.317526e-005
+1.548200e+004	   +2.420087e-005
+1.548300e+004	   +2.652792e-005
+1.548400e+004	   +2.700624e-005
+1.548500e+004	   +2.318722e-005
+1.548600e+004	   +1.872136e-005
+1.548700e+004	   +1.744142e-005
+1.548800e+004	   +1.883860e-005
+1.548900e+004	   +2.107716e-005
+1.549000e+004	   +2.232655e-005
+1.549100e+004	   +2.106501e-005
+1.549200e+004	   +2.034130e-005
+1.549300e+004	   +2.150321e-005
+1.549400e+004	   +2.154625e-005
+1.549500e+004	   +2.164134e-005
+1.549600e+004	   +2.242209e-005
+1.549700e+004	   +2.272997e-005
+1.549800e+004	   +2.253565e-005
+1.549900e+004	   +2.201425e-005
+1.550000e+004	   +2.218636e-005
+1.550100e+004	   +2.136120e-005
+1.550200e+004	   +2.075692e-005
+1.550300e+004	   +2.102898e-005
+1.550400e+004	   +2.130758e-005
+1.550500e+004	   +2.299050e-005
+1.550600e+004	   +2.349939e-005
+1.550700e+004	   +2.174968e-005
+1.550800e+004	   +2.113869e-005
+1.550900e+004	   +2.175634e-005
+1.551000e+004	   +2.111366e-005
+1.551100e+004	   +2.118506e-005
+1.551200e+004	   +2.065269e-005
+1.551300e+004	   +1.946076e-005
+1.551400e+004	   +1.825918e-005
+1.551500e+004	   +1.934457e-005
+1.551600e+004	   +2.154809e-005
+1.551700e+004	   +2.291211e-005
+1.551800e+004	   +2.373567e-005
+1.551900e+004	   +2.338254e-005
+1.552000e+004	   +2.265908e-005
+1.552100e+004	   +2.267931e-005
+1.552200e+004	   +2.416564e-005
+1.552300e+004	   +2.309253e-005
+1.552400e+004	   +1.982469e-005
+1.552500e+004	   +1.836230e-005
+1.552600e+004	   +1.791342e-005
+1.552700e+004	   +1.642243e-005
+1.552800e+004	   +1.561510e-005
+1.552900e+004	   +1.734226e-005
+1.553000e+004	   +2.097919e-005
+1.553100e+004	   +2.318108e-005
+1.553200e+004	   +2.207985e-005
+1.553300e+004	   +2.102250e-005
+1.553400e+004	   +1.878760e-005
+1.553500e+004	   +1.885791e-005
+1.553600e+004	   +1.907513e-005
+1.553700e+004	   +1.802290e-005
+1.553800e+004	   +2.003676e-005
+1.553900e+004	   +2.074961e-005
+1.554000e+004	   +1.996769e-005
+1.554100e+004	   +1.915898e-005
+1.554200e+004	   +1.981783e-005
+1.554300e+004	   +1.907197e-005
+1.554400e+004	   +1.804489e-005
+1.554500e+004	   +2.010587e-005
+1.554600e+004	   +2.187133e-005
+1.554700e+004	   +2.129476e-005
+1.554800e+004	   +2.304929e-005
+1.554900e+004	   +2.333389e-005
+1.555000e+004	   +2.104275e-005
+1.555100e+004	   +1.997598e-005
+1.555200e+004	   +2.032302e-005
+1.555300e+004	   +2.077553e-005
+1.555400e+004	   +2.000319e-005
+1.555500e+004	   +1.901372e-005
+1.555600e+004	   +2.115345e-005
+1.555700e+004	   +2.220856e-005
+1.555800e+004	   +2.175310e-005
+1.555900e+004	   +1.966503e-005
+1.556000e+004	   +1.888184e-005
+1.556100e+004	   +1.958414e-005
+1.556200e+004	   +1.852289e-005
+1.556300e+004	   +1.688218e-005
+1.556400e+004	   +1.896522e-005
+1.556500e+004	   +2.129437e-005
+1.556600e+004	   +2.085048e-005
+1.556700e+004	   +2.080004e-005
+1.556800e+004	   +2.227195e-005
+1.556900e+004	   +2.183314e-005
+1.557000e+004	   +2.159852e-005
+1.557100e+004	   +2.058573e-005
+1.557200e+004	   +2.012203e-005
+1.557300e+004	   +2.063119e-005
+1.557400e+004	   +1.854756e-005
+1.557500e+004	   +1.922333e-005
+1.557600e+004	   +2.159416e-005
+1.557700e+004	   +2.170536e-005
+1.557800e+004	   +2.053532e-005
+1.557900e+004	   +2.310587e-005
+1.558000e+004	   +2.623427e-005
+1.558100e+004	   +2.358629e-005
+1.558200e+004	   +2.189315e-005
+1.558300e+004	   +2.257542e-005
+1.558400e+004	   +2.272712e-005
+1.558500e+004	   +2.300846e-005
+1.558600e+004	   +2.095553e-005
+1.558700e+004	   +2.123614e-005
+1.558800e+004	   +2.323370e-005
+1.558900e+004	   +2.282119e-005
+1.559000e+004	   +2.215192e-005
+1.559100e+004	   +2.320067e-005
+1.559200e+004	   +2.368072e-005
+1.559300e+004	   +2.165722e-005
+1.559400e+004	   +2.026250e-005
+1.559500e+004	   +1.972057e-005
+1.559600e+004	   +2.058148e-005
+1.559700e+004	   +2.109943e-005
+1.559800e+004	   +2.217355e-005
+1.559900e+004	   +2.147056e-005
+1.560000e+004	   +1.961043e-005
+1.560100e+004	   +2.066612e-005
+1.560200e+004	   +2.161380e-005
+1.560300e+004	   +2.059672e-005
+1.560400e+004	   +1.916168e-005
+1.560500e+004	   +1.902537e-005
+1.560600e+004	   +2.095780e-005
+1.560700e+004	   +2.396759e-005
+1.560800e+004	   +2.477964e-005
+1.560900e+004	   +2.507712e-005
+1.561000e+004	   +2.466265e-005
+1.561100e+004	   +2.268163e-005
+1.561200e+004	   +2.327241e-005
+1.561300e+004	   +2.366221e-005
+1.561400e+004	   +2.384265e-005
+1.561500e+004	   +2.345183e-005
+1.561600e+004	   +2.267986e-005
+1.561700e+004	   +2.306787e-005
+1.561800e+004	   +2.260315e-005
+1.561900e+004	   +2.106351e-005
+1.562000e+004	   +2.063649e-005
+1.562100e+004	   +2.040758e-005
+1.562200e+004	   +1.910003e-005
+1.562300e+004	   +1.994440e-005
+1.562400e+004	   +2.007569e-005
+1.562500e+004	   +2.063610e-005
+1.562600e+004	   +2.287669e-005
+1.562700e+004	   +2.508654e-005
+1.562800e+004	   +2.531559e-005
+1.562900e+004	   +2.372650e-005
+1.563000e+004	   +2.330806e-005
+1.563100e+004	   +2.363718e-005
+1.563200e+004	   +2.307694e-005
+1.563300e+004	   +2.426958e-005
+1.563400e+004	   +2.421570e-005
+1.563500e+004	   +2.322914e-005
+1.563600e+004	   +2.062174e-005
+1.563700e+004	   +1.903711e-005
+1.563800e+004	   +1.895028e-005
+1.563900e+004	   +1.910760e-005
+1.564000e+004	   +1.966036e-005
+1.564100e+004	   +2.090318e-005
+1.564200e+004	   +2.407668e-005
+1.564300e+004	   +2.259342e-005
+1.564400e+004	   +2.110214e-005
+1.564500e+004	   +2.137495e-005
+1.564600e+004	   +2.088935e-005
+1.564700e+004	   +2.141166e-005
+1.564800e+004	   +2.262214e-005
+1.564900e+004	   +2.219472e-005
+1.565000e+004	   +2.170779e-005
+1.565100e+004	   +2.411086e-005
+1.565200e+004	   +2.216230e-005
+1.565300e+004	   +1.913619e-005
+1.565400e+004	   +1.941809e-005
+1.565500e+004	   +1.836855e-005
+1.565600e+004	   +2.049907e-005
+1.565700e+004	   +2.198333e-005
+1.565800e+004	   +2.192302e-005
+1.565900e+004	   +2.205169e-005
+1.566000e+004	   +2.219598e-005
+1.566100e+004	   +2.232846e-005
+1.566200e+004	   +2.299497e-005
+1.566300e+004	   +2.373723e-005
+1.566400e+004	   +2.164118e-005
+1.566500e+004	   +1.778235e-005
+1.566600e+004	   +1.822569e-005
+1.566700e+004	   +1.847557e-005
+1.566800e+004	   +1.812919e-005
+1.566900e+004	   +1.974072e-005
+1.567000e+004	   +2.248910e-005
+1.567100e+004	   +2.439779e-005
+1.567200e+004	   +2.418257e-005
+1.567300e+004	   +2.333445e-005
+1.567400e+004	   +2.304076e-005
+1.567500e+004	   +2.346986e-005
+1.567600e+004	   +2.152012e-005
+1.567700e+004	   +2.023822e-005
+1.567800e+004	   +2.186879e-005
+1.567900e+004	   +2.317526e-005
+1.568000e+004	   +2.229267e-005
+1.568100e+004	   +2.130837e-005
+1.568200e+004	   +1.864364e-005
+1.568300e+004	   +1.759945e-005
+1.568400e+004	   +1.852755e-005
+1.568500e+004	   +2.049070e-005
+1.568600e+004	   +2.164251e-005
+1.568700e+004	   +1.949577e-005
+1.568800e+004	   +1.695228e-005
+1.568900e+004	   +1.872270e-005
+1.569000e+004	   +2.012734e-005
+1.569100e+004	   +1.978427e-005
+1.569200e+004	   +2.005932e-005
+1.569300e+004	   +1.961706e-005
+1.569400e+004	   +1.900581e-005
+1.569500e+004	   +2.041292e-005
+1.569600e+004	   +2.342293e-005
+1.569700e+004	   +2.287679e-005
+1.569800e+004	   +2.089625e-005
+1.569900e+004	   +2.131116e-005
+1.570000e+004	   +2.108213e-005
+1.570100e+004	   +2.088960e-005
+1.570200e+004	   +2.095380e-005
+1.570300e+004	   +2.256949e-005
+1.570400e+004	   +2.244364e-005
+1.570500e+004	   +2.284160e-005
+1.570600e+004	   +2.324289e-005
+1.570700e+004	   +2.325121e-005
+1.570800e+004	   +2.250027e-005
+1.570900e+004	   +2.098843e-005
+1.571000e+004	   +2.093917e-005
+1.571100e+004	   +2.135046e-005
+1.571200e+004	   +2.346525e-005
+1.571300e+004	   +2.448746e-005
+1.571400e+004	   +2.296106e-005
+1.571500e+004	   +2.176511e-005
+1.571600e+004	   +1.992356e-005
+1.571700e+004	   +1.950652e-005
+1.571800e+004	   +2.150640e-005
+1.571900e+004	   +2.401669e-005
+1.572000e+004	   +2.326124e-005
+1.572100e+004	   +2.171513e-005
+1.572200e+004	   +2.018235e-005
+1.572300e+004	   +1.852814e-005
+1.572400e+004	   +1.836076e-005
+1.572500e+004	   +2.063710e-005
+1.572600e+004	   +2.311742e-005
+1.572700e+004	   +2.270789e-005
+1.572800e+004	   +1.965492e-005
+1.572900e+004	   +1.987881e-005
+1.573000e+004	   +1.932080e-005
+1.573100e+004	   +1.726365e-005
+1.573200e+004	   +1.846332e-005
+1.573300e+004	   +2.052481e-005
+1.573400e+004	   +2.014531e-005
+1.573500e+004	   +1.886831e-005
+1.573600e+004	   +2.109781e-005
+1.573700e+004	   +2.236637e-005
+1.573800e+004	   +2.020920e-005
+1.573900e+004	   +2.024040e-005
+1.574000e+004	   +2.233386e-005
+1.574100e+004	   +2.327563e-005
+1.574200e+004	   +2.209255e-005
+1.574300e+004	   +2.075635e-005
+1.574400e+004	   +2.143504e-005
+1.574500e+004	   +2.254161e-005
+1.574600e+004	   +2.264065e-005
+1.574700e+004	   +2.191607e-005
+1.574800e+004	   +2.110951e-005
+1.574900e+004	   +2.071053e-005
+1.575000e+004	   +2.046120e-005
+1.575100e+004	   +2.149011e-005
+1.575200e+004	   +2.273349e-005
+1.575300e+004	   +2.231893e-005
+1.575400e+004	   +2.135444e-005
+1.575500e+004	   +1.915032e-005
+1.575600e+004	   +1.871201e-005
+1.575700e+004	   +1.937033e-005
+1.575800e+004	   +2.057750e-005
+1.575900e+004	   +2.023922e-005
+1.576000e+004	   +1.924737e-005
+1.576100e+004	   +2.041749e-005
+1.576200e+004	   +2.115645e-005
+1.576300e+004	   +2.115912e-005
+1.576400e+004	   +2.449294e-005
+1.576500e+004	   +2.707144e-005
+1.576600e+004	   +2.358559e-005
+1.576700e+004	   +1.973968e-005
+1.576800e+004	   +1.982105e-005
+1.576900e+004	   +2.007335e-005
+1.577000e+004	   +2.204782e-005
+1.577100e+004	   +2.205649e-005
+1.577200e+004	   +1.950534e-005
+1.577300e+004	   +1.909749e-005
+1.577400e+004	   +1.946909e-005
+1.577500e+004	   +2.105382e-005
+1.577600e+004	   +2.186379e-005
+1.577700e+004	   +2.118744e-005
+1.577800e+004	   +2.108762e-005
+1.577900e+004	   +2.029889e-005
+1.578000e+004	   +2.049860e-005
+1.578100e+004	   +2.191376e-005
+1.578200e+004	   +2.489734e-005
+1.578300e+004	   +2.450591e-005
+1.578400e+004	   +2.098375e-005
+1.578500e+004	   +1.871670e-005
+1.578600e+004	   +2.035285e-005
+1.578700e+004	   +2.004972e-005
+1.578800e+004	   +1.882039e-005
+1.578900e+004	   +1.997468e-005
+1.579000e+004	   +2.329311e-005
+1.579100e+004	   +2.568702e-005
+1.579200e+004	   +2.396875e-005
+1.579300e+004	   +2.258781e-005
+1.579400e+004	   +2.170745e-005
+1.579500e+004	   +2.179055e-005
+1.579600e+004	   +2.229931e-005
+1.579700e+004	   +2.062222e-005
+1.579800e+004	   +1.931104e-005
+1.579900e+004	   +2.098140e-005
+1.580000e+004	   +2.168047e-005
+1.580100e+004	   +2.059513e-005
+1.580200e+004	   +1.899892e-005
+1.580300e+004	   +1.785399e-005
+1.580400e+004	   +1.813212e-005
+1.580500e+004	   +1.998025e-005
+1.580600e+004	   +2.214730e-005
+1.580700e+004	   +2.008006e-005
+1.580800e+004	   +1.842816e-005
+1.580900e+004	   +1.987543e-005
+1.581000e+004	   +2.071455e-005
+1.581100e+004	   +2.159575e-005
+1.581200e+004	   +2.059475e-005
+1.581300e+004	   +1.904744e-005
+1.581400e+004	   +1.876839e-005
+1.581500e+004	   +2.081729e-005
+1.581600e+004	   +2.145161e-005
+1.581700e+004	   +2.137826e-005
+1.581800e+004	   +2.141100e-005
+1.581900e+004	   +2.151953e-005
+1.582000e+004	   +2.112857e-005
+1.582100e+004	   +2.258519e-005
+1.582200e+004	   +2.207970e-005
+1.582300e+004	   +1.945239e-005
+1.582400e+004	   +1.877233e-005
+1.582500e+004	   +1.795430e-005
+1.582600e+004	   +1.661718e-005
+1.582700e+004	   +1.990266e-005
+1.582800e+004	   +2.454840e-005
+1.582900e+004	   +2.324406e-005
+1.583000e+004	   +1.831653e-005
+1.583100e+004	   +1.735651e-005
+1.583200e+004	   +1.888483e-005
+1.583300e+004	   +2.023493e-005
+1.583400e+004	   +2.047856e-005
+1.583500e+004	   +2.123287e-005
+1.583600e+004	   +2.160791e-005
+1.583700e+004	   +1.923465e-005
+1.583800e+004	   +1.744878e-005
+1.583900e+004	   +2.044827e-005
+1.584000e+004	   +2.252803e-005
+1.584100e+004	   +2.264080e-005
+1.584200e+004	   +2.381589e-005
+1.584300e+004	   +2.263687e-005
+1.584400e+004	   +2.053230e-005
+1.584500e+004	   +1.970706e-005
+1.584600e+004	   +2.242714e-005
+1.584700e+004	   +2.491969e-005
+1.584800e+004	   +2.385124e-005
+1.584900e+004	   +2.164767e-005
+1.585000e+004	   +2.016173e-005
+1.585100e+004	   +1.968326e-005
+1.585200e+004	   +1.997473e-005
+1.585300e+004	   +2.158631e-005
+1.585400e+004	   +2.235908e-005
+1.585500e+004	   +2.170283e-005
+1.585600e+004	   +2.187313e-005
+1.585700e+004	   +2.087685e-005
+1.585800e+004	   +2.149563e-005
+1.585900e+004	   +2.228668e-005
+1.586000e+004	   +2.078237e-005
+1.586100e+004	   +1.949971e-005
+1.586200e+004	   +2.114612e-005
+1.586300e+004	   +2.272902e-005
+1.586400e+004	   +2.359974e-005
+1.586500e+004	   +2.313047e-005
+1.586600e+004	   +2.310004e-005
+1.586700e+004	   +2.356615e-005
+1.586800e+004	   +2.185642e-005
+1.586900e+004	   +2.102988e-005
+1.587000e+004	   +2.232935e-005
+1.587100e+004	   +2.428837e-005
+1.587200e+004	   +2.329176e-005
+1.587300e+004	   +2.152882e-005
+1.587400e+004	   +2.181001e-005
+1.587500e+004	   +2.317388e-005
+1.587600e+004	   +2.264978e-005
+1.587700e+004	   +2.337515e-005
+1.587800e+004	   +2.199683e-005
+1.587900e+004	   +1.928951e-005
+1.588000e+004	   +1.722224e-005
+1.588100e+004	   +1.737216e-005
+1.588200e+004	   +1.883751e-005
+1.588300e+004	   +1.922939e-005
+1.588400e+004	   +1.937773e-005
+1.588500e+004	   +2.178211e-005
+1.588600e+004	   +2.359194e-005
+1.588700e+004	   +2.236723e-005
+1.588800e+004	   +2.084497e-005
+1.588900e+004	   +2.203221e-005
+1.589000e+004	   +2.281738e-005
+1.589100e+004	   +2.272398e-005
+1.589200e+004	   +1.944515e-005
+1.589300e+004	   +1.797049e-005
+1.589400e+004	   +2.093899e-005
+1.589500e+004	   +2.012194e-005
+1.589600e+004	   +2.167990e-005
+1.589700e+004	   +2.308280e-005
+1.589800e+004	   +2.113943e-005
+1.589900e+004	   +2.082529e-005
+1.590000e+004	   +2.245789e-005
+1.590100e+004	   +2.238315e-005
+1.590200e+004	   +2.194409e-005
+1.590300e+004	   +2.213378e-005
+1.590400e+004	   +2.162909e-005
+1.590500e+004	   +2.176143e-005
+1.590600e+004	   +2.231900e-005
+1.590700e+004	   +2.073644e-005
+1.590800e+004	   +1.968652e-005
+1.590900e+004	   +2.220422e-005
+1.591000e+004	   +2.229622e-005
+1.591100e+004	   +2.072347e-005
+1.591200e+004	   +2.214820e-005
+1.591300e+004	   +2.176844e-005
+1.591400e+004	   +1.968881e-005
+1.591500e+004	   +1.917702e-005
+1.591600e+004	   +1.992774e-005
+1.591700e+004	   +2.225154e-005
+1.591800e+004	   +2.168130e-005
+1.591900e+004	   +2.007931e-005
+1.592000e+004	   +1.859750e-005
+1.592100e+004	   +1.992590e-005
+1.592200e+004	   +2.030604e-005
+1.592300e+004	   +2.135435e-005
+1.592400e+004	   +2.181703e-005
+1.592500e+004	   +2.067243e-005
+1.592600e+004	   +2.053507e-005
+1.592700e+004	   +2.205230e-005
+1.592800e+004	   +2.302685e-005
+1.592900e+004	   +2.273706e-005
+1.593000e+004	   +2.310917e-005
+1.593100e+004	   +2.307096e-005
+1.593200e+004	   +2.095392e-005
+1.593300e+004	   +2.111514e-005
+1.593400e+004	   +2.247395e-005
+1.593500e+004	   +2.080875e-005
+1.593600e+004	   +1.986755e-005
+1.593700e+004	   +1.937754e-005
+1.593800e+004	   +1.937565e-005
+1.593900e+004	   +2.074703e-005
+1.594000e+004	   +2.096462e-005
+1.594100e+004	   +1.876823e-005
+1.594200e+004	   +1.751542e-005
+1.594300e+004	   +1.925369e-005
+1.594400e+004	   +1.974967e-005
+1.594500e+004	   +1.993026e-005
+1.594600e+004	   +1.940013e-005
+1.594700e+004	   +1.922274e-005
+1.594800e+004	   +1.851313e-005
+1.594900e+004	   +1.757711e-005
+1.595000e+004	   +1.922699e-005
+1.595100e+004	   +2.045678e-005
+1.595200e+004	   +1.996918e-005
+1.595300e+004	   +1.992286e-005
+1.595400e+004	   +1.973511e-005
+1.595500e+004	   +1.917982e-005
+1.595600e+004	   +2.038205e-005
+1.595700e+004	   +2.103111e-005
+1.595800e+004	   +2.114407e-005
+1.595900e+004	   +2.338059e-005
+1.596000e+004	   +2.163032e-005
+1.596100e+004	   +1.965611e-005
+1.596200e+004	   +2.101539e-005
+1.596300e+004	   +2.096499e-005
+1.596400e+004	   +2.013757e-005
+1.596500e+004	   +2.035821e-005
+1.596600e+004	   +2.206010e-005
+1.596700e+004	   +2.230210e-005
+1.596800e+004	   +2.015699e-005
+1.596900e+004	   +2.139183e-005
+1.597000e+004	   +2.396377e-005
+1.597100e+004	   +2.506468e-005
+1.597200e+004	   +2.432734e-005
+1.597300e+004	   +2.318590e-005
+1.597400e+004	   +2.042993e-005
+1.597500e+004	   +2.061008e-005
+1.597600e+004	   +2.094400e-005
+1.597700e+004	   +2.045101e-005
+1.597800e+004	   +2.159188e-005
+1.597900e+004	   +2.118488e-005
+1.598000e+004	   +2.145098e-005
+1.598100e+004	   +2.238033e-005
+1.598200e+004	   +2.149146e-005
+1.598300e+004	   +2.004191e-005
+1.598400e+004	   +1.980404e-005
+1.598500e+004	   +1.935766e-005
+1.598600e+004	   +1.876095e-005
+1.598700e+004	   +1.885038e-005
+1.598800e+004	   +1.983159e-005
+1.598900e+004	   +2.062258e-005
+1.599000e+004	   +2.279072e-005
+1.599100e+004	   +2.201533e-005
+1.599200e+004	   +1.914731e-005
+1.599300e+004	   +1.969807e-005
+1.599400e+004	   +2.273376e-005
+1.599500e+004	   +2.502360e-005
+1.599600e+004	   +2.544668e-005
+1.599700e+004	   +2.457731e-005
+1.599800e+004	   +2.468419e-005
+1.599900e+004	   +2.258717e-005
+1.600000e+004	   +1.926934e-005
+1.600100e+004	   +2.084160e-005
+1.600200e+004	   +2.168980e-005
+1.600300e+004	   +2.088029e-005
+1.600400e+004	   +2.126318e-005
+1.600500e+004	   +2.073135e-005
+1.600600e+004	   +2.063109e-005
+1.600700e+004	   +2.159949e-005
+1.600800e+004	   +2.136680e-005
+1.600900e+004	   +2.141159e-005
+1.601000e+004	   +2.154407e-005
+1.601100e+004	   +2.036454e-005
+1.601200e+004	   +1.817797e-005
+1.601300e+004	   +1.840238e-005
+1.601400e+004	   +2.084352e-005
+1.601500e+004	   +2.168637e-005
+1.601600e+004	   +1.976377e-005
+1.601700e+004	   +1.899846e-005
+1.601800e+004	   +2.072422e-005
+1.601900e+004	   +2.135726e-005
+1.602000e+004	   +2.038926e-005
+1.602100e+004	   +2.092444e-005
+1.602200e+004	   +2.273386e-005
+1.602300e+004	   +2.281673e-005
+1.602400e+004	   +2.119912e-005
+1.602500e+004	   +2.175778e-005
+1.602600e+004	   +2.434398e-005
+1.602700e+004	   +2.277423e-005
+1.602800e+004	   +2.213835e-005
+1.602900e+004	   +2.407343e-005
+1.603000e+004	   +2.612898e-005
+1.603100e+004	   +2.541409e-005
+1.603200e+004	   +2.291704e-005
+1.603300e+004	   +1.952107e-005
+1.603400e+004	   +1.958147e-005
+1.603500e+004	   +2.221598e-005
+1.603600e+004	   +2.249836e-005
+1.603700e+004	   +2.092125e-005
+1.603800e+004	   +1.864653e-005
+1.603900e+004	   +2.013671e-005
+1.604000e+004	   +2.309626e-005
+1.604100e+004	   +2.325759e-005
+1.604200e+004	   +2.111250e-005
+1.604300e+004	   +1.855033e-005
+1.604400e+004	   +1.890153e-005
+1.604500e+004	   +1.934155e-005
+1.604600e+004	   +1.964332e-005
+1.604700e+004	   +2.032587e-005
+1.604800e+004	   +2.030408e-005
+1.604900e+004	   +2.010390e-005
+1.605000e+004	   +1.963611e-005
+1.605100e+004	   +1.912313e-005
+1.605200e+004	   +2.031173e-005
+1.605300e+004	   +2.145951e-005
+1.605400e+004	   +2.197126e-005
+1.605500e+004	   +2.054215e-005
+1.605600e+004	   +1.814421e-005
+1.605700e+004	   +1.851183e-005
+1.605800e+004	   +2.076661e-005
+1.605900e+004	   +2.224859e-005
+1.606000e+004	   +2.088923e-005
+1.606100e+004	   +1.768328e-005
+1.606200e+004	   +2.144361e-005
+1.606300e+004	   +2.361174e-005
+1.606400e+004	   +2.242625e-005
+1.606500e+004	   +2.049358e-005
+1.606600e+004	   +1.966153e-005
+1.606700e+004	   +2.119842e-005
+1.606800e+004	   +2.018747e-005
+1.606900e+004	   +1.957971e-005
+1.607000e+004	   +1.794427e-005
+1.607100e+004	   +1.806962e-005
+1.607200e+004	   +1.893501e-005
+1.607300e+004	   +1.993835e-005
+1.607400e+004	   +2.056657e-005
+1.607500e+004	   +2.031688e-005
+1.607600e+004	   +2.123746e-005
+1.607700e+004	   +2.092024e-005
+1.607800e+004	   +2.110724e-005
+1.607900e+004	   +2.129995e-005
+1.608000e+004	   +1.982179e-005
+1.608100e+004	   +1.780274e-005
+1.608200e+004	   +1.913930e-005
+1.608300e+004	   +1.982965e-005
+1.608400e+004	   +2.090036e-005
+1.608500e+004	   +2.112310e-005
+1.608600e+004	   +1.974872e-005
+1.608700e+004	   +1.899298e-005
+1.608800e+004	   +1.831486e-005
+1.608900e+004	   +1.903701e-005
+1.609000e+004	   +2.004690e-005
+1.609100e+004	   +1.936814e-005
+1.609200e+004	   +1.877041e-005
+1.609300e+004	   +1.846897e-005
+1.609400e+004	   +2.062928e-005
+1.609500e+004	   +2.162196e-005
+1.609600e+004	   +2.223430e-005
+1.609700e+004	   +2.310442e-005
+1.609800e+004	   +2.320951e-005
+1.609900e+004	   +2.125104e-005
+1.610000e+004	   +1.918081e-005
+1.610100e+004	   +1.918117e-005
+1.610200e+004	   +1.834954e-005
+1.610300e+004	   +1.724025e-005
+1.610400e+004	   +1.788051e-005
+1.610500e+004	   +1.869378e-005
+1.610600e+004	   +1.916315e-005
+1.610700e+004	   +1.982656e-005
+1.610800e+004	   +2.113776e-005
+1.610900e+004	   +2.458228e-005
+1.611000e+004	   +2.531937e-005
+1.611100e+004	   +2.375460e-005
+1.611200e+004	   +2.222183e-005
+1.611300e+004	   +2.296472e-005
+1.611400e+004	   +2.201480e-005
+1.611500e+004	   +2.023127e-005
+1.611600e+004	   +2.158612e-005
+1.611700e+004	   +2.186269e-005
+1.611800e+004	   +2.207510e-005
+1.611900e+004	   +2.115847e-005
+1.612000e+004	   +2.031639e-005
+1.612100e+004	   +2.251460e-005
+1.612200e+004	   +2.420082e-005
+1.612300e+004	   +2.308784e-005
+1.612400e+004	   +2.250498e-005
+1.612500e+004	   +2.233857e-005
+1.612600e+004	   +2.319924e-005
+1.612700e+004	   +2.514644e-005
+1.612800e+004	   +2.222054e-005
+1.612900e+004	   +2.043716e-005
+1.613000e+004	   +2.199586e-005
+1.613100e+004	   +2.275371e-005
+1.613200e+004	   +2.229373e-005
+1.613300e+004	   +2.176894e-005
+1.613400e+004	   +2.039034e-005
+1.613500e+004	   +1.933268e-005
+1.613600e+004	   +1.859498e-005
+1.613700e+004	   +1.955545e-005
+1.613800e+004	   +1.939059e-005
+1.613900e+004	   +1.780417e-005
+1.614000e+004	   +1.944363e-005
+1.614100e+004	   +2.181090e-005
+1.614200e+004	   +2.262261e-005
+1.614300e+004	   +2.197529e-005
+1.614400e+004	   +2.061844e-005
+1.614500e+004	   +2.168590e-005
+1.614600e+004	   +2.248320e-005
+1.614700e+004	   +2.166557e-005
+1.614800e+004	   +2.047386e-005
+1.614900e+004	   +1.784207e-005
+1.615000e+004	   +1.881039e-005
+1.615100e+004	   +2.057204e-005
+1.615200e+004	   +1.946918e-005
+1.615300e+004	   +1.891668e-005
+1.615400e+004	   +2.055772e-005
+1.615500e+004	   +2.018445e-005
+1.615600e+004	   +2.155233e-005
+1.615700e+004	   +2.412953e-005
+1.615800e+004	   +2.347007e-005
+1.615900e+004	   +2.435978e-005
+1.616000e+004	   +2.539181e-005
+1.616100e+004	   +2.314601e-005
+1.616200e+004	   +2.284508e-005
+1.616300e+004	   +2.061848e-005
+1.616400e+004	   +1.709902e-005
+1.616500e+004	   +1.940682e-005
+1.616600e+004	   +2.364775e-005
+1.616700e+004	   +2.490418e-005
+1.616800e+004	   +2.309626e-005
+1.616900e+004	   +2.017761e-005
+1.617000e+004	   +1.962585e-005
+1.617100e+004	   +1.996841e-005
+1.617200e+004	   +2.022871e-005
+1.617300e+004	   +2.068683e-005
+1.617400e+004	   +2.176349e-005
+1.617500e+004	   +2.178802e-005
+1.617600e+004	   +2.284458e-005
+1.617700e+004	   +2.102074e-005
+1.617800e+004	   +1.844172e-005
+1.617900e+004	   +2.085724e-005
+1.618000e+004	   +2.502698e-005
+1.618100e+004	   +2.568028e-005
+1.618200e+004	   +2.347216e-005
+1.618300e+004	   +2.166093e-005
+1.618400e+004	   +2.057843e-005
+1.618500e+004	   +1.933737e-005
+1.618600e+004	   +1.865496e-005
+1.618700e+004	   +1.925058e-005
+1.618800e+004	   +1.798713e-005
+1.618900e+004	   +1.600378e-005
+1.619000e+004	   +1.795083e-005
+1.619100e+004	   +1.906621e-005
+1.619200e+004	   +2.016405e-005
+1.619300e+004	   +2.269842e-005
+1.619400e+004	   +2.182395e-005
+1.619500e+004	   +1.925705e-005
+1.619600e+004	   +1.892688e-005
+1.619700e+004	   +1.851866e-005
+1.619800e+004	   +1.915724e-005
+1.619900e+004	   +2.016616e-005
+1.620000e+004	   +1.997153e-005
