+1.780000e+004	   +2.153875e-005
+1.780100e+004	   +2.159921e-005
+1.780200e+004	   +2.049979e-005
+1.780300e+004	   +1.800919e-005
+1.780400e+004	   +1.925016e-005
+1.780500e+004	   +2.014752e-005
+1.780600e+004	   +2.000394e-005
+1.780700e+004	   +2.043709e-005
+1.780800e+004	   +2.164835e-005
+1.780900e+004	   +2.228851e-005
+1.781000e+004	   +2.299802e-005
+1.781100e+004	   +2.127672e-005
+1.781200e+004	   +1.832280e-005
+1.781300e+004	   +2.082349e-005
+1.781400e+004	   +2.229314e-005
+1.781500e+004	   +2.249621e-005
+1.781600e+004	   +2.352482e-005
+1.781700e+004	   +2.276329e-005
+1.781800e+004	   +2.202687e-005
+1.781900e+004	   +2.133659e-005
+1.782000e+004	   +2.127712e-005
+1.782100e+004	   +2.030134e-005
+1.782200e+004	   +1.708299e-005
+1.782300e+004	   +1.644634e-005
+1.782400e+004	   +1.714722e-005
+1.782500e+004	   +1.935120e-005
+1.782600e+004	   +2.015460e-005
+1.782700e+004	   +1.892173e-005
+1.782800e+004	   +1.777635e-005
+1.782900e+004	   +2.175417e-005
+1.783000e+004	   +2.313003e-005
+1.783100e+004	   +1.987866e-005
+1.783200e+004	   +1.877204e-005
+1.783300e+004	   +2.018536e-005
+1.783400e+004	   +1.989956e-005
+1.783500e+004	   +1.868856e-005
+1.783600e+004	   +1.934827e-005
+1.783700e+004	   +2.033257e-005
+1.783800e+004	   +2.091537e-005
+1.783900e+004	   +2.224268e-005
+1.784000e+004	   +2.418661e-005
+1.784100e+004	   +2.472276e-005
+1.784200e+004	   +2.015124e-005
+1.784300e+004	   +1.872751e-005
+1.784400e+004	   +1.997319e-005
+1.784500e+004	   +2.020936e-005
+1.784600e+004	   +1.882271e-005
+1.784700e+004	   +1.723007e-005
+1.784800e+004	   +1.785397e-005
+1.784900e+004	   +2.066097e-005
+1.785000e+004	   +1.974221e-005
+1.785100e+004	   +1.834245e-005
+1.785200e+004	   +2.169788e-005
+1.785300e+004	   +2.442562e-005
+1.785400e+004	   +2.335086e-005
+1.785500e+004	   +2.231712e-005
+1.785600e+004	   +2.343454e-005
+1.785700e+004	   +2.174901e-005
+1.785800e+004	   +2.227124e-005
+1.785900e+004	   +2.364863e-005
+1.786000e+004	   +2.172777e-005
+1.786100e+004	   +1.816508e-005
+1.786200e+004	   +1.630351e-005
+1.786300e+004	   +1.816474e-005
+1.786400e+004	   +2.112948e-005
+1.786500e+004	   +2.226860e-005
+1.786600e+004	   +2.144512e-005
+1.786700e+004	   +1.841863e-005
+1.786800e+004	   +1.806781e-005
+1.786900e+004	   +2.221632e-005
+1.787000e+004	   +2.445838e-005
+1.787100e+004	   +2.286370e-005
+1.787200e+004	   +2.193944e-005
+1.787300e+004	   +2.040413e-005
+1.787400e+004	   +1.962762e-005
+1.787500e+004	   +1.910613e-005
+1.787600e+004	   +1.885379e-005
+1.787700e+004	   +1.997495e-005
+1.787800e+004	   +2.066406e-005
+1.787900e+004	   +2.325269e-005
+1.788000e+004	   +2.347819e-005
+1.788100e+004	   +2.147056e-005
+1.788200e+004	   +2.078986e-005
+1.788300e+004	   +1.992697e-005
+1.788400e+004	   +2.048989e-005
+1.788500e+004	   +2.060106e-005
+1.788600e+004	   +1.872732e-005
+1.788700e+004	   +1.856809e-005
+1.788800e+004	   +1.948038e-005
+1.788900e+004	   +2.041599e-005
+1.789000e+004	   +2.126901e-005
+1.789100e+004	   +1.922190e-005
+1.789200e+004	   +1.761919e-005
+1.789300e+004	   +1.919939e-005
+1.789400e+004	   +2.104346e-005
+1.789500e+004	   +2.223806e-005
+1.789600e+004	   +2.306782e-005
+1.789700e+004	   +2.138457e-005
+1.789800e+004	   +1.808913e-005
+1.789900e+004	   +1.753798e-005
+1.790000e+004	   +2.032065e-005
+1.790100e+004	   +2.348224e-005
+1.790200e+004	   +2.400965e-005
+1.790300e+004	   +2.300792e-005
+1.790400e+004	   +2.245180e-005
+1.790500e+004	   +1.939621e-005
+1.790600e+004	   +1.769832e-005
+1.790700e+004	   +1.846091e-005
+1.790800e+004	   +2.129462e-005
+1.790900e+004	   +2.074159e-005
+1.791000e+004	   +2.101670e-005
+1.791100e+004	   +2.007205e-005
+1.791200e+004	   +1.879594e-005
+1.791300e+004	   +1.991661e-005
+1.791400e+004	   +2.000407e-005
+1.791500e+004	   +1.986618e-005
+1.791600e+004	   +2.099380e-005
+1.791700e+004	   +2.058848e-005
+1.791800e+004	   +1.902708e-005
+1.791900e+004	   +2.032440e-005
+1.792000e+004	   +2.238531e-005
+1.792100e+004	   +2.255470e-005
+1.792200e+004	   +2.116021e-005
+1.792300e+004	   +1.991958e-005
+1.792400e+004	   +1.901643e-005
+1.792500e+004	   +2.063526e-005
+1.792600e+004	   +2.201947e-005
+1.792700e+004	   +2.375165e-005
+1.792800e+004	   +2.144747e-005
+1.792900e+004	   +2.069359e-005
+1.793000e+004	   +2.162894e-005
+1.793100e+004	   +2.093423e-005
+1.793200e+004	   +2.049639e-005
+1.793300e+004	   +2.260632e-005
+1.793400e+004	   +2.399181e-005
+1.793500e+004	   +2.150590e-005
+1.793600e+004	   +1.770576e-005
+1.793700e+004	   +1.746806e-005
+1.793800e+004	   +1.978318e-005
+1.793900e+004	   +2.181665e-005
+1.794000e+004	   +2.287746e-005
+1.794100e+004	   +2.297011e-005
+1.794200e+004	   +2.089022e-005
+1.794300e+004	   +1.867058e-005
+1.794400e+004	   +1.768202e-005
+1.794500e+004	   +1.984579e-005
+1.794600e+004	   +2.132780e-005
+1.794700e+004	   +2.026862e-005
+1.794800e+004	   +2.131226e-005
+1.794900e+004	   +2.346443e-005
+1.795000e+004	   +2.216038e-005
+1.795100e+004	   +1.906263e-005
+1.795200e+004	   +1.916748e-005
+1.795300e+004	   +2.024222e-005
+1.795400e+004	   +2.019988e-005
+1.795500e+004	   +2.146189e-005
+1.795600e+004	   +2.271191e-005
+1.795700e+004	   +2.061008e-005
+1.795800e+004	   +1.963327e-005
+1.795900e+004	   +1.993947e-005
+1.796000e+004	   +2.004697e-005
+1.796100e+004	   +2.246055e-005
+1.796200e+004	   +2.367895e-005
+1.796300e+004	   +2.248147e-005
+1.796400e+004	   +2.230945e-005
+1.796500e+004	   +2.112331e-005
+1.796600e+004	   +1.998833e-005
+1.796700e+004	   +1.898960e-005
+1.796800e+004	   +1.920490e-005
+1.796900e+004	   +2.008078e-005
+1.797000e+004	   +2.106154e-005
+1.797100e+004	   +2.083746e-005
+1.797200e+004	   +2.214610e-005
+1.797300e+004	   +2.279225e-005
+1.797400e+004	   +2.055734e-005
+1.797500e+004	   +1.990559e-005
+1.797600e+004	   +2.157963e-005
+1.797700e+004	   +2.217708e-005
+1.797800e+004	   +1.885079e-005
+1.797900e+004	   +1.710702e-005
+1.798000e+004	   +1.787185e-005
+1.798100e+004	   +1.977632e-005
+1.798200e+004	   +2.317480e-005
+1.798300e+004	   +2.337204e-005
+1.798400e+004	   +2.079479e-005
+1.798500e+004	   +1.808524e-005
+1.798600e+004	   +1.801787e-005
+1.798700e+004	   +2.063612e-005
+1.798800e+004	   +2.200303e-005
+1.798900e+004	   +2.266585e-005
+1.799000e+004	   +2.493660e-005
+1.799100e+004	   +2.572041e-005
+1.799200e+004	   +2.263302e-005
+1.799300e+004	   +2.228232e-005
+1.799400e+004	   +2.378819e-005
+1.799500e+004	   +2.575214e-005
+1.799600e+004	   +2.535461e-005
+1.799700e+004	   +2.090036e-005
+1.799800e+004	   +1.657585e-005
+1.799900e+004	   +1.734614e-005
+1.800000e+004	   +1.947551e-005
+1.800100e+004	   +2.011169e-005
+1.800200e+004	   +1.999606e-005
+1.800300e+004	   +1.995147e-005
+1.800400e+004	   +2.044450e-005
+1.800500e+004	   +1.927723e-005
+1.800600e+004	   +1.843474e-005
+1.800700e+004	   +1.900019e-005
+1.800800e+004	   +1.849923e-005
+1.800900e+004	   +1.846924e-005
+1.801000e+004	   +1.795968e-005
+1.801100e+004	   +1.855414e-005
+1.801200e+004	   +1.796369e-005
+1.801300e+004	   +1.861398e-005
+1.801400e+004	   +2.216111e-005
+1.801500e+004	   +2.295017e-005
+1.801600e+004	   +2.346224e-005
+1.801700e+004	   +2.344496e-005
+1.801800e+004	   +2.017942e-005
+1.801900e+004	   +1.908592e-005
+1.802000e+004	   +2.136209e-005
+1.802100e+004	   +2.169385e-005
+1.802200e+004	   +2.170007e-005
+1.802300e+004	   +2.364967e-005
+1.802400e+004	   +2.309504e-005
+1.802500e+004	   +2.062996e-005
+1.802600e+004	   +1.926879e-005
+1.802700e+004	   +2.012055e-005
+1.802800e+004	   +2.432763e-005
+1.802900e+004	   +2.421076e-005
+1.803000e+004	   +1.876208e-005
+1.803100e+004	   +1.651923e-005
+1.803200e+004	   +1.966889e-005
+1.803300e+004	   +2.120377e-005
+1.803400e+004	   +2.130052e-005
+1.803500e+004	   +1.985654e-005
+1.803600e+004	   +1.956583e-005
+1.803700e+004	   +1.904594e-005
+1.803800e+004	   +1.857860e-005
+1.803900e+004	   +1.974065e-005
+1.804000e+004	   +1.852537e-005
+1.804100e+004	   +1.841485e-005
+1.804200e+004	   +2.223696e-005
+1.804300e+004	   +2.371960e-005
+1.804400e+004	   +2.290489e-005
+1.804500e+004	   +2.280308e-005
+1.804600e+004	   +2.398536e-005
+1.804700e+004	   +2.233467e-005
+1.804800e+004	   +2.106277e-005
+1.804900e+004	   +2.109218e-005
+1.805000e+004	   +1.856102e-005
+1.805100e+004	   +1.988235e-005
+1.805200e+004	   +2.127130e-005
+1.805300e+004	   +2.151984e-005
+1.805400e+004	   +2.145192e-005
+1.805500e+004	   +2.084723e-005
+1.805600e+004	   +2.240890e-005
+1.805700e+004	   +2.368043e-005
+1.805800e+004	   +2.274395e-005
+1.805900e+004	   +1.902909e-005
+1.806000e+004	   +1.794634e-005
+1.806100e+004	   +2.096466e-005
+1.806200e+004	   +2.178347e-005
+1.806300e+004	   +2.005782e-005
+1.806400e+004	   +1.986452e-005
+1.806500e+004	   +1.960604e-005
+1.806600e+004	   +2.080045e-005
+1.806700e+004	   +2.197657e-005
+1.806800e+004	   +1.962187e-005
+1.806900e+004	   +2.137652e-005
+1.807000e+004	   +2.410863e-005
+1.807100e+004	   +2.479735e-005
+1.807200e+004	   +2.227098e-005
+1.807300e+004	   +2.207999e-005
+1.807400e+004	   +2.432445e-005
+1.807500e+004	   +2.422538e-005
+1.807600e+004	   +2.093786e-005
+1.807700e+004	   +2.170464e-005
+1.807800e+004	   +2.420385e-005
+1.807900e+004	   +2.468950e-005
+1.808000e+004	   +2.215826e-005
+1.808100e+004	   +1.887173e-005
+1.808200e+004	   +1.879113e-005
+1.808300e+004	   +1.902650e-005
+1.808400e+004	   +1.880217e-005
+1.808500e+004	   +2.033382e-005
+1.808600e+004	   +2.203020e-005
+1.808700e+004	   +2.389911e-005
+1.808800e+004	   +2.456628e-005
+1.808900e+004	   +2.389609e-005
+1.809000e+004	   +2.056330e-005
+1.809100e+004	   +1.947277e-005
+1.809200e+004	   +2.192215e-005
+1.809300e+004	   +2.231520e-005
+1.809400e+004	   +1.998932e-005
+1.809500e+004	   +1.969988e-005
+1.809600e+004	   +2.120929e-005
+1.809700e+004	   +2.223433e-005
+1.809800e+004	   +2.278412e-005
+1.809900e+004	   +2.275024e-005
+1.810000e+004	   +2.356809e-005
+1.810100e+004	   +2.182551e-005
+1.810200e+004	   +1.825197e-005
+1.810300e+004	   +1.905506e-005
+1.810400e+004	   +2.130765e-005
+1.810500e+004	   +2.135674e-005
+1.810600e+004	   +2.019117e-005
+1.810700e+004	   +2.115190e-005
+1.810800e+004	   +2.120955e-005
+1.810900e+004	   +2.141044e-005
+1.811000e+004	   +2.106674e-005
+1.811100e+004	   +1.773043e-005
+1.811200e+004	   +1.628421e-005
+1.811300e+004	   +1.540419e-005
+1.811400e+004	   +1.787790e-005
+1.811500e+004	   +2.028429e-005
+1.811600e+004	   +2.166733e-005
+1.811700e+004	   +2.256598e-005
+1.811800e+004	   +2.082923e-005
+1.811900e+004	   +2.043121e-005
+1.812000e+004	   +2.344447e-005
+1.812100e+004	   +2.400098e-005
+1.812200e+004	   +1.965751e-005
+1.812300e+004	   +1.672418e-005
+1.812400e+004	   +1.734093e-005
+1.812500e+004	   +1.763919e-005
+1.812600e+004	   +1.976462e-005
+1.812700e+004	   +2.254124e-005
+1.812800e+004	   +2.190445e-005
+1.812900e+004	   +2.060051e-005
+1.813000e+004	   +2.065310e-005
+1.813100e+004	   +2.237195e-005
+1.813200e+004	   +2.189613e-005
+1.813300e+004	   +2.250182e-005
+1.813400e+004	   +2.417299e-005
+1.813500e+004	   +2.439241e-005
+1.813600e+004	   +2.159089e-005
+1.813700e+004	   +1.892507e-005
+1.813800e+004	   +1.947063e-005
+1.813900e+004	   +1.983412e-005
+1.814000e+004	   +1.977235e-005
+1.814100e+004	   +1.927581e-005
+1.814200e+004	   +2.020314e-005
+1.814300e+004	   +2.191734e-005
+1.814400e+004	   +2.361695e-005
+1.814500e+004	   +2.524237e-005
+1.814600e+004	   +2.371171e-005
+1.814700e+004	   +2.005696e-005
+1.814800e+004	   +1.857260e-005
+1.814900e+004	   +1.745673e-005
+1.815000e+004	   +1.680827e-005
+1.815100e+004	   +1.919316e-005
+1.815200e+004	   +2.417625e-005
+1.815300e+004	   +2.421523e-005
+1.815400e+004	   +2.178955e-005
+1.815500e+004	   +2.095530e-005
+1.815600e+004	   +2.119619e-005
+1.815700e+004	   +2.152194e-005
+1.815800e+004	   +2.106404e-005
+1.815900e+004	   +2.096556e-005
+1.816000e+004	   +1.986781e-005
+1.816100e+004	   +2.217401e-005
+1.816200e+004	   +2.474038e-005
+1.816300e+004	   +2.463223e-005
+1.816400e+004	   +2.369924e-005
+1.816500e+004	   +2.225269e-005
+1.816600e+004	   +2.097111e-005
+1.816700e+004	   +2.170216e-005
+1.816800e+004	   +2.320607e-005
+1.816900e+004	   +2.294128e-005
+1.817000e+004	   +1.985394e-005
+1.817100e+004	   +1.907218e-005
+1.817200e+004	   +2.065088e-005
+1.817300e+004	   +2.137647e-005
+1.817400e+004	   +2.323248e-005
+1.817500e+004	   +2.444144e-005
+1.817600e+004	   +2.292771e-005
+1.817700e+004	   +2.205961e-005
+1.817800e+004	   +2.196613e-005
+1.817900e+004	   +2.264739e-005
+1.818000e+004	   +2.284797e-005
+1.818100e+004	   +2.235388e-005
+1.818200e+004	   +2.089630e-005
+1.818300e+004	   +1.993067e-005
+1.818400e+004	   +2.199279e-005
+1.818500e+004	   +2.084016e-005
+1.818600e+004	   +2.104901e-005
+1.818700e+004	   +2.425804e-005
+1.818800e+004	   +2.314896e-005
+1.818900e+004	   +1.996878e-005
+1.819000e+004	   +1.644139e-005
+1.819100e+004	   +1.753811e-005
+1.819200e+004	   +1.991737e-005
+1.819300e+004	   +1.923890e-005
+1.819400e+004	   +1.949602e-005
+1.819500e+004	   +2.030323e-005
+1.819600e+004	   +2.085788e-005
+1.819700e+004	   +2.019946e-005
+1.819800e+004	   +1.821509e-005
+1.819900e+004	   +1.817988e-005
+1.820000e+004	   +2.048748e-005
+1.820100e+004	   +2.128805e-005
+1.820200e+004	   +2.093616e-005
+1.820300e+004	   +1.909355e-005
+1.820400e+004	   +1.942703e-005
+1.820500e+004	   +2.028726e-005
+1.820600e+004	   +2.044111e-005
+1.820700e+004	   +2.174997e-005
+1.820800e+004	   +2.111489e-005
+1.820900e+004	   +2.066576e-005
+1.821000e+004	   +1.874637e-005
+1.821100e+004	   +2.044598e-005
+1.821200e+004	   +2.056806e-005
+1.821300e+004	   +1.789526e-005
+1.821400e+004	   +1.638781e-005
+1.821500e+004	   +1.721540e-005
+1.821600e+004	   +2.062251e-005
+1.821700e+004	   +2.396559e-005
+1.821800e+004	   +2.366920e-005
+1.821900e+004	   +2.361819e-005
+1.822000e+004	   +2.266749e-005
+1.822100e+004	   +2.201911e-005
+1.822200e+004	   +2.233298e-005
+1.822300e+004	   +2.235778e-005
+1.822400e+004	   +2.145812e-005
+1.822500e+004	   +2.130608e-005
+1.822600e+004	   +2.326850e-005
+1.822700e+004	   +2.347376e-005
+1.822800e+004	   +2.187613e-005
+1.822900e+004	   +2.068760e-005
+1.823000e+004	   +2.231746e-005
+1.823100e+004	   +2.150182e-005
+1.823200e+004	   +2.142815e-005
+1.823300e+004	   +2.162557e-005
+1.823400e+004	   +2.001530e-005
+1.823500e+004	   +1.940379e-005
+1.823600e+004	   +2.160860e-005
+1.823700e+004	   +2.212457e-005
+1.823800e+004	   +2.047932e-005
+1.823900e+004	   +1.906263e-005
+1.824000e+004	   +1.896281e-005
+1.824100e+004	   +1.997552e-005
+1.824200e+004	   +2.232356e-005
+1.824300e+004	   +2.333248e-005
+1.824400e+004	   +2.417811e-005
+1.824500e+004	   +2.281906e-005
+1.824600e+004	   +2.143836e-005
+1.824700e+004	   +2.053775e-005
+1.824800e+004	   +1.995793e-005
+1.824900e+004	   +2.121311e-005
+1.825000e+004	   +2.097988e-005
+1.825100e+004	   +2.057897e-005
+1.825200e+004	   +1.907565e-005
+1.825300e+004	   +1.980220e-005
+1.825400e+004	   +2.128588e-005
+1.825500e+004	   +2.180534e-005
+1.825600e+004	   +2.181535e-005
+1.825700e+004	   +2.121400e-005
+1.825800e+004	   +2.127742e-005
+1.825900e+004	   +2.260039e-005
+1.826000e+004	   +2.468714e-005
+1.826100e+004	   +2.391389e-005
+1.826200e+004	   +2.352412e-005
+1.826300e+004	   +2.368459e-005
+1.826400e+004	   +2.185223e-005
+1.826500e+004	   +1.928650e-005
+1.826600e+004	   +1.744474e-005
+1.826700e+004	   +2.074161e-005
+1.826800e+004	   +2.092095e-005
+1.826900e+004	   +1.966911e-005
+1.827000e+004	   +2.184596e-005
+1.827100e+004	   +2.530658e-005
+1.827200e+004	   +2.440594e-005
+1.827300e+004	   +2.016197e-005
+1.827400e+004	   +1.710653e-005
+1.827500e+004	   +1.888779e-005
+1.827600e+004	   +1.881702e-005
+1.827700e+004	   +1.826327e-005
+1.827800e+004	   +2.176554e-005
+1.827900e+004	   +2.287154e-005
+1.828000e+004	   +2.176127e-005
+1.828100e+004	   +2.271261e-005
+1.828200e+004	   +2.340810e-005
+1.828300e+004	   +2.117625e-005
+1.828400e+004	   +1.857370e-005
+1.828500e+004	   +1.872385e-005
+1.828600e+004	   +2.065378e-005
+1.828700e+004	   +2.187625e-005
+1.828800e+004	   +2.243571e-005
+1.828900e+004	   +2.067738e-005
+1.829000e+004	   +1.813053e-005
+1.829100e+004	   +1.877012e-005
+1.829200e+004	   +1.885713e-005
+1.829300e+004	   +1.776626e-005
+1.829400e+004	   +1.795036e-005
+1.829500e+004	   +1.756368e-005
+1.829600e+004	   +1.852175e-005
+1.829700e+004	   +2.101513e-005
+1.829800e+004	   +2.254527e-005
+1.829900e+004	   +2.302152e-005
+1.830000e+004	   +2.217951e-005
+1.830100e+004	   +2.200702e-005
+1.830200e+004	   +2.193159e-005
+1.830300e+004	   +2.120498e-005
+1.830400e+004	   +2.117730e-005
+1.830500e+004	   +2.197404e-005
+1.830600e+004	   +2.235395e-005
+1.830700e+004	   +2.179146e-005
+1.830800e+004	   +2.219106e-005
+1.830900e+004	   +2.187861e-005
+1.831000e+004	   +2.410212e-005
+1.831100e+004	   +2.440685e-005
+1.831200e+004	   +2.427182e-005
+1.831300e+004	   +2.485891e-005
+1.831400e+004	   +2.611260e-005
+1.831500e+004	   +2.513807e-005
+1.831600e+004	   +2.224175e-005
+1.831700e+004	   +2.238374e-005
+1.831800e+004	   +2.456620e-005
+1.831900e+004	   +2.354497e-005
+1.832000e+004	   +2.200417e-005
+1.832100e+004	   +2.420215e-005
+1.832200e+004	   +2.552870e-005
+1.832300e+004	   +2.585351e-005
+1.832400e+004	   +2.386769e-005
+1.832500e+004	   +2.115273e-005
+1.832600e+004	   +2.200958e-005
+1.832700e+004	   +2.296578e-005
+1.832800e+004	   +2.098401e-005
+1.832900e+004	   +1.885301e-005
+1.833000e+004	   +1.832143e-005
+1.833100e+004	   +1.903358e-005
+1.833200e+004	   +1.963504e-005
+1.833300e+004	   +2.088655e-005
+1.833400e+004	   +2.074872e-005
+1.833500e+004	   +2.179402e-005
+1.833600e+004	   +2.389158e-005
+1.833700e+004	   +2.351981e-005
+1.833800e+004	   +2.008557e-005
+1.833900e+004	   +1.854503e-005
+1.834000e+004	   +1.844298e-005
+1.834100e+004	   +1.809205e-005
+1.834200e+004	   +1.957285e-005
+1.834300e+004	   +2.125711e-005
+1.834400e+004	   +2.065811e-005
+1.834500e+004	   +2.098127e-005
+1.834600e+004	   +2.273683e-005
+1.834700e+004	   +2.330967e-005
+1.834800e+004	   +2.209978e-005
+1.834900e+004	   +2.245781e-005
+1.835000e+004	   +2.084309e-005
+1.835100e+004	   +1.958971e-005
+1.835200e+004	   +2.165156e-005
+1.835300e+004	   +2.012802e-005
+1.835400e+004	   +1.992524e-005
+1.835500e+004	   +2.090054e-005
+1.835600e+004	   +1.900923e-005
+1.835700e+004	   +1.808049e-005
+1.835800e+004	   +1.941379e-005
+1.835900e+004	   +2.112437e-005
+1.836000e+004	   +2.306450e-005
+1.836100e+004	   +2.319995e-005
+1.836200e+004	   +2.216912e-005
+1.836300e+004	   +2.033516e-005
+1.836400e+004	   +1.874115e-005
+1.836500e+004	   +1.617372e-005
+1.836600e+004	   +1.637954e-005
+1.836700e+004	   +1.936952e-005
+1.836800e+004	   +2.399339e-005
+1.836900e+004	   +2.416439e-005
+1.837000e+004	   +2.183637e-005
+1.837100e+004	   +2.356243e-005
+1.837200e+004	   +2.437367e-005
+1.837300e+004	   +2.235773e-005
+1.837400e+004	   +2.058218e-005
+1.837500e+004	   +2.001082e-005
+1.837600e+004	   +2.084455e-005
+1.837700e+004	   +2.091647e-005
+1.837800e+004	   +1.896233e-005
+1.837900e+004	   +1.768423e-005
+1.838000e+004	   +1.924629e-005
+1.838100e+004	   +1.955341e-005
+1.838200e+004	   +2.039170e-005
+1.838300e+004	   +2.043974e-005
+1.838400e+004	   +2.254366e-005
+1.838500e+004	   +2.607687e-005
+1.838600e+004	   +2.656400e-005
+1.838700e+004	   +2.589794e-005
+1.838800e+004	   +2.447385e-005
+1.838900e+004	   +2.358533e-005
+1.839000e+004	   +2.439005e-005
+1.839100e+004	   +2.458652e-005
+1.839200e+004	   +2.290901e-005
+1.839300e+004	   +2.166017e-005
+1.839400e+004	   +2.271143e-005
+1.839500e+004	   +2.268559e-005
+1.839600e+004	   +2.077877e-005
+1.839700e+004	   +1.871742e-005
+1.839800e+004	   +1.877917e-005
+1.839900e+004	   +1.892992e-005
+1.840000e+004	   +1.876581e-005
+1.840100e+004	   +1.950504e-005
+1.840200e+004	   +1.986380e-005
+1.840300e+004	   +1.909588e-005
+1.840400e+004	   +1.896680e-005
+1.840500e+004	   +2.132368e-005
+1.840600e+004	   +2.243642e-005
+1.840700e+004	   +2.127270e-005
+1.840800e+004	   +1.989833e-005
+1.840900e+004	   +1.832538e-005
+1.841000e+004	   +2.012371e-005
+1.841100e+004	   +2.122415e-005
+1.841200e+004	   +2.004519e-005
+1.841300e+004	   +1.998297e-005
+1.841400e+004	   +1.930091e-005
+1.841500e+004	   +1.823798e-005
+1.841600e+004	   +1.987274e-005
+1.841700e+004	   +2.221671e-005
+1.841800e+004	   +2.366162e-005
+1.841900e+004	   +2.257462e-005
+1.842000e+004	   +1.983623e-005
+1.842100e+004	   +1.858107e-005
+1.842200e+004	   +2.161629e-005
+1.842300e+004	   +2.246541e-005
+1.842400e+004	   +2.193443e-005
+1.842500e+004	   +2.036977e-005
+1.842600e+004	   +1.969259e-005
+1.842700e+004	   +1.936295e-005
+1.842800e+004	   +1.902533e-005
+1.842900e+004	   +1.967831e-005
+1.843000e+004	   +2.281969e-005
+1.843100e+004	   +2.498706e-005
+1.843200e+004	   +2.347345e-005
+1.843300e+004	   +2.050069e-005
+1.843400e+004	   +1.889941e-005
+1.843500e+004	   +1.793111e-005
+1.843600e+004	   +2.023389e-005
+1.843700e+004	   +2.050078e-005
+1.843800e+004	   +1.938359e-005
+1.843900e+004	   +2.108468e-005
+1.844000e+004	   +2.309935e-005
+1.844100e+004	   +2.385373e-005
+1.844200e+004	   +2.374925e-005
+1.844300e+004	   +2.141434e-005
+1.844400e+004	   +1.841396e-005
+1.844500e+004	   +1.875774e-005
+1.844600e+004	   +1.797714e-005
+1.844700e+004	   +1.829458e-005
+1.844800e+004	   +2.028841e-005
+1.844900e+004	   +2.162336e-005
+1.845000e+004	   +2.061287e-005
+1.845100e+004	   +1.622323e-005
+1.845200e+004	   +1.770331e-005
+1.845300e+004	   +2.234281e-005
+1.845400e+004	   +2.391470e-005
+1.845500e+004	   +2.230286e-005
+1.845600e+004	   +1.986661e-005
+1.845700e+004	   +2.116855e-005
+1.845800e+004	   +2.396562e-005
+1.845900e+004	   +2.461677e-005
+1.846000e+004	   +2.230739e-005
+1.846100e+004	   +2.126731e-005
+1.846200e+004	   +2.030508e-005
+1.846300e+004	   +1.750829e-005
+1.846400e+004	   +1.726522e-005
+1.846500e+004	   +1.904209e-005
+1.846600e+004	   +1.814072e-005
+1.846700e+004	   +1.831580e-005
+1.846800e+004	   +2.101770e-005
+1.846900e+004	   +2.292013e-005
+1.847000e+004	   +2.288148e-005
+1.847100e+004	   +2.314403e-005
+1.847200e+004	   +1.977914e-005
+1.847300e+004	   +1.784879e-005
+1.847400e+004	   +2.078837e-005
+1.847500e+004	   +2.336017e-005
+1.847600e+004	   +2.429165e-005
+1.847700e+004	   +2.476481e-005
+1.847800e+004	   +2.336591e-005
+1.847900e+004	   +2.082705e-005
+1.848000e+004	   +2.188459e-005
+1.848100e+004	   +2.411459e-005
+1.848200e+004	   +2.137997e-005
+1.848300e+004	   +1.847707e-005
+1.848400e+004	   +2.055986e-005
+1.848500e+004	   +2.289656e-005
+1.848600e+004	   +2.392600e-005
+1.848700e+004	   +2.252246e-005
+1.848800e+004	   +1.792397e-005
+1.848900e+004	   +1.636377e-005
+1.849000e+004	   +1.982641e-005
+1.849100e+004	   +2.238689e-005
+1.849200e+004	   +2.227447e-005
+1.849300e+004	   +2.187721e-005
+1.849400e+004	   +2.170822e-005
+1.849500e+004	   +1.906629e-005
+1.849600e+004	   +2.037543e-005
+1.849700e+004	   +2.068830e-005
+1.849800e+004	   +1.793921e-005
+1.849900e+004	   +1.711517e-005
+1.850000e+004	   +1.632435e-005
+1.850100e+004	   +1.927520e-005
+1.850200e+004	   +2.162149e-005
+1.850300e+004	   +2.249332e-005
+1.850400e+004	   +2.267565e-005
+1.850500e+004	   +2.204840e-005
+1.850600e+004	   +2.287229e-005
+1.850700e+004	   +2.150798e-005
+1.850800e+004	   +1.887604e-005
+1.850900e+004	   +1.994448e-005
+1.851000e+004	   +2.183503e-005
+1.851100e+004	   +1.969268e-005
+1.851200e+004	   +1.763791e-005
+1.851300e+004	   +2.002035e-005
+1.851400e+004	   +2.166379e-005
+1.851500e+004	   +2.078687e-005
+1.851600e+004	   +1.863813e-005
+1.851700e+004	   +1.801884e-005
+1.851800e+004	   +2.057798e-005
+1.851900e+004	   +1.974124e-005
+1.852000e+004	   +1.831130e-005
+1.852100e+004	   +1.968641e-005
+1.852200e+004	   +2.073112e-005
+1.852300e+004	   +1.978624e-005
+1.852400e+004	   +2.187808e-005
+1.852500e+004	   +2.386715e-005
+1.852600e+004	   +2.171551e-005
+1.852700e+004	   +1.800302e-005
+1.852800e+004	   +1.901353e-005
+1.852900e+004	   +2.012358e-005
+1.853000e+004	   +2.353792e-005
+1.853100e+004	   +2.384577e-005
+1.853200e+004	   +2.144676e-005
+1.853300e+004	   +2.183103e-005
+1.853400e+004	   +2.253282e-005
+1.853500e+004	   +1.928147e-005
+1.853600e+004	   +1.896947e-005
+1.853700e+004	   +2.074715e-005
+1.853800e+004	   +2.168990e-005
+1.853900e+004	   +2.074845e-005
+1.854000e+004	   +1.978290e-005
+1.854100e+004	   +2.026936e-005
+1.854200e+004	   +2.061518e-005
+1.854300e+004	   +2.039983e-005
+1.854400e+004	   +2.170204e-005
+1.854500e+004	   +2.193595e-005
+1.854600e+004	   +2.011943e-005
+1.854700e+004	   +2.107445e-005
+1.854800e+004	   +2.181643e-005
+1.854900e+004	   +2.171082e-005
+1.855000e+004	   +2.171442e-005
+1.855100e+004	   +2.331681e-005
+1.855200e+004	   +2.342911e-005
+1.855300e+004	   +2.139855e-005
+1.855400e+004	   +2.039627e-005
+1.855500e+004	   +1.937895e-005
+1.855600e+004	   +2.077067e-005
+1.855700e+004	   +2.242357e-005
+1.855800e+004	   +2.070366e-005
+1.855900e+004	   +2.043572e-005
+1.856000e+004	   +1.876289e-005
+1.856100e+004	   +1.731559e-005
+1.856200e+004	   +1.995456e-005
+1.856300e+004	   +2.207146e-005
+1.856400e+004	   +2.236389e-005
+1.856500e+004	   +2.086118e-005
+1.856600e+004	   +2.008815e-005
+1.856700e+004	   +2.064007e-005
+1.856800e+004	   +2.018270e-005
+1.856900e+004	   +2.070867e-005
+1.857000e+004	   +2.126679e-005
+1.857100e+004	   +1.928240e-005
+1.857200e+004	   +1.816518e-005
+1.857300e+004	   +1.837008e-005
+1.857400e+004	   +1.930303e-005
+1.857500e+004	   +2.287407e-005
+1.857600e+004	   +2.386481e-005
+1.857700e+004	   +2.272488e-005
+1.857800e+004	   +2.128289e-005
+1.857900e+004	   +1.878740e-005
+1.858000e+004	   +2.002737e-005
+1.858100e+004	   +2.144078e-005
+1.858200e+004	   +2.212192e-005
+1.858300e+004	   +2.411099e-005
+1.858400e+004	   +2.179670e-005
+1.858500e+004	   +1.935987e-005
+1.858600e+004	   +1.896208e-005
+1.858700e+004	   +1.894037e-005
+1.858800e+004	   +2.080747e-005
+1.858900e+004	   +2.238153e-005
+1.859000e+004	   +2.113613e-005
+1.859100e+004	   +2.272947e-005
+1.859200e+004	   +2.457753e-005
+1.859300e+004	   +2.520421e-005
+1.859400e+004	   +2.250353e-005
+1.859500e+004	   +1.845762e-005
+1.859600e+004	   +1.955189e-005
+1.859700e+004	   +2.436947e-005
+1.859800e+004	   +2.591256e-005
+1.859900e+004	   +2.228081e-005
+1.860000e+004	   +2.077875e-005
