+2.420000e+004	   +2.160590e-005
+2.420100e+004	   +2.230954e-005
+2.420200e+004	   +2.157927e-005
+2.420300e+004	   +2.105898e-005
+2.420400e+004	   +2.252434e-005
+2.420500e+004	   +1.973311e-005
+2.420600e+004	   +1.833751e-005
+2.420700e+004	   +2.067654e-005
+2.420800e+004	   +2.212695e-005
+2.420900e+004	   +2.221302e-005
+2.421000e+004	   +2.302122e-005
+2.421100e+004	   +2.389664e-005
+2.421200e+004	   +2.197715e-005
+2.421300e+004	   +2.127588e-005
+2.421400e+004	   +2.117760e-005
+2.421500e+004	   +2.222879e-005
+2.421600e+004	   +2.256697e-005
+2.421700e+004	   +2.149424e-005
+2.421800e+004	   +1.996197e-005
+2.421900e+004	   +1.898668e-005
+2.422000e+004	   +2.087536e-005
+2.422100e+004	   +2.261546e-005
+2.422200e+004	   +2.109443e-005
+2.422300e+004	   +2.114266e-005
+2.422400e+004	   +2.316178e-005
+2.422500e+004	   +2.275746e-005
+2.422600e+004	   +2.114208e-005
+2.422700e+004	   +2.392825e-005
+2.422800e+004	   +2.594735e-005
+2.422900e+004	   +2.439769e-005
+2.423000e+004	   +2.200067e-005
+2.423100e+004	   +2.067715e-005
+2.423200e+004	   +2.256568e-005
+2.423300e+004	   +2.389727e-005
+2.423400e+004	   +2.321012e-005
+2.423500e+004	   +2.476419e-005
+2.423600e+004	   +2.694298e-005
+2.423700e+004	   +2.616541e-005
+2.423800e+004	   +2.283312e-005
+2.423900e+004	   +2.039582e-005
+2.424000e+004	   +1.949249e-005
+2.424100e+004	   +1.992266e-005
+2.424200e+004	   +2.020181e-005
+2.424300e+004	   +2.045878e-005
+2.424400e+004	   +2.165572e-005
+2.424500e+004	   +2.268225e-005
+2.424600e+004	   +2.426244e-005
+2.424700e+004	   +2.589896e-005
+2.424800e+004	   +2.620899e-005
+2.424900e+004	   +2.324279e-005
+2.425000e+004	   +2.268350e-005
+2.425100e+004	   +2.171425e-005
+2.425200e+004	   +1.946882e-005
+2.425300e+004	   +1.988014e-005
+2.425400e+004	   +2.135977e-005
+2.425500e+004	   +2.136071e-005
+2.425600e+004	   +2.147497e-005
+2.425700e+004	   +2.146394e-005
+2.425800e+004	   +2.138462e-005
+2.425900e+004	   +2.051663e-005
+2.426000e+004	   +2.084519e-005
+2.426100e+004	   +2.395486e-005
+2.426200e+004	   +2.357552e-005
+2.426300e+004	   +1.827258e-005
+2.426400e+004	   +1.760850e-005
+2.426500e+004	   +2.014418e-005
+2.426600e+004	   +2.193887e-005
+2.426700e+004	   +2.263307e-005
+2.426800e+004	   +2.182340e-005
+2.426900e+004	   +2.116423e-005
+2.427000e+004	   +2.037440e-005
+2.427100e+004	   +2.154890e-005
+2.427200e+004	   +2.326566e-005
+2.427300e+004	   +2.444321e-005
+2.427400e+004	   +2.351521e-005
+2.427500e+004	   +2.093658e-005
+2.427600e+004	   +1.914738e-005
+2.427700e+004	   +1.829797e-005
+2.427800e+004	   +1.963717e-005
+2.427900e+004	   +2.018815e-005
+2.428000e+004	   +2.055072e-005
+2.428100e+004	   +2.070175e-005
+2.428200e+004	   +2.048775e-005
+2.428300e+004	   +1.848228e-005
+2.428400e+004	   +1.928231e-005
+2.428500e+004	   +2.326385e-005
+2.428600e+004	   +2.437873e-005
+2.428700e+004	   +2.283177e-005
+2.428800e+004	   +2.311130e-005
+2.428900e+004	   +2.412415e-005
+2.429000e+004	   +2.303027e-005
+2.429100e+004	   +2.118392e-005
+2.429200e+004	   +2.119814e-005
+2.429300e+004	   +2.236429e-005
+2.429400e+004	   +2.489805e-005
+2.429500e+004	   +2.605686e-005
+2.429600e+004	   +2.430568e-005
+2.429700e+004	   +2.252325e-005
+2.429800e+004	   +1.980435e-005
+2.429900e+004	   +1.732112e-005
+2.430000e+004	   +1.811729e-005
+2.430100e+004	   +2.047249e-005
+2.430200e+004	   +2.110056e-005
+2.430300e+004	   +1.898308e-005
+2.430400e+004	   +1.944416e-005
+2.430500e+004	   +2.165931e-005
+2.430600e+004	   +2.190233e-005
+2.430700e+004	   +2.192362e-005
+2.430800e+004	   +2.271530e-005
+2.430900e+004	   +2.303173e-005
+2.431000e+004	   +2.120165e-005
+2.431100e+004	   +2.012504e-005
+2.431200e+004	   +2.039199e-005
+2.431300e+004	   +2.026050e-005
+2.431400e+004	   +2.063964e-005
+2.431500e+004	   +2.512497e-005
+2.431600e+004	   +2.698452e-005
+2.431700e+004	   +2.540815e-005
+2.431800e+004	   +2.277084e-005
+2.431900e+004	   +1.868852e-005
+2.432000e+004	   +1.775519e-005
+2.432100e+004	   +1.934901e-005
+2.432200e+004	   +2.136350e-005
+2.432300e+004	   +2.146903e-005
+2.432400e+004	   +2.243492e-005
+2.432500e+004	   +2.416694e-005
+2.432600e+004	   +2.378184e-005
+2.432700e+004	   +2.141876e-005
+2.432800e+004	   +1.999847e-005
+2.432900e+004	   +2.122781e-005
+2.433000e+004	   +2.488797e-005
+2.433100e+004	   +2.549161e-005
+2.433200e+004	   +2.104333e-005
+2.433300e+004	   +1.839412e-005
+2.433400e+004	   +1.833069e-005
+2.433500e+004	   +1.932266e-005
+2.433600e+004	   +2.332173e-005
+2.433700e+004	   +2.594288e-005
+2.433800e+004	   +2.436382e-005
+2.433900e+004	   +2.391342e-005
+2.434000e+004	   +2.536297e-005
+2.434100e+004	   +2.540491e-005
+2.434200e+004	   +2.268148e-005
+2.434300e+004	   +2.108683e-005
+2.434400e+004	   +2.061321e-005
+2.434500e+004	   +2.034409e-005
+2.434600e+004	   +2.172100e-005
+2.434700e+004	   +2.372165e-005
+2.434800e+004	   +2.478538e-005
+2.434900e+004	   +2.187498e-005
+2.435000e+004	   +1.913659e-005
+2.435100e+004	   +1.902650e-005
+2.435200e+004	   +1.793586e-005
+2.435300e+004	   +1.851580e-005
+2.435400e+004	   +2.113219e-005
+2.435500e+004	   +2.298707e-005
+2.435600e+004	   +2.454196e-005
+2.435700e+004	   +2.404830e-005
+2.435800e+004	   +2.355989e-005
+2.435900e+004	   +2.406460e-005
+2.436000e+004	   +2.346002e-005
+2.436100e+004	   +2.243403e-005
+2.436200e+004	   +2.227909e-005
+2.436300e+004	   +2.322636e-005
+2.436400e+004	   +2.323758e-005
+2.436500e+004	   +2.167068e-005
+2.436600e+004	   +2.100690e-005
+2.436700e+004	   +2.010713e-005
+2.436800e+004	   +2.253005e-005
+2.436900e+004	   +2.534117e-005
+2.437000e+004	   +2.298210e-005
+2.437100e+004	   +2.144632e-005
+2.437200e+004	   +2.236949e-005
+2.437300e+004	   +2.163571e-005
+2.437400e+004	   +2.284717e-005
+2.437500e+004	   +2.451850e-005
+2.437600e+004	   +2.498654e-005
+2.437700e+004	   +2.244955e-005
+2.437800e+004	   +2.038015e-005
+2.437900e+004	   +2.210434e-005
+2.438000e+004	   +2.081475e-005
+2.438100e+004	   +1.925149e-005
+2.438200e+004	   +2.217377e-005
+2.438300e+004	   +2.388707e-005
+2.438400e+004	   +2.208848e-005
+2.438500e+004	   +2.063796e-005
+2.438600e+004	   +1.796276e-005
+2.438700e+004	   +1.880310e-005
+2.438800e+004	   +2.335642e-005
+2.438900e+004	   +2.402350e-005
+2.439000e+004	   +2.391229e-005
+2.439100e+004	   +2.363752e-005
+2.439200e+004	   +2.238465e-005
+2.439300e+004	   +1.992612e-005
+2.439400e+004	   +2.023636e-005
+2.439500e+004	   +2.095684e-005
+2.439600e+004	   +2.431209e-005
+2.439700e+004	   +2.502288e-005
+2.439800e+004	   +2.144260e-005
+2.439900e+004	   +2.056614e-005
+2.440000e+004	   +2.365793e-005
+2.440100e+004	   +2.591686e-005
+2.440200e+004	   +2.400831e-005
+2.440300e+004	   +2.000893e-005
+2.440400e+004	   +1.937125e-005
+2.440500e+004	   +1.992748e-005
+2.440600e+004	   +2.187522e-005
+2.440700e+004	   +2.354888e-005
+2.440800e+004	   +2.136699e-005
+2.440900e+004	   +2.050270e-005
+2.441000e+004	   +2.209226e-005
+2.441100e+004	   +2.428536e-005
+2.441200e+004	   +2.517965e-005
+2.441300e+004	   +2.337643e-005
+2.441400e+004	   +2.080938e-005
+2.441500e+004	   +1.957747e-005
+2.441600e+004	   +1.885969e-005
+2.441700e+004	   +2.285715e-005
+2.441800e+004	   +2.557895e-005
+2.441900e+004	   +2.391756e-005
+2.442000e+004	   +2.069682e-005
+2.442100e+004	   +2.019035e-005
+2.442200e+004	   +2.148797e-005
+2.442300e+004	   +2.089086e-005
+2.442400e+004	   +2.079659e-005
+2.442500e+004	   +2.153279e-005
+2.442600e+004	   +2.150746e-005
+2.442700e+004	   +1.934415e-005
+2.442800e+004	   +1.810731e-005
+2.442900e+004	   +1.827408e-005
+2.443000e+004	   +2.050292e-005
+2.443100e+004	   +2.099044e-005
+2.443200e+004	   +1.990723e-005
+2.443300e+004	   +2.217598e-005
+2.443400e+004	   +2.230553e-005
+2.443500e+004	   +1.963723e-005
+2.443600e+004	   +2.010194e-005
+2.443700e+004	   +2.254094e-005
+2.443800e+004	   +2.322034e-005
+2.443900e+004	   +2.390811e-005
+2.444000e+004	   +2.417224e-005
+2.444100e+004	   +2.430430e-005
+2.444200e+004	   +2.283252e-005
+2.444300e+004	   +2.133188e-005
+2.444400e+004	   +2.123586e-005
+2.444500e+004	   +1.961700e-005
+2.444600e+004	   +1.930029e-005
+2.444700e+004	   +2.030453e-005
+2.444800e+004	   +2.278111e-005
+2.444900e+004	   +2.354259e-005
+2.445000e+004	   +2.306749e-005
+2.445100e+004	   +2.357115e-005
+2.445200e+004	   +2.268908e-005
+2.445300e+004	   +2.161463e-005
+2.445400e+004	   +2.151637e-005
+2.445500e+004	   +2.193675e-005
+2.445600e+004	   +2.405723e-005
+2.445700e+004	   +2.278104e-005
+2.445800e+004	   +2.168392e-005
+2.445900e+004	   +2.105014e-005
+2.446000e+004	   +2.249392e-005
+2.446100e+004	   +2.290212e-005
+2.446200e+004	   +2.208455e-005
+2.446300e+004	   +2.247942e-005
+2.446400e+004	   +2.232283e-005
+2.446500e+004	   +2.099173e-005
+2.446600e+004	   +2.130873e-005
+2.446700e+004	   +2.128740e-005
+2.446800e+004	   +2.045460e-005
+2.446900e+004	   +2.402168e-005
+2.447000e+004	   +2.671912e-005
+2.447100e+004	   +2.608896e-005
+2.447200e+004	   +2.322085e-005
+2.447300e+004	   +2.118332e-005
+2.447400e+004	   +2.008080e-005
+2.447500e+004	   +1.874740e-005
+2.447600e+004	   +2.193913e-005
+2.447700e+004	   +2.369658e-005
+2.447800e+004	   +2.232084e-005
+2.447900e+004	   +2.326812e-005
+2.448000e+004	   +2.391932e-005
+2.448100e+004	   +2.233396e-005
+2.448200e+004	   +2.105255e-005
+2.448300e+004	   +2.027098e-005
+2.448400e+004	   +2.123600e-005
+2.448500e+004	   +2.171189e-005
+2.448600e+004	   +2.188027e-005
+2.448700e+004	   +2.319056e-005
+2.448800e+004	   +2.425570e-005
+2.448900e+004	   +2.295804e-005
+2.449000e+004	   +1.989785e-005
+2.449100e+004	   +1.959003e-005
+2.449200e+004	   +2.120713e-005
+2.449300e+004	   +2.113999e-005
+2.449400e+004	   +1.911545e-005
+2.449500e+004	   +1.812742e-005
+2.449600e+004	   +1.672310e-005
+2.449700e+004	   +1.665438e-005
+2.449800e+004	   +2.004664e-005
+2.449900e+004	   +2.102975e-005
+2.450000e+004	   +1.881832e-005
+2.450100e+004	   +1.748046e-005
+2.450200e+004	   +1.752527e-005
+2.450300e+004	   +1.984414e-005
+2.450400e+004	   +2.200456e-005
+2.450500e+004	   +2.437330e-005
+2.450600e+004	   +2.503550e-005
+2.450700e+004	   +2.130225e-005
+2.450800e+004	   +1.946807e-005
+2.450900e+004	   +2.049552e-005
+2.451000e+004	   +2.211656e-005
+2.451100e+004	   +2.091696e-005
+2.451200e+004	   +2.120224e-005
+2.451300e+004	   +2.215092e-005
+2.451400e+004	   +2.197172e-005
+2.451500e+004	   +1.996791e-005
+2.451600e+004	   +1.880701e-005
+2.451700e+004	   +2.117007e-005
+2.451800e+004	   +2.278969e-005
+2.451900e+004	   +2.222573e-005
+2.452000e+004	   +1.993328e-005
+2.452100e+004	   +1.878905e-005
+2.452200e+004	   +2.004809e-005
+2.452300e+004	   +2.168149e-005
+2.452400e+004	   +2.390648e-005
+2.452500e+004	   +2.605655e-005
+2.452600e+004	   +2.469178e-005
+2.452700e+004	   +2.216474e-005
+2.452800e+004	   +2.071312e-005
+2.452900e+004	   +1.897676e-005
+2.453000e+004	   +1.953105e-005
+2.453100e+004	   +2.187633e-005
+2.453200e+004	   +2.412675e-005
+2.453300e+004	   +2.511741e-005
+2.453400e+004	   +2.508990e-005
+2.453500e+004	   +2.368543e-005
+2.453600e+004	   +1.956035e-005
+2.453700e+004	   +2.081480e-005
+2.453800e+004	   +2.514390e-005
+2.453900e+004	   +2.469324e-005
+2.454000e+004	   +2.297395e-005
+2.454100e+004	   +2.262997e-005
+2.454200e+004	   +2.082760e-005
+2.454300e+004	   +2.096542e-005
+2.454400e+004	   +2.489748e-005
+2.454500e+004	   +2.487420e-005
+2.454600e+004	   +2.007022e-005
+2.454700e+004	   +1.977354e-005
+2.454800e+004	   +2.158328e-005
+2.454900e+004	   +1.979507e-005
+2.455000e+004	   +1.993546e-005
+2.455100e+004	   +2.295821e-005
+2.455200e+004	   +2.195547e-005
+2.455300e+004	   +2.018381e-005
+2.455400e+004	   +2.233589e-005
+2.455500e+004	   +2.304959e-005
+2.455600e+004	   +2.381678e-005
+2.455700e+004	   +2.401276e-005
+2.455800e+004	   +2.408091e-005
+2.455900e+004	   +2.286674e-005
+2.456000e+004	   +2.021368e-005
+2.456100e+004	   +2.119728e-005
+2.456200e+004	   +2.204296e-005
+2.456300e+004	   +2.152022e-005
+2.456400e+004	   +1.862197e-005
+2.456500e+004	   +1.770473e-005
+2.456600e+004	   +1.973010e-005
+2.456700e+004	   +2.108176e-005
+2.456800e+004	   +2.015201e-005
+2.456900e+004	   +1.734565e-005
+2.457000e+004	   +1.709690e-005
+2.457100e+004	   +1.946969e-005
+2.457200e+004	   +2.003244e-005
+2.457300e+004	   +2.158285e-005
+2.457400e+004	   +2.437356e-005
+2.457500e+004	   +2.538651e-005
+2.457600e+004	   +2.307694e-005
+2.457700e+004	   +2.206703e-005
+2.457800e+004	   +2.146943e-005
+2.457900e+004	   +1.997409e-005
+2.458000e+004	   +1.897409e-005
+2.458100e+004	   +1.915520e-005
+2.458200e+004	   +2.022250e-005
+2.458300e+004	   +2.153154e-005
+2.458400e+004	   +2.306400e-005
+2.458500e+004	   +2.419468e-005
+2.458600e+004	   +2.439359e-005
+2.458700e+004	   +2.430232e-005
+2.458800e+004	   +2.229495e-005
+2.458900e+004	   +2.146212e-005
+2.459000e+004	   +2.418225e-005
+2.459100e+004	   +2.581864e-005
+2.459200e+004	   +2.615297e-005
+2.459300e+004	   +2.399071e-005
+2.459400e+004	   +2.247338e-005
+2.459500e+004	   +2.064829e-005
+2.459600e+004	   +2.095438e-005
+2.459700e+004	   +2.304590e-005
+2.459800e+004	   +2.396754e-005
+2.459900e+004	   +2.350827e-005
+2.460000e+004	   +2.188216e-005
+2.460100e+004	   +1.874738e-005
+2.460200e+004	   +1.771873e-005
+2.460300e+004	   +2.042617e-005
+2.460400e+004	   +2.202481e-005
+2.460500e+004	   +2.244187e-005
+2.460600e+004	   +2.258672e-005
+2.460700e+004	   +2.193800e-005
+2.460800e+004	   +1.987276e-005
+2.460900e+004	   +2.017149e-005
+2.461000e+004	   +2.095905e-005
+2.461100e+004	   +1.936225e-005
+2.461200e+004	   +1.944965e-005
+2.461300e+004	   +2.186166e-005
+2.461400e+004	   +2.281208e-005
+2.461500e+004	   +2.393527e-005
+2.461600e+004	   +2.490697e-005
+2.461700e+004	   +2.619053e-005
+2.461800e+004	   +2.435011e-005
+2.461900e+004	   +2.296764e-005
+2.462000e+004	   +2.256825e-005
+2.462100e+004	   +2.146988e-005
+2.462200e+004	   +2.065251e-005
+2.462300e+004	   +2.114064e-005
+2.462400e+004	   +2.020139e-005
+2.462500e+004	   +1.951830e-005
+2.462600e+004	   +1.844237e-005
+2.462700e+004	   +1.820993e-005
+2.462800e+004	   +1.945006e-005
+2.462900e+004	   +2.008559e-005
+2.463000e+004	   +2.039018e-005
+2.463100e+004	   +2.064834e-005
+2.463200e+004	   +1.937803e-005
+2.463300e+004	   +2.002948e-005
+2.463400e+004	   +2.090777e-005
+2.463500e+004	   +2.032772e-005
+2.463600e+004	   +2.108954e-005
+2.463700e+004	   +2.001468e-005
+2.463800e+004	   +1.920821e-005
+2.463900e+004	   +1.967945e-005
+2.464000e+004	   +2.176435e-005
+2.464100e+004	   +2.431890e-005
+2.464200e+004	   +2.261457e-005
+2.464300e+004	   +2.050107e-005
+2.464400e+004	   +2.104330e-005
+2.464500e+004	   +2.243430e-005
+2.464600e+004	   +2.230776e-005
+2.464700e+004	   +2.030827e-005
+2.464800e+004	   +1.779088e-005
+2.464900e+004	   +1.912300e-005
+2.465000e+004	   +2.187349e-005
+2.465100e+004	   +2.213567e-005
+2.465200e+004	   +2.020144e-005
+2.465300e+004	   +2.209520e-005
+2.465400e+004	   +2.432918e-005
+2.465500e+004	   +2.118488e-005
+2.465600e+004	   +2.042718e-005
+2.465700e+004	   +2.359085e-005
+2.465800e+004	   +2.628689e-005
+2.465900e+004	   +2.539602e-005
+2.466000e+004	   +2.429592e-005
+2.466100e+004	   +2.200473e-005
+2.466200e+004	   +1.983747e-005
+2.466300e+004	   +2.095152e-005
+2.466400e+004	   +1.986256e-005
+2.466500e+004	   +1.839068e-005
+2.466600e+004	   +1.892418e-005
+2.466700e+004	   +1.872590e-005
+2.466800e+004	   +1.893491e-005
+2.466900e+004	   +2.223262e-005
+2.467000e+004	   +2.420932e-005
+2.467100e+004	   +2.181550e-005
+2.467200e+004	   +1.968639e-005
+2.467300e+004	   +2.113149e-005
+2.467400e+004	   +2.137936e-005
+2.467500e+004	   +2.010648e-005
+2.467600e+004	   +2.137504e-005
+2.467700e+004	   +2.103721e-005
+2.467800e+004	   +1.958496e-005
+2.467900e+004	   +1.813204e-005
+2.468000e+004	   +1.888647e-005
+2.468100e+004	   +1.972774e-005
+2.468200e+004	   +1.926339e-005
+2.468300e+004	   +2.093727e-005
+2.468400e+004	   +2.183843e-005
+2.468500e+004	   +2.077083e-005
+2.468600e+004	   +2.222947e-005
+2.468700e+004	   +2.155796e-005
+2.468800e+004	   +2.066696e-005
+2.468900e+004	   +2.072299e-005
+2.469000e+004	   +1.906096e-005
+2.469100e+004	   +1.942110e-005
+2.469200e+004	   +1.889545e-005
+2.469300e+004	   +1.834368e-005
+2.469400e+004	   +2.002572e-005
+2.469500e+004	   +2.128502e-005
+2.469600e+004	   +2.286687e-005
+2.469700e+004	   +2.311323e-005
+2.469800e+004	   +2.182422e-005
+2.469900e+004	   +2.294533e-005
+2.470000e+004	   +2.257331e-005
+2.470100e+004	   +2.201761e-005
+2.470200e+004	   +2.145096e-005
+2.470300e+004	   +2.106614e-005
+2.470400e+004	   +2.063039e-005
+2.470500e+004	   +2.139930e-005
+2.470600e+004	   +2.333433e-005
+2.470700e+004	   +2.313331e-005
+2.470800e+004	   +2.089960e-005
+2.470900e+004	   +1.924680e-005
+2.471000e+004	   +1.959300e-005
+2.471100e+004	   +2.113277e-005
+2.471200e+004	   +2.236996e-005
+2.471300e+004	   +2.690408e-005
+2.471400e+004	   +2.905402e-005
+2.471500e+004	   +2.435564e-005
+2.471600e+004	   +2.100538e-005
+2.471700e+004	   +2.379626e-005
+2.471800e+004	   +2.729990e-005
+2.471900e+004	   +2.590698e-005
+2.472000e+004	   +2.293194e-005
+2.472100e+004	   +2.178723e-005
+2.472200e+004	   +2.111929e-005
+2.472300e+004	   +2.065376e-005
+2.472400e+004	   +2.109772e-005
+2.472500e+004	   +2.093301e-005
+2.472600e+004	   +2.059346e-005
+2.472700e+004	   +2.018592e-005
+2.472800e+004	   +2.058012e-005
+2.472900e+004	   +2.064476e-005
+2.473000e+004	   +2.145074e-005
+2.473100e+004	   +2.219165e-005
+2.473200e+004	   +2.246733e-005
+2.473300e+004	   +2.069210e-005
+2.473400e+004	   +1.792865e-005
+2.473500e+004	   +1.828711e-005
+2.473600e+004	   +1.976972e-005
+2.473700e+004	   +2.138741e-005
+2.473800e+004	   +2.234730e-005
+2.473900e+004	   +2.134678e-005
+2.474000e+004	   +1.952012e-005
+2.474100e+004	   +2.123763e-005
+2.474200e+004	   +2.303641e-005
+2.474300e+004	   +2.253921e-005
+2.474400e+004	   +2.244699e-005
+2.474500e+004	   +2.229684e-005
+2.474600e+004	   +2.102979e-005
+2.474700e+004	   +1.985264e-005
+2.474800e+004	   +1.973439e-005
+2.474900e+004	   +1.933521e-005
+2.475000e+004	   +2.090208e-005
+2.475100e+004	   +2.254255e-005
+2.475200e+004	   +2.391985e-005
+2.475300e+004	   +2.267217e-005
+2.475400e+004	   +2.114739e-005
+2.475500e+004	   +2.321221e-005
+2.475600e+004	   +2.574770e-005
+2.475700e+004	   +2.571417e-005
+2.475800e+004	   +2.238812e-005
+2.475900e+004	   +1.890723e-005
+2.476000e+004	   +2.068662e-005
+2.476100e+004	   +2.366749e-005
+2.476200e+004	   +2.501085e-005
+2.476300e+004	   +2.367643e-005
+2.476400e+004	   +2.312722e-005
+2.476500e+004	   +2.261745e-005
+2.476600e+004	   +2.122182e-005
+2.476700e+004	   +2.166479e-005
+2.476800e+004	   +2.266244e-005
+2.476900e+004	   +2.255339e-005
+2.477000e+004	   +2.107639e-005
+2.477100e+004	   +1.992767e-005
+2.477200e+004	   +2.005877e-005
+2.477300e+004	   +2.128775e-005
+2.477400e+004	   +2.210978e-005
+2.477500e+004	   +2.167423e-005
+2.477600e+004	   +2.316350e-005
+2.477700e+004	   +2.261710e-005
+2.477800e+004	   +2.141700e-005
+2.477900e+004	   +2.319616e-005
+2.478000e+004	   +2.395788e-005
+2.478100e+004	   +2.348959e-005
+2.478200e+004	   +2.272907e-005
+2.478300e+004	   +2.255770e-005
+2.478400e+004	   +2.006551e-005
+2.478500e+004	   +1.881025e-005
+2.478600e+004	   +2.102291e-005
+2.478700e+004	   +2.095281e-005
+2.478800e+004	   +1.865388e-005
+2.478900e+004	   +1.819770e-005
+2.479000e+004	   +2.025534e-005
+2.479100e+004	   +2.164172e-005
+2.479200e+004	   +2.142222e-005
+2.479300e+004	   +2.160571e-005
+2.479400e+004	   +2.222966e-005
+2.479500e+004	   +2.073012e-005
+2.479600e+004	   +1.927357e-005
+2.479700e+004	   +1.973114e-005
+2.479800e+004	   +1.958659e-005
+2.479900e+004	   +2.103838e-005
+2.480000e+004	   +2.240361e-005
+2.480100e+004	   +2.179745e-005
+2.480200e+004	   +2.160374e-005
+2.480300e+004	   +2.017745e-005
+2.480400e+004	   +1.829357e-005
+2.480500e+004	   +1.901867e-005
+2.480600e+004	   +2.114340e-005
+2.480700e+004	   +2.448646e-005
+2.480800e+004	   +2.598923e-005
+2.480900e+004	   +2.328263e-005
+2.481000e+004	   +2.121241e-005
+2.481100e+004	   +2.171670e-005
+2.481200e+004	   +2.314957e-005
+2.481300e+004	   +2.616196e-005
+2.481400e+004	   +2.713009e-005
+2.481500e+004	   +2.546797e-005
+2.481600e+004	   +2.394281e-005
+2.481700e+004	   +2.378584e-005
+2.481800e+004	   +2.452308e-005
+2.481900e+004	   +2.306331e-005
+2.482000e+004	   +2.170354e-005
+2.482100e+004	   +2.092805e-005
+2.482200e+004	   +2.001813e-005
+2.482300e+004	   +2.038356e-005
+2.482400e+004	   +1.969709e-005
+2.482500e+004	   +2.124399e-005
+2.482600e+004	   +2.232165e-005
+2.482700e+004	   +2.224404e-005
+2.482800e+004	   +2.339636e-005
+2.482900e+004	   +2.252080e-005
+2.483000e+004	   +2.188815e-005
+2.483100e+004	   +1.989289e-005
+2.483200e+004	   +1.993284e-005
+2.483300e+004	   +2.283899e-005
+2.483400e+004	   +2.447603e-005
+2.483500e+004	   +2.366642e-005
+2.483600e+004	   +2.334452e-005
+2.483700e+004	   +2.229838e-005
+2.483800e+004	   +2.300464e-005
+2.483900e+004	   +2.299800e-005
+2.484000e+004	   +2.435059e-005
+2.484100e+004	   +2.296094e-005
+2.484200e+004	   +1.847776e-005
+2.484300e+004	   +1.869376e-005
+2.484400e+004	   +2.215802e-005
+2.484500e+004	   +2.151580e-005
+2.484600e+004	   +2.014465e-005
+2.484700e+004	   +2.071537e-005
+2.484800e+004	   +2.101797e-005
+2.484900e+004	   +2.112869e-005
+2.485000e+004	   +2.055172e-005
+2.485100e+004	   +2.125799e-005
+2.485200e+004	   +2.416237e-005
+2.485300e+004	   +2.609835e-005
+2.485400e+004	   +2.321208e-005
+2.485500e+004	   +1.911278e-005
+2.485600e+004	   +1.754196e-005
+2.485700e+004	   +1.846068e-005
+2.485800e+004	   +1.806706e-005
+2.485900e+004	   +1.917835e-005
+2.486000e+004	   +2.169728e-005
+2.486100e+004	   +2.224417e-005
+2.486200e+004	   +2.063164e-005
+2.486300e+004	   +2.124222e-005
+2.486400e+004	   +2.154019e-005
+2.486500e+004	   +2.392886e-005
+2.486600e+004	   +2.460194e-005
+2.486700e+004	   +2.186204e-005
+2.486800e+004	   +2.044380e-005
+2.486900e+004	   +2.068914e-005
+2.487000e+004	   +2.173987e-005
+2.487100e+004	   +2.255159e-005
+2.487200e+004	   +2.201176e-005
+2.487300e+004	   +2.148200e-005
+2.487400e+004	   +2.301995e-005
+2.487500e+004	   +2.430694e-005
+2.487600e+004	   +2.380070e-005
+2.487700e+004	   +2.227795e-005
+2.487800e+004	   +2.161669e-005
+2.487900e+004	   +2.169292e-005
+2.488000e+004	   +2.108419e-005
+2.488100e+004	   +2.166928e-005
+2.488200e+004	   +2.248893e-005
+2.488300e+004	   +2.344056e-005
+2.488400e+004	   +2.377654e-005
+2.488500e+004	   +2.275289e-005
+2.488600e+004	   +2.168778e-005
+2.488700e+004	   +2.216440e-005
+2.488800e+004	   +2.397907e-005
+2.488900e+004	   +2.419540e-005
+2.489000e+004	   +2.480877e-005
+2.489100e+004	   +2.373854e-005
+2.489200e+004	   +2.301252e-005
+2.489300e+004	   +2.402239e-005
+2.489400e+004	   +2.494312e-005
+2.489500e+004	   +2.431289e-005
+2.489600e+004	   +2.224172e-005
+2.489700e+004	   +2.157326e-005
+2.489800e+004	   +2.030239e-005
+2.489900e+004	   +2.186965e-005
+2.490000e+004	   +2.357643e-005
+2.490100e+004	   +2.166838e-005
+2.490200e+004	   +2.029782e-005
+2.490300e+004	   +2.055682e-005
+2.490400e+004	   +1.904240e-005
+2.490500e+004	   +2.125881e-005
+2.490600e+004	   +2.514517e-005
+2.490700e+004	   +2.483179e-005
+2.490800e+004	   +2.361897e-005
+2.490900e+004	   +2.265612e-005
+2.491000e+004	   +1.958812e-005
+2.491100e+004	   +2.019738e-005
+2.491200e+004	   +2.243864e-005
+2.491300e+004	   +2.053439e-005
+2.491400e+004	   +1.987534e-005
+2.491500e+004	   +2.342417e-005
+2.491600e+004	   +2.250711e-005
+2.491700e+004	   +2.016983e-005
+2.491800e+004	   +2.077756e-005
+2.491900e+004	   +2.148572e-005
+2.492000e+004	   +2.237195e-005
+2.492100e+004	   +2.228242e-005
+2.492200e+004	   +2.130737e-005
+2.492300e+004	   +2.071999e-005
+2.492400e+004	   +2.144008e-005
+2.492500e+004	   +2.318302e-005
+2.492600e+004	   +2.184546e-005
+2.492700e+004	   +1.913059e-005
+2.492800e+004	   +2.055429e-005
+2.492900e+004	   +2.138828e-005
+2.493000e+004	   +2.276034e-005
+2.493100e+004	   +2.352508e-005
+2.493200e+004	   +2.340753e-005
+2.493300e+004	   +2.080776e-005
+2.493400e+004	   +1.936051e-005
+2.493500e+004	   +1.956847e-005
+2.493600e+004	   +2.014025e-005
+2.493700e+004	   +2.039999e-005
+2.493800e+004	   +1.968501e-005
+2.493900e+004	   +2.090008e-005
+2.494000e+004	   +2.281398e-005
+2.494100e+004	   +2.188798e-005
+2.494200e+004	   +1.912914e-005
+2.494300e+004	   +2.043507e-005
+2.494400e+004	   +2.250402e-005
+2.494500e+004	   +2.299961e-005
+2.494600e+004	   +2.247523e-005
+2.494700e+004	   +2.098919e-005
+2.494800e+004	   +1.983039e-005
+2.494900e+004	   +2.185690e-005
+2.495000e+004	   +2.358748e-005
+2.495100e+004	   +2.292358e-005
+2.495200e+004	   +2.438515e-005
+2.495300e+004	   +2.388993e-005
+2.495400e+004	   +2.033402e-005
+2.495500e+004	   +2.112470e-005
+2.495600e+004	   +2.190476e-005
+2.495700e+004	   +2.019454e-005
+2.495800e+004	   +1.902946e-005
+2.495900e+004	   +2.124220e-005
+2.496000e+004	   +2.369591e-005
+2.496100e+004	   +2.362055e-005
+2.496200e+004	   +2.155588e-005
+2.496300e+004	   +2.027358e-005
+2.496400e+004	   +1.845870e-005
+2.496500e+004	   +1.703620e-005
+2.496600e+004	   +1.714508e-005
+2.496700e+004	   +2.097251e-005
+2.496800e+004	   +2.362919e-005
+2.496900e+004	   +2.370528e-005
+2.497000e+004	   +2.347623e-005
+2.497100e+004	   +2.263369e-005
+2.497200e+004	   +2.138375e-005
+2.497300e+004	   +2.006661e-005
+2.497400e+004	   +2.094168e-005
+2.497500e+004	   +2.118288e-005
+2.497600e+004	   +1.975282e-005
+2.497700e+004	   +1.943147e-005
+2.497800e+004	   +1.883112e-005
+2.497900e+004	   +1.964985e-005
+2.498000e+004	   +2.190486e-005
+2.498100e+004	   +2.238138e-005
+2.498200e+004	   +2.199873e-005
+2.498300e+004	   +2.106573e-005
+2.498400e+004	   +1.928849e-005
+2.498500e+004	   +1.954942e-005
+2.498600e+004	   +2.261913e-005
+2.498700e+004	   +2.498796e-005
+2.498800e+004	   +2.438743e-005
+2.498900e+004	   +2.386887e-005
+2.499000e+004	   +2.199915e-005
+2.499100e+004	   +2.046017e-005
+2.499200e+004	   +2.189591e-005
+2.499300e+004	   +2.233874e-005
+2.499400e+004	   +2.346649e-005
+2.499500e+004	   +2.397991e-005
+2.499600e+004	   +2.350692e-005
+2.499700e+004	   +2.263722e-005
+2.499800e+004	   +2.041751e-005
+2.499900e+004	   +2.170369e-005
+2.500000e+004	   +2.371191e-005
