+2.580000e+004	   +2.418573e-005
+2.580100e+004	   +2.523591e-005
+2.580200e+004	   +2.123609e-005
+2.580300e+004	   +1.979129e-005
+2.580400e+004	   +2.226501e-005
+2.580500e+004	   +2.420032e-005
+2.580600e+004	   +2.489513e-005
+2.580700e+004	   +2.465859e-005
+2.580800e+004	   +2.353409e-005
+2.580900e+004	   +2.137187e-005
+2.581000e+004	   +2.172228e-005
+2.581100e+004	   +2.081030e-005
+2.581200e+004	   +2.155455e-005
+2.581300e+004	   +2.226902e-005
+2.581400e+004	   +2.236026e-005
+2.581500e+004	   +2.224094e-005
+2.581600e+004	   +2.416837e-005
+2.581700e+004	   +2.522314e-005
+2.581800e+004	   +2.565196e-005
+2.581900e+004	   +2.598949e-005
+2.582000e+004	   +2.473576e-005
+2.582100e+004	   +2.440623e-005
+2.582200e+004	   +2.426987e-005
+2.582300e+004	   +2.106797e-005
+2.582400e+004	   +1.953001e-005
+2.582500e+004	   +1.834988e-005
+2.582600e+004	   +1.772447e-005
+2.582700e+004	   +2.063687e-005
+2.582800e+004	   +2.133645e-005
+2.582900e+004	   +2.130012e-005
+2.583000e+004	   +2.189800e-005
+2.583100e+004	   +2.205610e-005
+2.583200e+004	   +2.357941e-005
+2.583300e+004	   +2.422900e-005
+2.583400e+004	   +2.162894e-005
+2.583500e+004	   +2.149731e-005
+2.583600e+004	   +2.176205e-005
+2.583700e+004	   +2.103224e-005
+2.583800e+004	   +1.978435e-005
+2.583900e+004	   +1.935562e-005
+2.584000e+004	   +1.856799e-005
+2.584100e+004	   +2.083010e-005
+2.584200e+004	   +2.230847e-005
+2.584300e+004	   +2.260811e-005
+2.584400e+004	   +2.315860e-005
+2.584500e+004	   +2.085971e-005
+2.584600e+004	   +1.982852e-005
+2.584700e+004	   +2.039262e-005
+2.584800e+004	   +1.954567e-005
+2.584900e+004	   +2.231486e-005
+2.585000e+004	   +2.450338e-005
+2.585100e+004	   +2.228793e-005
+2.585200e+004	   +2.154213e-005
+2.585300e+004	   +2.281611e-005
+2.585400e+004	   +2.352130e-005
+2.585500e+004	   +2.364588e-005
+2.585600e+004	   +2.344679e-005
+2.585700e+004	   +2.225787e-005
+2.585800e+004	   +1.989831e-005
+2.585900e+004	   +1.870131e-005
+2.586000e+004	   +2.204390e-005
+2.586100e+004	   +2.541585e-005
+2.586200e+004	   +2.497581e-005
+2.586300e+004	   +2.259310e-005
+2.586400e+004	   +2.030642e-005
+2.586500e+004	   +1.986500e-005
+2.586600e+004	   +2.110543e-005
+2.586700e+004	   +1.938156e-005
+2.586800e+004	   +1.866832e-005
+2.586900e+004	   +2.222461e-005
+2.587000e+004	   +2.316862e-005
+2.587100e+004	   +2.233660e-005
+2.587200e+004	   +2.186286e-005
+2.587300e+004	   +2.275751e-005
+2.587400e+004	   +2.317958e-005
+2.587500e+004	   +2.031721e-005
+2.587600e+004	   +1.976559e-005
+2.587700e+004	   +1.997565e-005
+2.587800e+004	   +2.153062e-005
+2.587900e+004	   +2.119453e-005
+2.588000e+004	   +1.760345e-005
+2.588100e+004	   +1.871164e-005
+2.588200e+004	   +2.124227e-005
+2.588300e+004	   +2.156120e-005
+2.588400e+004	   +2.358487e-005
+2.588500e+004	   +2.476925e-005
+2.588600e+004	   +2.320571e-005
+2.588700e+004	   +2.209001e-005
+2.588800e+004	   +2.054132e-005
+2.588900e+004	   +1.936136e-005
+2.589000e+004	   +2.073642e-005
+2.589100e+004	   +2.207112e-005
+2.589200e+004	   +1.988344e-005
+2.589300e+004	   +1.831854e-005
+2.589400e+004	   +1.844374e-005
+2.589500e+004	   +1.838245e-005
+2.589600e+004	   +1.888837e-005
+2.589700e+004	   +2.020456e-005
+2.589800e+004	   +2.170088e-005
+2.589900e+004	   +2.477803e-005
+2.590000e+004	   +2.584919e-005
+2.590100e+004	   +2.470531e-005
+2.590200e+004	   +2.210151e-005
+2.590300e+004	   +2.281410e-005
+2.590400e+004	   +2.621697e-005
+2.590500e+004	   +2.565168e-005
+2.590600e+004	   +2.316633e-005
+2.590700e+004	   +2.154951e-005
+2.590800e+004	   +1.913828e-005
+2.590900e+004	   +1.921395e-005
+2.591000e+004	   +2.057036e-005
+2.591100e+004	   +2.238944e-005
+2.591200e+004	   +2.338868e-005
+2.591300e+004	   +2.169406e-005
+2.591400e+004	   +2.137056e-005
+2.591500e+004	   +2.191761e-005
+2.591600e+004	   +2.166976e-005
+2.591700e+004	   +2.169947e-005
+2.591800e+004	   +2.200499e-005
+2.591900e+004	   +2.318035e-005
+2.592000e+004	   +2.446276e-005
+2.592100e+004	   +2.370931e-005
+2.592200e+004	   +2.206671e-005
+2.592300e+004	   +2.081656e-005
+2.592400e+004	   +1.886203e-005
+2.592500e+004	   +1.901370e-005
+2.592600e+004	   +2.201637e-005
+2.592700e+004	   +2.235059e-005
+2.592800e+004	   +1.845480e-005
+2.592900e+004	   +2.098988e-005
+2.593000e+004	   +2.287380e-005
+2.593100e+004	   +2.167273e-005
+2.593200e+004	   +2.123551e-005
+2.593300e+004	   +2.036910e-005
+2.593400e+004	   +1.886338e-005
+2.593500e+004	   +1.803800e-005
+2.593600e+004	   +1.945260e-005
+2.593700e+004	   +2.007743e-005
+2.593800e+004	   +2.017384e-005
+2.593900e+004	   +2.073717e-005
+2.594000e+004	   +2.030143e-005
+2.594100e+004	   +2.091151e-005
+2.594200e+004	   +2.292338e-005
+2.594300e+004	   +2.275796e-005
+2.594400e+004	   +2.268123e-005
+2.594500e+004	   +2.159136e-005
+2.594600e+004	   +1.969536e-005
+2.594700e+004	   +1.873860e-005
+2.594800e+004	   +1.684773e-005
+2.594900e+004	   +1.735127e-005
+2.595000e+004	   +2.129907e-005
+2.595100e+004	   +2.231062e-005
+2.595200e+004	   +2.076969e-005
+2.595300e+004	   +2.277514e-005
+2.595400e+004	   +2.517691e-005
+2.595500e+004	   +2.361799e-005
+2.595600e+004	   +2.159919e-005
+2.595700e+004	   +2.120242e-005
+2.595800e+004	   +2.307446e-005
+2.595900e+004	   +2.491454e-005
+2.596000e+004	   +2.337043e-005
+2.596100e+004	   +2.164434e-005
+2.596200e+004	   +2.094182e-005
+2.596300e+004	   +1.970594e-005
+2.596400e+004	   +1.849787e-005
+2.596500e+004	   +1.909382e-005
+2.596600e+004	   +2.001275e-005
+2.596700e+004	   +2.007856e-005
+2.596800e+004	   +2.110863e-005
+2.596900e+004	   +2.315872e-005
+2.597000e+004	   +2.242775e-005
+2.597100e+004	   +1.964552e-005
+2.597200e+004	   +1.904454e-005
+2.597300e+004	   +1.885052e-005
+2.597400e+004	   +2.028706e-005
+2.597500e+004	   +2.249859e-005
+2.597600e+004	   +2.142238e-005
+2.597700e+004	   +2.151795e-005
+2.597800e+004	   +2.271191e-005
+2.597900e+004	   +2.073774e-005
+2.598000e+004	   +1.929455e-005
+2.598100e+004	   +1.833592e-005
+2.598200e+004	   +2.098793e-005
+2.598300e+004	   +2.417466e-005
+2.598400e+004	   +2.292690e-005
+2.598500e+004	   +2.259540e-005
+2.598600e+004	   +2.317684e-005
+2.598700e+004	   +2.093106e-005
+2.598800e+004	   +1.962271e-005
+2.598900e+004	   +2.054653e-005
+2.599000e+004	   +2.240496e-005
+2.599100e+004	   +2.345392e-005
+2.599200e+004	   +2.230690e-005
+2.599300e+004	   +2.136746e-005
+2.599400e+004	   +2.067025e-005
+2.599500e+004	   +1.927374e-005
+2.599600e+004	   +1.978346e-005
+2.599700e+004	   +2.192805e-005
+2.599800e+004	   +2.248918e-005
+2.599900e+004	   +2.282255e-005
+2.600000e+004	   +2.357379e-005
+2.600100e+004	   +2.149075e-005
+2.600200e+004	   +1.864710e-005
+2.600300e+004	   +1.942989e-005
+2.600400e+004	   +2.050634e-005
+2.600500e+004	   +1.995500e-005
+2.600600e+004	   +1.984061e-005
+2.600700e+004	   +2.109526e-005
+2.600800e+004	   +2.224478e-005
+2.600900e+004	   +2.137854e-005
+2.601000e+004	   +1.876105e-005
+2.601100e+004	   +1.982780e-005
+2.601200e+004	   +2.185086e-005
+2.601300e+004	   +2.318628e-005
+2.601400e+004	   +2.294259e-005
+2.601500e+004	   +2.123592e-005
+2.601600e+004	   +1.983153e-005
+2.601700e+004	   +1.891928e-005
+2.601800e+004	   +1.870926e-005
+2.601900e+004	   +2.230749e-005
+2.602000e+004	   +2.530717e-005
+2.602100e+004	   +2.472765e-005
+2.602200e+004	   +2.443018e-005
+2.602300e+004	   +2.235110e-005
+2.602400e+004	   +2.223337e-005
+2.602500e+004	   +2.193923e-005
+2.602600e+004	   +2.096372e-005
+2.602700e+004	   +2.295912e-005
+2.602800e+004	   +2.483512e-005
+2.602900e+004	   +2.540313e-005
+2.603000e+004	   +2.481302e-005
+2.603100e+004	   +2.345590e-005
+2.603200e+004	   +2.220595e-005
+2.603300e+004	   +2.269972e-005
+2.603400e+004	   +2.244822e-005
+2.603500e+004	   +2.236763e-005
+2.603600e+004	   +2.230786e-005
+2.603700e+004	   +2.198555e-005
+2.603800e+004	   +2.145324e-005
+2.603900e+004	   +2.143586e-005
+2.604000e+004	   +2.157039e-005
+2.604100e+004	   +2.075977e-005
+2.604200e+004	   +2.246620e-005
+2.604300e+004	   +2.527931e-005
+2.604400e+004	   +2.497663e-005
+2.604500e+004	   +2.326250e-005
+2.604600e+004	   +2.169120e-005
+2.604700e+004	   +2.023469e-005
+2.604800e+004	   +1.983455e-005
+2.604900e+004	   +2.044879e-005
+2.605000e+004	   +2.097970e-005
+2.605100e+004	   +2.218307e-005
+2.605200e+004	   +2.274070e-005
+2.605300e+004	   +2.287988e-005
+2.605400e+004	   +2.089639e-005
+2.605500e+004	   +2.169544e-005
+2.605600e+004	   +2.392206e-005
+2.605700e+004	   +2.055154e-005
+2.605800e+004	   +1.805219e-005
+2.605900e+004	   +1.962493e-005
+2.606000e+004	   +2.027318e-005
+2.606100e+004	   +2.133014e-005
+2.606200e+004	   +2.279420e-005
+2.606300e+004	   +2.120319e-005
+2.606400e+004	   +2.136235e-005
+2.606500e+004	   +2.135920e-005
+2.606600e+004	   +2.064335e-005
+2.606700e+004	   +1.868717e-005
+2.606800e+004	   +1.913550e-005
+2.606900e+004	   +1.909606e-005
+2.607000e+004	   +1.862510e-005
+2.607100e+004	   +1.990725e-005
+2.607200e+004	   +2.111058e-005
+2.607300e+004	   +2.201079e-005
+2.607400e+004	   +2.121462e-005
+2.607500e+004	   +1.929335e-005
+2.607600e+004	   +1.915427e-005
+2.607700e+004	   +2.170648e-005
+2.607800e+004	   +2.422057e-005
+2.607900e+004	   +2.274837e-005
+2.608000e+004	   +2.060456e-005
+2.608100e+004	   +2.003878e-005
+2.608200e+004	   +1.915553e-005
+2.608300e+004	   +1.964892e-005
+2.608400e+004	   +2.044827e-005
+2.608500e+004	   +2.122579e-005
+2.608600e+004	   +2.013505e-005
+2.608700e+004	   +2.007569e-005
+2.608800e+004	   +2.143509e-005
+2.608900e+004	   +2.246810e-005
+2.609000e+004	   +2.220729e-005
+2.609100e+004	   +2.106880e-005
+2.609200e+004	   +2.070380e-005
+2.609300e+004	   +2.175630e-005
+2.609400e+004	   +2.178441e-005
+2.609500e+004	   +2.224033e-005
+2.609600e+004	   +2.351374e-005
+2.609700e+004	   +2.450080e-005
+2.609800e+004	   +2.151573e-005
+2.609900e+004	   +1.957653e-005
+2.610000e+004	   +2.199212e-005
+2.610100e+004	   +2.347298e-005
+2.610200e+004	   +2.253663e-005
+2.610300e+004	   +2.117679e-005
+2.610400e+004	   +2.268270e-005
+2.610500e+004	   +2.441559e-005
+2.610600e+004	   +2.287405e-005
+2.610700e+004	   +2.175467e-005
+2.610800e+004	   +2.074897e-005
+2.610900e+004	   +2.107882e-005
+2.611000e+004	   +2.313859e-005
+2.611100e+004	   +2.164439e-005
+2.611200e+004	   +2.150087e-005
+2.611300e+004	   +2.247424e-005
+2.611400e+004	   +2.149830e-005
+2.611500e+004	   +2.003465e-005
+2.611600e+004	   +2.257616e-005
+2.611700e+004	   +2.345897e-005
+2.611800e+004	   +2.255560e-005
+2.611900e+004	   +2.258581e-005
+2.612000e+004	   +1.967939e-005
+2.612100e+004	   +1.802856e-005
+2.612200e+004	   +2.051738e-005
+2.612300e+004	   +2.122555e-005
+2.612400e+004	   +1.875257e-005
+2.612500e+004	   +2.042933e-005
+2.612600e+004	   +2.123844e-005
+2.612700e+004	   +1.952748e-005
+2.612800e+004	   +2.143596e-005
+2.612900e+004	   +2.223579e-005
+2.613000e+004	   +2.065988e-005
+2.613100e+004	   +1.958766e-005
+2.613200e+004	   +2.027405e-005
+2.613300e+004	   +2.029902e-005
+2.613400e+004	   +1.986938e-005
+2.613500e+004	   +2.136690e-005
+2.613600e+004	   +2.391625e-005
+2.613700e+004	   +2.559867e-005
+2.613800e+004	   +2.278717e-005
+2.613900e+004	   +1.988209e-005
+2.614000e+004	   +1.924904e-005
+2.614100e+004	   +2.222720e-005
+2.614200e+004	   +2.404857e-005
+2.614300e+004	   +2.292217e-005
+2.614400e+004	   +2.245271e-005
+2.614500e+004	   +2.263086e-005
+2.614600e+004	   +2.218689e-005
+2.614700e+004	   +2.293022e-005
+2.614800e+004	   +2.452343e-005
+2.614900e+004	   +2.308652e-005
+2.615000e+004	   +2.275876e-005
+2.615100e+004	   +2.212880e-005
+2.615200e+004	   +2.173168e-005
+2.615300e+004	   +2.266294e-005
+2.615400e+004	   +2.199849e-005
+2.615500e+004	   +1.943853e-005
+2.615600e+004	   +1.884051e-005
+2.615700e+004	   +1.998069e-005
+2.615800e+004	   +2.329442e-005
+2.615900e+004	   +2.289227e-005
+2.616000e+004	   +2.090938e-005
+2.616100e+004	   +2.049534e-005
+2.616200e+004	   +2.093380e-005
+2.616300e+004	   +2.190806e-005
+2.616400e+004	   +2.053112e-005
+2.616500e+004	   +1.924578e-005
+2.616600e+004	   +1.761246e-005
+2.616700e+004	   +1.853951e-005
+2.616800e+004	   +2.191614e-005
+2.616900e+004	   +2.372535e-005
+2.617000e+004	   +2.459548e-005
+2.617100e+004	   +2.304011e-005
+2.617200e+004	   +1.948291e-005
+2.617300e+004	   +1.985028e-005
+2.617400e+004	   +2.204092e-005
+2.617500e+004	   +2.231246e-005
+2.617600e+004	   +2.130501e-005
+2.617700e+004	   +2.097516e-005
+2.617800e+004	   +2.100088e-005
+2.617900e+004	   +2.158968e-005
+2.618000e+004	   +2.244689e-005
+2.618100e+004	   +2.117595e-005
+2.618200e+004	   +2.096575e-005
+2.618300e+004	   +2.112773e-005
+2.618400e+004	   +2.164750e-005
+2.618500e+004	   +2.330521e-005
+2.618600e+004	   +2.284885e-005
+2.618700e+004	   +2.149502e-005
+2.618800e+004	   +1.969517e-005
+2.618900e+004	   +1.990504e-005
+2.619000e+004	   +1.932544e-005
+2.619100e+004	   +1.826708e-005
+2.619200e+004	   +1.811676e-005
+2.619300e+004	   +2.018020e-005
+2.619400e+004	   +2.048976e-005
+2.619500e+004	   +1.886564e-005
+2.619600e+004	   +1.776958e-005
+2.619700e+004	   +1.849515e-005
+2.619800e+004	   +2.097284e-005
+2.619900e+004	   +2.211075e-005
+2.620000e+004	   +2.195118e-005
+2.620100e+004	   +1.880238e-005
+2.620200e+004	   +2.000240e-005
+2.620300e+004	   +2.131631e-005
+2.620400e+004	   +2.138826e-005
+2.620500e+004	   +2.281876e-005
+2.620600e+004	   +2.449784e-005
+2.620700e+004	   +2.144799e-005
+2.620800e+004	   +2.093952e-005
+2.620900e+004	   +2.362294e-005
+2.621000e+004	   +2.414434e-005
+2.621100e+004	   +2.182530e-005
+2.621200e+004	   +2.060434e-005
+2.621300e+004	   +2.150888e-005
+2.621400e+004	   +2.226254e-005
+2.621500e+004	   +2.222173e-005
+2.621600e+004	   +2.053079e-005
+2.621700e+004	   +2.016458e-005
+2.621800e+004	   +2.212231e-005
+2.621900e+004	   +2.137450e-005
+2.622000e+004	   +2.175558e-005
+2.622100e+004	   +2.191628e-005
+2.622200e+004	   +2.105410e-005
+2.622300e+004	   +2.155398e-005
+2.622400e+004	   +2.164700e-005
+2.622500e+004	   +2.218344e-005
+2.622600e+004	   +2.142372e-005
+2.622700e+004	   +2.117739e-005
+2.622800e+004	   +2.281365e-005
+2.622900e+004	   +2.224673e-005
+2.623000e+004	   +1.747714e-005
+2.623100e+004	   +1.743922e-005
+2.623200e+004	   +2.250019e-005
+2.623300e+004	   +2.249085e-005
+2.623400e+004	   +1.978140e-005
+2.623500e+004	   +2.081514e-005
+2.623600e+004	   +2.145604e-005
+2.623700e+004	   +1.904405e-005
+2.623800e+004	   +1.814895e-005
+2.623900e+004	   +1.911696e-005
+2.624000e+004	   +1.947132e-005
+2.624100e+004	   +1.949202e-005
+2.624200e+004	   +2.014453e-005
+2.624300e+004	   +2.019891e-005
+2.624400e+004	   +2.142269e-005
+2.624500e+004	   +2.187556e-005
+2.624600e+004	   +1.999267e-005
+2.624700e+004	   +2.096098e-005
+2.624800e+004	   +2.070073e-005
+2.624900e+004	   +2.005811e-005
+2.625000e+004	   +2.000251e-005
+2.625100e+004	   +2.146884e-005
+2.625200e+004	   +2.258278e-005
+2.625300e+004	   +2.261655e-005
+2.625400e+004	   +2.352885e-005
+2.625500e+004	   +2.378289e-005
+2.625600e+004	   +2.123329e-005
+2.625700e+004	   +1.962844e-005
+2.625800e+004	   +2.029820e-005
+2.625900e+004	   +2.022023e-005
+2.626000e+004	   +2.063023e-005
+2.626100e+004	   +2.105558e-005
+2.626200e+004	   +2.142619e-005
+2.626300e+004	   +2.128111e-005
+2.626400e+004	   +2.155756e-005
+2.626500e+004	   +2.199666e-005
+2.626600e+004	   +2.186062e-005
+2.626700e+004	   +2.299585e-005
+2.626800e+004	   +2.524259e-005
+2.626900e+004	   +2.435061e-005
+2.627000e+004	   +2.193415e-005
+2.627100e+004	   +2.024507e-005
+2.627200e+004	   +2.160673e-005
+2.627300e+004	   +2.200908e-005
+2.627400e+004	   +2.095219e-005
+2.627500e+004	   +2.040969e-005
+2.627600e+004	   +1.899980e-005
+2.627700e+004	   +1.741729e-005
+2.627800e+004	   +1.908349e-005
+2.627900e+004	   +1.949690e-005
+2.628000e+004	   +1.942255e-005
+2.628100e+004	   +1.960365e-005
+2.628200e+004	   +2.167073e-005
+2.628300e+004	   +2.427070e-005
+2.628400e+004	   +2.284616e-005
+2.628500e+004	   +2.113168e-005
+2.628600e+004	   +2.277196e-005
+2.628700e+004	   +2.283999e-005
+2.628800e+004	   +2.224585e-005
+2.628900e+004	   +2.222288e-005
+2.629000e+004	   +2.265868e-005
+2.629100e+004	   +2.175467e-005
+2.629200e+004	   +1.963081e-005
+2.629300e+004	   +1.799446e-005
+2.629400e+004	   +1.872412e-005
+2.629500e+004	   +2.159046e-005
+2.629600e+004	   +2.404440e-005
+2.629700e+004	   +2.501014e-005
+2.629800e+004	   +2.341309e-005
+2.629900e+004	   +2.156007e-005
+2.630000e+004	   +2.134326e-005
+2.630100e+004	   +2.118337e-005
+2.630200e+004	   +2.228455e-005
+2.630300e+004	   +2.273958e-005
+2.630400e+004	   +2.299898e-005
+2.630500e+004	   +2.345461e-005
+2.630600e+004	   +2.285088e-005
+2.630700e+004	   +2.150534e-005
+2.630800e+004	   +2.167092e-005
+2.630900e+004	   +2.300474e-005
+2.631000e+004	   +2.319409e-005
+2.631100e+004	   +2.059169e-005
+2.631200e+004	   +1.972332e-005
+2.631300e+004	   +1.933650e-005
+2.631400e+004	   +1.678037e-005
+2.631500e+004	   +1.688694e-005
+2.631600e+004	   +1.852995e-005
+2.631700e+004	   +2.062876e-005
+2.631800e+004	   +2.218378e-005
+2.631900e+004	   +2.182640e-005
+2.632000e+004	   +2.129056e-005
+2.632100e+004	   +2.191951e-005
+2.632200e+004	   +2.170917e-005
+2.632300e+004	   +2.056451e-005
+2.632400e+004	   +1.973168e-005
+2.632500e+004	   +1.983904e-005
+2.632600e+004	   +2.003632e-005
+2.632700e+004	   +1.937093e-005
+2.632800e+004	   +1.982358e-005
+2.632900e+004	   +2.163111e-005
+2.633000e+004	   +2.302233e-005
+2.633100e+004	   +2.206671e-005
+2.633200e+004	   +2.048206e-005
+2.633300e+004	   +2.279265e-005
+2.633400e+004	   +2.402819e-005
+2.633500e+004	   +2.289945e-005
+2.633600e+004	   +2.085724e-005
+2.633700e+004	   +2.021362e-005
+2.633800e+004	   +2.126766e-005
+2.633900e+004	   +2.126217e-005
+2.634000e+004	   +2.092959e-005
+2.634100e+004	   +2.116335e-005
+2.634200e+004	   +2.074861e-005
+2.634300e+004	   +2.124059e-005
+2.634400e+004	   +2.050042e-005
+2.634500e+004	   +1.946221e-005
+2.634600e+004	   +1.992864e-005
+2.634700e+004	   +2.026030e-005
+2.634800e+004	   +2.291165e-005
+2.634900e+004	   +2.391630e-005
+2.635000e+004	   +2.128794e-005
+2.635100e+004	   +2.047096e-005
+2.635200e+004	   +2.240784e-005
+2.635300e+004	   +2.353063e-005
+2.635400e+004	   +2.226714e-005
+2.635500e+004	   +2.057809e-005
+2.635600e+004	   +2.273197e-005
+2.635700e+004	   +2.535453e-005
+2.635800e+004	   +2.483403e-005
+2.635900e+004	   +2.226943e-005
+2.636000e+004	   +2.240011e-005
+2.636100e+004	   +2.286549e-005
+2.636200e+004	   +2.027425e-005
+2.636300e+004	   +1.853331e-005
+2.636400e+004	   +2.030769e-005
+2.636500e+004	   +2.269690e-005
+2.636600e+004	   +2.328089e-005
+2.636700e+004	   +2.378649e-005
+2.636800e+004	   +2.310792e-005
+2.636900e+004	   +2.120370e-005
+2.637000e+004	   +1.872307e-005
+2.637100e+004	   +1.956819e-005
+2.637200e+004	   +2.067493e-005
+2.637300e+004	   +2.066333e-005
+2.637400e+004	   +2.223540e-005
+2.637500e+004	   +2.125608e-005
+2.637600e+004	   +1.975863e-005
+2.637700e+004	   +2.186624e-005
+2.637800e+004	   +2.336794e-005
+2.637900e+004	   +2.205538e-005
+2.638000e+004	   +2.050423e-005
+2.638100e+004	   +1.984497e-005
+2.638200e+004	   +2.164702e-005
+2.638300e+004	   +2.300207e-005
+2.638400e+004	   +2.259287e-005
+2.638500e+004	   +2.038754e-005
+2.638600e+004	   +2.148235e-005
+2.638700e+004	   +2.437083e-005
+2.638800e+004	   +2.496578e-005
+2.638900e+004	   +2.151684e-005
+2.639000e+004	   +1.961465e-005
+2.639100e+004	   +2.233636e-005
+2.639200e+004	   +2.378952e-005
+2.639300e+004	   +2.351278e-005
+2.639400e+004	   +2.000649e-005
+2.639500e+004	   +1.913185e-005
+2.639600e+004	   +1.994510e-005
+2.639700e+004	   +2.017681e-005
+2.639800e+004	   +2.002176e-005
+2.639900e+004	   +2.067484e-005
+2.640000e+004	   +2.048404e-005
+2.640100e+004	   +2.206453e-005
+2.640200e+004	   +2.413096e-005
+2.640300e+004	   +2.222425e-005
+2.640400e+004	   +2.046516e-005
+2.640500e+004	   +2.021610e-005
+2.640600e+004	   +2.037624e-005
+2.640700e+004	   +2.148808e-005
+2.640800e+004	   +2.162486e-005
+2.640900e+004	   +2.012767e-005
+2.641000e+004	   +1.868101e-005
+2.641100e+004	   +2.020130e-005
+2.641200e+004	   +2.265385e-005
+2.641300e+004	   +2.378234e-005
+2.641400e+004	   +2.265453e-005
+2.641500e+004	   +2.237055e-005
+2.641600e+004	   +2.183112e-005
+2.641700e+004	   +2.163593e-005
+2.641800e+004	   +2.234661e-005
+2.641900e+004	   +2.281994e-005
+2.642000e+004	   +2.398591e-005
+2.642100e+004	   +2.521362e-005
+2.642200e+004	   +2.505114e-005
+2.642300e+004	   +2.269022e-005
+2.642400e+004	   +1.872763e-005
+2.642500e+004	   +1.882990e-005
+2.642600e+004	   +2.120834e-005
+2.642700e+004	   +2.338003e-005
+2.642800e+004	   +2.350465e-005
+2.642900e+004	   +2.072220e-005
+2.643000e+004	   +1.850080e-005
+2.643100e+004	   +1.756482e-005
+2.643200e+004	   +2.053640e-005
+2.643300e+004	   +2.394247e-005
+2.643400e+004	   +2.170302e-005
+2.643500e+004	   +1.884914e-005
+2.643600e+004	   +1.992846e-005
+2.643700e+004	   +2.166210e-005
+2.643800e+004	   +2.086968e-005
+2.643900e+004	   +1.959685e-005
+2.644000e+004	   +2.218202e-005
+2.644100e+004	   +2.230261e-005
+2.644200e+004	   +2.100040e-005
+2.644300e+004	   +2.095281e-005
+2.644400e+004	   +2.284626e-005
+2.644500e+004	   +2.195417e-005
+2.644600e+004	   +2.101361e-005
+2.644700e+004	   +2.206555e-005
+2.644800e+004	   +2.223054e-005
+2.644900e+004	   +2.314063e-005
+2.645000e+004	   +2.286363e-005
+2.645100e+004	   +2.195990e-005
+2.645200e+004	   +2.134879e-005
+2.645300e+004	   +2.211539e-005
+2.645400e+004	   +2.077325e-005
+2.645500e+004	   +1.827603e-005
+2.645600e+004	   +1.726278e-005
+2.645700e+004	   +2.013562e-005
+2.645800e+004	   +2.137054e-005
+2.645900e+004	   +2.110295e-005
+2.646000e+004	   +2.056517e-005
+2.646100e+004	   +2.198512e-005
+2.646200e+004	   +2.242654e-005
+2.646300e+004	   +2.102878e-005
+2.646400e+004	   +1.975453e-005
+2.646500e+004	   +2.089809e-005
+2.646600e+004	   +2.167661e-005
+2.646700e+004	   +2.121365e-005
+2.646800e+004	   +2.077560e-005
+2.646900e+004	   +2.036465e-005
+2.647000e+004	   +2.123676e-005
+2.647100e+004	   +2.159086e-005
+2.647200e+004	   +2.136756e-005
+2.647300e+004	   +2.296043e-005
+2.647400e+004	   +2.479107e-005
+2.647500e+004	   +2.601107e-005
+2.647600e+004	   +2.479074e-005
+2.647700e+004	   +2.360440e-005
+2.647800e+004	   +2.270650e-005
+2.647900e+004	   +2.191313e-005
+2.648000e+004	   +2.030774e-005
+2.648100e+004	   +2.032219e-005
+2.648200e+004	   +2.012126e-005
+2.648300e+004	   +2.198454e-005
+2.648400e+004	   +2.273968e-005
+2.648500e+004	   +2.185074e-005
+2.648600e+004	   +2.104802e-005
+2.648700e+004	   +2.137586e-005
+2.648800e+004	   +2.072183e-005
+2.648900e+004	   +2.159582e-005
+2.649000e+004	   +2.218000e-005
+2.649100e+004	   +2.026564e-005
+2.649200e+004	   +1.922625e-005
+2.649300e+004	   +2.223706e-005
+2.649400e+004	   +2.330992e-005
+2.649500e+004	   +2.218346e-005
+2.649600e+004	   +2.179314e-005
+2.649700e+004	   +2.086940e-005
+2.649800e+004	   +1.938993e-005
+2.649900e+004	   +2.083449e-005
+2.650000e+004	   +2.179501e-005
+2.650100e+004	   +1.977449e-005
+2.650200e+004	   +2.065024e-005
+2.650300e+004	   +2.111911e-005
+2.650400e+004	   +1.936042e-005
+2.650500e+004	   +1.806765e-005
+2.650600e+004	   +1.738529e-005
+2.650700e+004	   +2.027897e-005
+2.650800e+004	   +2.304615e-005
+2.650900e+004	   +2.097965e-005
+2.651000e+004	   +2.055729e-005
+2.651100e+004	   +1.961213e-005
+2.651200e+004	   +1.992070e-005
+2.651300e+004	   +2.173421e-005
+2.651400e+004	   +2.251235e-005
+2.651500e+004	   +2.200603e-005
+2.651600e+004	   +2.150505e-005
+2.651700e+004	   +2.112711e-005
+2.651800e+004	   +1.991997e-005
+2.651900e+004	   +1.914811e-005
+2.652000e+004	   +2.016784e-005
+2.652100e+004	   +2.193484e-005
+2.652200e+004	   +2.348278e-005
+2.652300e+004	   +2.284388e-005
+2.652400e+004	   +2.053320e-005
+2.652500e+004	   +2.070191e-005
+2.652600e+004	   +2.205843e-005
+2.652700e+004	   +2.248152e-005
+2.652800e+004	   +2.220017e-005
+2.652900e+004	   +2.370731e-005
+2.653000e+004	   +2.416564e-005
+2.653100e+004	   +2.055142e-005
+2.653200e+004	   +2.101285e-005
+2.653300e+004	   +2.171780e-005
+2.653400e+004	   +1.936659e-005
+2.653500e+004	   +1.879478e-005
+2.653600e+004	   +2.378777e-005
+2.653700e+004	   +2.539231e-005
+2.653800e+004	   +2.531003e-005
+2.653900e+004	   +2.421025e-005
+2.654000e+004	   +2.022589e-005
+2.654100e+004	   +1.985708e-005
+2.654200e+004	   +2.078091e-005
+2.654300e+004	   +2.085117e-005
+2.654400e+004	   +1.980198e-005
+2.654500e+004	   +1.963404e-005
+2.654600e+004	   +2.067123e-005
+2.654700e+004	   +2.207689e-005
+2.654800e+004	   +2.153378e-005
+2.654900e+004	   +2.211381e-005
+2.655000e+004	   +2.276623e-005
+2.655100e+004	   +2.157586e-005
+2.655200e+004	   +2.102956e-005
+2.655300e+004	   +2.159193e-005
+2.655400e+004	   +1.938701e-005
+2.655500e+004	   +1.945142e-005
+2.655600e+004	   +1.910133e-005
+2.655700e+004	   +1.750790e-005
+2.655800e+004	   +2.046952e-005
+2.655900e+004	   +2.301715e-005
+2.656000e+004	   +2.326947e-005
+2.656100e+004	   +2.269551e-005
+2.656200e+004	   +2.260354e-005
+2.656300e+004	   +2.322248e-005
+2.656400e+004	   +2.386182e-005
+2.656500e+004	   +2.398739e-005
+2.656600e+004	   +2.478396e-005
+2.656700e+004	   +2.517224e-005
+2.656800e+004	   +2.484137e-005
+2.656900e+004	   +2.235194e-005
+2.657000e+004	   +2.173216e-005
+2.657100e+004	   +2.301283e-005
+2.657200e+004	   +2.204385e-005
+2.657300e+004	   +2.087226e-005
+2.657400e+004	   +2.076433e-005
+2.657500e+004	   +2.122185e-005
+2.657600e+004	   +2.200816e-005
+2.657700e+004	   +2.129738e-005
+2.657800e+004	   +1.987541e-005
+2.657900e+004	   +2.119698e-005
+2.658000e+004	   +2.119516e-005
+2.658100e+004	   +2.177477e-005
+2.658200e+004	   +2.400720e-005
+2.658300e+004	   +2.314611e-005
+2.658400e+004	   +2.054944e-005
+2.658500e+004	   +1.940164e-005
+2.658600e+004	   +2.039974e-005
+2.658700e+004	   +2.197727e-005
+2.658800e+004	   +2.115566e-005
+2.658900e+004	   +2.137150e-005
+2.659000e+004	   +2.309425e-005
+2.659100e+004	   +2.370681e-005
+2.659200e+004	   +2.230279e-005
+2.659300e+004	   +2.220949e-005
+2.659400e+004	   +2.340813e-005
+2.659500e+004	   +2.279830e-005
+2.659600e+004	   +2.142833e-005
+2.659700e+004	   +2.095573e-005
+2.659800e+004	   +1.943159e-005
+2.659900e+004	   +2.021495e-005
+2.660000e+004	   +2.256280e-005
