+1.000000e+003	   -4.239169e+001
+1.001664e+003	   -5.660441e+001
+1.003330e+003	   -3.919696e+001
+1.005000e+003	   -3.857554e+001
+1.006672e+003	   -3.701044e+001
+1.008346e+003	   -4.441235e+001
+1.010024e+003	   -4.133860e+001
+1.011705e+003	   -4.152376e+001
+1.013388e+003	   -3.945297e+001
+1.015074e+003	   -4.702939e+001
+1.016763e+003	   -3.868712e+001
+1.018454e+003	   -3.711483e+001
+1.020149e+003	   -8.750484e+001
+1.021846e+003	   -3.982131e+001
+1.023546e+003	   -3.589679e+001
+1.025249e+003	   -4.612549e+001
+1.026955e+003	   -4.282912e+001
+1.028663e+003	   -4.750354e+001
+1.030375e+003	   -4.148977e+001
+1.032089e+003	   -3.996643e+001
+1.033806e+003	   -4.500246e+001
+1.035526e+003	   -4.385095e+001
+1.037249e+003	   -3.851370e+001
+1.038975e+003	   -4.657290e+001
+1.040703e+003	   -4.002077e+001
+1.042435e+003	   -3.616199e+001
+1.044169e+003	   -4.037020e+001
+1.045906e+003	   -3.803867e+001
+1.047646e+003	   -4.724036e+001
+1.049390e+003	   -5.153601e+001
+1.051135e+003	   -4.366850e+001
+1.052884e+003	   -4.406880e+001
+1.054636e+003	   -3.692809e+001
+1.056391e+003	   -4.851212e+001
+1.058148e+003	   -3.403616e+001
+1.059909e+003	   -4.036413e+001
+1.061672e+003	   -3.910784e+001
+1.063438e+003	   -3.748894e+001
+1.065208e+003	   -5.208235e+001
+1.066980e+003	   -4.397081e+001
+1.068755e+003	   -3.558018e+001
+1.070533e+003	   -4.518717e+001
+1.072314e+003	   -3.704492e+001
+1.074099e+003	   -3.759698e+001
+1.075885e+003	   -4.017870e+001
+1.077676e+003	   -3.645414e+001
+1.079469e+003	   -4.726435e+001
+1.081264e+003	   -4.043282e+001
+1.083063e+003	   -4.025695e+001
+1.084865e+003	   -4.623420e+001
+1.086670e+003	   -4.137047e+001
+1.088478e+003	   -4.622241e+001
+1.090289e+003	   -3.672921e+001
+1.092103e+003	   -3.699062e+001
+1.093920e+003	   -4.635740e+001
+1.095740e+003	   -4.247073e+001
+1.097563e+003	   -4.207229e+001
+1.099389e+003	   -4.332344e+001
+1.101218e+003	   -3.681616e+001
+1.103050e+003	   -4.572859e+001
+1.104886e+003	   -5.248270e+001
+1.106724e+003	   -5.304593e+001
+1.108565e+003	   -4.277739e+001
+1.110410e+003	   -3.469583e+001
+1.112257e+003	   -3.372515e+001
+1.114108e+003	   -3.891153e+001
+1.115961e+003	   -4.342561e+001
+1.117818e+003	   -3.522227e+001
+1.119678e+003	   -4.184951e+001
+1.121540e+003	   -4.250671e+001
+1.123406e+003	   -3.628281e+001
+1.125276e+003	   -3.899883e+001
+1.127148e+003	   -4.407994e+001
+1.129023e+003	   -4.311137e+001
+1.130901e+003	   -4.280141e+001
+1.132783e+003	   -4.225539e+001
+1.134667e+003	   -3.773777e+001
+1.136555e+003	   -5.033174e+001
+1.138446e+003	   -4.286664e+001
+1.140340e+003	   -4.205472e+001
+1.142238e+003	   -3.952843e+001
+1.144138e+003	   -3.910786e+001
+1.146042e+003	   -3.834237e+001
+1.147948e+003	   -3.553088e+001
+1.149858e+003	   -4.868754e+001
+1.151771e+003	   -4.538843e+001
+1.153688e+003	   -4.220840e+001
+1.155607e+003	   -4.197482e+001
+1.157530e+003	   -4.739900e+001
+1.159455e+003	   -4.598423e+001
+1.161384e+003	   -3.994219e+001
+1.163317e+003	   -4.442275e+001
+1.165252e+003	   -5.111927e+001
+1.167191e+003	   -4.850178e+001
+1.169133e+003	   -4.002246e+001
+1.171078e+003	   -5.697067e+001
+1.173026e+003	   -4.662984e+001
+1.174978e+003	   -3.962963e+001
+1.176933e+003	   -3.726946e+001
+1.178891e+003	   -5.441747e+001
+1.180852e+003	   -4.692724e+001
+1.182817e+003	   -4.002623e+001
+1.184785e+003	   -4.083540e+001
+1.186756e+003	   -3.465071e+001
+1.188730e+003	   -4.828002e+001
+1.190708e+003	   -4.754139e+001
+1.192689e+003	   -3.544516e+001
+1.194674e+003	   -3.903214e+001
+1.196661e+003	   -5.480050e+001
+1.198652e+003	   -4.129364e+001
+1.200646e+003	   -5.731755e+001
+1.202644e+003	   -4.764926e+001
+1.204645e+003	   -4.331030e+001
+1.206649e+003	   -4.773881e+001
+1.208657e+003	   -4.296617e+001
+1.210668e+003	   -5.461489e+001
+1.212682e+003	   -4.474252e+001
+1.214699e+003	   -4.269575e+001
+1.216720e+003	   -5.051824e+001
+1.218745e+003	   -4.140427e+001
+1.220772e+003	   -4.029602e+001
+1.222803e+003	   -4.091503e+001
+1.224838e+003	   -3.878222e+001
+1.226876e+003	   -4.585489e+001
+1.228917e+003	   -4.268380e+001
+1.230961e+003	   -4.987061e+001
+1.233010e+003	   -4.877742e+001
+1.235061e+003	   -3.117737e+001
+1.237116e+003	   -4.451021e+001
+1.239174e+003	   -3.240046e+001
+1.241236e+003	   -4.975508e+001
+1.243301e+003	   -4.414508e+001
+1.245369e+003	   -5.275423e+001
+1.247441e+003	   -3.719991e+001
+1.249517e+003	   -4.156298e+001
+1.251596e+003	   -3.530197e+001
+1.253678e+003	   -4.582801e+001
+1.255764e+003	   -5.501989e+001
+1.257853e+003	   -4.111316e+001
+1.259946e+003	   -4.950205e+001
+1.262042e+003	   -3.956800e+001
+1.264142e+003	   -3.111813e+001
+1.266245e+003	   -3.310802e+001
+1.268352e+003	   -4.157178e+001
+1.270462e+003	   -5.434314e+001
+1.272576e+003	   -4.789598e+001
+1.274693e+003	   -3.349226e+001
+1.276814e+003	   -3.856330e+001
+1.278938e+003	   -3.853069e+001
+1.281066e+003	   -3.675778e+001
+1.283197e+003	   -3.795467e+001
+1.285332e+003	   -4.454570e+001
+1.287470e+003	   -5.149495e+001
+1.289612e+003	   -4.423529e+001
+1.291758e+003	   -4.049658e+001
+1.293907e+003	   -3.994999e+001
+1.296060e+003	   -2.866750e+001
+1.298216e+003	   -3.725815e+001
+1.300376e+003	   -4.236153e+001
+1.302540e+003	   -3.845374e+001
+1.304707e+003	   -3.900208e+001
+1.306877e+003	   -4.626733e+001
+1.309052e+003	   -3.608623e+001
+1.311230e+003	   -3.802219e+001
+1.313411e+003	   -3.727751e+001
+1.315596e+003	   -3.479330e+001
+1.317785e+003	   -3.735254e+001
+1.319978e+003	   -3.917719e+001
+1.322174e+003	   -3.060237e+001
+1.324374e+003	   -4.528411e+001
+1.326577e+003	   -3.536069e+001
+1.328784e+003	   -3.268507e+001
+1.330995e+003	   -3.769917e+001
+1.333209e+003	   -4.435928e+001
+1.335427e+003	   -3.618945e+001
+1.337649e+003	   -5.412235e+001
+1.339875e+003	   -3.952097e+001
+1.342104e+003	   -3.882473e+001
+1.344337e+003	   -3.489605e+001
+1.346573e+003	   -4.034714e+001
+1.348814e+003	   -3.193734e+001
+1.351058e+003	   -4.516776e+001
+1.353306e+003	   -4.223837e+001
+1.355557e+003	   -3.692467e+001
+1.357813e+003	   -2.205953e+001
+1.360072e+003	   -3.464538e+001
+1.362334e+003	   -5.427829e+001
+1.364601e+003	   -4.234987e+001
+1.366871e+003	   -4.967113e+001
+1.369146e+003	   -3.937056e+001
+1.371423e+003	   -3.517069e+001
+1.373705e+003	   -3.034699e+001
+1.375991e+003	   -3.947004e+001
+1.378280e+003	   -3.959013e+001
+1.380573e+003	   -3.784188e+001
+1.382870e+003	   -4.435682e+001
+1.385171e+003	   -3.282560e+001
+1.387475e+003	   -3.429370e+001
+1.389784e+003	   -3.370105e+001
+1.392096e+003	   -3.673946e+001
+1.394412e+003	   -3.816785e+001
+1.396732e+003	   -3.586307e+001
+1.399056e+003	   -3.743658e+001
+1.401384e+003	   -5.335025e+001
+1.403715e+003	   -4.793956e+001
+1.406050e+003	   -4.396832e+001
+1.408390e+003	   -3.838010e+001
+1.410733e+003	   -4.786464e+001
+1.413080e+003	   -4.661133e+001
+1.415431e+003	   -6.560561e+001
+1.417786e+003	   -4.115275e+001
+1.420145e+003	   -4.349236e+001
+1.422508e+003	   -4.815826e+001
+1.424874e+003	   -3.510039e+001
+1.427245e+003	   -3.962315e+001
+1.429620e+003	   -4.221856e+001
+1.431998e+003	   -3.587269e+001
+1.434380e+003	   -2.699303e+001
+1.436767e+003	   -5.012562e+001
+1.439157e+003	   -3.579926e+001
+1.441552e+003	   -3.834994e+001
+1.443950e+003	   -4.144186e+001
+1.446353e+003	   -3.613410e+001
+1.448759e+003	   -3.460177e+001
+1.451169e+003	   -4.098561e+001
+1.453584e+003	   -4.134619e+001
+1.456002e+003	   -4.946798e+001
+1.458424e+003	   -5.385308e+001
+1.460851e+003	   -3.747393e+001
+1.463281e+003	   -4.228022e+001
+1.465716e+003	   -3.611520e+001
+1.468154e+003	   -3.817567e+001
+1.470597e+003	   -4.585868e+001
+1.473044e+003	   -4.275561e+001
+1.475495e+003	   -3.925278e+001
+1.477949e+003	   -3.269172e+001
+1.480408e+003	   -3.737162e+001
+1.482871e+003	   -4.988384e+001
+1.485339e+003	   -3.651040e+001
+1.487810e+003	   -4.621165e+001
+1.490285e+003	   -4.010277e+001
+1.492765e+003	   -4.569685e+001
+1.495248e+003	   -3.752266e+001
+1.497736e+003	   -3.486537e+001
+1.500228e+003	   -3.778035e+001
+1.502724e+003	   -2.974794e+001
+1.505224e+003	   -4.178862e+001
+1.507728e+003	   -3.819344e+001
+1.510237e+003	   -2.614381e+001
+1.512749e+003	   -3.185974e+001
+1.515266e+003	   -3.646055e+001
+1.517787e+003	   -3.326570e+001
+1.520312e+003	   -4.348890e+001
+1.522842e+003	   -4.020751e+001
+1.525375e+003	   -3.579330e+001
+1.527913e+003	   -3.846711e+001
+1.530455e+003	   -5.545947e+001
+1.533002e+003	   -3.104821e+001
+1.535552e+003	   -4.149699e+001
+1.538107e+003	   -3.747102e+001
+1.540666e+003	   -3.438148e+001
+1.543229e+003	   -4.189259e+001
+1.545797e+003	   -3.265986e+001
+1.548369e+003	   -4.108356e+001
+1.550945e+003	   -4.055154e+001
+1.553525e+003	   -2.819862e+001
+1.556110e+003	   -3.118031e+001
+1.558699e+003	   -4.211926e+001
+1.561292e+003	   -4.289608e+001
+1.563890e+003	   -3.761732e+001
+1.566491e+003	   -3.348510e+001
+1.569098e+003	   -4.334502e+001
+1.571708e+003	   -3.220864e+001
+1.574323e+003	   -3.198350e+001
+1.576943e+003	   -3.325324e+001
+1.579566e+003	   -2.903008e+001
+1.582194e+003	   -3.494471e+001
+1.584826e+003	   -2.993751e+001
+1.587463e+003	   -3.326543e+001
+1.590104e+003	   -2.829268e+001
+1.592750e+003	   -3.415409e+001
+1.595400e+003	   -3.672871e+001
+1.598054e+003	   -3.633885e+001
+1.600713e+003	   -3.611007e+001
+1.603376e+003	   -3.816348e+001
+1.606044e+003	   -3.543483e+001
+1.608716e+003	   -4.183279e+001
+1.611392e+003	   -3.979036e+001
+1.614073e+003	   -3.162697e+001
+1.616759e+003	   -3.119720e+001
+1.619448e+003	   -3.171367e+001
+1.622143e+003	   -3.333231e+001
+1.624842e+003	   -4.133006e+001
+1.627545e+003	   -3.777431e+001
+1.630253e+003	   -3.289137e+001
+1.632965e+003	   -4.439507e+001
+1.635682e+003	   -3.629387e+001
+1.638403e+003	   -3.069032e+001
+1.641129e+003	   -3.039929e+001
+1.643860e+003	   -3.606342e+001
+1.646595e+003	   -3.830203e+001
+1.649334e+003	   -5.058144e+001
+1.652078e+003	   -3.349572e+001
+1.654827e+003	   -3.145319e+001
+1.657580e+003	   -3.433378e+001
+1.660338e+003	   -3.358050e+001
+1.663100e+003	   -3.676559e+001
+1.665867e+003	   -3.736032e+001
+1.668639e+003	   -3.717244e+001
+1.671415e+003	   -3.239257e+001
+1.674196e+003	   -3.816428e+001
+1.676981e+003	   -3.356169e+001
+1.679771e+003	   -3.001182e+001
+1.682566e+003	   -3.561491e+001
+1.685365e+003	   -4.429222e+001
+1.688169e+003	   -3.002984e+001
+1.690978e+003	   -3.893261e+001
+1.693792e+003	   -3.002945e+001
+1.696609e+003	   -3.061619e+001
+1.699432e+003	   -2.562955e+001
+1.702260e+003	   -3.031618e+001
+1.705092e+003	   -3.032188e+001
+1.707929e+003	   -3.344255e+001
+1.710770e+003	   -2.529930e+001
+1.713616e+003	   -3.401347e+001
+1.716468e+003	   -3.685018e+001
+1.719323e+003	   -3.626968e+001
+1.722184e+003	   -3.062814e+001
+1.725049e+003	   -3.594081e+001
+1.727919e+003	   -3.537696e+001
+1.730794e+003	   -3.285228e+001
+1.733674e+003	   -4.116534e+001
+1.736558e+003	   -5.031572e+001
+1.739447e+003	   -3.370789e+001
+1.742341e+003	   -4.108791e+001
+1.745240e+003	   -4.597341e+001
+1.748144e+003	   -3.307793e+001
+1.751052e+003	   -3.909777e+001
+1.753965e+003	   -4.071390e+001
+1.756884e+003	   -3.488879e+001
+1.759807e+003	   -4.677167e+001
+1.762734e+003	   -4.315103e+001
+1.765667e+003	   -3.554181e+001
+1.768605e+003	   -3.832215e+001
+1.771547e+003	   -5.291920e+001
+1.774495e+003	   -5.019497e+001
+1.777447e+003	   -3.872607e+001
+1.780404e+003	   -4.030671e+001
+1.783366e+003	   -5.143818e+001
+1.786333e+003	   -3.910877e+001
+1.789305e+003	   -3.248750e+001
+1.792282e+003	   -3.816747e+001
+1.795264e+003	   -3.233097e+001
+1.798251e+003	   -3.740383e+001
+1.801243e+003	   -3.807831e+001
+1.804240e+003	   -3.805640e+001
+1.807242e+003	   -3.666441e+001
+1.810248e+003	   -3.594813e+001
+1.813260e+003	   -3.774795e+001
+1.816277e+003	   -4.239645e+001
+1.819299e+003	   -3.476820e+001
+1.822326e+003	   -3.430724e+001
+1.825358e+003	   -3.392691e+001
+1.828395e+003	   -3.484253e+001
+1.831436e+003	   -3.417120e+001
+1.834484e+003	   -3.364834e+001
+1.837536e+003	   -3.924430e+001
+1.840593e+003	   -2.848799e+001
+1.843655e+003	   -3.037259e+001
+1.846722e+003	   -4.336155e+001
+1.849795e+003	   -3.615188e+001
+1.852873e+003	   -3.337082e+001
+1.855955e+003	   -3.290468e+001
+1.859043e+003	   -3.085276e+001
+1.862136e+003	   -3.181522e+001
+1.865234e+003	   -3.558291e+001
+1.868338e+003	   -3.135957e+001
+1.871446e+003	   -3.363669e+001
+1.874560e+003	   -3.535457e+001
+1.877678e+003	   -3.456096e+001
+1.880802e+003	   -3.546924e+001
+1.883932e+003	   -3.499914e+001
+1.887066e+003	   -3.483428e+001
+1.890205e+003	   -3.294664e+001
+1.893350e+003	   -3.027615e+001
+1.896500e+003	   -3.941310e+001
+1.899656e+003	   -3.655333e+001
+1.902816e+003	   -3.852231e+001
+1.905982e+003	   -3.980249e+001
+1.909153e+003	   -3.905097e+001
+1.912329e+003	   -3.577972e+001
+1.915511e+003	   -2.854128e+001
+1.918698e+003	   -3.472974e+001
+1.921890e+003	   -4.142023e+001
+1.925088e+003	   -5.101281e+001
+1.928291e+003	   -3.321612e+001
+1.931499e+003	   -4.987491e+001
+1.934712e+003	   -3.862387e+001
+1.937931e+003	   -3.733532e+001
+1.941155e+003	   -3.688271e+001
+1.944385e+003	   -4.975722e+001
+1.947620e+003	   -4.942868e+001
+1.950860e+003	   -4.156590e+001
+1.954106e+003	   -4.523064e+001
+1.957357e+003	   -3.610498e+001
+1.960614e+003	   -3.475374e+001
+1.963876e+003	   -3.914090e+001
+1.967143e+003	   -4.718002e+001
+1.970416e+003	   -3.780889e+001
+1.973694e+003	   -5.520075e+001
+1.976978e+003	   -3.754762e+001
+1.980267e+003	   -4.202915e+001
+1.983562e+003	   -3.795765e+001
+1.986862e+003	   -3.197993e+001
+1.990167e+003	   -4.638775e+001
+1.993479e+003	   -3.685528e+001
+1.996795e+003	   -3.677124e+001
+2.000117e+003	   -4.106647e+001
+2.003445e+003	   -3.898914e+001
+2.006778e+003	   -3.936396e+001
+2.010117e+003	   -4.666077e+001
+2.013462e+003	   -4.521106e+001
+2.016811e+003	   -3.738701e+001
+2.020167e+003	   -3.699841e+001
+2.023528e+003	   -3.535730e+001
+2.026895e+003	   -3.046971e+001
+2.030267e+003	   -3.463652e+001
+2.033645e+003	   -3.421573e+001
+2.037028e+003	   -3.819590e+001
+2.040417e+003	   -3.495692e+001
+2.043812e+003	   -3.711754e+001
+2.047212e+003	   -3.753866e+001
+2.050618e+003	   -4.136240e+001
+2.054030e+003	   -3.971596e+001
+2.057448e+003	   -3.472496e+001
+2.060871e+003	   -3.440808e+001
+2.064299e+003	   -3.504363e+001
+2.067734e+003	   -3.840113e+001
+2.071174e+003	   -3.587806e+001
+2.074620e+003	   -3.598719e+001
+2.078072e+003	   -4.494392e+001
+2.081529e+003	   -3.749400e+001
+2.084992e+003	   -3.952190e+001
+2.088461e+003	   -3.883942e+001
+2.091936e+003	   -3.633818e+001
+2.095416e+003	   -5.334344e+001
+2.098902e+003	   -3.865368e+001
+2.102394e+003	   -3.929417e+001
+2.105892e+003	   -4.064501e+001
+2.109396e+003	   -4.076076e+001
+2.112905e+003	   -4.166222e+001
+2.116421e+003	   -4.269154e+001
+2.119942e+003	   -3.916328e+001
+2.123469e+003	   -3.900032e+001
+2.127002e+003	   -3.357495e+001
+2.130541e+003	   -3.585872e+001
+2.134085e+003	   -5.041923e+001
+2.137636e+003	   -3.879308e+001
+2.141192e+003	   -3.620920e+001
+2.144755e+003	   -3.225485e+001
+2.148323e+003	   -3.567736e+001
+2.151897e+003	   -3.394629e+001
+2.155478e+003	   -3.547842e+001
+2.159064e+003	   -5.834299e+001
+2.162656e+003	   -3.423020e+001
+2.166254e+003	   -3.579842e+001
+2.169858e+003	   -3.244678e+001
+2.173468e+003	   -3.311872e+001
+2.177084e+003	   -2.760130e+001
+2.180706e+003	   -4.749939e+001
+2.184334e+003	   -2.992096e+001
+2.187969e+003	   -2.598880e+001
+2.191609e+003	   -3.419962e+001
+2.195255e+003	   -3.168704e+001
+2.198907e+003	   -3.802949e+001
+2.202566e+003	   -3.082260e+001
+2.206230e+003	   -4.203689e+001
+2.209901e+003	   -2.961014e+001
+2.213578e+003	   -3.199999e+001
+2.217261e+003	   -3.199818e+001
+2.220950e+003	   -2.957207e+001
+2.224645e+003	   -3.019413e+001
+2.228346e+003	   -2.928900e+001
+2.232053e+003	   -2.937109e+001
+2.235767e+003	   -2.905050e+001
+2.239487e+003	   -3.216272e+001
+2.243213e+003	   -3.034169e+001
+2.246945e+003	   -4.790116e+001
+2.250683e+003	   -3.251351e+001
+2.254428e+003	   -3.256887e+001
+2.258178e+003	   -2.889608e+001
+2.261936e+003	   -2.740674e+001
+2.265699e+003	   -2.621511e+001
+2.269468e+003	   -3.512421e+001
+2.273244e+003	   -3.387190e+001
+2.277026e+003	   -3.033823e+001
+2.280815e+003	   -3.008835e+001
+2.284609e+003	   -2.416110e+001
+2.288410e+003	   -1.674702e+001
+2.292218e+003	   -2.754806e+001
+2.296031e+003	   -2.442986e+001
+2.299851e+003	   -2.581268e+001
+2.303678e+003	   -2.419784e+001
+2.307510e+003	   -2.661674e+001
+2.311350e+003	   -2.155655e+001
+2.315195e+003	   -2.868302e+001
+2.319047e+003	   -2.541884e+001
+2.322905e+003	   -2.600494e+001
+2.326770e+003	   -2.512775e+001
+2.330641e+003	   -2.367774e+001
+2.334519e+003	   -2.520682e+001
+2.338403e+003	   -2.453781e+001
+2.342293e+003	   -2.394148e+001
+2.346190e+003	   -2.906515e+001
+2.350094e+003	   -3.328757e+001
+2.354004e+003	   -2.952920e+001
+2.357920e+003	   -2.861965e+001
+2.361843e+003	   -3.231153e+001
+2.365773e+003	   -2.910418e+001
+2.369709e+003	   -3.065765e+001
+2.373651e+003	   -3.644814e+001
+2.377601e+003	   -3.757405e+001
+2.381556e+003	   -3.595336e+001
+2.385519e+003	   -3.553173e+001
+2.389488e+003	   -3.020254e+001
+2.393463e+003	   -3.331707e+001
+2.397445e+003	   -3.233258e+001
+2.401434e+003	   -3.503051e+001
+2.405429e+003	   -3.103625e+001
+2.409431e+003	   -3.547396e+001
+2.413440e+003	   -3.371644e+001
+2.417455e+003	   -4.064027e+001
+2.421477e+003	   -3.144025e+001
+2.425506e+003	   -3.226847e+001
+2.429542e+003	   -3.797415e+001
+2.433583e+003	   -3.325046e+001
+2.437633e+003	   -3.918565e+001
+2.441688e+003	   -5.268842e+001
+2.445750e+003	   -3.266166e+001
+2.449820e+003	   -3.335259e+001
+2.453896e+003	   -3.106759e+001
+2.457978e+003	   -3.234061e+001
+2.462068e+003	   -3.022342e+001
+2.466164e+003	   -3.024432e+001
+2.470267e+003	   -2.952650e+001
+2.474377e+003	   -2.684668e+001
+2.478493e+003	   -3.090942e+001
+2.482617e+003	   -3.075508e+001
+2.486748e+003	   -2.754461e+001
+2.490885e+003	   -3.117554e+001
+2.495029e+003	   -2.999333e+001
+2.499180e+003	   -3.027946e+001
+2.503338e+003	   -2.900484e+001
+2.507503e+003	   -3.140340e+001
+2.511675e+003	   -3.515886e+001
+2.515854e+003	   -3.029453e+001
+2.520040e+003	   -2.930268e+001
+2.524232e+003	   -2.874118e+001
+2.528432e+003	   -2.715969e+001
+2.532638e+003	   -2.840130e+001
+2.536852e+003	   -2.802157e+001
+2.541073e+003	   -2.702997e+001
+2.545301e+003	   -2.267956e+001
+2.549535e+003	   -2.820257e+001
+2.553777e+003	   -2.899283e+001
+2.558026e+003	   -2.422736e+001
+2.562282e+003	   -2.440982e+001
+2.566545e+003	   -2.307841e+001
+2.570815e+003	   -2.372152e+001
+2.575092e+003	   -2.562877e+001
+2.579376e+003	   -2.572066e+001
+2.583668e+003	   -2.489025e+001
+2.587966e+003	   -2.320856e+001
+2.592272e+003	   -2.346483e+001
+2.596585e+003	   -2.363523e+001
+2.600905e+003	   -2.441936e+001
+2.605232e+003	   -2.081808e+001
+2.609567e+003	   -2.343176e+001
+2.613908e+003	   -2.014022e+001
+2.618257e+003	   -1.721752e+001
+2.622613e+003	   -1.845986e+001
+2.626977e+003	   -1.785842e+001
+2.631347e+003	   -1.751604e+001
+2.635725e+003	   -1.717082e+001
+2.640110e+003	   -1.616055e+001
+2.644503e+003	   -1.802701e+001
+2.648903e+003	   -2.033901e+001
+2.653310e+003	   -1.986092e+001
+2.657724e+003	   -2.087152e+001
+2.662146e+003	   -2.137191e+001
+2.666575e+003	   -2.022930e+001
+2.671012e+003	   -1.991357e+001
+2.675456e+003	   -2.214327e+001
+2.679907e+003	   -2.345711e+001
+2.684365e+003	   -2.046075e+001
+2.688832e+003	   -2.829389e+001
+2.693305e+003	   -2.619080e+001
+2.697786e+003	   -2.200911e+001
+2.702275e+003	   -2.100832e+001
+2.706771e+003	   -2.003983e+001
+2.711274e+003	   -2.111924e+001
+2.715785e+003	   -1.935921e+001
+2.720303e+003	   -1.823772e+001
+2.724829e+003	   -1.866709e+001
+2.729363e+003	   -1.782195e+001
+2.733903e+003	   -1.757151e+001
+2.738452e+003	   -1.770428e+001
+2.743008e+003	   -1.848488e+001
+2.747572e+003	   -2.062712e+001
+2.752143e+003	   -2.199191e+001
+2.756722e+003	   -2.214779e+001
+2.761308e+003	   -2.164496e+001
+2.765902e+003	   -2.467923e+001
+2.770504e+003	   -1.954010e+001
+2.775114e+003	   -2.548042e+001
+2.779731e+003	   -2.100546e+001
+2.784355e+003	   -2.685301e+001
+2.788988e+003	   -2.762510e+001
+2.793628e+003	   -2.137837e+001
+2.798276e+003	   -3.599592e+001
+2.802932e+003	   -2.342289e+001
+2.807595e+003	   -2.405884e+001
+2.812266e+003	   -2.587861e+001
+2.816945e+003	   -2.453411e+001
+2.821632e+003	   -2.695099e+001
+2.826326e+003	   -2.489828e+001
+2.831029e+003	   -3.408260e+001
+2.835739e+003	   -3.600000e+001
+2.840457e+003	   -3.081324e+001
+2.845182e+003	   -3.573001e+001
+2.849916e+003	   -2.657306e+001
+2.854657e+003	   -4.346147e+001
+2.859407e+003	   -3.867644e+001
+2.864164e+003	   -5.652690e+001
+2.868929e+003	   -3.066803e+001
+2.873703e+003	   -4.276581e+001
+2.878484e+003	   -3.645611e+001
+2.883273e+003	   -2.857664e+001
+2.888070e+003	   -3.615680e+001
+2.892875e+003	   -3.236485e+001
+2.897688e+003	   -4.819435e+001
+2.902509e+003	   -2.935875e+001
+2.907338e+003	   -2.926057e+001
+2.912175e+003	   -2.880633e+001
+2.917020e+003	   -2.973347e+001
+2.921873e+003	   -2.877159e+001
+2.926735e+003	   -2.362825e+001
+2.931604e+003	   -3.037253e+001
+2.936481e+003	   -2.731729e+001
+2.941367e+003	   -2.145311e+001
+2.946261e+003	   -2.870776e+001
+2.951163e+003	   -2.600877e+001
+2.956073e+003	   -2.404885e+001
+2.960991e+003	   -4.191335e+001
+2.965917e+003	   -2.565466e+001
+2.970852e+003	   -3.486979e+001
+2.975794e+003	   -2.902450e+001
+2.980745e+003	   -2.920182e+001
+2.985704e+003	   -3.104306e+001
+2.990672e+003	   -2.343979e+001
+2.995648e+003	   -1.929893e+001
+3.000632e+003	   -2.696059e+001
+3.005624e+003	   -3.211060e+001
+3.010625e+003	   -1.808859e+001
+3.015634e+003	   -2.081925e+001
+3.020651e+003	   -2.460786e+001
+3.025676e+003	   -2.977153e+001
+3.030710e+003	   -3.298932e+001
+3.035753e+003	   -2.555967e+001
+3.040803e+003	   -1.914767e+001
+3.045863e+003	   -2.809639e+001
+3.050930e+003	   -1.900038e+001
+3.056006e+003	   -3.182906e+001
+3.061090e+003	   -2.383124e+001
+3.066183e+003	   -2.603564e+001
+3.071285e+003	   -3.141172e+001
+3.076395e+003	   -3.755693e+001
+3.081513e+003	   -1.792769e+001
+3.086640e+003	   -2.437758e+001
+3.091775e+003	   -3.141047e+001
+3.096919e+003	   -3.478576e+001
+3.102072e+003	   -3.100341e+001
+3.107232e+003	   -3.482783e+001
+3.112402e+003	   -2.636876e+001
+3.117580e+003	   -2.931170e+001
+3.122767e+003	   -2.639442e+001
+3.127963e+003	   -3.772102e+001
+3.133167e+003	   -2.968038e+001
+3.138380e+003	   -2.982810e+001
+3.143601e+003	   -2.667177e+001
+3.148831e+003	   -2.824410e+001
+3.154070e+003	   -2.528683e+001
+3.159318e+003	   -3.022235e+001
+3.164574e+003	   -3.045755e+001
+3.169839e+003	   -2.926044e+001
+3.175113e+003	   -3.096641e+001
+3.180396e+003	   -3.585893e+001
+3.185687e+003	   -2.598159e+001
+3.190987e+003	   -2.483156e+001
+3.196296e+003	   -2.657571e+001
+3.201614e+003	   -3.054808e+001
+3.206940e+003	   -2.209607e+001
+3.212276e+003	   -2.501424e+001
+3.217621e+003	   -2.976454e+001
+3.222974e+003	   -2.835801e+001
+3.228336e+003	   -2.409142e+001
+3.233707e+003	   -2.925943e+001
+3.239087e+003	   -3.712798e+001
+3.244476e+003	   -3.259798e+001
+3.249874e+003	   -2.517186e+001
+3.255281e+003	   -2.662012e+001
+3.260697e+003	   -2.471680e+001
+3.266122e+003	   -2.596441e+001
+3.271556e+003	   -2.290182e+001
+3.276999e+003	   -1.924325e+001
+3.282451e+003	   -2.369667e+001
+3.287912e+003	   -2.672480e+001
+3.293383e+003	   -3.710716e+001
+3.298862e+003	   -2.512680e+001
+3.304351e+003	   -1.928732e+001
+3.309848e+003	   -2.349159e+001
+3.315355e+003	   -1.851654e+001
+3.320871e+003	   -1.915466e+001
+3.326396e+003	   -1.598671e+001
+3.331930e+003	   -1.715046e+001
+3.337474e+003	   -1.413688e+001
+3.343026e+003	   -1.451542e+001
+3.348588e+003	   -1.173544e+001
+3.354159e+003	   -1.348910e+001
+3.359740e+003	   -1.294184e+001
+3.365330e+003	   -1.179736e+001
+3.370929e+003	   -1.332015e+001
+3.376537e+003	   -1.029446e+001
+3.382155e+003	   -1.147996e+001
+3.387782e+003	   -1.242456e+001
+3.393418e+003	   -1.243622e+001
+3.399064e+003	   -1.336637e+001
+3.404719e+003	   -1.570191e+001
+3.410384e+003	   -1.267213e+001
+3.416058e+003	   -1.339998e+001
+3.421741e+003	   -1.327676e+001
+3.427434e+003	   -1.395119e+001
+3.433137e+003	   -1.649008e+001
+3.438849e+003	   -1.991067e+001
+3.444570e+003	   -1.601387e+001
+3.450301e+003	   -1.511106e+001
+3.456041e+003	   -1.658140e+001
+3.461791e+003	   -1.556451e+001
+3.467551e+003	   -1.838096e+001
+3.473320e+003	   -1.994368e+001
+3.479099e+003	   -1.724768e+001
+3.484887e+003	   -2.673994e+001
+3.490685e+003	   -1.918245e+001
+3.496492e+003	   -1.494007e+001
+3.502310e+003	   -1.371429e+001
+3.508137e+003	   -2.394444e+001
+3.513973e+003	   -1.639125e+001
+3.519820e+003	   -1.770648e+001
+3.525676e+003	   -1.590507e+001
+3.531542e+003	   -1.314364e+001
+3.537417e+003	   -2.412474e+001
+3.543303e+003	   -1.809478e+001
+3.549198e+003	   -1.903687e+001
+3.555103e+003	   -1.321511e+001
+3.561018e+003	   -1.144289e+001
+3.566942e+003	   -1.012056e+001
+3.572877e+003	   -1.358050e+001
+3.578821e+003	   -1.419130e+001
+3.584775e+003	   -2.084744e+001
+3.590740e+003	   -1.080123e+001
+3.596714e+003	   -1.501183e+001
+3.602698e+003	   -1.632925e+001
+3.608691e+003	   -2.797541e+001
+3.614696e+003	   -1.977617e+001
+3.620709e+003	   -1.459052e+001
+3.626733e+003	   -1.499240e+001
+3.632767e+003	   -1.833714e+001
+3.638811e+003	   -1.256756e+001
+3.644865e+003	   -2.405719e+001
+3.650929e+003	   -2.032778e+001
+3.657004e+003	   -1.492132e+001
+3.663088e+003	   -1.648178e+001
+3.669183e+003	   -1.827580e+001
+3.675287e+003	   -2.017916e+001
+3.681402e+003	   -1.595958e+001
+3.687527e+003	   -1.585211e+001
+3.693662e+003	   -2.434010e+001
+3.699807e+003	   -2.288693e+001
+3.705963e+003	   -2.160990e+001
+3.712128e+003	   -2.257615e+001
+3.718305e+003	   -1.783381e+001
+3.724491e+003	   -3.854040e+001
+3.730688e+003	   -2.683870e+001
+3.736895e+003	   -3.211671e+001
+3.743112e+003	   -2.586051e+001
+3.749339e+003	   -2.738645e+001
+3.755577e+003	   -3.203765e+001
+3.761825e+003	   -2.139424e+001
+3.768084e+003	   -2.378606e+001
+3.774354e+003	   -2.571065e+001
+3.780633e+003	   -3.331744e+001
+3.786923e+003	   -2.309313e+001
+3.793223e+003	   -4.196010e+001
+3.799534e+003	   -2.443050e+001
+3.805856e+003	   -2.574984e+001
+3.812188e+003	   -2.409779e+001
+3.818530e+003	   -2.338540e+001
+3.824884e+003	   -3.195732e+001
+3.831247e+003	   -2.417017e+001
+3.837621e+003	   -2.745275e+001
+3.844006e+003	   -2.321283e+001
+3.850402e+003	   -2.050132e+001
+3.856808e+003	   -2.598354e+001
+3.863224e+003	   -2.770030e+001
+3.869652e+003	   -2.149241e+001
+3.876090e+003	   -2.065194e+001
+3.882539e+003	   -2.087833e+001
+3.888998e+003	   -2.908578e+001
+3.895469e+003	   -2.350387e+001
+3.901950e+003	   -1.754971e+001
+3.908442e+003	   -2.109201e+001
+3.914944e+003	   -2.331213e+001
+3.921458e+003	   -1.966782e+001
+3.927982e+003	   -2.072221e+001
+3.934517e+003	   -2.877074e+001
+3.941063e+003	   -2.551651e+001
+3.947620e+003	   -2.950926e+001
+3.954188e+003	   -2.385565e+001
+3.960767e+003	   -4.127061e+001
+3.967356e+003	   -2.465338e+001
+3.973957e+003	   -3.566705e+001
+3.980569e+003	   -3.854833e+001
+3.987192e+003	   -2.687468e+001
+3.993825e+003	   -2.913105e+001
+4.000470e+003	   -2.788742e+001
+4.007126e+003	   -2.800704e+001
+4.013792e+003	   -2.644582e+001
+4.020470e+003	   -2.541891e+001
+4.027159e+003	   -3.136945e+001
+4.033860e+003	   -3.062438e+001
+4.040571e+003	   -2.853506e+001
+4.047293e+003	   -3.112172e+001
+4.054027e+003	   -3.467358e+001
+4.060772e+003	   -3.155786e+001
+4.067528e+003	   -4.293769e+001
+4.074295e+003	   -3.289337e+001
+4.081074e+003	   -4.296156e+001
+4.087864e+003	   -2.424610e+001
+4.094665e+003	   -2.415121e+001
+4.101478e+003	   -2.770966e+001
+4.108301e+003	   -3.728800e+001
+4.115137e+003	   -2.890061e+001
+4.121983e+003	   -3.761208e+001
+4.128841e+003	   -2.731507e+001
+4.135710e+003	   -2.582382e+001
+4.142591e+003	   -2.832731e+001
+4.149483e+003	   -2.682493e+001
+4.156387e+003	   -2.928370e+001
+4.163302e+003	   -2.658367e+001
+4.170229e+003	   -2.907432e+001
+4.177167e+003	   -2.631232e+001
+4.184117e+003	   -2.811216e+001
+4.191078e+003	   -2.938638e+001
+4.198051e+003	   -2.976933e+001
+4.205036e+003	   -3.080098e+001
+4.212032e+003	   -3.255450e+001
+4.219040e+003	   -2.924485e+001
+4.226059e+003	   -3.233220e+001
+4.233090e+003	   -3.568331e+001
+4.240133e+003	   -3.148936e+001
+4.247188e+003	   -3.765425e+001
+4.254253e+003	   -3.237517e+001
+4.261332e+003	   -3.190771e+001
+4.268421e+003	   -3.098628e+001
+4.275523e+003	   -2.539213e+001
+4.282636e+003	   -4.840302e+001
+4.289762e+003	   -3.242043e+001
+4.296898e+003	   -2.897664e+001
+4.304047e+003	   -3.211313e+001
+4.311208e+003	   -2.804686e+001
+4.318381e+003	   -3.168977e+001
+4.325566e+003	   -3.510407e+001
+4.332763e+003	   -3.218180e+001
+4.339971e+003	   -3.325035e+001
+4.347192e+003	   -2.987073e+001
+4.354424e+003	   -3.152525e+001
+4.361669e+003	   -2.807440e+001
+4.368926e+003	   -2.849678e+001
+4.376194e+003	   -2.464335e+001
+4.383476e+003	   -2.193265e+001
+4.390769e+003	   -2.413114e+001
+4.398074e+003	   -2.540490e+001
+4.405391e+003	   -2.236145e+001
+4.412720e+003	   -2.311751e+001
+4.420062e+003	   -2.250300e+001
+4.427416e+003	   -2.223705e+001
+4.434782e+003	   -2.524765e+001
+4.442160e+003	   -2.503100e+001
+4.449551e+003	   -2.231180e+001
+4.456954e+003	   -2.697325e+001
+4.464369e+003	   -2.685243e+001
+4.471796e+003	   -3.005589e+001
+4.479236e+003	   -2.575565e+001
+4.486689e+003	   -2.121545e+001
+4.494153e+003	   -2.590138e+001
+4.501631e+003	   -2.711338e+001
+4.509120e+003	   -2.866715e+001
+4.516622e+003	   -2.748313e+001
+4.524137e+003	   -2.768652e+001
+4.531664e+003	   -3.258691e+001
+4.539203e+003	   -2.596552e+001
+4.546755e+003	   -2.866221e+001
+4.554320e+003	   -2.374574e+001
+4.561897e+003	   -2.392000e+001
+4.569487e+003	   -2.860536e+001
+4.577090e+003	   -2.639905e+001
+4.584705e+003	   -2.939220e+001
+4.592333e+003	   -2.601291e+001
+4.599973e+003	   -2.889151e+001
+4.607626e+003	   -2.625645e+001
+4.615292e+003	   -2.422193e+001
+4.622971e+003	   -2.784858e+001
+4.630662e+003	   -2.697319e+001
+4.638367e+003	   -3.102011e+001
+4.646083e+003	   -2.450566e+001
+4.653813e+003	   -3.109224e+001
+4.661556e+003	   -2.910287e+001
+4.669312e+003	   -3.080853e+001
+4.677081e+003	   -2.959233e+001
+4.684862e+003	   -2.748228e+001
+4.692656e+003	   -2.628507e+001
+4.700464e+003	   -2.698093e+001
+4.708284e+003	   -3.376775e+001
+4.716118e+003	   -3.003441e+001
+4.723964e+003	   -4.471240e+001
+4.731823e+003	   -3.014926e+001
+4.739696e+003	   -2.987399e+001
+4.747582e+003	   -3.316111e+001
+4.755480e+003	   -2.998472e+001
+4.763392e+003	   -5.480343e+001
+4.771317e+003	   -4.248111e+001
+4.779256e+003	   -3.732622e+001
+4.787207e+003	   -2.987045e+001
+4.795172e+003	   -3.945935e+001
+4.803150e+003	   -3.416714e+001
+4.811141e+003	   -3.282204e+001
+4.819146e+003	   -3.177626e+001
+4.827164e+003	   -3.169751e+001
+4.835194e+003	   -3.268353e+001
+4.843239e+003	   -3.049275e+001
+4.851297e+003	   -3.291668e+001
+4.859368e+003	   -3.005873e+001
+4.867453e+003	   -3.239482e+001
+4.875551e+003	   -2.552518e+001
+4.883663e+003	   -3.411177e+001
+4.891788e+003	   -2.732301e+001
+4.899927e+003	   -2.763938e+001
+4.908079e+003	   -2.502700e+001
+4.916245e+003	   -2.599300e+001
+4.924424e+003	   -2.549998e+001
+4.932617e+003	   -2.556240e+001
+4.940824e+003	   -2.679260e+001
+4.949044e+003	   -2.390773e+001
+4.957278e+003	   -2.581709e+001
+4.965526e+003	   -2.235564e+001
+4.973787e+003	   -2.364855e+001
+4.982063e+003	   -2.451274e+001
+4.990351e+003	   -2.258637e+001
+4.998654e+003	   -2.449907e+001
+5.006970e+003	   -2.550336e+001
+5.015301e+003	   -2.685641e+001
+5.023645e+003	   -2.745399e+001
+5.032003e+003	   -2.715759e+001
+5.040375e+003	   -3.402488e+001
+5.048761e+003	   -3.636574e+001
+5.057161e+003	   -3.548459e+001
+5.065575e+003	   -2.979845e+001
+5.074002e+003	   -4.019696e+001
+5.082444e+003	   -3.318090e+001
+5.090900e+003	   -3.643647e+001
+5.099370e+003	   -2.963070e+001
+5.107854e+003	   -2.780773e+001
+5.116353e+003	   -2.821965e+001
+5.124865e+003	   -2.812340e+001
+5.133391e+003	   -2.672450e+001
+5.141932e+003	   -2.430148e+001
+5.150487e+003	   -2.744843e+001
+5.159056e+003	   -2.603904e+001
+5.167639e+003	   -2.308289e+001
+5.176237e+003	   -2.698171e+001
+5.184849e+003	   -2.669581e+001
+5.193475e+003	   -2.424275e+001
+5.202116e+003	   -2.708954e+001
+5.210771e+003	   -2.675681e+001
+5.219440e+003	   -2.975577e+001
+5.228124e+003	   -2.713458e+001
+5.236822e+003	   -2.886617e+001
+5.245535e+003	   -2.989739e+001
+5.254262e+003	   -3.032737e+001
+5.263004e+003	   -3.219361e+001
+5.271760e+003	   -2.839566e+001
+5.280531e+003	   -2.722571e+001
+5.289316e+003	   -2.967099e+001
+5.298117e+003	   -3.574923e+001
+5.306931e+003	   -2.800725e+001
+5.315761e+003	   -3.241486e+001
+5.324605e+003	   -3.104096e+001
+5.333463e+003	   -3.010016e+001
+5.342337e+003	   -2.884959e+001
+5.351226e+003	   -2.742310e+001
+5.360128e+003	   -2.687781e+001
+5.369046e+003	   -2.722623e+001
+5.377979e+003	   -2.768750e+001
+5.386927e+003	   -2.995387e+001
+5.395889e+003	   -2.914944e+001
+5.404867e+003	   -2.957008e+001
+5.413859e+003	   -2.837649e+001
+5.422866e+003	   -2.777064e+001
+5.431889e+003	   -2.717321e+001
+5.440926e+003	   -3.168928e+001
+5.449978e+003	   -3.100357e+001
+5.459045e+003	   -3.397117e+001
+5.468128e+003	   -3.226620e+001
+5.477226e+003	   -3.811509e+001
+5.486338e+003	   -3.283335e+001
+5.495466e+003	   -3.694582e+001
+5.504609e+003	   -3.188133e+001
+5.513768e+003	   -3.482732e+001
+5.522941e+003	   -3.169215e+001
+5.532130e+003	   -3.246869e+001
+5.541334e+003	   -3.070937e+001
+5.550553e+003	   -2.886535e+001
+5.559788e+003	   -2.904178e+001
+5.569038e+003	   -2.769387e+001
+5.578304e+003	   -2.627523e+001
+5.587584e+003	   -2.632341e+001
+5.596881e+003	   -2.623192e+001
+5.606192e+003	   -2.645264e+001
+5.615520e+003	   -2.670712e+001
+5.624863e+003	   -2.819175e+001
+5.634221e+003	   -2.788809e+001
+5.643595e+003	   -2.864362e+001
+5.652984e+003	   -2.952272e+001
+5.662390e+003	   -2.913392e+001
+5.671810e+003	   -2.858089e+001
+5.681247e+003	   -2.879256e+001
+5.690699e+003	   -2.815199e+001
+5.700167e+003	   -2.811629e+001
+5.709650e+003	   -2.989393e+001
+5.719150e+003	   -2.918996e+001
+5.728665e+003	   -2.878277e+001
+5.738196e+003	   -2.855477e+001
+5.747743e+003	   -2.889951e+001
+5.757306e+003	   -2.643323e+001
+5.766884e+003	   -2.655233e+001
+5.776479e+003	   -2.637889e+001
+5.786090e+003	   -2.550767e+001
+5.795716e+003	   -2.803965e+001
+5.805359e+003	   -2.812040e+001
+5.815018e+003	   -3.076300e+001
+5.824692e+003	   -3.016923e+001
+5.834383e+003	   -3.254881e+001
+5.844090e+003	   -3.360670e+001
+5.853813e+003	   -3.572926e+001
+5.863552e+003	   -3.822908e+001
+5.873308e+003	   -4.343691e+001
+5.883080e+003	   -4.895855e+001
+5.892868e+003	   -4.306545e+001
+5.902672e+003	   -3.359001e+001
+5.912492e+003	   -3.152698e+001
+5.922329e+003	   -3.146847e+001
+5.932183e+003	   -3.018195e+001
+5.942052e+003	   -2.878471e+001
+5.951938e+003	   -2.665947e+001
+5.961841e+003	   -2.652333e+001
+5.971760e+003	   -2.689324e+001
+5.981695e+003	   -2.669909e+001
+5.991647e+003	   -2.736640e+001
+6.001616e+003	   -2.544116e+001
+6.011601e+003	   -2.717240e+001
+6.021603e+003	   -2.753766e+001
+6.031621e+003	   -2.696339e+001
+6.041656e+003	   -2.894113e+001
+6.051708e+003	   -2.883254e+001
+6.061776e+003	   -2.886027e+001
+6.071862e+003	   -2.889060e+001
+6.081964e+003	   -3.044425e+001
+6.092083e+003	   -3.076324e+001
+6.102218e+003	   -3.337238e+001
+6.112371e+003	   -2.964902e+001
+6.122541e+003	   -2.976818e+001
+6.132727e+003	   -2.910338e+001
+6.142930e+003	   -3.347912e+001
+6.153150e+003	   -3.062509e+001
+6.163388e+003	   -2.704960e+001
+6.173642e+003	   -2.902354e+001
+6.183913e+003	   -3.086427e+001
+6.194202e+003	   -2.893125e+001
+6.204507e+003	   -2.860023e+001
+6.214830e+003	   -2.920121e+001
+6.225170e+003	   -2.905786e+001
+6.235527e+003	   -2.867391e+001
+6.245901e+003	   -2.961296e+001
+6.256293e+003	   -2.972727e+001
+6.266702e+003	   -2.928094e+001
+6.277128e+003	   -3.107817e+001
+6.287572e+003	   -2.807124e+001
+6.298033e+003	   -2.860834e+001
+6.308511e+003	   -2.857075e+001
+6.319007e+003	   -2.824302e+001
+6.329520e+003	   -2.978625e+001
+6.340051e+003	   -3.074452e+001
+6.350599e+003	   -3.073746e+001
+6.361165e+003	   -3.209325e+001
+6.371748e+003	   -3.281483e+001
+6.382349e+003	   -3.512614e+001
+6.392968e+003	   -3.485561e+001
+6.403604e+003	   -3.203709e+001
+6.414258e+003	   -2.883783e+001
+6.424930e+003	   -2.764292e+001
+6.435619e+003	   -2.735005e+001
+6.446326e+003	   -2.973704e+001
+6.457051e+003	   -2.993261e+001
+6.467794e+003	   -2.907096e+001
+6.478555e+003	   -2.977882e+001
+6.489333e+003	   -2.753493e+001
+6.500130e+003	   -2.862658e+001
+6.510945e+003	   -2.803485e+001
+6.521777e+003	   -2.611329e+001
+6.532628e+003	   -2.686884e+001
+6.543497e+003	   -2.596861e+001
+6.554383e+003	   -2.656539e+001
+6.565288e+003	   -2.884805e+001
+6.576211e+003	   -3.125155e+001
+6.587152e+003	   -3.041973e+001
+6.598112e+003	   -2.917879e+001
+6.609089e+003	   -3.352158e+001
+6.620085e+003	   -3.342189e+001
+6.631099e+003	   -3.225295e+001
+6.642132e+003	   -3.433390e+001
+6.653183e+003	   -3.365170e+001
+6.664252e+003	   -3.163577e+001
+6.675339e+003	   -3.058940e+001
+6.686445e+003	   -3.118393e+001
+6.697570e+003	   -3.206768e+001
+6.708713e+003	   -3.413492e+001
+6.719875e+003	   -3.439184e+001
+6.731055e+003	   -3.392859e+001
+6.742253e+003	   -3.364634e+001
+6.753471e+003	   -3.396596e+001
+6.764707e+003	   -3.199967e+001
+6.775962e+003	   -3.262592e+001
+6.787235e+003	   -3.390839e+001
+6.798527e+003	   -3.151112e+001
+6.809838e+003	   -3.119297e+001
+6.821168e+003	   -3.050548e+001
+6.832517e+003	   -3.190467e+001
+6.843885e+003	   -3.345321e+001
+6.855271e+003	   -3.730502e+001
+6.866677e+003	   -3.470158e+001
+6.878101e+003	   -3.471705e+001
+6.889544e+003	   -3.079900e+001
+6.901007e+003	   -3.080298e+001
+6.912488e+003	   -2.976185e+001
+6.923989e+003	   -3.123059e+001
+6.935509e+003	   -3.073957e+001
+6.947048e+003	   -3.128280e+001
+6.958606e+003	   -3.337590e+001
+6.970183e+003	   -3.517904e+001
+6.981780e+003	   -3.381466e+001
+6.993396e+003	   -3.169520e+001
+7.005031e+003	   -3.177417e+001
+7.016686e+003	   -3.227872e+001
+7.028359e+003	   -3.079581e+001
+7.040053e+003	   -2.987714e+001
+7.051766e+003	   -3.053923e+001
+7.063498e+003	   -3.066171e+001
+7.075250e+003	   -3.156696e+001
+7.087021e+003	   -2.975841e+001
+7.098813e+003	   -3.285911e+001
+7.110623e+003	   -3.378497e+001
+7.122454e+003	   -3.209958e+001
+7.134303e+003	   -3.262566e+001
+7.146173e+003	   -3.202827e+001
+7.158063e+003	   -2.932280e+001
+7.169972e+003	   -3.092470e+001
+7.181901e+003	   -3.157424e+001
+7.193850e+003	   -2.767492e+001
+7.205818e+003	   -2.821133e+001
+7.217807e+003	   -2.871625e+001
+7.229815e+003	   -2.839022e+001
+7.241844e+003	   -3.078136e+001
+7.253893e+003	   -2.863505e+001
+7.265961e+003	   -3.132224e+001
+7.278050e+003	   -2.862783e+001
+7.290159e+003	   -2.896643e+001
+7.302288e+003	   -3.092358e+001
+7.314437e+003	   -3.224399e+001
+7.326606e+003	   -3.035205e+001
+7.338796e+003	   -3.017250e+001
+7.351006e+003	   -3.054218e+001
+7.363236e+003	   -3.104939e+001
+7.375487e+003	   -3.131448e+001
+7.387758e+003	   -3.235027e+001
+7.400049e+003	   -3.211155e+001
+7.412361e+003	   -3.191375e+001
+7.424693e+003	   -3.220916e+001
+7.437046e+003	   -3.254081e+001
+7.449419e+003	   -2.919745e+001
+7.461813e+003	   -3.212825e+001
+7.474228e+003	   -3.141308e+001
+7.486663e+003	   -3.275319e+001
+7.499119e+003	   -3.274432e+001
+7.511596e+003	   -3.283126e+001
+7.524093e+003	   -3.340447e+001
+7.536611e+003	   -3.314872e+001
+7.549150e+003	   -3.305150e+001
+7.561710e+003	   -3.609737e+001
+7.574291e+003	   -3.797412e+001
+7.586893e+003	   -3.350182e+001
+7.599515e+003	   -3.326171e+001
+7.612159e+003	   -3.195443e+001
+7.624824e+003	   -3.086041e+001
+7.637509e+003	   -3.034278e+001
+7.650216e+003	   -3.101996e+001
+7.662944e+003	   -3.107592e+001
+7.675693e+003	   -2.868663e+001
+7.688464e+003	   -3.066652e+001
+7.701255e+003	   -2.924898e+001
+7.714068e+003	   -3.073415e+001
+7.726903e+003	   -3.049881e+001
+7.739758e+003	   -2.909918e+001
+7.752635e+003	   -2.815953e+001
+7.765534e+003	   -3.110263e+001
+7.778454e+003	   -3.070403e+001
+7.791395e+003	   -3.266721e+001
+7.804358e+003	   -3.007647e+001
+7.817342e+003	   -3.093518e+001
+7.830349e+003	   -3.081747e+001
+7.843376e+003	   -3.282159e+001
+7.856426e+003	   -2.973675e+001
+7.869497e+003	   -2.254435e+001
+7.882589e+003	   -3.344109e+001
+7.895704e+003	   -2.926181e+001
+7.908841e+003	   -2.912307e+001
+7.921999e+003	   -3.015671e+001
+7.935179e+003	   -2.801318e+001
+7.948381e+003	   -2.998734e+001
+7.961605e+003	   -2.672492e+001
+7.974852e+003	   -2.673067e+001
+7.988120e+003	   -2.817922e+001
+8.001410e+003	   -2.864205e+001
+8.014722e+003	   -3.086068e+001
+8.028057e+003	   -2.944822e+001
+8.041413e+003	   -3.243541e+001
+8.054792e+003	   -3.763482e+001
+8.068193e+003	   -4.580661e+001
+8.081617e+003	   -4.794319e+001
+8.095063e+003	   -3.657639e+001
+8.108531e+003	   -4.768908e+001
+8.122021e+003	   -4.195082e+001
+8.135534e+003	   -4.243248e+001
+8.149070e+003	   -3.776385e+001
+8.162627e+003	   -3.113815e+001
+8.176208e+003	   -3.513393e+001
+8.189811e+003	   -3.525020e+001
+8.203438e+003	   -3.342117e+001
+8.217086e+003	   -3.621709e+001
+8.230757e+003	   -3.118184e+001
+8.244450e+003	   -2.588958e+001
+8.258167e+003	   -2.680206e+001
+8.271906e+003	   -3.052736e+001
+8.285669e+003	   -3.246016e+001
+8.299454e+003	   -2.933261e+001
+8.313263e+003	   -2.763407e+001
+8.327094e+003	   -2.796868e+001
+8.340948e+003	   -2.623323e+001
+8.354825e+003	   -2.389833e+001
+8.368726e+003	   -2.300249e+001
+8.382648e+003	   -2.432096e+001
+8.396596e+003	   -2.671259e+001
+8.410565e+003	   -2.765264e+001
+8.424559e+003	   -2.889969e+001
+8.438574e+003	   -2.870845e+001
+8.452614e+003	   -2.989497e+001
+8.466678e+003	   -2.792321e+001
+8.480764e+003	   -2.955944e+001
+8.494874e+003	   -2.881219e+001
+8.509007e+003	   -2.766672e+001
+8.523164e+003	   -2.689250e+001
+8.537344e+003	   -2.670982e+001
+8.551548e+003	   -2.774039e+001
+8.565775e+003	   -2.835663e+001
+8.580027e+003	   -2.686567e+001
+8.594302e+003	   -2.893940e+001
+8.608601e+003	   -2.910183e+001
+8.622923e+003	   -2.919122e+001
+8.637270e+003	   -2.919488e+001
+8.651640e+003	   -2.778695e+001
+8.666034e+003	   -3.048243e+001
+8.680452e+003	   -3.278857e+001
+8.694895e+003	   -3.253059e+001
+8.709360e+003	   -3.105884e+001
+8.723851e+003	   -3.111842e+001
+8.738364e+003	   -3.249911e+001
+8.752903e+003	   -3.651412e+001
+8.767466e+003	   -3.379610e+001
+8.782053e+003	   -3.428872e+001
+8.796664e+003	   -3.770500e+001
+8.811299e+003	   -4.340472e+001
+8.825959e+003	   -4.305513e+001
+8.840643e+003	   -5.012206e+001
+8.855352e+003	   -5.262958e+001
+8.870085e+003	   -4.882810e+001
+8.884842e+003	   -4.946157e+001
+8.899624e+003	   -3.898182e+001
+8.914431e+003	   -3.427055e+001
+8.929263e+003	   -3.432943e+001
+8.944118e+003	   -3.440278e+001
+8.958999e+003	   -3.243547e+001
+8.973904e+003	   -3.057248e+001
+8.988835e+003	   -3.095221e+001
+9.003790e+003	   -3.218234e+001
+9.018771e+003	   -3.380825e+001
+9.033775e+003	   -3.851865e+001
+9.048805e+003	   -5.312017e+001
+9.063860e+003	   -3.703777e+001
+9.078940e+003	   -2.998369e+001
+9.094045e+003	   -2.879811e+001
+9.109175e+003	   -2.734591e+001
+9.124331e+003	   -2.800995e+001
+9.139511e+003	   -2.608884e+001
+9.154717e+003	   -2.620412e+001
+9.169948e+003	   -2.605521e+001
+9.185204e+003	   -2.681207e+001
+9.200486e+003	   -2.855676e+001
+9.215794e+003	   -2.927816e+001
+9.231126e+003	   -3.227648e+001
+9.246484e+003	   -3.199200e+001
+9.261868e+003	   -2.942801e+001
+9.277278e+003	   -3.147671e+001
+9.292713e+003	   -2.965889e+001
+9.308174e+003	   -3.056736e+001
+9.323660e+003	   -3.108034e+001
+9.339172e+003	   -3.293211e+001
+9.354710e+003	   -3.292612e+001
+9.370274e+003	   -3.206596e+001
+9.385864e+003	   -3.289109e+001
+9.401479e+003	   -3.425821e+001
+9.417121e+003	   -3.303514e+001
+9.432789e+003	   -3.316277e+001
+9.448482e+003	   -3.357430e+001
+9.464203e+003	   -3.391480e+001
+9.479949e+003	   -3.486055e+001
+9.495721e+003	   -3.607551e+001
+9.511520e+003	   -3.356181e+001
+9.527345e+003	   -3.030081e+001
+9.543195e+003	   -2.894792e+001
+9.559073e+003	   -3.015595e+001
+9.574977e+003	   -3.934213e+001
+9.590907e+003	   -3.226355e+001
+9.606864e+003	   -3.033806e+001
+9.622848e+003	   -3.226738e+001
+9.638857e+003	   -3.482348e+001
+9.654894e+003	   -3.585394e+001
+9.670957e+003	   -3.560105e+001
+9.687047e+003	   -3.578543e+001
+9.703164e+003	   -2.936178e+001
+9.719308e+003	   -2.753412e+001
+9.735479e+003	   -2.955182e+001
+9.751676e+003	   -3.343039e+001
+9.767899e+003	   -3.403945e+001
+9.784151e+003	   -3.396969e+001
+9.800430e+003	   -3.575235e+001
+9.816734e+003	   -3.674939e+001
+9.833067e+003	   -3.583974e+001
+9.849427e+003	   -3.016145e+001
+9.865814e+003	   -2.978612e+001
+9.882229e+003	   -3.090373e+001
+9.898670e+003	   -3.280338e+001
+9.915139e+003	   -3.371422e+001
+9.931635e+003	   -3.278582e+001
+9.948159e+003	   -3.323798e+001
+9.964710e+003	   -3.162325e+001
+9.981289e+003	   -3.183765e+001
+9.997895e+003	   -3.014912e+001
+1.001453e+004	   -3.394831e+001
+1.003119e+004	   -3.652907e+001
+1.004788e+004	   -3.389234e+001
+1.006460e+004	   -3.406932e+001
+1.008134e+004	   -3.517845e+001
+1.009812e+004	   -3.423620e+001
+1.011492e+004	   -3.637498e+001
+1.013174e+004	   -3.351411e+001
+1.014860e+004	   -3.462137e+001
+1.016549e+004	   -3.439684e+001
+1.018240e+004	   -3.463040e+001
+1.019934e+004	   -3.357438e+001
+1.021631e+004	   -3.277833e+001
+1.023331e+004	   -3.496843e+001
+1.025033e+004	   -3.414563e+001
+1.026739e+004	   -3.534472e+001
+1.028447e+004	   -3.543649e+001
+1.030158e+004	   -3.375920e+001
+1.031872e+004	   -3.392341e+001
+1.033589e+004	   -3.357467e+001
+1.035308e+004	   -3.327120e+001
+1.037031e+004	   -3.484921e+001
+1.038756e+004	   -3.663003e+001
+1.040484e+004	   -3.694855e+001
+1.042215e+004	   -3.503889e+001
+1.043949e+004	   -3.743069e+001
+1.045686e+004	   -3.645738e+001
+1.047426e+004	   -3.574030e+001
+1.049169e+004	   -3.486338e+001
+1.050914e+004	   -3.660006e+001
+1.052663e+004	   -3.408002e+001
+1.054414e+004	   -3.562577e+001
+1.056168e+004	   -3.425756e+001
+1.057925e+004	   -3.809637e+001
+1.059686e+004	   -3.517112e+001
+1.061449e+004	   -3.367005e+001
+1.063215e+004	   -3.386110e+001
+1.064983e+004	   -3.428428e+001
+1.066755e+004	   -3.718417e+001
+1.068530e+004	   -3.473577e+001
+1.070308e+004	   -3.347234e+001
+1.072089e+004	   -3.509486e+001
+1.073872e+004	   -3.354604e+001
+1.075659e+004	   -3.361756e+001
+1.077449e+004	   -3.467413e+001
+1.079241e+004	   -3.383234e+001
+1.081037e+004	   -3.787275e+001
+1.082835e+004	   -3.758015e+001
+1.084637e+004	   -3.545377e+001
+1.086442e+004	   -3.330141e+001
+1.088249e+004	   -3.271791e+001
+1.090060e+004	   -2.976890e+001
+1.091873e+004	   -3.001405e+001
+1.093690e+004	   -2.871954e+001
+1.095509e+004	   -2.883438e+001
+1.097332e+004	   -2.837241e+001
+1.099158e+004	   -2.779570e+001
+1.100987e+004	   -2.695051e+001
+1.102818e+004	   -2.724475e+001
+1.104653e+004	   -2.804159e+001
+1.106491e+004	   -2.892233e+001
+1.108332e+004	   -3.055335e+001
+1.110176e+004	   -3.432029e+001
+1.112023e+004	   -3.667534e+001
+1.113873e+004	   -3.550981e+001
+1.115726e+004	   -4.034199e+001
+1.117583e+004	   -4.187730e+001
+1.119442e+004	   -3.879756e+001
+1.121304e+004	   -4.253621e+001
+1.123170e+004	   -4.687986e+001
+1.125039e+004	   -4.616307e+001
+1.126910e+004	   -4.145728e+001
+1.128785e+004	   -3.602446e+001
+1.130663e+004	   -3.253630e+001
+1.132544e+004	   -3.588717e+001
+1.134429e+004	   -3.815506e+001
+1.136316e+004	   -3.667587e+001
+1.138207e+004	   -3.598711e+001
+1.140100e+004	   -3.426346e+001
+1.141997e+004	   -3.393504e+001
+1.143897e+004	   -3.351662e+001
+1.145800e+004	   -3.093403e+001
+1.147707e+004	   -3.136890e+001
+1.149616e+004	   -3.552168e+001
+1.151529e+004	   -3.608220e+001
+1.153445e+004	   -3.445439e+001
+1.155364e+004	   -3.468346e+001
+1.157286e+004	   -3.231216e+001
+1.159211e+004	   -3.967072e+001
+1.161140e+004	   -3.754096e+001
+1.163072e+004	   -3.720848e+001
+1.165007e+004	   -3.717901e+001
+1.166945e+004	   -3.785975e+001
+1.168887e+004	   -3.737871e+001
+1.170831e+004	   -3.826560e+001
+1.172779e+004	   -4.022486e+001
+1.174731e+004	   -3.485204e+001
+1.176685e+004	   -3.614840e+001
+1.178643e+004	   -3.939074e+001
+1.180604e+004	   -3.786186e+001
+1.182568e+004	   -3.362704e+001
+1.184535e+004	   -3.791513e+001
+1.186506e+004	   -3.591482e+001
+1.188480e+004	   -3.545120e+001
+1.190458e+004	   -3.414947e+001
+1.192438e+004	   -3.469723e+001
+1.194422e+004	   -3.245527e+001
+1.196409e+004	   -3.380156e+001
+1.198400e+004	   -3.327489e+001
+1.200394e+004	   -3.212924e+001
+1.202391e+004	   -3.240900e+001
+1.204391e+004	   -3.357417e+001
+1.206395e+004	   -3.374950e+001
+1.208402e+004	   -3.242693e+001
+1.210413e+004	   -3.302606e+001
+1.212427e+004	   -3.446449e+001
+1.214444e+004	   -3.233692e+001
+1.216464e+004	   -3.493318e+001
+1.218488e+004	   -3.504514e+001
+1.220515e+004	   -3.671638e+001
+1.222546e+004	   -3.714776e+001
+1.224580e+004	   -3.684245e+001
+1.226617e+004	   -3.723456e+001
+1.228658e+004	   -3.473805e+001
+1.230702e+004	   -4.077177e+001
+1.232750e+004	   -3.763422e+001
+1.234801e+004	   -3.834715e+001
+1.236855e+004	   -3.716290e+001
+1.238913e+004	   -3.481795e+001
+1.240974e+004	   -3.676268e+001
+1.243039e+004	   -3.572286e+001
+1.245107e+004	   -3.468878e+001
+1.247179e+004	   -3.411358e+001
+1.249254e+004	   -3.701789e+001
+1.251332e+004	   -3.402068e+001
+1.253414e+004	   -3.669910e+001
+1.255499e+004	   -3.480283e+001
+1.257588e+004	   -3.229946e+001
+1.259680e+004	   -3.393244e+001
+1.261776e+004	   -3.669222e+001
+1.263876e+004	   -3.381484e+001
+1.265978e+004	   -3.790160e+001
+1.268085e+004	   -3.825364e+001
+1.270194e+004	   -3.360532e+001
+1.272308e+004	   -3.466749e+001
+1.274424e+004	   -3.855197e+001
+1.276545e+004	   -4.203168e+001
+1.278669e+004	   -3.443758e+001
+1.280796e+004	   -3.584252e+001
+1.282927e+004	   -3.609834e+001
+1.285061e+004	   -3.603436e+001
+1.287199e+004	   -3.598565e+001
+1.289341e+004	   -3.954343e+001
+1.291486e+004	   -3.332660e+001
+1.293635e+004	   -3.604333e+001
+1.295787e+004	   -3.675122e+001
+1.297943e+004	   -3.451706e+001
+1.300102e+004	   -3.681231e+001
+1.302265e+004	   -3.455573e+001
+1.304432e+004	   -3.628008e+001
+1.306602e+004	   -3.972714e+001
+1.308776e+004	   -3.390253e+001
+1.310954e+004	   -3.905814e+001
+1.313135e+004	   -3.791809e+001
+1.315320e+004	   -3.435144e+001
+1.317508e+004	   -3.453303e+001
+1.319700e+004	   -3.681698e+001
+1.321896e+004	   -3.686182e+001
+1.324095e+004	   -3.666659e+001
+1.326298e+004	   -3.662761e+001
+1.328504e+004	   -3.436580e+001
+1.330715e+004	   -3.689639e+001
+1.332929e+004	   -3.705567e+001
+1.335146e+004	   -3.394132e+001
+1.337368e+004	   -3.801995e+001
+1.339593e+004	   -3.560378e+001
+1.341821e+004	   -3.348412e+001
+1.344054e+004	   -3.706835e+001
+1.346290e+004	   -3.799730e+001
+1.348530e+004	   -3.557780e+001
+1.350774e+004	   -3.501213e+001
+1.353021e+004	   -3.495432e+001
+1.355272e+004	   -3.605299e+001
+1.357527e+004	   -4.023370e+001
+1.359785e+004	   -3.464210e+001
+1.362048e+004	   -3.509974e+001
+1.364314e+004	   -3.794959e+001
+1.366584e+004	   -3.444351e+001
+1.368857e+004	   -3.717035e+001
+1.371135e+004	   -3.728215e+001
+1.373416e+004	   -3.636848e+001
+1.375701e+004	   -3.889649e+001
+1.377990e+004	   -3.453351e+001
+1.380282e+004	   -3.759223e+001
+1.382579e+004	   -3.704025e+001
+1.384879e+004	   -3.502938e+001
+1.387183e+004	   -3.446412e+001
+1.389491e+004	   -4.118938e+001
+1.391803e+004	   -3.472712e+001
+1.394119e+004	   -3.476512e+001
+1.396438e+004	   -3.763084e+001
+1.398761e+004	   -3.993899e+001
+1.401088e+004	   -3.428793e+001
+1.403420e+004	   -3.757117e+001
+1.405754e+004	   -3.596240e+001
+1.408093e+004	   -3.768486e+001
+1.410436e+004	   -3.362978e+001
+1.412783e+004	   -3.768925e+001
+1.415133e+004	   -3.620881e+001
+1.417488e+004	   -4.242636e+001
+1.419846e+004	   -3.819070e+001
+1.422208e+004	   -3.460366e+001
+1.424574e+004	   -3.626423e+001
+1.426945e+004	   -4.038730e+001
+1.429319e+004	   -3.388531e+001
+1.431697e+004	   -3.658941e+001
+1.434079e+004	   -3.568508e+001
+1.436465e+004	   -3.741876e+001
+1.438854e+004	   -3.869084e+001
+1.441248e+004	   -3.574883e+001
+1.443646e+004	   -3.554480e+001
+1.446048e+004	   -3.532159e+001
+1.448454e+004	   -3.623988e+001
+1.450864e+004	   -3.726844e+001
+1.453278e+004	   -3.819720e+001
+1.455696e+004	   -3.665716e+001
+1.458117e+004	   -3.855172e+001
+1.460543e+004	   -3.572971e+001
+1.462973e+004	   -3.629324e+001
+1.465407e+004	   -4.334243e+001
+1.467845e+004	   -3.556473e+001
+1.470288e+004	   -3.711870e+001
+1.472734e+004	   -3.851886e+001
+1.475184e+004	   -3.589868e+001
+1.477638e+004	   -3.955385e+001
+1.480097e+004	   -4.014376e+001
+1.482559e+004	   -3.639533e+001
+1.485026e+004	   -3.761523e+001
+1.487497e+004	   -3.644162e+001
+1.489971e+004	   -3.675271e+001
+1.492450e+004	   -3.630353e+001
+1.494933e+004	   -3.668089e+001
+1.497421e+004	   -3.751480e+001
+1.499912e+004	   -3.517883e+001
+1.502407e+004	   -3.754471e+001
+1.504907e+004	   -4.014352e+001
+1.507411e+004	   -3.672033e+001
+1.509919e+004	   -3.660102e+001
+1.512431e+004	   -3.658942e+001
+1.514947e+004	   -3.452079e+001
+1.517468e+004	   -3.652031e+001
+1.519992e+004	   -3.773826e+001
+1.522521e+004	   -3.736708e+001
+1.525054e+004	   -3.487134e+001
+1.527592e+004	   -3.872538e+001
+1.530133e+004	   -3.721937e+001
+1.532679e+004	   -3.541211e+001
+1.535229e+004	   -3.734735e+001
+1.537783e+004	   -4.427033e+001
+1.540342e+004	   -3.527451e+001
+1.542904e+004	   -3.495141e+001
+1.545471e+004	   -3.909189e+001
+1.548043e+004	   -4.060369e+001
+1.550618e+004	   -3.407924e+001
+1.553198e+004	   -3.524425e+001
+1.555782e+004	   -4.464616e+001
+1.558371e+004	   -3.637239e+001
+1.560963e+004	   -3.596064e+001
+1.563560e+004	   -3.530603e+001
+1.566162e+004	   -4.039731e+001
+1.568767e+004	   -3.464888e+001
+1.571377e+004	   -4.057614e+001
+1.573992e+004	   -3.930282e+001
+1.576611e+004	   -3.597520e+001
+1.579234e+004	   -3.707988e+001
+1.581861e+004	   -3.759839e+001
+1.584493e+004	   -3.755240e+001
+1.587129e+004	   -3.512323e+001
+1.589770e+004	   -3.891581e+001
+1.592415e+004	   -3.786261e+001
+1.595064e+004	   -3.843698e+001
+1.597718e+004	   -3.742870e+001
+1.600376e+004	   -3.569581e+001
+1.603039e+004	   -3.800037e+001
+1.605706e+004	   -3.769284e+001
+1.608377e+004	   -3.925406e+001
+1.611053e+004	   -3.600127e+001
+1.613733e+004	   -3.686097e+001
+1.616418e+004	   -3.668252e+001
+1.619108e+004	   -3.363690e+001
+1.621801e+004	   -3.773582e+001
+1.624500e+004	   -3.717921e+001
+1.627202e+004	   -3.670419e+001
+1.629910e+004	   -3.671138e+001
+1.632621e+004	   -3.934429e+001
+1.635338e+004	   -3.907510e+001
+1.638058e+004	   -3.832379e+001
+1.640784e+004	   -3.761436e+001
+1.643514e+004	   -3.728181e+001
+1.646248e+004	   -3.939756e+001
+1.648987e+004	   -3.867036e+001
+1.651730e+004	   -3.595201e+001
+1.654479e+004	   -3.517564e+001
+1.657231e+004	   -3.434428e+001
+1.659988e+004	   -3.717561e+001
+1.662750e+004	   -3.779591e+001
+1.665517e+004	   -3.955144e+001
+1.668288e+004	   -4.005854e+001
+1.671063e+004	   -4.052739e+001
+1.673843e+004	   -4.371902e+001
+1.676628e+004	   -3.975160e+001
+1.679418e+004	   -3.861107e+001
+1.682212e+004	   -3.615868e+001
+1.685011e+004	   -3.494820e+001
+1.687814e+004	   -3.527831e+001
+1.690622e+004	   -3.533566e+001
+1.693435e+004	   -3.780138e+001
+1.696252e+004	   -3.544931e+001
+1.699074e+004	   -3.700537e+001
+1.701901e+004	   -3.909349e+001
+1.704733e+004	   -4.278176e+001
+1.707569e+004	   -4.088038e+001
+1.710410e+004	   -3.863019e+001
+1.713256e+004	   -3.885551e+001
+1.716106e+004	   -4.058804e+001
+1.718961e+004	   -3.475549e+001
+1.721821e+004	   -3.675279e+001
+1.724686e+004	   -3.942916e+001
+1.727555e+004	   -3.580458e+001
+1.730430e+004	   -3.485009e+001
+1.733309e+004	   -3.769704e+001
+1.736192e+004	   -3.847980e+001
+1.739081e+004	   -3.686463e+001
+1.741974e+004	   -3.913295e+001
+1.744873e+004	   -3.745126e+001
+1.747776e+004	   -3.680222e+001
+1.750683e+004	   -3.790689e+001
+1.753596e+004	   -3.881213e+001
+1.756514e+004	   -3.863629e+001
+1.759436e+004	   -4.034631e+001
+1.762363e+004	   -3.958566e+001
+1.765296e+004	   -4.292136e+001
+1.768232e+004	   -3.878894e+001
+1.771174e+004	   -4.271204e+001
+1.774121e+004	   -3.984278e+001
+1.777073e+004	   -3.799365e+001
+1.780029e+004	   -3.774809e+001
+1.782991e+004	   -3.666172e+001
+1.785957e+004	   -3.663323e+001
+1.788929e+004	   -3.736498e+001
+1.791905e+004	   -3.717763e+001
+1.794886e+004	   -3.989099e+001
+1.797873e+004	   -3.702258e+001
+1.800864e+004	   -4.138025e+001
+1.803860e+004	   -3.767452e+001
+1.806861e+004	   -3.760730e+001
+1.809867e+004	   -3.786619e+001
+1.812879e+004	   -3.956792e+001
+1.815895e+004	   -3.513943e+001
+1.818916e+004	   -4.062788e+001
+1.821942e+004	   -3.698319e+001
+1.824973e+004	   -3.917067e+001
+1.828010e+004	   -4.312492e+001
+1.831051e+004	   -3.976667e+001
+1.834097e+004	   -3.901152e+001
+1.837149e+004	   -3.771205e+001
+1.840205e+004	   -3.617797e+001
+1.843267e+004	   -3.692405e+001
+1.846334e+004	   -3.701708e+001
+1.849406e+004	   -3.936571e+001
+1.852482e+004	   -3.503178e+001
+1.855565e+004	   -4.150655e+001
+1.858652e+004	   -4.043154e+001
+1.861744e+004	   -4.114655e+001
+1.864842e+004	   -3.937390e+001
+1.867944e+004	   -3.764928e+001
+1.871052e+004	   -3.915225e+001
+1.874165e+004	   -3.736192e+001
+1.877283e+004	   -3.822663e+001
+1.880406e+004	   -3.944938e+001
+1.883535e+004	   -3.911105e+001
+1.886669e+004	   -3.727629e+001
+1.889808e+004	   -3.704268e+001
+1.892952e+004	   -4.062836e+001
+1.896101e+004	   -3.851046e+001
+1.899256e+004	   -3.830226e+001
+1.902416e+004	   -3.856116e+001
+1.905581e+004	   -3.856981e+001
+1.908751e+004	   -3.904600e+001
+1.911927e+004	   -4.008780e+001
+1.915108e+004	   -3.981573e+001
+1.918294e+004	   -3.976334e+001
+1.921486e+004	   -3.810234e+001
+1.924682e+004	   -4.068965e+001
+1.927885e+004	   -3.717816e+001
+1.931092e+004	   -3.977719e+001
+1.934305e+004	   -3.583796e+001
+1.937523e+004	   -4.175970e+001
+1.940747e+004	   -3.928730e+001
+1.943976e+004	   -3.814947e+001
+1.947210e+004	   -4.068822e+001
+1.950450e+004	   -3.967089e+001
+1.953695e+004	   -3.733770e+001
+1.956945e+004	   -3.974144e+001
+1.960201e+004	   -3.679059e+001
+1.963462e+004	   -3.872297e+001
+1.966729e+004	   -3.808393e+001
+1.970001e+004	   -3.976785e+001
+1.973279e+004	   -3.895869e+001
+1.976562e+004	   -3.822867e+001
+1.979850e+004	   -4.023753e+001
+1.983144e+004	   -3.859452e+001
+1.986444e+004	   -3.995692e+001
+1.989749e+004	   -3.883352e+001
+1.993059e+004	   -3.779940e+001
+1.996375e+004	   -3.840228e+001
+1.999696e+004	   -3.902104e+001
+2.003023e+004	   -3.955363e+001
+2.006356e+004	   -3.809517e+001
+2.009694e+004	   -3.854425e+001
+2.013038e+004	   -4.072718e+001
+2.016387e+004	   -4.034041e+001
+2.019742e+004	   -4.036401e+001
+2.023102e+004	   -3.921659e+001
+2.026468e+004	   -4.146598e+001
+2.029839e+004	   -3.977029e+001
+2.033217e+004	   -3.763386e+001
+2.036599e+004	   -4.022864e+001
+2.039988e+004	   -3.796019e+001
+2.043382e+004	   -3.810719e+001
+2.046781e+004	   -3.714738e+001
+2.050187e+004	   -3.963026e+001
+2.053598e+004	   -3.944442e+001
+2.057014e+004	   -3.891738e+001
+2.060437e+004	   -3.954333e+001
+2.063865e+004	   -3.878818e+001
+2.067298e+004	   -3.843570e+001
+2.070738e+004	   -3.926141e+001
+2.074183e+004	   -3.990772e+001
+2.077634e+004	   -3.875463e+001
+2.081091e+004	   -3.877455e+001
+2.084553e+004	   -3.955267e+001
+2.088021e+004	   -4.043575e+001
+2.091495e+004	   -3.981943e+001
+2.094975e+004	   -4.146849e+001
+2.098461e+004	   -4.005401e+001
+2.101952e+004	   -4.188603e+001
+2.105449e+004	   -3.884255e+001
+2.108952e+004	   -3.963422e+001
+2.112461e+004	   -4.234484e+001
+2.115975e+004	   -4.073499e+001
+2.119496e+004	   -4.074529e+001
+2.123022e+004	   -3.802934e+001
+2.126554e+004	   -4.204566e+001
+2.130092e+004	   -4.135704e+001
+2.133636e+004	   -4.048250e+001
+2.137186e+004	   -3.637454e+001
+2.140742e+004	   -4.162472e+001
+2.144303e+004	   -4.064530e+001
+2.147871e+004	   -3.761590e+001
+2.151444e+004	   -3.883005e+001
+2.155024e+004	   -3.903101e+001
+2.158609e+004	   -3.862744e+001
+2.162201e+004	   -4.009555e+001
+2.165798e+004	   -3.750901e+001
+2.169401e+004	   -4.096221e+001
+2.173011e+004	   -4.033810e+001
+2.176626e+004	   -3.813412e+001
+2.180247e+004	   -3.936264e+001
+2.183875e+004	   -4.094330e+001
+2.187508e+004	   -4.045761e+001
+2.191148e+004	   -3.968552e+001
+2.194793e+004	   -4.039217e+001
+2.198445e+004	   -3.997561e+001
+2.202102e+004	   -3.915098e+001
+2.205766e+004	   -3.916437e+001
+2.209436e+004	   -4.038525e+001
+2.213112e+004	   -4.059693e+001
+2.216794e+004	   -4.268148e+001
+2.220482e+004	   -3.877829e+001
+2.224176e+004	   -4.123584e+001
+2.227877e+004	   -4.041818e+001
+2.231584e+004	   -3.942833e+001
+2.235296e+004	   -3.929004e+001
+2.239015e+004	   -4.067071e+001
+2.242740e+004	   -3.818724e+001
+2.246472e+004	   -3.993298e+001
+2.250209e+004	   -4.098989e+001
+2.253953e+004	   -3.901245e+001
+2.257703e+004	   -3.985964e+001
+2.261459e+004	   -3.853315e+001
+2.265222e+004	   -4.009831e+001
+2.268991e+004	   -3.970474e+001
+2.272766e+004	   -3.976215e+001
+2.276547e+004	   -3.906168e+001
+2.280335e+004	   -4.225644e+001
+2.284129e+004	   -4.106097e+001
+2.287929e+004	   -4.169920e+001
+2.291735e+004	   -3.995021e+001
+2.295548e+004	   -4.012468e+001
+2.299367e+004	   -4.078881e+001
+2.303193e+004	   -3.974634e+001
+2.307025e+004	   -3.943153e+001
+2.310863e+004	   -3.920350e+001
+2.314708e+004	   -4.167368e+001
+2.318559e+004	   -3.901655e+001
+2.322416e+004	   -4.216350e+001
+2.326280e+004	   -4.094638e+001
+2.330151e+004	   -3.966440e+001
+2.334027e+004	   -4.089056e+001
+2.337911e+004	   -3.951644e+001
+2.341800e+004	   -3.856380e+001
+2.345696e+004	   -4.021547e+001
+2.349599e+004	   -3.765498e+001
+2.353508e+004	   -4.169564e+001
+2.357424e+004	   -3.997546e+001
+2.361346e+004	   -4.069264e+001
+2.365275e+004	   -4.124485e+001
+2.369210e+004	   -3.881117e+001
+2.373152e+004	   -4.242196e+001
+2.377100e+004	   -4.034639e+001
+2.381055e+004	   -3.853673e+001
+2.385016e+004	   -4.045825e+001
+2.388985e+004	   -3.858405e+001
+2.392959e+004	   -4.291336e+001
+2.396940e+004	   -4.141646e+001
+2.400928e+004	   -3.938656e+001
+2.404923e+004	   -4.010570e+001
+2.408924e+004	   -3.805325e+001
+2.412932e+004	   -4.003219e+001
+2.416946e+004	   -4.013306e+001
+2.420968e+004	   -4.155362e+001
+2.424996e+004	   -4.041433e+001
+2.429030e+004	   -4.211440e+001
+2.433071e+004	   -3.978418e+001
+2.437119e+004	   -3.966737e+001
+2.441174e+004	   -4.148019e+001
+2.445236e+004	   -3.818777e+001
+2.449304e+004	   -4.133021e+001
+2.453379e+004	   -4.275119e+001
+2.457461e+004	   -3.865783e+001
+2.461549e+004	   -3.897118e+001
+2.465645e+004	   -3.920147e+001
+2.469747e+004	   -3.872570e+001
+2.473856e+004	   -3.884894e+001
+2.477972e+004	   -3.981998e+001
+2.482095e+004	   -4.110114e+001
+2.486224e+004	   -3.930396e+001
+2.490361e+004	   -4.075193e+001
+2.494504e+004	   -4.117764e+001
+2.498654e+004	   -3.946867e+001
+2.502811e+004	   -4.015367e+001
+2.506975e+004	   -4.691478e+001
+2.511146e+004	   -3.683359e+001
+2.515324e+004	   -4.098327e+001
+2.519509e+004	   -4.052604e+001
+2.523701e+004	   -3.763775e+001
+2.527900e+004	   -3.902665e+001
+2.532105e+004	   -4.053618e+001
+2.536318e+004	   -3.939034e+001
+2.540538e+004	   -4.235989e+001
+2.544765e+004	   -3.811330e+001
+2.548999e+004	   -4.554879e+001
+2.553239e+004	   -4.196588e+001
+2.557488e+004	   -4.093965e+001
+2.561742e+004	   -3.924390e+001
+2.566004e+004	   -4.033321e+001
+2.570274e+004	   -4.107585e+001
+2.574550e+004	   -3.965971e+001
+2.578833e+004	   -4.072757e+001
+2.583124e+004	   -4.292227e+001
+2.587422e+004	   -4.183983e+001
+2.591726e+004	   -4.018512e+001
+2.596038e+004	   -4.150435e+001
+2.600358e+004	   -4.112256e+001
+2.604684e+004	   -4.176007e+001
+2.609017e+004	   -4.067016e+001
+2.613358e+004	   -4.387885e+001
+2.617706e+004	   -3.983158e+001
+2.622061e+004	   -3.971244e+001
+2.626424e+004	   -3.859331e+001
+2.630794e+004	   -3.887647e+001
+2.635171e+004	   -4.089162e+001
+2.639555e+004	   -4.092372e+001
+2.643946e+004	   -4.075987e+001
+2.648345e+004	   -3.739968e+001
+2.652751e+004	   -4.084791e+001
+2.657165e+004	   -3.684345e+001
+2.661586e+004	   -3.795768e+001
+2.666014e+004	   -3.848001e+001
+2.670449e+004	   -4.480329e+001
+2.674892e+004	   -4.133685e+001
+2.679343e+004	   -4.239038e+001
+2.683800e+004	   -4.006783e+001
+2.688266e+004	   -3.843588e+001
+2.692738e+004	   -3.828395e+001
+2.697218e+004	   -3.958322e+001
+2.701706e+004	   -4.046854e+001
+2.706201e+004	   -4.047487e+001
+2.710703e+004	   -4.278248e+001
+2.715213e+004	   -4.156201e+001
+2.719730e+004	   -3.999101e+001
+2.724255e+004	   -3.805534e+001
+2.728788e+004	   -4.099344e+001
+2.733328e+004	   -4.061526e+001
+2.737876e+004	   -4.056955e+001
+2.742431e+004	   -3.740601e+001
+2.746993e+004	   -4.092732e+001
+2.751564e+004	   -4.009450e+001
+2.756142e+004	   -4.156218e+001
+2.760727e+004	   -3.793033e+001
+2.765320e+004	   -4.067146e+001
+2.769921e+004	   -4.014162e+001
+2.774529e+004	   -4.220904e+001
+2.779146e+004	   -4.000750e+001
+2.783769e+004	   -4.184834e+001
+2.788401e+004	   -4.015262e+001
+2.793040e+004	   -4.230760e+001
+2.797687e+004	   -3.982300e+001
+2.802342e+004	   -4.107544e+001
+2.807004e+004	   -4.049682e+001
+2.811674e+004	   -4.008581e+001
+2.816352e+004	   -3.818554e+001
+2.821038e+004	   -3.985674e+001
+2.825731e+004	   -3.911905e+001
+2.830433e+004	   -4.178360e+001
+2.835142e+004	   -3.974113e+001
+2.839859e+004	   -4.010369e+001
+2.844583e+004	   -4.225811e+001
+2.849316e+004	   -4.088533e+001
+2.854057e+004	   -4.049405e+001
+2.858805e+004	   -3.934887e+001
+2.863561e+004	   -4.153068e+001
+2.868326e+004	   -3.834415e+001
+2.873098e+004	   -3.986447e+001
+2.877878e+004	   -4.011468e+001
+2.882666e+004	   -3.992295e+001
+2.887462e+004	   -3.911948e+001
+2.892266e+004	   -4.017773e+001
+2.897078e+004	   -4.103129e+001
+2.901898e+004	   -4.110922e+001
+2.906726e+004	   -4.468114e+001
+2.911562e+004	   -3.884523e+001
+2.916406e+004	   -4.083138e+001
+2.921258e+004	   -3.905836e+001
+2.926119e+004	   -4.050561e+001
+2.930987e+004	   -4.087260e+001
+2.935863e+004	   -3.945266e+001
+2.940748e+004	   -4.030091e+001
+2.945640e+004	   -4.011773e+001
+2.950541e+004	   -4.013543e+001
+2.955450e+004	   -4.124703e+001
+2.960367e+004	   -4.046947e+001
+2.965293e+004	   -4.041980e+001
+2.970226e+004	   -4.163210e+001
+2.975168e+004	   -4.016034e+001
+2.980118e+004	   -3.954236e+001
+2.985076e+004	   -3.898147e+001
+2.990042e+004	   -4.048610e+001
+2.995017e+004	   -4.152655e+001
+3.000000e+004	   -3.900309e+001
