+1.000000e+003	   -2.093320e+001
+1.001664e+003	   -1.535473e+001
+1.003330e+003	   -1.825396e+001
+1.005000e+003	   -1.207614e+001
+1.006672e+003	   -1.138094e+001
+1.008346e+003	   -1.920490e+001
+1.010024e+003	   -1.579474e+001
+1.011705e+003	   -1.555256e+001
+1.013388e+003	   -1.715821e+001
+1.015074e+003	   -2.202167e+001
+1.016763e+003	   -1.721075e+001
+1.018454e+003	   -2.137477e+001
+1.020149e+003	   -2.187004e+001
+1.021846e+003	   -1.702524e+001
+1.023546e+003	   -1.652783e+001
+1.025249e+003	   -1.844971e+001
+1.026955e+003	   -2.004969e+001
+1.028663e+003	   -1.823534e+001
+1.030375e+003	   -1.965026e+001
+1.032089e+003	   -1.927890e+001
+1.033806e+003	   -1.691677e+001
+1.035526e+003	   -1.595468e+001
+1.037249e+003	   -1.553114e+001
+1.038975e+003	   -1.846282e+001
+1.040703e+003	   -1.616713e+001
+1.042435e+003	   -1.668174e+001
+1.044169e+003	   -1.649282e+001
+1.045906e+003	   -2.098332e+001
+1.047646e+003	   -2.706199e+001
+1.049390e+003	   -2.409410e+001
+1.051135e+003	   -2.218224e+001
+1.052884e+003	   -2.033035e+001
+1.054636e+003	   -1.964767e+001
+1.056391e+003	   -2.080709e+001
+1.058148e+003	   -2.155026e+001
+1.059909e+003	   -2.972474e+001
+1.061672e+003	   -1.992707e+001
+1.063438e+003	   -1.955445e+001
+1.065208e+003	   -1.785736e+001
+1.066980e+003	   -2.372906e+001
+1.068755e+003	   -2.059178e+001
+1.070533e+003	   -1.834861e+001
+1.072314e+003	   -1.977079e+001
+1.074099e+003	   -2.468044e+001
+1.075885e+003	   -1.832712e+001
+1.077676e+003	   -2.357153e+001
+1.079469e+003	   -2.144971e+001
+1.081264e+003	   -1.757419e+001
+1.083063e+003	   -1.876267e+001
+1.084865e+003	   -1.383550e+001
+1.086670e+003	   -2.191200e+001
+1.088478e+003	   -2.283949e+001
+1.090289e+003	   -1.545700e+001
+1.092103e+003	   -1.670139e+001
+1.093920e+003	   -1.641091e+001
+1.095740e+003	   -2.137418e+001
+1.097563e+003	   -1.804374e+001
+1.099389e+003	   -2.285127e+001
+1.101218e+003	   -1.772421e+001
+1.103050e+003	   -2.283927e+001
+1.104886e+003	   -1.765224e+001
+1.106724e+003	   -2.897838e+001
+1.108565e+003	   -4.165857e+001
+1.110410e+003	   -1.759752e+001
+1.112257e+003	   -2.926111e+001
+1.114108e+003	   -2.071393e+001
+1.115961e+003	   -1.704286e+001
+1.117818e+003	   -2.016836e+001
+1.119678e+003	   -2.415878e+001
+1.121540e+003	   -1.595075e+001
+1.123406e+003	   -2.068928e+001
+1.125276e+003	   -2.288705e+001
+1.127148e+003	   -2.333279e+001
+1.129023e+003	   -2.175518e+001
+1.130901e+003	   -2.595830e+001
+1.132783e+003	   -1.852000e+001
+1.134667e+003	   -1.287897e+001
+1.136555e+003	   -1.635649e+001
+1.138446e+003	   -1.981969e+001
+1.140340e+003	   -1.698635e+001
+1.142238e+003	   -2.327491e+001
+1.144138e+003	   -2.372496e+001
+1.146042e+003	   -1.870557e+001
+1.147948e+003	   -3.511511e+001
+1.149858e+003	   -2.176160e+001
+1.151771e+003	   -1.936091e+001
+1.153688e+003	   -1.554702e+001
+1.155607e+003	   -1.959493e+001
+1.157530e+003	   -2.032878e+001
+1.159455e+003	   -2.381499e+001
+1.161384e+003	   -2.021638e+001
+1.163317e+003	   -2.595591e+001
+1.165252e+003	   -1.814676e+001
+1.167191e+003	   -2.151648e+001
+1.169133e+003	   -2.378703e+001
+1.171078e+003	   -2.010017e+001
+1.173026e+003	   -2.142222e+001
+1.174978e+003	   -2.703321e+001
+1.176933e+003	   -3.701702e+001
+1.178891e+003	   -1.947386e+001
+1.180852e+003	   -4.333532e+001
+1.182817e+003	   -2.150130e+001
+1.184785e+003	   -2.245790e+001
+1.186756e+003	   -2.628568e+001
+1.188730e+003	   -2.448332e+001
+1.190708e+003	   -2.491531e+001
+1.192689e+003	   -2.210374e+001
+1.194674e+003	   -2.652608e+001
+1.196661e+003	   -3.270282e+001
+1.198652e+003	   -1.705588e+001
+1.200646e+003	   -1.483684e+001
+1.202644e+003	   -1.621952e+001
+1.204645e+003	   -2.767649e+001
+1.206649e+003	   -2.463369e+001
+1.208657e+003	   -2.187848e+001
+1.210668e+003	   -2.056189e+001
+1.212682e+003	   -2.690896e+001
+1.214699e+003	   -2.148879e+001
+1.216720e+003	   -2.059341e+001
+1.218745e+003	   -1.671254e+001
+1.220772e+003	   -2.086179e+001
+1.222803e+003	   -3.401695e+001
+1.224838e+003	   -2.358489e+001
+1.226876e+003	   -1.695069e+001
+1.228917e+003	   -1.890247e+001
+1.230961e+003	   -2.016347e+001
+1.233010e+003	   -2.436562e+001
+1.235061e+003	   -2.747508e+001
+1.237116e+003	   -2.002101e+001
+1.239174e+003	   -1.884631e+001
+1.241236e+003	   -2.569377e+001
+1.243301e+003	   -1.478731e+001
+1.245369e+003	   -2.667826e+001
+1.247441e+003	   -2.222740e+001
+1.249517e+003	   -1.999569e+001
+1.251596e+003	   -1.990392e+001
+1.253678e+003	   -2.074324e+001
+1.255764e+003	   -2.740398e+001
+1.257853e+003	   -2.319810e+001
+1.259946e+003	   -2.263308e+001
+1.262042e+003	   -1.938396e+001
+1.264142e+003	   -2.225647e+001
+1.266245e+003	   -2.526677e+001
+1.268352e+003	   -2.159587e+001
+1.270462e+003	   -2.087698e+001
+1.272576e+003	   -2.038757e+001
+1.274693e+003	   -1.930420e+001
+1.276814e+003	   -3.026014e+001
+1.278938e+003	   -2.247384e+001
+1.281066e+003	   -1.496262e+001
+1.283197e+003	   -2.270681e+001
+1.285332e+003	   -4.408761e+001
+1.287470e+003	   -2.771446e+001
+1.289612e+003	   -2.007467e+001
+1.291758e+003	   -2.175080e+001
+1.293907e+003	   -1.702290e+001
+1.296060e+003	   -2.229080e+001
+1.298216e+003	   -2.105210e+001
+1.300376e+003	   -2.385365e+001
+1.302540e+003	   -1.851835e+001
+1.304707e+003	   -1.463765e+001
+1.306877e+003	   -2.197635e+001
+1.309052e+003	   -1.890830e+001
+1.311230e+003	   -2.743817e+001
+1.313411e+003	   -1.642730e+001
+1.315596e+003	   -1.925661e+001
+1.317785e+003	   -2.062314e+001
+1.319978e+003	   -2.093150e+001
+1.322174e+003	   -2.215877e+001
+1.324374e+003	   -1.844978e+001
+1.326577e+003	   -1.998364e+001
+1.328784e+003	   -2.381069e+001
+1.330995e+003	   -1.799577e+001
+1.333209e+003	   -1.774278e+001
+1.335427e+003	   -2.452929e+001
+1.337649e+003	   -2.569369e+001
+1.339875e+003	   -1.516663e+001
+1.342104e+003	   -2.322616e+001
+1.344337e+003	   -2.638367e+001
+1.346573e+003	   -2.064956e+001
+1.348814e+003	   -1.579090e+001
+1.351058e+003	   -2.406728e+001
+1.353306e+003	   -2.453101e+001
+1.355557e+003	   -1.960974e+001
+1.357813e+003	   -2.151518e+001
+1.360072e+003	   -1.421788e+001
+1.362334e+003	   -2.548483e+001
+1.364601e+003	   -1.848789e+001
+1.366871e+003	   -2.063249e+001
+1.369146e+003	   -1.673405e+001
+1.371423e+003	   -1.971101e+001
+1.373705e+003	   -2.048475e+001
+1.375991e+003	   -1.667048e+001
+1.378280e+003	   -3.000222e+001
+1.380573e+003	   -2.544490e+001
+1.382870e+003	   -1.869449e+001
+1.385171e+003	   -1.688409e+001
+1.387475e+003	   -2.567925e+001
+1.389784e+003	   -2.037198e+001
+1.392096e+003	   -2.621894e+001
+1.394412e+003	   -1.864770e+001
+1.396732e+003	   -2.225179e+001
+1.399056e+003	   -2.181923e+001
+1.401384e+003	   -2.023197e+001
+1.403715e+003	   -2.252392e+001
+1.406050e+003	   -2.148800e+001
+1.408390e+003	   -2.478335e+001
+1.410733e+003	   -2.057788e+001
+1.413080e+003	   -1.897521e+001
+1.415431e+003	   -2.248743e+001
+1.417786e+003	   -2.358509e+001
+1.420145e+003	   -2.719023e+001
+1.422508e+003	   -2.313493e+001
+1.424874e+003	   -1.675002e+001
+1.427245e+003	   -3.974760e+001
+1.429620e+003	   -1.847898e+001
+1.431998e+003	   -1.488186e+001
+1.434380e+003	   -3.281460e+001
+1.436767e+003	   -2.409058e+001
+1.439157e+003	   -1.974098e+001
+1.441552e+003	   -1.422918e+001
+1.443950e+003	   -3.697294e+001
+1.446353e+003	   -1.605414e+001
+1.448759e+003	   -2.069641e+001
+1.451169e+003	   -3.016064e+001
+1.453584e+003	   -2.878798e+001
+1.456002e+003	   -1.975725e+001
+1.458424e+003	   -2.422311e+001
+1.460851e+003	   -2.102864e+001
+1.463281e+003	   -2.477855e+001
+1.465716e+003	   -3.161003e+001
+1.468154e+003	   -2.453372e+001
+1.470597e+003	   -2.459597e+001
+1.473044e+003	   -1.861152e+001
+1.475495e+003	   -2.081324e+001
+1.477949e+003	   -1.420963e+001
+1.480408e+003	   -1.418679e+001
+1.482871e+003	   -2.204276e+001
+1.485339e+003	   -1.831371e+001
+1.487810e+003	   -2.154109e+001
+1.490285e+003	   -1.736835e+001
+1.492765e+003	   -1.888381e+001
+1.495248e+003	   -2.748913e+001
+1.497736e+003	   -2.487602e+001
+1.500228e+003	   -2.033529e+001
+1.502724e+003	   -2.731367e+001
+1.505224e+003	   -2.891371e+001
+1.507728e+003	   -1.885905e+001
+1.510237e+003	   -2.160263e+001
+1.512749e+003	   -2.537225e+001
+1.515266e+003	   -1.544907e+001
+1.517787e+003	   -1.868067e+001
+1.520312e+003	   -2.528337e+001
+1.522842e+003	   -1.801902e+001
+1.525375e+003	   -1.940529e+001
+1.527913e+003	   -3.504935e+001
+1.530455e+003	   -2.419039e+001
+1.533002e+003	   -1.955725e+001
+1.535552e+003	   -1.896064e+001
+1.538107e+003	   -3.227908e+001
+1.540666e+003	   -2.924983e+001
+1.543229e+003	   -2.325833e+001
+1.545797e+003	   -2.892692e+001
+1.548369e+003	   -2.328298e+001
+1.550945e+003	   -2.427602e+001
+1.553525e+003	   -1.684208e+001
+1.556110e+003	   -2.285130e+001
+1.558699e+003	   -2.445054e+001
+1.561292e+003	   -2.073758e+001
+1.563890e+003	   -1.043681e+001
+1.566491e+003	   -5.262316e+000
+1.569098e+003	   -1.071382e+001
+1.571708e+003	   -1.869377e+001
+1.574323e+003	   -1.866809e+001
+1.576943e+003	   -2.319814e+001
+1.579566e+003	   -1.725885e+001
+1.582194e+003	   -2.756333e+001
+1.584826e+003	   -2.636586e+001
+1.587463e+003	   -2.158035e+001
+1.590104e+003	   -2.931506e+001
+1.592750e+003	   -2.524187e+001
+1.595400e+003	   -2.557754e+001
+1.598054e+003	   -2.254486e+001
+1.600713e+003	   -2.630089e+001
+1.603376e+003	   -2.033435e+001
+1.606044e+003	   -2.122777e+001
+1.608716e+003	   -2.965365e+001
+1.611392e+003	   -2.485953e+001
+1.614073e+003	   -2.675615e+001
+1.616759e+003	   -1.940144e+001
+1.619448e+003	   -2.095584e+001
+1.622143e+003	   -3.317848e+001
+1.624842e+003	   -1.926941e+001
+1.627545e+003	   -1.925737e+001
+1.630253e+003	   -1.894071e+001
+1.632965e+003	   -1.956950e+001
+1.635682e+003	   -2.857381e+001
+1.638403e+003	   -2.398652e+001
+1.641129e+003	   -2.465402e+001
+1.643860e+003	   -2.607514e+001
+1.646595e+003	   -2.935171e+001
+1.649334e+003	   -2.603584e+001
+1.652078e+003	   -4.183396e+001
+1.654827e+003	   -2.508099e+001
+1.657580e+003	   -2.318416e+001
+1.660338e+003	   -2.185235e+001
+1.663100e+003	   -1.504253e+001
+1.665867e+003	   -2.249690e+001
+1.668639e+003	   -3.017444e+001
+1.671415e+003	   -1.872620e+001
+1.674196e+003	   -3.028387e+001
+1.676981e+003	   -1.572207e+001
+1.679771e+003	   -3.853872e+001
+1.682566e+003	   -1.853119e+001
+1.685365e+003	   -3.523254e+001
+1.688169e+003	   -1.934223e+001
+1.690978e+003	   -2.530548e+001
+1.693792e+003	   -2.847094e+001
+1.696609e+003	   -2.377154e+001
+1.699432e+003	   -1.837365e+001
+1.702260e+003	   -3.452190e+001
+1.705092e+003	   -3.015951e+001
+1.707929e+003	   -2.189076e+001
+1.710770e+003	   -2.424119e+001
+1.713616e+003	   -1.727010e+001
+1.716468e+003	   -1.456000e+001
+1.719323e+003	   -1.811079e+001
+1.722184e+003	   -2.123990e+001
+1.725049e+003	   -2.167990e+001
+1.727919e+003	   -3.043635e+001
+1.730794e+003	   -2.359927e+001
+1.733674e+003	   -1.731488e+001
+1.736558e+003	   -1.973950e+001
+1.739447e+003	   -2.252205e+001
+1.742341e+003	   -2.056611e+001
+1.745240e+003	   -1.654041e+001
+1.748144e+003	   -1.792639e+001
+1.751052e+003	   -2.002928e+001
+1.753965e+003	   -2.532851e+001
+1.756884e+003	   -1.927861e+001
+1.759807e+003	   -1.609610e+001
+1.762734e+003	   -2.288772e+001
+1.765667e+003	   -2.241938e+001
+1.768605e+003	   -2.066933e+001
+1.771547e+003	   -2.163997e+001
+1.774495e+003	   -1.868586e+001
+1.777447e+003	   -2.642953e+001
+1.780404e+003	   -2.042197e+001
+1.783366e+003	   -2.083872e+001
+1.786333e+003	   -2.233789e+001
+1.789305e+003	   -1.721847e+001
+1.792282e+003	   -2.287720e+001
+1.795264e+003	   -2.416244e+001
+1.798251e+003	   -1.739971e+001
+1.801243e+003	   -3.497940e+001
+1.804240e+003	   -2.582915e+001
+1.807242e+003	   -1.554379e+001
+1.810248e+003	   -2.293104e+001
+1.813260e+003	   -3.444040e+001
+1.816277e+003	   -2.096172e+001
+1.819299e+003	   -2.531297e+001
+1.822326e+003	   -2.951891e+001
+1.825358e+003	   -2.343185e+001
+1.828395e+003	   -2.940698e+001
+1.831436e+003	   -1.590569e+001
+1.834484e+003	   -2.718418e+001
+1.837536e+003	   -3.595396e+001
+1.840593e+003	   -3.536437e+001
+1.843655e+003	   -2.760222e+001
+1.846722e+003	   -2.529798e+001
+1.849795e+003	   -4.708531e+001
+1.852873e+003	   -2.617329e+001
+1.855955e+003	   -2.800056e+001
+1.859043e+003	   -2.355112e+001
+1.862136e+003	   -3.115206e+001
+1.865234e+003	   -3.516903e+001
+1.868338e+003	   -2.355133e+001
+1.871446e+003	   -3.462337e+001
+1.874560e+003	   -2.014037e+001
+1.877678e+003	   -3.383217e+001
+1.880802e+003	   -2.868130e+001
+1.883932e+003	   -2.507005e+001
+1.887066e+003	   -2.545750e+001
+1.890205e+003	   -3.054409e+001
+1.893350e+003	   -2.787699e+001
+1.896500e+003	   -2.227253e+001
+1.899656e+003	   -2.526171e+001
+1.902816e+003	   -2.621181e+001
+1.905982e+003	   -2.256952e+001
+1.909153e+003	   -2.520976e+001
+1.912329e+003	   -2.921213e+001
+1.915511e+003	   -2.003535e+001
+1.918698e+003	   -3.166355e+001
+1.921890e+003	   -3.223637e+001
+1.925088e+003	   -2.634233e+001
+1.928291e+003	   -2.800852e+001
+1.931499e+003	   -3.157133e+001
+1.934712e+003	   -2.628816e+001
+1.937931e+003	   -3.909091e+001
+1.941155e+003	   -2.401646e+001
+1.944385e+003	   -2.632074e+001
+1.947620e+003	   -2.877120e+001
+1.950860e+003	   -2.436495e+001
+1.954106e+003	   -2.200022e+001
+1.957357e+003	   -3.413162e+001
+1.960614e+003	   -2.464493e+001
+1.963876e+003	   -2.864636e+001
+1.967143e+003	   -2.836781e+001
+1.970416e+003	   -2.327929e+001
+1.973694e+003	   -2.345572e+001
+1.976978e+003	   -2.452491e+001
+1.980267e+003	   -2.529051e+001
+1.983562e+003	   -3.740118e+001
+1.986862e+003	   -1.940423e+001
+1.990167e+003	   -2.239313e+001
+1.993479e+003	   -2.565015e+001
+1.996795e+003	   -4.347900e+001
+2.000117e+003	   -2.488972e+001
+2.003445e+003	   -3.961277e+001
+2.006778e+003	   -2.993696e+001
+2.010117e+003	   -2.800442e+001
+2.013462e+003	   -2.716456e+001
+2.016811e+003	   -2.073597e+001
+2.020167e+003	   -2.426935e+001
+2.023528e+003	   -2.969303e+001
+2.026895e+003	   -2.376612e+001
+2.030267e+003	   -3.080498e+001
+2.033645e+003	   -2.995496e+001
+2.037028e+003	   -2.531442e+001
+2.040417e+003	   -2.406555e+001
+2.043812e+003	   -2.193631e+001
+2.047212e+003	   -2.677886e+001
+2.050618e+003	   -2.451587e+001
+2.054030e+003	   -2.716164e+001
+2.057448e+003	   -2.863447e+001
+2.060871e+003	   -2.526352e+001
+2.064299e+003	   -2.705087e+001
+2.067734e+003	   -2.891160e+001
+2.071174e+003	   -3.195002e+001
+2.074620e+003	   -2.334635e+001
+2.078072e+003	   -2.862543e+001
+2.081529e+003	   -2.198738e+001
+2.084992e+003	   -2.849928e+001
+2.088461e+003	   -2.575995e+001
+2.091936e+003	   -2.168501e+001
+2.095416e+003	   -3.924100e+001
+2.098902e+003	   -3.620151e+001
+2.102394e+003	   -2.758885e+001
+2.105892e+003	   -2.959237e+001
+2.109396e+003	   -2.184848e+001
+2.112905e+003	   -1.853952e+001
+2.116421e+003	   -2.891113e+001
+2.119942e+003	   -2.975822e+001
+2.123469e+003	   -2.514962e+001
+2.127002e+003	   -2.215429e+001
+2.130541e+003	   -2.433953e+001
+2.134085e+003	   -2.541693e+001
+2.137636e+003	   -2.897271e+001
+2.141192e+003	   -2.267273e+001
+2.144755e+003	   -2.083370e+001
+2.148323e+003	   -2.261098e+001
+2.151897e+003	   -2.864001e+001
+2.155478e+003	   -3.120885e+001
+2.159064e+003	   -2.389036e+001
+2.162656e+003	   -2.358897e+001
+2.166254e+003	   -3.149284e+001
+2.169858e+003	   -2.761409e+001
+2.173468e+003	   -2.415992e+001
+2.177084e+003	   -2.688307e+001
+2.180706e+003	   -1.819867e+001
+2.184334e+003	   -1.947875e+001
+2.187969e+003	   -2.226825e+001
+2.191609e+003	   -2.148078e+001
+2.195255e+003	   -2.815374e+001
+2.198907e+003	   -2.509411e+001
+2.202566e+003	   -3.157813e+001
+2.206230e+003	   -3.227213e+001
+2.209901e+003	   -2.593546e+001
+2.213578e+003	   -3.316246e+001
+2.217261e+003	   -2.693780e+001
+2.220950e+003	   -1.985946e+001
+2.224645e+003	   -2.354006e+001
+2.228346e+003	   -2.246503e+001
+2.232053e+003	   -2.212068e+001
+2.235767e+003	   -2.302801e+001
+2.239487e+003	   -1.854805e+001
+2.243213e+003	   -3.411614e+001
+2.246945e+003	   -2.218428e+001
+2.250683e+003	   -2.015594e+001
+2.254428e+003	   -1.970890e+001
+2.258178e+003	   -3.215987e+001
+2.261936e+003	   -2.217029e+001
+2.265699e+003	   -2.367591e+001
+2.269468e+003	   -2.316551e+001
+2.273244e+003	   -1.734815e+001
+2.277026e+003	   -2.420886e+001
+2.280815e+003	   -1.996577e+001
+2.284609e+003	   -1.765455e+001
+2.288410e+003	   -1.559200e+001
+2.292218e+003	   -1.826139e+001
+2.296031e+003	   -1.470212e+001
+2.299851e+003	   -1.646149e+001
+2.303678e+003	   -2.258826e+001
+2.307510e+003	   -2.317472e+001
+2.311350e+003	   -2.346235e+001
+2.315195e+003	   -2.110185e+001
+2.319047e+003	   -1.555465e+001
+2.322905e+003	   -1.623410e+001
+2.326770e+003	   -1.236089e+001
+2.330641e+003	   -1.410567e+001
+2.334519e+003	   -1.970007e+001
+2.338403e+003	   -1.652859e+001
+2.342293e+003	   -1.290670e+001
+2.346190e+003	   -1.456766e+001
+2.350094e+003	   -1.650385e+001
+2.354004e+003	   -1.409989e+001
+2.357920e+003	   -1.660269e+001
+2.361843e+003	   -1.595043e+001
+2.365773e+003	   -1.465793e+001
+2.369709e+003	   -1.626406e+001
+2.373651e+003	   -1.359183e+001
+2.377601e+003	   -1.427524e+001
+2.381556e+003	   -1.413500e+001
+2.385519e+003	   -1.797929e+001
+2.389488e+003	   -1.145231e+001
+2.393463e+003	   -8.328166e+000
+2.397445e+003	   -1.884199e+001
+2.401434e+003	   -1.654924e+001
+2.405429e+003	   -2.143305e+001
+2.409431e+003	   -2.369765e+001
+2.413440e+003	   -1.562765e+001
+2.417455e+003	   -1.596865e+001
+2.421477e+003	   -1.903681e+001
+2.425506e+003	   -1.954486e+001
+2.429542e+003	   -2.189133e+001
+2.433583e+003	   -1.706656e+001
+2.437633e+003	   -1.953167e+001
+2.441688e+003	   -1.654450e+001
+2.445750e+003	   -2.281831e+001
+2.449820e+003	   -1.838521e+001
+2.453896e+003	   -1.890149e+001
+2.457978e+003	   -1.917809e+001
+2.462068e+003	   -1.696862e+001
+2.466164e+003	   -2.503711e+001
+2.470267e+003	   -1.658462e+001
+2.474377e+003	   -1.886044e+001
+2.478493e+003	   -1.753262e+001
+2.482617e+003	   -1.823274e+001
+2.486748e+003	   -1.672732e+001
+2.490885e+003	   -1.634442e+001
+2.495029e+003	   -1.638135e+001
+2.499180e+003	   -1.394573e+001
+2.503338e+003	   -1.506468e+001
+2.507503e+003	   -1.722979e+001
+2.511675e+003	   -1.397677e+001
+2.515854e+003	   -1.449182e+001
+2.520040e+003	   -1.563326e+001
+2.524232e+003	   -1.986575e+001
+2.528432e+003	   -1.386510e+001
+2.532638e+003	   -1.651775e+001
+2.536852e+003	   -1.566131e+001
+2.541073e+003	   -1.438839e+001
+2.545301e+003	   -2.022414e+001
+2.549535e+003	   -1.766934e+001
+2.553777e+003	   -1.505209e+001
+2.558026e+003	   -1.722823e+001
+2.562282e+003	   -1.378406e+001
+2.566545e+003	   -1.449233e+001
+2.570815e+003	   -1.790296e+001
+2.575092e+003	   -1.189793e+001
+2.579376e+003	   -1.183646e+001
+2.583668e+003	   -1.338148e+001
+2.587966e+003	   -1.348243e+001
+2.592272e+003	   -2.139350e+001
+2.596585e+003	   -1.627089e+001
+2.600905e+003	   -1.545988e+001
+2.605232e+003	   -1.224625e+001
+2.609567e+003	   -1.258862e+001
+2.613908e+003	   -1.094269e+001
+2.618257e+003	   -1.700178e+001
+2.622613e+003	   -1.671298e+001
+2.626977e+003	   -1.302683e+001
+2.631347e+003	   -1.374065e+001
+2.635725e+003	   -1.364930e+001
+2.640110e+003	   -1.453068e+001
+2.644503e+003	   -1.141892e+001
+2.648903e+003	   -1.231349e+001
+2.653310e+003	   -1.071688e+001
+2.657724e+003	   -9.490343e+000
+2.662146e+003	   -1.267585e+001
+2.666575e+003	   -1.228959e+001
+2.671012e+003	   -1.365758e+001
+2.675456e+003	   -1.129923e+001
+2.679907e+003	   -1.164336e+001
+2.684365e+003	   -1.093975e+001
+2.688832e+003	   -1.296180e+001
+2.693305e+003	   -1.265243e+001
+2.697786e+003	   -1.795739e+001
+2.702275e+003	   -1.269656e+001
+2.706771e+003	   -1.143019e+001
+2.711274e+003	   -1.268456e+001
+2.715785e+003	   -1.319420e+001
+2.720303e+003	   -1.206330e+001
+2.724829e+003	   -1.281465e+001
+2.729363e+003	   -1.222742e+001
+2.733903e+003	   -1.207796e+001
+2.738452e+003	   -1.051682e+001
+2.743008e+003	   -9.064759e+000
+2.747572e+003	   -9.205677e+000
+2.752143e+003	   -7.743422e+000
+2.756722e+003	   -8.310445e+000
+2.761308e+003	   -5.929904e+000
+2.765902e+003	   -4.924137e+000
+2.770504e+003	   -9.961432e+000
+2.775114e+003	   -1.390680e+001
+2.779731e+003	   -5.616505e+000
+2.784355e+003	   -9.843991e+000
+2.788988e+003	   -9.502201e+000
+2.793628e+003	   -7.775097e+000
+2.798276e+003	   -1.086020e+001
+2.802932e+003	   -7.402944e+000
+2.807595e+003	   -5.905904e+000
+2.812266e+003	   -5.641529e+000
+2.816945e+003	   -9.112776e+000
+2.821632e+003	   -1.327311e+001
+2.826326e+003	   -9.887485e+000
+2.831029e+003	   -7.812644e+000
+2.835739e+003	   -8.963567e+000
+2.840457e+003	   -1.185966e+001
+2.845182e+003	   -1.051444e+001
+2.849916e+003	   -1.045814e+001
+2.854657e+003	   -1.278114e+001
+2.859407e+003	   -9.671467e+000
+2.864164e+003	   -1.209963e+001
+2.868929e+003	   -1.019669e+001
+2.873703e+003	   -1.168702e+001
+2.878484e+003	   -1.522914e+001
+2.883273e+003	   -9.959148e+000
+2.888070e+003	   -9.794291e+000
+2.892875e+003	   -1.287365e+001
+2.897688e+003	   -1.197004e+001
+2.902509e+003	   -1.349668e+001
+2.907338e+003	   -1.436498e+001
+2.912175e+003	   -1.172779e+001
+2.917020e+003	   -1.030540e+001
+2.921873e+003	   -1.541873e+001
+2.926735e+003	   -1.157289e+001
+2.931604e+003	   -1.214713e+001
+2.936481e+003	   -1.693065e+001
+2.941367e+003	   -1.033838e+001
+2.946261e+003	   -1.407089e+001
+2.951163e+003	   -1.656429e+001
+2.956073e+003	   -1.048323e+001
+2.960991e+003	   -1.329728e+001
+2.965917e+003	   -9.753904e+000
+2.970852e+003	   -6.740995e+000
+2.975794e+003	   -8.298619e+000
+2.980745e+003	   -6.859078e+000
+2.985704e+003	   -8.482199e+000
+2.990672e+003	   -7.542578e+000
+2.995648e+003	   -6.421206e+000
+3.000632e+003	   -1.093254e+001
+3.005624e+003	   -6.604859e+000
+3.010625e+003	   -6.297984e+000
+3.015634e+003	   -8.459372e+000
+3.020651e+003	   -8.314694e+000
+3.025676e+003	   -6.256178e+000
+3.030710e+003	   -7.743922e+000
+3.035753e+003	   -1.619264e+000
+3.040803e+003	   -4.364757e+000
+3.045863e+003	   -3.832867e+000
+3.050930e+003	   +3.420061e-001
+3.056006e+003	   +2.032860e+000
+3.061090e+003	   +9.148104e-001
+3.066183e+003	   +2.416575e+000
+3.071285e+003	   +3.803272e+000
+3.076395e+003	   +2.210756e+000
+3.081513e+003	   +4.105075e+000
+3.086640e+003	   -2.170463e+000
+3.091775e+003	   +4.232034e+000
+3.096919e+003	   +2.795061e+000
+3.102072e+003	   +1.371961e+000
+3.107232e+003	   +3.862831e-001
+3.112402e+003	   +8.230237e-001
+3.117580e+003	   +1.933721e+000
+3.122767e+003	   -1.117413e-001
+3.127963e+003	   -1.934892e-001
+3.133167e+003	   -1.560725e+000
+3.138380e+003	   -3.531266e+000
+3.143601e+003	   -4.362499e+000
+3.148831e+003	   -1.037560e+000
+3.154070e+003	   -1.787371e+000
+3.159318e+003	   -2.172100e+000
+3.164574e+003	   -2.680678e+000
+3.169839e+003	   -1.953964e+000
+3.175113e+003	   -4.100911e+000
+3.180396e+003	   -2.458713e+000
+3.185687e+003	   -7.876780e+000
+3.190987e+003	   -2.812463e+000
+3.196296e+003	   -5.713891e+000
+3.201614e+003	   -1.073407e+001
+3.206940e+003	   -2.932064e+000
+3.212276e+003	   -4.266596e+000
+3.217621e+003	   -6.716819e+000
+3.222974e+003	   -6.285869e+000
+3.228336e+003	   -3.558437e+000
+3.233707e+003	   -1.037892e+001
+3.239087e+003	   -5.374112e+000
+3.244476e+003	   -5.307470e+000
+3.249874e+003	   -7.522448e+000
+3.255281e+003	   -6.290287e+000
+3.260697e+003	   -7.548938e+000
+3.266122e+003	   -1.101049e+001
+3.271556e+003	   -5.619774e+000
+3.276999e+003	   -5.252677e+000
+3.282451e+003	   -6.046844e+000
+3.287912e+003	   -1.294025e+001
+3.293383e+003	   -8.316334e+000
+3.298862e+003	   -3.360512e+000
+3.304351e+003	   -1.120721e+001
+3.309848e+003	   -5.998645e+000
+3.315355e+003	   -6.702672e+000
+3.320871e+003	   -4.702862e+000
+3.326396e+003	   -8.717542e+000
+3.331930e+003	   -4.652709e+000
+3.337474e+003	   -7.455674e+000
+3.343026e+003	   -8.413913e+000
+3.348588e+003	   -5.689974e+000
+3.354159e+003	   -8.273569e+000
+3.359740e+003	   -1.759775e+001
+3.365330e+003	   -1.277748e+001
+3.370929e+003	   -6.534348e+000
+3.376537e+003	   -6.403703e+000
+3.382155e+003	   -6.260674e+000
+3.387782e+003	   -9.696616e+000
+3.393418e+003	   -1.011352e+001
+3.399064e+003	   -7.512708e+000
+3.404719e+003	   -1.777899e+001
+3.410384e+003	   -1.152665e+001
+3.416058e+003	   -2.762274e+001
+3.421741e+003	   -1.344130e+001
+3.427434e+003	   -1.115830e+001
+3.433137e+003	   -7.457108e+000
+3.438849e+003	   -1.032358e+001
+3.444570e+003	   -5.788442e+000
+3.450301e+003	   -1.188338e+001
+3.456041e+003	   -6.823729e+000
+3.461791e+003	   -9.695658e+000
+3.467551e+003	   -6.775077e+000
+3.473320e+003	   -9.981405e+000
+3.479099e+003	   -6.078351e+000
+3.484887e+003	   -2.177440e+000
+3.490685e+003	   -7.017426e+000
+3.496492e+003	   -6.667866e+000
+3.502310e+003	   -5.426705e+000
+3.508137e+003	   -9.574923e+000
+3.513973e+003	   +3.939660e-001
+3.519820e+003	   -2.557384e+000
+3.525676e+003	   -1.468955e+001
+3.531542e+003	   -1.519038e+000
+3.537417e+003	   -7.239168e+000
+3.543303e+003	   -2.612795e+000
+3.549198e+003	   -2.615312e+001
+3.555103e+003	   -1.393882e+001
+3.561018e+003	   -1.778851e+001
+3.566942e+003	   -6.669878e+000
+3.572877e+003	   -1.195888e+001
+3.578821e+003	   -1.818876e+001
+3.584775e+003	   -1.169777e+001
+3.590740e+003	   -9.219293e+000
+3.596714e+003	   -1.584661e+001
+3.602698e+003	   -6.082710e+000
+3.608691e+003	   -1.003342e+001
+3.614696e+003	   -6.869332e+000
+3.620709e+003	   -4.625036e+000
+3.626733e+003	   -8.643934e+000
+3.632767e+003	   -4.510806e+000
+3.638811e+003	   -1.420224e+001
+3.644865e+003	   -2.862329e+001
+3.650929e+003	   -1.352669e+001
+3.657004e+003	   -4.843360e+000
+3.663088e+003	   -1.051560e+001
+3.669183e+003	   -8.361567e+000
+3.675287e+003	   -9.961304e+000
+3.681402e+003	   -7.923641e+000
+3.687527e+003	   -1.753687e+001
+3.693662e+003	   -8.419804e+000
+3.699807e+003	   -1.326526e+001
+3.705963e+003	   -1.847579e+001
+3.712128e+003	   -1.050317e+001
+3.718305e+003	   -1.002415e+001
+3.724491e+003	   -8.323322e+000
+3.730688e+003	   -9.454847e+000
+3.736895e+003	   -1.109616e+001
+3.743112e+003	   -6.197625e+000
+3.749339e+003	   -1.225777e+001
+3.755577e+003	   -1.266179e+001
+3.761825e+003	   -8.931131e+000
+3.768084e+003	   -9.877546e+000
+3.774354e+003	   -1.304432e+001
+3.780633e+003	   -1.228515e+001
+3.786923e+003	   -1.337932e+001
+3.793223e+003	   -1.563480e+001
+3.799534e+003	   -9.853225e+000
+3.805856e+003	   -1.053187e+001
+3.812188e+003	   -1.024157e+001
+3.818530e+003	   -1.099948e+001
+3.824884e+003	   -8.696983e+000
+3.831247e+003	   -1.020520e+001
+3.837621e+003	   -1.127834e+001
+3.844006e+003	   -1.421174e+001
+3.850402e+003	   -2.049850e+001
+3.856808e+003	   -9.642947e+000
+3.863224e+003	   -1.420116e+001
+3.869652e+003	   -1.613428e+001
+3.876090e+003	   -1.141382e+001
+3.882539e+003	   -1.852528e+001
+3.888998e+003	   -1.176024e+001
+3.895469e+003	   -1.872614e+001
+3.901950e+003	   -2.401786e+001
+3.908442e+003	   -1.812524e+001
+3.914944e+003	   -2.176484e+001
+3.921458e+003	   -1.639547e+001
+3.927982e+003	   -1.370360e+001
+3.934517e+003	   -1.265335e+001
+3.941063e+003	   -1.170608e+001
+3.947620e+003	   -1.235264e+001
+3.954188e+003	   -1.347837e+001
+3.960767e+003	   -1.201598e+001
+3.967356e+003	   -1.211427e+001
+3.973957e+003	   -1.674427e+001
+3.980569e+003	   -1.275012e+001
+3.987192e+003	   -1.243392e+001
+3.993825e+003	   -1.445713e+001
+4.000470e+003	   -1.239810e+001
+4.007126e+003	   -1.561781e+001
+4.013792e+003	   -1.306384e+001
+4.020470e+003	   -1.007988e+001
+4.027159e+003	   -9.830220e+000
+4.033860e+003	   -1.435503e+001
+4.040571e+003	   -1.275861e+001
+4.047293e+003	   -1.163095e+001
+4.054027e+003	   -1.333145e+001
+4.060772e+003	   -1.499825e+001
+4.067528e+003	   -1.223741e+001
+4.074295e+003	   -1.197512e+001
+4.081074e+003	   -1.431177e+001
+4.087864e+003	   -1.182625e+001
+4.094665e+003	   -1.507624e+001
+4.101478e+003	   -1.462184e+001
+4.108301e+003	   -1.213188e+001
+4.115137e+003	   -1.535715e+001
+4.121983e+003	   -1.847859e+001
+4.128841e+003	   -1.629107e+001
+4.135710e+003	   -1.892545e+001
+4.142591e+003	   -1.387152e+001
+4.149483e+003	   -1.513186e+001
+4.156387e+003	   -1.699902e+001
+4.163302e+003	   -1.056939e+001
+4.170229e+003	   -1.782488e+001
+4.177167e+003	   -1.207889e+001
+4.184117e+003	   -1.643707e+001
+4.191078e+003	   -1.732576e+001
+4.198051e+003	   -1.599929e+001
+4.205036e+003	   -1.331715e+001
+4.212032e+003	   -1.339697e+001
+4.219040e+003	   -1.144529e+001
+4.226059e+003	   -1.118223e+001
+4.233090e+003	   -1.420389e+001
+4.240133e+003	   -1.208781e+001
+4.247188e+003	   -1.352838e+001
+4.254253e+003	   -1.364162e+001
+4.261332e+003	   -1.514766e+001
+4.268421e+003	   -1.375641e+001
+4.275523e+003	   -1.482412e+001
+4.282636e+003	   -1.102535e+001
+4.289762e+003	   -1.420367e+001
+4.296898e+003	   -1.293806e+001
+4.304047e+003	   -1.380440e+001
+4.311208e+003	   -1.364506e+001
+4.318381e+003	   -1.435396e+001
+4.325566e+003	   -1.207703e+001
+4.332763e+003	   -1.387335e+001
+4.339971e+003	   -1.472521e+001
+4.347192e+003	   -1.627084e+001
+4.354424e+003	   -1.738796e+001
+4.361669e+003	   -1.567977e+001
+4.368926e+003	   -1.541284e+001
+4.376194e+003	   -1.182971e+001
+4.383476e+003	   -1.240244e+001
+4.390769e+003	   -1.274932e+001
+4.398074e+003	   -1.350639e+001
+4.405391e+003	   -1.745763e+001
+4.412720e+003	   -1.587617e+001
+4.420062e+003	   -1.343983e+001
+4.427416e+003	   -1.575031e+001
+4.434782e+003	   -1.362869e+001
+4.442160e+003	   -1.377285e+001
+4.449551e+003	   -1.270747e+001
+4.456954e+003	   -1.176076e+001
+4.464369e+003	   -1.108827e+001
+4.471796e+003	   -1.272301e+001
+4.479236e+003	   -1.625702e+001
+4.486689e+003	   -1.336761e+001
+4.494153e+003	   -1.178710e+001
+4.501631e+003	   -1.265242e+001
+4.509120e+003	   -1.309268e+001
+4.516622e+003	   -1.243684e+001
+4.524137e+003	   -1.522201e+001
+4.531664e+003	   -1.614621e+001
+4.539203e+003	   -1.269677e+001
+4.546755e+003	   -1.323726e+001
+4.554320e+003	   -1.271502e+001
+4.561897e+003	   -1.396213e+001
+4.569487e+003	   -1.305189e+001
+4.577090e+003	   -1.270284e+001
+4.584705e+003	   -1.415424e+001
+4.592333e+003	   -1.025258e+001
+4.599973e+003	   -1.188058e+001
+4.607626e+003	   -1.416549e+001
+4.615292e+003	   -1.414238e+001
+4.622971e+003	   -1.400823e+001
+4.630662e+003	   -1.174766e+001
+4.638367e+003	   -1.116386e+001
+4.646083e+003	   -1.240203e+001
+4.653813e+003	   -1.290398e+001
+4.661556e+003	   -1.454082e+001
+4.669312e+003	   -1.290112e+001
+4.677081e+003	   -1.435175e+001
+4.684862e+003	   -1.532428e+001
+4.692656e+003	   -1.223177e+001
+4.700464e+003	   -1.071317e+001
+4.708284e+003	   -1.486764e+001
+4.716118e+003	   -1.688737e+001
+4.723964e+003	   -1.708904e+001
+4.731823e+003	   -1.604512e+001
+4.739696e+003	   -1.417937e+001
+4.747582e+003	   -1.323164e+001
+4.755480e+003	   -1.195181e+001
+4.763392e+003	   -1.560641e+001
+4.771317e+003	   -1.759334e+001
+4.779256e+003	   -1.758223e+001
+4.787207e+003	   -1.579114e+001
+4.795172e+003	   -1.315259e+001
+4.803150e+003	   -1.274601e+001
+4.811141e+003	   -1.424093e+001
+4.819146e+003	   -1.508965e+001
+4.827164e+003	   -1.220103e+001
+4.835194e+003	   -1.141311e+001
+4.843239e+003	   -1.320372e+001
+4.851297e+003	   -1.213923e+001
+4.859368e+003	   -1.111954e+001
+4.867453e+003	   -1.163743e+001
+4.875551e+003	   -1.261894e+001
+4.883663e+003	   -1.243555e+001
+4.891788e+003	   -1.306162e+001
+4.899927e+003	   -1.165009e+001
+4.908079e+003	   -1.486238e+001
+4.916245e+003	   -1.553682e+001
+4.924424e+003	   -1.444968e+001
+4.932617e+003	   -1.364221e+001
+4.940824e+003	   -1.476895e+001
+4.949044e+003	   -1.657252e+001
+4.957278e+003	   -1.515595e+001
+4.965526e+003	   -1.462823e+001
+4.973787e+003	   -1.354078e+001
+4.982063e+003	   -1.629715e+001
+4.990351e+003	   -1.468831e+001
+4.998654e+003	   -1.560596e+001
+5.006970e+003	   -1.301259e+001
+5.015301e+003	   -1.251374e+001
+5.023645e+003	   -1.317313e+001
+5.032003e+003	   -1.144979e+001
+5.040375e+003	   -1.248507e+001
+5.048761e+003	   -1.379035e+001
+5.057161e+003	   -1.284523e+001
+5.065575e+003	   -1.181601e+001
+5.074002e+003	   -1.275571e+001
+5.082444e+003	   -1.351462e+001
+5.090900e+003	   -1.476662e+001
+5.099370e+003	   -1.393873e+001
+5.107854e+003	   -1.358165e+001
+5.116353e+003	   -1.370912e+001
+5.124865e+003	   -1.244712e+001
+5.133391e+003	   -1.409223e+001
+5.141932e+003	   -1.302067e+001
+5.150487e+003	   -1.133350e+001
+5.159056e+003	   -1.227236e+001
+5.167639e+003	   -1.417898e+001
+5.176237e+003	   -1.158056e+001
+5.184849e+003	   -1.211774e+001
+5.193475e+003	   -1.163156e+001
+5.202116e+003	   -1.274123e+001
+5.210771e+003	   -1.106359e+001
+5.219440e+003	   -1.252211e+001
+5.228124e+003	   -1.374045e+001
+5.236822e+003	   -1.193967e+001
+5.245535e+003	   -1.142346e+001
+5.254262e+003	   -1.295502e+001
+5.263004e+003	   -1.141618e+001
+5.271760e+003	   -1.184115e+001
+5.280531e+003	   -1.211183e+001
+5.289316e+003	   -1.300296e+001
+5.298117e+003	   -1.272171e+001
+5.306931e+003	   -1.359636e+001
+5.315761e+003	   -1.325528e+001
+5.324605e+003	   -1.302861e+001
+5.333463e+003	   -1.415439e+001
+5.342337e+003	   -1.237715e+001
+5.351226e+003	   -1.188860e+001
+5.360128e+003	   -1.236831e+001
+5.369046e+003	   -1.293029e+001
+5.377979e+003	   -1.259253e+001
+5.386927e+003	   -1.285475e+001
+5.395889e+003	   -1.219566e+001
+5.404867e+003	   -1.312636e+001
+5.413859e+003	   -1.268841e+001
+5.422866e+003	   -1.288221e+001
+5.431889e+003	   -1.242434e+001
+5.440926e+003	   -1.304328e+001
+5.449978e+003	   -1.197227e+001
+5.459045e+003	   -1.229260e+001
+5.468128e+003	   -1.316540e+001
+5.477226e+003	   -1.307035e+001
+5.486338e+003	   -1.249885e+001
+5.495466e+003	   -1.224994e+001
+5.504609e+003	   -1.261061e+001
+5.513768e+003	   -1.113767e+001
+5.522941e+003	   -1.151610e+001
+5.532130e+003	   -1.296126e+001
+5.541334e+003	   -1.230470e+001
+5.550553e+003	   -1.256642e+001
+5.559788e+003	   -1.293162e+001
+5.569038e+003	   -1.276065e+001
+5.578304e+003	   -1.097615e+001
+5.587584e+003	   -1.073079e+001
+5.596881e+003	   -1.245838e+001
+5.606192e+003	   -1.324789e+001
+5.615520e+003	   -1.335938e+001
+5.624863e+003	   -1.189844e+001
+5.634221e+003	   -1.191309e+001
+5.643595e+003	   -1.254072e+001
+5.652984e+003	   -1.290860e+001
+5.662390e+003	   -1.194490e+001
+5.671810e+003	   -1.230627e+001
+5.681247e+003	   -1.381776e+001
+5.690699e+003	   -1.296606e+001
+5.700167e+003	   -1.236874e+001
+5.709650e+003	   -1.274112e+001
+5.719150e+003	   -1.196297e+001
+5.728665e+003	   -1.143561e+001
+5.738196e+003	   -1.269874e+001
+5.747743e+003	   -1.239104e+001
+5.757306e+003	   -1.252414e+001
+5.766884e+003	   -1.263384e+001
+5.776479e+003	   -1.266397e+001
+5.786090e+003	   -1.256069e+001
+5.795716e+003	   -1.223689e+001
+5.805359e+003	   -1.225188e+001
+5.815018e+003	   -1.252741e+001
+5.824692e+003	   -1.265878e+001
+5.834383e+003	   -1.305069e+001
+5.844090e+003	   -1.268350e+001
+5.853813e+003	   -1.409250e+001
+5.863552e+003	   -1.321637e+001
+5.873308e+003	   -1.322193e+001
+5.883080e+003	   -1.316874e+001
+5.892868e+003	   -1.426541e+001
+5.902672e+003	   -1.351207e+001
+5.912492e+003	   -1.412789e+001
+5.922329e+003	   -1.561721e+001
+5.932183e+003	   -1.482223e+001
+5.942052e+003	   -1.368052e+001
+5.951938e+003	   -1.397674e+001
+5.961841e+003	   -1.262729e+001
+5.971760e+003	   -1.398922e+001
+5.981695e+003	   -1.467750e+001
+5.991647e+003	   -1.442997e+001
+6.001616e+003	   -1.289540e+001
+6.011601e+003	   -1.319235e+001
+6.021603e+003	   -1.408081e+001
+6.031621e+003	   -1.347259e+001
+6.041656e+003	   -1.252306e+001
+6.051708e+003	   -1.330281e+001
+6.061776e+003	   -1.326093e+001
+6.071862e+003	   -1.261437e+001
+6.081964e+003	   -1.252781e+001
+6.092083e+003	   -1.269651e+001
+6.102218e+003	   -1.217237e+001
+6.112371e+003	   -1.269165e+001
+6.122541e+003	   -1.313825e+001
+6.132727e+003	   -1.216098e+001
+6.142930e+003	   -1.196363e+001
+6.153150e+003	   -1.173080e+001
+6.163388e+003	   -1.190292e+001
+6.173642e+003	   -1.222302e+001
+6.183913e+003	   -1.098589e+001
+6.194202e+003	   -1.132290e+001
+6.204507e+003	   -1.168137e+001
+6.214830e+003	   -1.162861e+001
+6.225170e+003	   -1.134907e+001
+6.235527e+003	   -1.134133e+001
+6.245901e+003	   -1.183649e+001
+6.256293e+003	   -1.155423e+001
+6.266702e+003	   -1.121227e+001
+6.277128e+003	   -1.101557e+001
+6.287572e+003	   -1.080125e+001
+6.298033e+003	   -1.098195e+001
+6.308511e+003	   -1.059843e+001
+6.319007e+003	   -1.113561e+001
+6.329520e+003	   -9.948699e+000
+6.340051e+003	   -1.056166e+001
+6.350599e+003	   -1.038988e+001
+6.361165e+003	   -9.790451e+000
+6.371748e+003	   -8.889863e+000
+6.382349e+003	   -9.142497e+000
+6.392968e+003	   -6.741895e+000
+6.403604e+003	   -8.939236e+000
+6.414258e+003	   -8.825865e+000
+6.424930e+003	   -9.437779e+000
+6.435619e+003	   -7.383733e+000
+6.446326e+003	   -8.162779e+000
+6.457051e+003	   -8.275620e+000
+6.467794e+003	   -8.717418e+000
+6.478555e+003	   -8.791720e+000
+6.489333e+003	   -8.494004e+000
+6.500130e+003	   -8.796356e+000
+6.510945e+003	   -9.216020e+000
+6.521777e+003	   -9.868703e+000
+6.532628e+003	   -1.023710e+001
+6.543497e+003	   -1.026693e+001
+6.554383e+003	   -9.956827e+000
+6.565288e+003	   -9.913488e+000
+6.576211e+003	   -1.006054e+001
+6.587152e+003	   -9.959010e+000
+6.598112e+003	   -1.020599e+001
+6.609089e+003	   -9.363172e+000
+6.620085e+003	   -8.968184e+000
+6.631099e+003	   -8.906361e+000
+6.642132e+003	   -9.628365e+000
+6.653183e+003	   -9.112292e+000
+6.664252e+003	   -8.249462e+000
+6.675339e+003	   -8.531013e+000
+6.686445e+003	   -8.520947e+000
+6.697570e+003	   -7.932743e+000
+6.708713e+003	   -6.920488e+000
+6.719875e+003	   -8.479362e+000
+6.731055e+003	   -6.294743e+000
+6.742253e+003	   -7.254580e+000
+6.753471e+003	   -6.980925e+000
+6.764707e+003	   -6.999985e+000
+6.775962e+003	   -5.889406e+000
+6.787235e+003	   -6.513342e+000
+6.798527e+003	   -5.870434e+000
+6.809838e+003	   -5.630878e+000
+6.821168e+003	   -5.400723e+000
+6.832517e+003	   -5.295352e+000
+6.843885e+003	   -4.691000e+000
+6.855271e+003	   -4.086360e+000
+6.866677e+003	   -4.090374e+000
+6.878101e+003	   -4.124063e+000
+6.889544e+003	   -3.360214e+000
+6.901007e+003	   -2.847100e+000
+6.912488e+003	   -2.954982e+000
+6.923989e+003	   -2.996591e+000
+6.935509e+003	   -2.573286e+000
+6.947048e+003	   -1.879000e+000
+6.958606e+003	   -1.672424e+000
+6.970183e+003	   -1.348504e+000
+6.981780e+003	   -8.514963e-001
+6.993396e+003	   -5.142914e-001
+7.005031e+003	   +1.832496e-002
+7.016686e+003	   +2.865478e-001
+7.028359e+003	   +8.800004e-001
+7.040053e+003	   +1.433575e+000
+7.051766e+003	   +1.685551e+000
+7.063498e+003	   +2.177718e+000
+7.075250e+003	   +3.135235e+000
+7.087021e+003	   +3.413848e+000
+7.098813e+003	   +4.255923e+000
+7.110623e+003	   +4.973813e+000
+7.122454e+003	   +5.645482e+000
+7.134303e+003	   +6.218513e+000
+7.146173e+003	   +7.223394e+000
+7.158063e+003	   +7.745521e+000
+7.169972e+003	   +8.642601e+000
+7.181901e+003	   +9.253713e+000
+7.193850e+003	   +9.393981e+000
+7.205818e+003	   +9.571607e+000
+7.217807e+003	   +9.516267e+000
+7.229815e+003	   +9.614232e+000
+7.241844e+003	   +8.971673e+000
+7.253893e+003	   +8.202667e+000
+7.265961e+003	   +7.518304e+000
+7.278050e+003	   +6.750218e+000
+7.290159e+003	   +5.914557e+000
+7.302288e+003	   +4.830356e+000
+7.314437e+003	   +4.143908e+000
+7.326606e+003	   +3.662070e+000
+7.338796e+003	   +2.658780e+000
+7.351006e+003	   +2.001314e+000
+7.363236e+003	   +1.502436e+000
+7.375487e+003	   +7.590907e-001
+7.387758e+003	   +2.989561e-001
+7.400049e+003	   -6.774203e-002
+7.412361e+003	   -5.861534e-001
+7.424693e+003	   -1.020401e+000
+7.437046e+003	   -1.846212e+000
+7.449419e+003	   -1.742975e+000
+7.461813e+003	   -2.441034e+000
+7.474228e+003	   -3.479721e+000
+7.486663e+003	   -2.947940e+000
+7.499119e+003	   -3.605193e+000
+7.511596e+003	   -4.151313e+000
+7.524093e+003	   -4.576934e+000
+7.536611e+003	   -4.637777e+000
+7.549150e+003	   -5.730675e+000
+7.561710e+003	   -5.990776e+000
+7.574291e+003	   -6.080673e+000
+7.586893e+003	   -6.778288e+000
+7.599515e+003	   -6.683242e+000
+7.612159e+003	   -6.826849e+000
+7.624824e+003	   -6.835274e+000
+7.637509e+003	   -6.771476e+000
+7.650216e+003	   -7.320243e+000
+7.662944e+003	   -7.916915e+000
+7.675693e+003	   -8.317706e+000
+7.688464e+003	   -8.193739e+000
+7.701255e+003	   -8.275400e+000
+7.714068e+003	   -8.042286e+000
+7.726903e+003	   -8.711959e+000
+7.739758e+003	   -9.072988e+000
+7.752635e+003	   -9.499981e+000
+7.765534e+003	   -1.011191e+001
+7.778454e+003	   -1.047540e+001
+7.791395e+003	   -9.251566e+000
+7.804358e+003	   -9.697467e+000
+7.817342e+003	   -1.155082e+001
+7.830349e+003	   -9.908638e+000
+7.843376e+003	   -1.050404e+001
+7.856426e+003	   -9.466038e+000
+7.869497e+003	   -1.168373e+001
+7.882589e+003	   -1.068135e+001
+7.895704e+003	   -1.264000e+001
+7.908841e+003	   -1.213626e+001
+7.921999e+003	   -1.291977e+001
+7.935179e+003	   -1.221650e+001
+7.948381e+003	   -1.203391e+001
+7.961605e+003	   -1.384749e+001
+7.974852e+003	   -1.560739e+001
+7.988120e+003	   -1.630721e+001
+8.001410e+003	   -1.648764e+001
+8.014722e+003	   -1.790623e+001
+8.028057e+003	   -1.605487e+001
+8.041413e+003	   -1.574209e+001
+8.054792e+003	   -1.540059e+001
+8.068193e+003	   -1.720088e+001
+8.081617e+003	   -1.705293e+001
+8.095063e+003	   -1.714876e+001
+8.108531e+003	   -1.746847e+001
+8.122021e+003	   -1.503724e+001
+8.135534e+003	   -1.337768e+001
+8.149070e+003	   -1.320737e+001
+8.162627e+003	   -1.450660e+001
+8.176208e+003	   -1.302687e+001
+8.189811e+003	   -1.498710e+001
+8.203438e+003	   -1.383314e+001
+8.217086e+003	   -1.313943e+001
+8.230757e+003	   -1.269940e+001
+8.244450e+003	   -1.334364e+001
+8.258167e+003	   -1.523797e+001
+8.271906e+003	   -1.314909e+001
+8.285669e+003	   -1.451786e+001
+8.299454e+003	   -1.371652e+001
+8.313263e+003	   -1.366994e+001
+8.327094e+003	   -1.444287e+001
+8.340948e+003	   -1.702323e+001
+8.354825e+003	   -1.596875e+001
+8.368726e+003	   -1.557384e+001
+8.382648e+003	   -1.694053e+001
+8.396596e+003	   -1.656090e+001
+8.410565e+003	   -1.688097e+001
+8.424559e+003	   -1.745672e+001
+8.438574e+003	   -1.693765e+001
+8.452614e+003	   -1.708307e+001
+8.466678e+003	   -1.945181e+001
+8.480764e+003	   -1.743742e+001
+8.494874e+003	   -1.743983e+001
+8.509007e+003	   -1.839727e+001
+8.523164e+003	   -1.778379e+001
+8.537344e+003	   -1.907160e+001
+8.551548e+003	   -1.778713e+001
+8.565775e+003	   -1.820016e+001
+8.580027e+003	   -1.763772e+001
+8.594302e+003	   -1.971943e+001
+8.608601e+003	   -1.954657e+001
+8.622923e+003	   -2.074318e+001
+8.637270e+003	   -1.938170e+001
+8.651640e+003	   -2.185157e+001
+8.666034e+003	   -2.015401e+001
+8.680452e+003	   -1.908448e+001
+8.694895e+003	   -2.112743e+001
+8.709360e+003	   -2.041246e+001
+8.723851e+003	   -2.093938e+001
+8.738364e+003	   -2.039542e+001
+8.752903e+003	   -2.074751e+001
+8.767466e+003	   -1.973520e+001
+8.782053e+003	   -2.165998e+001
+8.796664e+003	   -2.566358e+001
+8.811299e+003	   -2.550002e+001
+8.825959e+003	   -2.391934e+001
+8.840643e+003	   -2.487750e+001
+8.855352e+003	   -2.373724e+001
+8.870085e+003	   -2.388917e+001
+8.884842e+003	   -2.417758e+001
+8.899624e+003	   -2.467894e+001
+8.914431e+003	   -2.614329e+001
+8.929263e+003	   -2.565173e+001
+8.944118e+003	   -2.428500e+001
+8.958999e+003	   -2.697543e+001
+8.973904e+003	   -2.359894e+001
+8.988835e+003	   -2.390700e+001
+9.003790e+003	   -2.255031e+001
+9.018771e+003	   -2.298844e+001
+9.033775e+003	   -2.416329e+001
+9.048805e+003	   -2.583718e+001
+9.063860e+003	   -2.611700e+001
+9.078940e+003	   -2.598473e+001
+9.094045e+003	   -2.320168e+001
+9.109175e+003	   -3.704459e+001
+9.124331e+003	   -2.780951e+001
+9.139511e+003	   -3.344009e+001
+9.154717e+003	   -2.973118e+001
+9.169948e+003	   -3.151175e+001
+9.185204e+003	   -2.887209e+001
+9.200486e+003	   -3.247269e+001
+9.215794e+003	   -2.942893e+001
+9.231126e+003	   -3.169644e+001
+9.246484e+003	   -2.767585e+001
+9.261868e+003	   -2.903610e+001
+9.277278e+003	   -2.780292e+001
+9.292713e+003	   -2.596329e+001
+9.308174e+003	   -2.758520e+001
+9.323660e+003	   -2.688161e+001
+9.339172e+003	   -2.819554e+001
+9.354710e+003	   -2.479581e+001
+9.370274e+003	   -2.855868e+001
+9.385864e+003	   -2.765330e+001
+9.401479e+003	   -2.969152e+001
+9.417121e+003	   -2.831754e+001
+9.432789e+003	   -2.745922e+001
+9.448482e+003	   -2.888709e+001
+9.464203e+003	   -2.822089e+001
+9.479949e+003	   -2.466137e+001
+9.495721e+003	   -2.746193e+001
+9.511520e+003	   -2.682257e+001
+9.527345e+003	   -3.592739e+001
+9.543195e+003	   -2.921225e+001
+9.559073e+003	   -3.324671e+001
+9.574977e+003	   -2.842969e+001
+9.590907e+003	   -2.451636e+001
+9.606864e+003	   -2.802993e+001
+9.622848e+003	   -2.241871e+001
+9.638857e+003	   -2.097090e+001
+9.654894e+003	   -3.021469e+001
+9.670957e+003	   -2.492755e+001
+9.687047e+003	   -2.658068e+001
+9.703164e+003	   -2.143774e+001
+9.719308e+003	   -2.198759e+001
+9.735479e+003	   -3.035827e+001
+9.751676e+003	   -2.602295e+001
+9.767899e+003	   -2.055912e+001
+9.784151e+003	   -2.091007e+001
+9.800430e+003	   -2.111337e+001
+9.816734e+003	   -2.323578e+001
+9.833067e+003	   -2.421470e+001
+9.849427e+003	   -2.361938e+001
+9.865814e+003	   -2.296623e+001
+9.882229e+003	   -2.022105e+001
+9.898670e+003	   -2.342029e+001
+9.915139e+003	   -3.184237e+001
+9.931635e+003	   -2.025702e+001
+9.948159e+003	   -2.099143e+001
+9.964710e+003	   -2.479454e+001
+9.981289e+003	   -2.353587e+001
+9.997895e+003	   -2.133279e+001
+1.001453e+004	   -2.267745e+001
+1.003119e+004	   -2.228967e+001
+1.004788e+004	   -2.778526e+001
+1.006460e+004	   -2.780078e+001
+1.008134e+004	   -2.220695e+001
+1.009812e+004	   -2.728675e+001
+1.011492e+004	   -2.553566e+001
+1.013174e+004	   -2.581986e+001
+1.014860e+004	   -2.770411e+001
+1.016549e+004	   -2.705623e+001
+1.018240e+004	   -2.861232e+001
+1.019934e+004	   -3.028157e+001
+1.021631e+004	   -2.936027e+001
+1.023331e+004	   -3.074642e+001
+1.025033e+004	   -2.908817e+001
+1.026739e+004	   -2.958400e+001
+1.028447e+004	   -3.028397e+001
+1.030158e+004	   -2.901188e+001
+1.031872e+004	   -2.937514e+001
+1.033589e+004	   -3.496097e+001
+1.035308e+004	   -3.048869e+001
+1.037031e+004	   -3.287132e+001
+1.038756e+004	   -3.025675e+001
+1.040484e+004	   -3.365717e+001
+1.042215e+004	   -3.415650e+001
+1.043949e+004	   -3.282328e+001
+1.045686e+004	   -3.218281e+001
+1.047426e+004	   -3.728350e+001
+1.049169e+004	   -3.949855e+001
+1.050914e+004	   -3.224104e+001
+1.052663e+004	   -3.604383e+001
+1.054414e+004	   -2.974036e+001
+1.056168e+004	   -4.058295e+001
+1.057925e+004	   -3.142883e+001
+1.059686e+004	   -3.875187e+001
+1.061449e+004	   -3.479203e+001
+1.063215e+004	   -3.276257e+001
+1.064983e+004	   -3.059602e+001
+1.066755e+004	   -3.152647e+001
+1.068530e+004	   -4.143100e+001
+1.070308e+004	   -3.510714e+001
+1.072089e+004	   -3.884894e+001
+1.073872e+004	   -3.073387e+001
+1.075659e+004	   -3.258966e+001
+1.077449e+004	   -2.979912e+001
+1.079241e+004	   -2.782223e+001
+1.081037e+004	   -3.209012e+001
+1.082835e+004	   -3.061719e+001
+1.084637e+004	   -2.889871e+001
+1.086442e+004	   -2.814618e+001
+1.088249e+004	   -2.974435e+001
+1.090060e+004	   -3.735762e+001
+1.091873e+004	   -3.045614e+001
+1.093690e+004	   -3.178832e+001
+1.095509e+004	   -3.401733e+001
+1.097332e+004	   -3.021280e+001
+1.099158e+004	   -3.503826e+001
+1.100987e+004	   -3.957682e+001
+1.102818e+004	   -3.055633e+001
+1.104653e+004	   -3.261103e+001
+1.106491e+004	   -3.196936e+001
+1.108332e+004	   -2.911749e+001
+1.110176e+004	   -3.440546e+001
+1.112023e+004	   -3.206618e+001
+1.113873e+004	   -3.274064e+001
+1.115726e+004	   -2.986420e+001
+1.117583e+004	   -3.204004e+001
+1.119442e+004	   -3.890926e+001
+1.121304e+004	   -3.062838e+001
+1.123170e+004	   -3.745155e+001
+1.125039e+004	   -3.229962e+001
+1.126910e+004	   -3.395992e+001
+1.128785e+004	   -3.624906e+001
+1.130663e+004	   -3.625275e+001
+1.132544e+004	   -3.647755e+001
+1.134429e+004	   -3.553238e+001
+1.136316e+004	   -3.074398e+001
+1.138207e+004	   -3.361319e+001
+1.140100e+004	   -3.126753e+001
+1.141997e+004	   -2.940949e+001
+1.143897e+004	   -3.375592e+001
+1.145800e+004	   -3.880610e+001
+1.147707e+004	   -3.532878e+001
+1.149616e+004	   -3.141573e+001
+1.151529e+004	   -4.495060e+001
+1.153445e+004	   -3.537641e+001
+1.155364e+004	   -3.400918e+001
+1.157286e+004	   -3.489227e+001
+1.159211e+004	   -3.289688e+001
+1.161140e+004	   -3.525475e+001
+1.163072e+004	   -3.828899e+001
+1.165007e+004	   -3.526943e+001
+1.166945e+004	   -3.800814e+001
+1.168887e+004	   -2.995078e+001
+1.170831e+004	   -2.903299e+001
+1.172779e+004	   -2.971068e+001
+1.174731e+004	   -3.475438e+001
+1.176685e+004	   -3.787486e+001
+1.178643e+004	   -3.763438e+001
+1.180604e+004	   -3.337336e+001
+1.182568e+004	   -3.220864e+001
+1.184535e+004	   -3.566790e+001
+1.186506e+004	   -3.171201e+001
+1.188480e+004	   -3.128939e+001
+1.190458e+004	   -3.450237e+001
+1.192438e+004	   -3.013500e+001
+1.194422e+004	   -3.200579e+001
+1.196409e+004	   -3.574609e+001
+1.198400e+004	   -3.799503e+001
+1.200394e+004	   -3.525814e+001
+1.202391e+004	   -3.757689e+001
+1.204391e+004	   -3.930154e+001
+1.206395e+004	   -3.978725e+001
+1.208402e+004	   -3.661171e+001
+1.210413e+004	   -3.473691e+001
+1.212427e+004	   -4.008420e+001
+1.214444e+004	   -3.201890e+001
+1.216464e+004	   -3.621524e+001
+1.218488e+004	   -3.579031e+001
+1.220515e+004	   -3.353003e+001
+1.222546e+004	   -3.472063e+001
+1.224580e+004	   -3.191050e+001
+1.226617e+004	   -3.758041e+001
+1.228658e+004	   -3.503733e+001
+1.230702e+004	   -4.722168e+001
+1.232750e+004	   -3.365770e+001
+1.234801e+004	   -3.011947e+001
+1.236855e+004	   -3.131801e+001
+1.238913e+004	   -3.815363e+001
+1.240974e+004	   -2.964014e+001
+1.243039e+004	   -3.182172e+001
+1.245107e+004	   -3.233430e+001
+1.247179e+004	   -3.191241e+001
+1.249254e+004	   -3.432275e+001
+1.251332e+004	   -2.935083e+001
+1.253414e+004	   -3.024478e+001
+1.255499e+004	   -3.391787e+001
+1.257588e+004	   -3.094776e+001
+1.259680e+004	   -3.309077e+001
+1.261776e+004	   -3.146320e+001
+1.263876e+004	   -3.196058e+001
+1.265978e+004	   -3.601376e+001
+1.268085e+004	   -2.893217e+001
+1.270194e+004	   -3.385715e+001
+1.272308e+004	   -3.136574e+001
+1.274424e+004	   -2.909319e+001
+1.276545e+004	   -3.020420e+001
+1.278669e+004	   -3.189236e+001
+1.280796e+004	   -3.479835e+001
+1.282927e+004	   -2.896111e+001
+1.285061e+004	   -3.835860e+001
+1.287199e+004	   -3.535370e+001
+1.289341e+004	   -3.382557e+001
+1.291486e+004	   -3.362709e+001
+1.293635e+004	   -3.453091e+001
+1.295787e+004	   -3.470725e+001
+1.297943e+004	   -3.139849e+001
+1.300102e+004	   -3.047251e+001
+1.302265e+004	   -3.039424e+001
+1.304432e+004	   -3.569387e+001
+1.306602e+004	   -3.145199e+001
+1.308776e+004	   -2.971078e+001
+1.310954e+004	   -3.329182e+001
+1.313135e+004	   -3.418367e+001
+1.315320e+004	   -3.138969e+001
+1.317508e+004	   -3.452669e+001
+1.319700e+004	   -3.278077e+001
+1.321896e+004	   -3.448561e+001
+1.324095e+004	   -2.852861e+001
+1.326298e+004	   -3.128090e+001
+1.328504e+004	   -3.296533e+001
+1.330715e+004	   -3.646790e+001
+1.332929e+004	   -3.222976e+001
+1.335146e+004	   -2.953337e+001
+1.337368e+004	   -3.368282e+001
+1.339593e+004	   -3.211385e+001
+1.341821e+004	   -2.960902e+001
+1.344054e+004	   -3.013081e+001
+1.346290e+004	   -2.635391e+001
+1.348530e+004	   -3.226004e+001
+1.350774e+004	   -3.190882e+001
+1.353021e+004	   -3.200143e+001
+1.355272e+004	   -2.990944e+001
+1.357527e+004	   -3.289705e+001
+1.359785e+004	   -2.974287e+001
+1.362048e+004	   -2.772630e+001
+1.364314e+004	   -3.280825e+001
+1.366584e+004	   -2.726296e+001
+1.368857e+004	   -3.035773e+001
+1.371135e+004	   -3.061947e+001
+1.373416e+004	   -3.340670e+001
+1.375701e+004	   -3.068635e+001
+1.377990e+004	   -2.929495e+001
+1.380282e+004	   -3.025556e+001
+1.382579e+004	   -3.441585e+001
+1.384879e+004	   -3.082180e+001
+1.387183e+004	   -2.776729e+001
+1.389491e+004	   -3.092208e+001
+1.391803e+004	   -3.054244e+001
+1.394119e+004	   -3.250009e+001
+1.396438e+004	   -3.114103e+001
+1.398761e+004	   -3.183136e+001
+1.401088e+004	   -1.429817e+001
+1.403420e+004	   -3.677301e+001
+1.405754e+004	   -3.275328e+001
+1.408093e+004	   -3.812815e+001
+1.410436e+004	   -3.395060e+001
+1.412783e+004	   -2.976917e+001
+1.415133e+004	   -2.916421e+001
+1.417488e+004	   -3.561679e+001
+1.419846e+004	   -3.234672e+001
+1.422208e+004	   -3.743672e+001
+1.424574e+004	   -3.246576e+001
+1.426945e+004	   -3.443550e+001
+1.429319e+004	   -3.112184e+001
+1.431697e+004	   -2.774335e+001
+1.434079e+004	   -3.137957e+001
+1.436465e+004	   -3.036940e+001
+1.438854e+004	   -3.263821e+001
+1.441248e+004	   -3.178348e+001
+1.443646e+004	   -3.001254e+001
+1.446048e+004	   -3.470183e+001
+1.448454e+004	   -2.873159e+001
+1.450864e+004	   -3.520615e+001
+1.453278e+004	   -3.073315e+001
+1.455696e+004	   -2.995303e+001
+1.458117e+004	   -3.240777e+001
+1.460543e+004	   -2.920586e+001
+1.462973e+004	   -3.244759e+001
+1.465407e+004	   -2.883026e+001
+1.467845e+004	   -3.091569e+001
+1.470288e+004	   -2.899401e+001
+1.472734e+004	   -2.965695e+001
+1.475184e+004	   -3.029806e+001
+1.477638e+004	   -3.092799e+001
+1.480097e+004	   -2.920113e+001
+1.482559e+004	   -2.856631e+001
+1.485026e+004	   -3.134954e+001
+1.487497e+004	   -2.825055e+001
+1.489971e+004	   -3.189849e+001
+1.492450e+004	   -3.216743e+001
+1.494933e+004	   -3.094302e+001
+1.497421e+004	   -2.936034e+001
+1.499912e+004	   -2.908907e+001
+1.502407e+004	   -2.705618e+001
+1.504907e+004	   -2.993722e+001
+1.507411e+004	   -2.987344e+001
+1.509919e+004	   -3.192145e+001
+1.512431e+004	   -3.270353e+001
+1.514947e+004	   -2.945312e+001
+1.517468e+004	   -4.013810e+001
+1.519992e+004	   -3.092849e+001
+1.522521e+004	   -3.074436e+001
+1.525054e+004	   -3.105357e+001
+1.527592e+004	   -3.411131e+001
+1.530133e+004	   -3.759088e+001
+1.532679e+004	   -3.455854e+001
+1.535229e+004	   -3.023417e+001
+1.537783e+004	   -3.093395e+001
+1.540342e+004	   -2.828710e+001
+1.542904e+004	   -3.395519e+001
+1.545471e+004	   -3.338986e+001
+1.548043e+004	   -2.947197e+001
+1.550618e+004	   -3.105307e+001
+1.553198e+004	   -3.247625e+001
+1.555782e+004	   -2.835741e+001
+1.558371e+004	   -3.040577e+001
+1.560963e+004	   -3.385601e+001
+1.563560e+004	   -2.926538e+001
+1.566162e+004	   -3.148757e+001
+1.568767e+004	   -3.176705e+001
+1.571377e+004	   -3.407269e+001
+1.573992e+004	   -2.937218e+001
+1.576611e+004	   -3.232861e+001
+1.579234e+004	   -3.534634e+001
+1.581861e+004	   -3.633872e+001
+1.584493e+004	   -3.380936e+001
+1.587129e+004	   -3.515936e+001
+1.589770e+004	   -3.635608e+001
+1.592415e+004	   -3.235238e+001
+1.595064e+004	   -3.211628e+001
+1.597718e+004	   -3.393941e+001
+1.600376e+004	   -3.328114e+001
+1.603039e+004	   -3.307603e+001
+1.605706e+004	   -3.440316e+001
+1.608377e+004	   -3.311338e+001
+1.611053e+004	   -3.249675e+001
+1.613733e+004	   -3.105098e+001
+1.616418e+004	   -3.333904e+001
+1.619108e+004	   -3.017561e+001
+1.621801e+004	   -2.511052e+001
+1.624500e+004	   -2.869456e+001
+1.627202e+004	   -3.153193e+001
+1.629910e+004	   -6.980365e+001
+1.632621e+004	   -3.300576e+001
+1.635338e+004	   -3.165248e+001
+1.638058e+004	   -3.369399e+001
+1.640784e+004	   -2.848501e+001
+1.643514e+004	   -2.969782e+001
+1.646248e+004	   -2.873110e+001
+1.648987e+004	   -2.592077e+001
+1.651730e+004	   -2.566831e+001
+1.654479e+004	   -2.517561e+001
+1.657231e+004	   -2.599432e+001
+1.659988e+004	   -2.448908e+001
+1.662750e+004	   -2.351241e+001
+1.665517e+004	   -2.361209e+001
+1.668288e+004	   -2.331627e+001
+1.671063e+004	   -2.452540e+001
+1.673843e+004	   -2.332805e+001
+1.676628e+004	   -2.439295e+001
+1.679418e+004	   -2.233569e+001
+1.682212e+004	   -2.230919e+001
+1.685011e+004	   -2.516734e+001
+1.687814e+004	   -2.564069e+001
+1.690622e+004	   -2.345689e+001
+1.693435e+004	   -2.453164e+001
+1.696252e+004	   -2.507581e+001
+1.699074e+004	   -2.600684e+001
+1.701901e+004	   -2.671623e+001
+1.704733e+004	   -2.929086e+001
+1.707569e+004	   -2.886977e+001
+1.710410e+004	   -2.595660e+001
+1.713256e+004	   -2.824392e+001
+1.716106e+004	   -2.774965e+001
+1.718961e+004	   -2.749564e+001
+1.721821e+004	   -2.930794e+001
+1.724686e+004	   -2.927676e+001
+1.727555e+004	   -2.604751e+001
+1.730430e+004	   -2.801336e+001
+1.733309e+004	   -2.591676e+001
+1.736192e+004	   -2.594816e+001
+1.739081e+004	   -2.609210e+001
+1.741974e+004	   -2.954743e+001
+1.744873e+004	   -2.738106e+001
+1.747776e+004	   -2.893385e+001
+1.750683e+004	   -3.039327e+001
+1.753596e+004	   -3.007926e+001
+1.756514e+004	   -3.099272e+001
+1.759436e+004	   -3.026414e+001
+1.762363e+004	   -3.254859e+001
+1.765296e+004	   -2.987581e+001
+1.768232e+004	   -2.868526e+001
+1.771174e+004	   -3.025555e+001
+1.774121e+004	   -2.837589e+001
+1.777073e+004	   -2.838029e+001
+1.780029e+004	   -3.048625e+001
+1.782991e+004	   -2.918071e+001
+1.785957e+004	   -2.867187e+001
+1.788929e+004	   -2.808706e+001
+1.791905e+004	   -2.963883e+001
+1.794886e+004	   -2.962630e+001
+1.797873e+004	   -3.276051e+001
+1.800864e+004	   -2.931091e+001
+1.803860e+004	   -3.053765e+001
+1.806861e+004	   -3.171744e+001
+1.809867e+004	   -2.920176e+001
+1.812879e+004	   -3.049605e+001
+1.815895e+004	   -2.929166e+001
+1.818916e+004	   -2.943880e+001
+1.821942e+004	   -2.974585e+001
+1.824973e+004	   -3.040172e+001
+1.828010e+004	   -3.058130e+001
+1.831051e+004	   -2.779182e+001
+1.834097e+004	   -3.089656e+001
+1.837149e+004	   -3.176313e+001
+1.840205e+004	   -3.141663e+001
+1.843267e+004	   -3.103134e+001
+1.846334e+004	   -2.991493e+001
+1.849406e+004	   -3.179839e+001
+1.852482e+004	   -3.128007e+001
+1.855565e+004	   -3.271641e+001
+1.858652e+004	   -3.202642e+001
+1.861744e+004	   -3.587310e+001
+1.864842e+004	   -3.274868e+001
+1.867944e+004	   -3.076284e+001
+1.871052e+004	   -3.094605e+001
+1.874165e+004	   -3.218422e+001
+1.877283e+004	   -3.040981e+001
+1.880406e+004	   -3.390732e+001
+1.883535e+004	   -3.614300e+001
+1.886669e+004	   -3.173055e+001
+1.889808e+004	   -3.260308e+001
+1.892952e+004	   -3.925407e+001
+1.896101e+004	   -3.257591e+001
+1.899256e+004	   -3.444812e+001
+1.902416e+004	   -4.174070e+001
+1.905581e+004	   -3.753710e+001
+1.908751e+004	   -3.545253e+001
+1.911927e+004	   -3.526163e+001
+1.915108e+004	   -3.594946e+001
+1.918294e+004	   -3.338203e+001
+1.921486e+004	   -4.384475e+001
+1.924682e+004	   -3.299558e+001
+1.927885e+004	   -3.600843e+001
+1.931092e+004	   -3.793689e+001
+1.934305e+004	   -3.026181e+001
+1.937523e+004	   -2.597994e+001
+1.940747e+004	   -3.270641e+001
+1.943976e+004	   -2.660919e+001
+1.947210e+004	   -2.696837e+001
+1.950450e+004	   -2.586546e+001
+1.953695e+004	   -3.991227e+001
+1.956945e+004	   -3.462976e+001
+1.960201e+004	   -3.664514e+001
+1.963462e+004	   -2.793620e+001
+1.966729e+004	   -3.637633e+001
+1.970001e+004	   -3.295565e+001
+1.973279e+004	   -3.227263e+001
+1.976562e+004	   -3.051108e+001
+1.979850e+004	   -3.500505e+001
+1.983144e+004	   -3.620872e+001
+1.986444e+004	   -3.625233e+001
+1.989749e+004	   -3.655041e+001
+1.993059e+004	   -3.492984e+001
+1.996375e+004	   -3.526903e+001
+1.999696e+004	   -3.534387e+001
+2.003023e+004	   -3.463854e+001
+2.006356e+004	   -3.232310e+001
+2.009694e+004	   -3.412107e+001
+2.013038e+004	   -3.895405e+001
+2.016387e+004	   -3.470188e+001
+2.019742e+004	   -3.174437e+001
+2.023102e+004	   -3.306964e+001
+2.026468e+004	   -3.148122e+001
+2.029839e+004	   -3.161213e+001
+2.033217e+004	   -3.040021e+001
+2.036599e+004	   -3.222686e+001
+2.039988e+004	   -3.292612e+001
+2.043382e+004	   -3.078266e+001
+2.046781e+004	   -3.155825e+001
+2.050187e+004	   -3.098496e+001
+2.053598e+004	   -3.178845e+001
+2.057014e+004	   -3.275022e+001
+2.060437e+004	   -3.345306e+001
+2.063865e+004	   -3.331721e+001
+2.067298e+004	   -3.623737e+001
+2.070738e+004	   -3.472015e+001
+2.074183e+004	   -3.178285e+001
+2.077634e+004	   -3.405509e+001
+2.081091e+004	   -3.075487e+001
+2.084553e+004	   -3.522311e+001
+2.088021e+004	   -3.205743e+001
+2.091495e+004	   -3.230554e+001
+2.094975e+004	   -3.206824e+001
+2.098461e+004	   -3.132583e+001
+2.101952e+004	   -3.201534e+001
+2.105449e+004	   -3.396682e+001
+2.108952e+004	   -3.406833e+001
+2.112461e+004	   -3.059713e+001
+2.115975e+004	   -3.240778e+001
+2.119496e+004	   -3.343688e+001
+2.123022e+004	   -3.076068e+001
+2.126554e+004	   -3.423951e+001
+2.130092e+004	   -3.342869e+001
+2.133636e+004	   -3.228181e+001
+2.137186e+004	   -3.194912e+001
+2.140742e+004	   -3.423371e+001
+2.144303e+004	   -3.970234e+001
+2.147871e+004	   -3.469537e+001
+2.151444e+004	   -3.866965e+001
+2.155024e+004	   -4.684834e+001
+2.158609e+004	   -4.574072e+001
+2.162201e+004	   -5.243691e+001
+2.165798e+004	   -5.259031e+001
+2.169401e+004	   -4.401389e+001
+2.173011e+004	   -4.671001e+001
+2.176626e+004	   -4.286209e+001
+2.180247e+004	   -4.227114e+001
+2.183875e+004	   -4.249752e+001
+2.187508e+004	   -3.864897e+001
+2.191148e+004	   -3.810302e+001
+2.194793e+004	   -4.054254e+001
+2.198445e+004	   -3.784428e+001
+2.202102e+004	   -4.431273e+001
+2.205766e+004	   -3.736045e+001
+2.209436e+004	   -3.652222e+001
+2.213112e+004	   -3.712259e+001
+2.216794e+004	   -3.987296e+001
+2.220482e+004	   -4.192669e+001
+2.224176e+004	   -3.464053e+001
+2.227877e+004	   -3.970541e+001
+2.231584e+004	   -3.753271e+001
+2.235296e+004	   -3.526949e+001
+2.239015e+004	   -3.413327e+001
+2.242740e+004	   -3.513749e+001
+2.246472e+004	   -3.766644e+001
+2.250209e+004	   -3.461295e+001
+2.253953e+004	   -3.948274e+001
+2.257703e+004	   -3.566060e+001
+2.261459e+004	   -3.889286e+001
+2.265222e+004	   -3.614066e+001
+2.268991e+004	   -3.518222e+001
+2.272766e+004	   -3.887990e+001
+2.276547e+004	   -3.663479e+001
+2.280335e+004	   -3.509010e+001
+2.284129e+004	   -3.532985e+001
+2.287929e+004	   -3.555341e+001
+2.291735e+004	   -3.663973e+001
+2.295548e+004	   -4.083145e+001
+2.299367e+004	   -3.493818e+001
+2.303193e+004	   -3.585784e+001
+2.307025e+004	   -3.962846e+001
+2.310863e+004	   -3.934067e+001
+2.314708e+004	   -4.280365e+001
+2.318559e+004	   -3.548830e+001
+2.322416e+004	   -4.846077e+001
+2.326280e+004	   -3.670269e+001
+2.330151e+004	   -3.533535e+001
+2.334027e+004	   -3.325426e+001
+2.337911e+004	   -3.714777e+001
+2.341800e+004	   -3.333348e+001
+2.345696e+004	   -3.136499e+001
+2.349599e+004	   -3.324054e+001
+2.353508e+004	   -3.346414e+001
+2.357424e+004	   -3.339336e+001
+2.361346e+004	   -3.147378e+001
+2.365275e+004	   -3.257034e+001
+2.369210e+004	   -3.553278e+001
+2.373152e+004	   -3.278952e+001
+2.377100e+004	   -3.449530e+001
+2.381055e+004	   -3.601243e+001
+2.385016e+004	   -3.582729e+001
+2.388985e+004	   -3.375791e+001
+2.392959e+004	   -3.341263e+001
+2.396940e+004	   -3.462499e+001
+2.400928e+004	   -3.636703e+001
+2.404923e+004	   -3.686806e+001
+2.408924e+004	   -3.648649e+001
+2.412932e+004	   -3.863889e+001
+2.416946e+004	   -3.756124e+001
+2.420968e+004	   -3.548681e+001
+2.424996e+004	   -4.597054e+001
+2.429030e+004	   -4.093158e+001
+2.433071e+004	   -3.818240e+001
+2.437119e+004	   -4.767313e+001
+2.441174e+004	   -4.127291e+001
+2.445236e+004	   -3.694528e+001
+2.449304e+004	   -4.812481e+001
+2.453379e+004	   -5.532481e+001
+2.457461e+004	   -4.199337e+001
+2.461549e+004	   -4.133077e+001
+2.465645e+004	   -4.710337e+001
+2.469747e+004	   -3.935403e+001
+2.473856e+004	   -4.653763e+001
+2.477972e+004	   -4.302752e+001
+2.482095e+004	   -4.602803e+001
+2.486224e+004	   -4.482557e+001
+2.490361e+004	   -4.690581e+001
+2.494504e+004	   -4.221710e+001
+2.498654e+004	   -4.246498e+001
+2.502811e+004	   -4.400027e+001
+2.506975e+004	   -4.339375e+001
+2.511146e+004	   -4.576767e+001
+2.515324e+004	   -4.409764e+001
+2.519509e+004	   -3.943324e+001
+2.523701e+004	   -4.478540e+001
+2.527900e+004	   -3.999342e+001
+2.532105e+004	   -3.909223e+001
+2.536318e+004	   -4.055271e+001
+2.540538e+004	   -4.067642e+001
+2.544765e+004	   -4.246740e+001
+2.548999e+004	   -4.258183e+001
+2.553239e+004	   -4.481278e+001
+2.557488e+004	   -4.647936e+001
+2.561742e+004	   -4.163301e+001
+2.566004e+004	   -4.948984e+001
+2.570274e+004	   -4.138203e+001
+2.574550e+004	   -4.212425e+001
+2.578833e+004	   -4.562032e+001
+2.583124e+004	   -3.872015e+001
+2.587422e+004	   -3.706266e+001
+2.591726e+004	   -4.062139e+001
+2.596038e+004	   -3.806698e+001
+2.600358e+004	   -3.572025e+001
+2.604684e+004	   -3.493225e+001
+2.609017e+004	   -3.695313e+001
+2.613358e+004	   -4.059891e+001
+2.617706e+004	   -3.701369e+001
+2.622061e+004	   -3.672335e+001
+2.626424e+004	   -3.813220e+001
+2.630794e+004	   -3.559553e+001
+2.635171e+004	   -3.729632e+001
+2.639555e+004	   -3.704902e+001
+2.643946e+004	   -3.660033e+001
+2.648345e+004	   -3.959184e+001
+2.652751e+004	   -3.768399e+001
+2.657165e+004	   -4.346288e+001
+2.661586e+004	   -3.291387e+001
+2.666014e+004	   -4.201723e+001
+2.670449e+004	   -4.149233e+001
+2.674892e+004	   -3.702078e+001
+2.679343e+004	   -3.552147e+001
+2.683800e+004	   -3.947918e+001
+2.688266e+004	   -3.597243e+001
+2.692738e+004	   -3.541329e+001
+2.697218e+004	   -3.338845e+001
+2.701706e+004	   -3.411991e+001
+2.706201e+004	   -3.828451e+001
+2.710703e+004	   -4.203389e+001
+2.715213e+004	   -3.774883e+001
+2.719730e+004	   -3.984392e+001
+2.724255e+004	   -4.176729e+001
+2.728788e+004	   -4.011703e+001
+2.733328e+004	   -4.524919e+001
+2.737876e+004	   -4.267066e+001
+2.742431e+004	   -4.043893e+001
+2.746993e+004	   -3.733711e+001
+2.751564e+004	   -4.055949e+001
+2.756142e+004	   -3.693241e+001
+2.760727e+004	   -4.056940e+001
+2.765320e+004	   -3.822800e+001
+2.769921e+004	   -3.458773e+001
+2.774529e+004	   -3.552119e+001
+2.779146e+004	   -3.801500e+001
+2.783769e+004	   -3.493108e+001
+2.788401e+004	   -3.898860e+001
+2.793040e+004	   -4.140190e+001
+2.797687e+004	   -3.469271e+001
+2.802342e+004	   -3.662708e+001
+2.807004e+004	   -3.686148e+001
+2.811674e+004	   -4.007711e+001
+2.816352e+004	   -3.624666e+001
+2.821038e+004	   -3.654255e+001
+2.825731e+004	   -3.589559e+001
+2.830433e+004	   -3.723661e+001
+2.835142e+004	   -3.590005e+001
+2.839859e+004	   -4.294911e+001
+2.844583e+004	   -3.797612e+001
+2.849316e+004	   -3.522758e+001
+2.854057e+004	   -3.211477e+001
+2.858805e+004	   -3.268739e+001
+2.863561e+004	   -3.411304e+001
+2.868326e+004	   -4.314812e+001
+2.873098e+004	   -3.407010e+001
+2.877878e+004	   -3.712914e+001
+2.882666e+004	   -3.332618e+001
+2.887462e+004	   -4.202283e+001
+2.892266e+004	   -3.273301e+001
+2.897078e+004	   -3.435275e+001
+2.901898e+004	   -2.981592e+001
+2.906726e+004	   -2.723104e+001
+2.911562e+004	   -3.008817e+001
+2.916406e+004	   -2.992839e+001
+2.921258e+004	   -3.199787e+001
+2.926119e+004	   -3.319445e+001
+2.930987e+004	   -3.224877e+001
+2.935863e+004	   -3.161839e+001
+2.940748e+004	   -3.173088e+001
+2.945640e+004	   -3.168162e+001
+2.950541e+004	   -3.176129e+001
+2.955450e+004	   -3.160609e+001
+2.960367e+004	   -3.094556e+001
+2.965293e+004	   -3.273942e+001
+2.970226e+004	   -3.212396e+001
+2.975168e+004	   -3.301981e+001
+2.980118e+004	   -3.132591e+001
+2.985076e+004	   -3.563425e+001
+2.990042e+004	   -3.454606e+001
+2.995017e+004	   -3.663404e+001
+3.000000e+004	   -3.371115e+001
