+5.000000e+003	   +2.701888e-005
+5.001000e+003	   +2.675244e-005
+5.002000e+003	   +2.760032e-005
+5.003000e+003	   +2.781128e-005
+5.004000e+003	   +2.711451e-005
+5.005000e+003	   +2.894910e-005
+5.006000e+003	   +2.752083e-005
+5.007000e+003	   +2.635501e-005
+5.008000e+003	   +2.749730e-005
+5.009000e+003	   +2.732629e-005
+5.010000e+003	   +2.776820e-005
+5.011000e+003	   +2.655733e-005
+5.012000e+003	   +2.576243e-005
+5.013000e+003	   +2.818122e-005
+5.014000e+003	   +2.638668e-005
+5.015000e+003	   +2.228935e-005
+5.016000e+003	   +2.189053e-005
+5.017000e+003	   +2.323439e-005
+5.018000e+003	   +2.392507e-005
+5.019000e+003	   +2.733613e-005
+5.020000e+003	   +3.009664e-005
+5.021000e+003	   +2.817036e-005
+5.022000e+003	   +2.737223e-005
+5.023000e+003	   +2.885473e-005
+5.024000e+003	   +2.884437e-005
+5.025000e+003	   +2.478337e-005
+5.026000e+003	   +2.298109e-005
+5.027000e+003	   +2.455169e-005
+5.028000e+003	   +2.518935e-005
+5.029000e+003	   +2.567521e-005
+5.030000e+003	   +2.563881e-005
+5.031000e+003	   +2.609348e-005
+5.032000e+003	   +2.637936e-005
+5.033000e+003	   +2.654727e-005
+5.034000e+003	   +2.700779e-005
+5.035000e+003	   +2.668459e-005
+5.036000e+003	   +2.546940e-005
+5.037000e+003	   +2.677953e-005
+5.038000e+003	   +2.789606e-005
+5.039000e+003	   +2.662807e-005
+5.040000e+003	   +2.688471e-005
+5.041000e+003	   +2.959557e-005
+5.042000e+003	   +3.135759e-005
+5.043000e+003	   +3.192811e-005
+5.044000e+003	   +3.069295e-005
+5.045000e+003	   +3.139355e-005
+5.046000e+003	   +2.909674e-005
+5.047000e+003	   +2.489073e-005
+5.048000e+003	   +2.290401e-005
+5.049000e+003	   +2.050004e-005
+5.050000e+003	   +2.238770e-005
+5.051000e+003	   +2.457731e-005
+5.052000e+003	   +2.204555e-005
+5.053000e+003	   +2.357640e-005
+5.054000e+003	   +2.593952e-005
+5.055000e+003	   +2.420409e-005
+5.056000e+003	   +2.746604e-005
+5.057000e+003	   +3.444722e-005
+5.058000e+003	   +3.443323e-005
+5.059000e+003	   +2.848952e-005
+5.060000e+003	   +2.737253e-005
+5.061000e+003	   +3.044428e-005
+5.062000e+003	   +3.258993e-005
+5.063000e+003	   +3.682090e-005
+5.064000e+003	   +3.816603e-005
+5.065000e+003	   +3.239664e-005
+5.066000e+003	   +2.970782e-005
+5.067000e+003	   +2.823018e-005
+5.068000e+003	   +2.845592e-005
+5.069000e+003	   +3.072528e-005
+5.070000e+003	   +3.281470e-005
+5.071000e+003	   +3.315458e-005
+5.072000e+003	   +2.937095e-005
+5.073000e+003	   +2.654616e-005
+5.074000e+003	   +2.712833e-005
+5.075000e+003	   +3.028855e-005
+5.076000e+003	   +3.349519e-005
+5.077000e+003	   +3.697290e-005
+5.078000e+003	   +3.756825e-005
+5.079000e+003	   +3.566222e-005
+5.080000e+003	   +3.141403e-005
+5.081000e+003	   +3.231965e-005
+5.082000e+003	   +3.512553e-005
+5.083000e+003	   +3.418683e-005
+5.084000e+003	   +3.125481e-005
+5.085000e+003	   +2.772211e-005
+5.086000e+003	   +2.841068e-005
+5.087000e+003	   +3.347328e-005
+5.088000e+003	   +3.786958e-005
+5.089000e+003	   +3.522385e-005
+5.090000e+003	   +3.072495e-005
+5.091000e+003	   +3.171300e-005
+5.092000e+003	   +3.366723e-005
+5.093000e+003	   +3.196824e-005
+5.094000e+003	   +2.958264e-005
+5.095000e+003	   +3.093152e-005
+5.096000e+003	   +3.034430e-005
+5.097000e+003	   +2.975980e-005
+5.098000e+003	   +3.237555e-005
+5.099000e+003	   +3.211093e-005
+5.100000e+003	   +2.834099e-005
+5.101000e+003	   +3.031892e-005
+5.102000e+003	   +3.482060e-005
+5.103000e+003	   +3.673666e-005
+5.104000e+003	   +3.339304e-005
+5.105000e+003	   +3.124020e-005
+5.106000e+003	   +3.292477e-005
+5.107000e+003	   +3.148333e-005
+5.108000e+003	   +2.878328e-005
+5.109000e+003	   +2.945607e-005
+5.110000e+003	   +3.276815e-005
+5.111000e+003	   +3.312766e-005
+5.112000e+003	   +3.269627e-005
+5.113000e+003	   +3.416127e-005
+5.114000e+003	   +3.334072e-005
+5.115000e+003	   +3.134389e-005
+5.116000e+003	   +3.203817e-005
+5.117000e+003	   +3.078542e-005
+5.118000e+003	   +2.882677e-005
+5.119000e+003	   +2.778253e-005
+5.120000e+003	   +2.586424e-005
+5.121000e+003	   +2.574954e-005
+5.122000e+003	   +2.641756e-005
+5.123000e+003	   +2.404096e-005
+5.124000e+003	   +2.511214e-005
+5.125000e+003	   +3.079509e-005
+5.126000e+003	   +3.430583e-005
+5.127000e+003	   +3.424190e-005
+5.128000e+003	   +3.397455e-005
+5.129000e+003	   +3.407324e-005
+5.130000e+003	   +3.232252e-005
+5.131000e+003	   +3.009601e-005
+5.132000e+003	   +2.597335e-005
+5.133000e+003	   +2.562823e-005
+5.134000e+003	   +3.100895e-005
+5.135000e+003	   +3.307031e-005
+5.136000e+003	   +2.948788e-005
+5.137000e+003	   +2.835341e-005
+5.138000e+003	   +3.163410e-005
+5.139000e+003	   +3.592463e-005
+5.140000e+003	   +3.592810e-005
+5.141000e+003	   +3.236660e-005
+5.142000e+003	   +3.076015e-005
+5.143000e+003	   +3.099169e-005
+5.144000e+003	   +2.839643e-005
+5.145000e+003	   +2.717400e-005
+5.146000e+003	   +2.518462e-005
+5.147000e+003	   +2.614616e-005
+5.148000e+003	   +2.918034e-005
+5.149000e+003	   +2.840282e-005
+5.150000e+003	   +2.746845e-005
+5.151000e+003	   +2.756238e-005
+5.152000e+003	   +2.969478e-005
+5.153000e+003	   +3.267233e-005
+5.154000e+003	   +3.199739e-005
+5.155000e+003	   +2.975365e-005
+5.156000e+003	   +2.746351e-005
+5.157000e+003	   +2.538737e-005
+5.158000e+003	   +2.649066e-005
+5.159000e+003	   +2.663693e-005
+5.160000e+003	   +2.634957e-005
+5.161000e+003	   +2.783401e-005
+5.162000e+003	   +2.947150e-005
+5.163000e+003	   +2.866287e-005
+5.164000e+003	   +2.973834e-005
+5.165000e+003	   +3.078772e-005
+5.166000e+003	   +2.858211e-005
+5.167000e+003	   +2.908000e-005
+5.168000e+003	   +2.939750e-005
+5.169000e+003	   +2.644051e-005
+5.170000e+003	   +2.772540e-005
+5.171000e+003	   +3.082023e-005
+5.172000e+003	   +3.080121e-005
+5.173000e+003	   +2.956514e-005
+5.174000e+003	   +2.766865e-005
+5.175000e+003	   +2.496931e-005
+5.176000e+003	   +2.446416e-005
+5.177000e+003	   +2.433842e-005
+5.178000e+003	   +2.522733e-005
+5.179000e+003	   +2.712613e-005
+5.180000e+003	   +2.684471e-005
+5.181000e+003	   +2.754988e-005
+5.182000e+003	   +2.979658e-005
+5.183000e+003	   +2.930845e-005
+5.184000e+003	   +2.836564e-005
+5.185000e+003	   +2.962646e-005
+5.186000e+003	   +3.164501e-005
+5.187000e+003	   +2.991143e-005
+5.188000e+003	   +2.541962e-005
+5.189000e+003	   +2.156336e-005
+5.190000e+003	   +2.296051e-005
+5.191000e+003	   +2.612734e-005
+5.192000e+003	   +2.875435e-005
+5.193000e+003	   +2.876344e-005
+5.194000e+003	   +2.978546e-005
+5.195000e+003	   +3.054885e-005
+5.196000e+003	   +2.908671e-005
+5.197000e+003	   +2.746514e-005
+5.198000e+003	   +2.618984e-005
+5.199000e+003	   +2.568761e-005
+5.200000e+003	   +2.604193e-005
+5.201000e+003	   +2.766859e-005
+5.202000e+003	   +2.521852e-005
+5.203000e+003	   +2.339782e-005
+5.204000e+003	   +2.492899e-005
+5.205000e+003	   +2.662331e-005
+5.206000e+003	   +2.868960e-005
+5.207000e+003	   +2.784605e-005
+5.208000e+003	   +2.669352e-005
+5.209000e+003	   +2.627515e-005
+5.210000e+003	   +2.337163e-005
+5.211000e+003	   +2.090508e-005
+5.212000e+003	   +2.170848e-005
+5.213000e+003	   +2.428696e-005
+5.214000e+003	   +2.575386e-005
+5.215000e+003	   +2.659873e-005
+5.216000e+003	   +2.514285e-005
+5.217000e+003	   +2.432782e-005
+5.218000e+003	   +2.658851e-005
+5.219000e+003	   +2.865778e-005
+5.220000e+003	   +3.059968e-005
+5.221000e+003	   +3.162937e-005
+5.222000e+003	   +2.722692e-005
+5.223000e+003	   +2.536350e-005
+5.224000e+003	   +2.498708e-005
+5.225000e+003	   +2.703461e-005
+5.226000e+003	   +2.994715e-005
+5.227000e+003	   +3.127002e-005
+5.228000e+003	   +3.205516e-005
+5.229000e+003	   +3.385959e-005
+5.230000e+003	   +3.080317e-005
+5.231000e+003	   +2.678509e-005
+5.232000e+003	   +2.430787e-005
+5.233000e+003	   +2.563118e-005
+5.234000e+003	   +2.710168e-005
+5.235000e+003	   +2.926253e-005
+5.236000e+003	   +2.968044e-005
+5.237000e+003	   +2.516127e-005
+5.238000e+003	   +2.446354e-005
+5.239000e+003	   +2.719062e-005
+5.240000e+003	   +2.951477e-005
+5.241000e+003	   +2.904697e-005
+5.242000e+003	   +2.842513e-005
+5.243000e+003	   +2.951000e-005
+5.244000e+003	   +2.961611e-005
+5.245000e+003	   +2.595262e-005
+5.246000e+003	   +2.213482e-005
+5.247000e+003	   +2.378701e-005
+5.248000e+003	   +2.868435e-005
+5.249000e+003	   +3.068442e-005
+5.250000e+003	   +3.169323e-005
+5.251000e+003	   +3.275531e-005
+5.252000e+003	   +3.209267e-005
+5.253000e+003	   +2.929439e-005
+5.254000e+003	   +2.561464e-005
+5.255000e+003	   +2.520559e-005
+5.256000e+003	   +2.749555e-005
+5.257000e+003	   +2.770559e-005
+5.258000e+003	   +2.573456e-005
+5.259000e+003	   +2.702986e-005
+5.260000e+003	   +2.637823e-005
+5.261000e+003	   +2.547239e-005
+5.262000e+003	   +2.535300e-005
+5.263000e+003	   +2.426809e-005
+5.264000e+003	   +2.531970e-005
+5.265000e+003	   +2.705192e-005
+5.266000e+003	   +3.043061e-005
+5.267000e+003	   +3.049302e-005
+5.268000e+003	   +2.542093e-005
+5.269000e+003	   +2.394126e-005
+5.270000e+003	   +2.432560e-005
+5.271000e+003	   +2.917319e-005
+5.272000e+003	   +3.149675e-005
+5.273000e+003	   +2.665551e-005
+5.274000e+003	   +2.372863e-005
+5.275000e+003	   +2.527423e-005
+5.276000e+003	   +2.384378e-005
+5.277000e+003	   +2.373418e-005
+5.278000e+003	   +2.483354e-005
+5.279000e+003	   +2.447262e-005
+5.280000e+003	   +2.367705e-005
+5.281000e+003	   +2.581907e-005
+5.282000e+003	   +2.644167e-005
+5.283000e+003	   +2.575794e-005
+5.284000e+003	   +2.674633e-005
+5.285000e+003	   +2.857489e-005
+5.286000e+003	   +2.991203e-005
+5.287000e+003	   +3.104352e-005
+5.288000e+003	   +2.895365e-005
+5.289000e+003	   +2.448988e-005
+5.290000e+003	   +2.749289e-005
+5.291000e+003	   +2.842541e-005
+5.292000e+003	   +2.948176e-005
+5.293000e+003	   +3.091862e-005
+5.294000e+003	   +2.750424e-005
+5.295000e+003	   +2.387239e-005
+5.296000e+003	   +2.332777e-005
+5.297000e+003	   +2.499515e-005
+5.298000e+003	   +2.672904e-005
+5.299000e+003	   +2.679824e-005
+5.300000e+003	   +2.927931e-005
+5.301000e+003	   +2.838318e-005
+5.302000e+003	   +2.621746e-005
+5.303000e+003	   +2.308024e-005
+5.304000e+003	   +2.341532e-005
+5.305000e+003	   +2.531726e-005
+5.306000e+003	   +2.546087e-005
+5.307000e+003	   +2.371525e-005
+5.308000e+003	   +2.155574e-005
+5.309000e+003	   +2.362841e-005
+5.310000e+003	   +2.708520e-005
+5.311000e+003	   +2.860176e-005
+5.312000e+003	   +2.826982e-005
+5.313000e+003	   +2.488204e-005
+5.314000e+003	   +2.123565e-005
+5.315000e+003	   +2.367911e-005
+5.316000e+003	   +2.929532e-005
+5.317000e+003	   +3.281337e-005
+5.318000e+003	   +3.037510e-005
+5.319000e+003	   +2.728605e-005
+5.320000e+003	   +2.700868e-005
+5.321000e+003	   +2.718701e-005
+5.322000e+003	   +2.912848e-005
+5.323000e+003	   +2.845130e-005
+5.324000e+003	   +2.888015e-005
+5.325000e+003	   +3.065923e-005
+5.326000e+003	   +3.001150e-005
+5.327000e+003	   +3.027754e-005
+5.328000e+003	   +2.883231e-005
+5.329000e+003	   +2.643279e-005
+5.330000e+003	   +2.499005e-005
+5.331000e+003	   +2.650844e-005
+5.332000e+003	   +2.972776e-005
+5.333000e+003	   +2.975797e-005
+5.334000e+003	   +2.782769e-005
+5.335000e+003	   +2.580037e-005
+5.336000e+003	   +2.591299e-005
+5.337000e+003	   +2.653351e-005
+5.338000e+003	   +3.033151e-005
+5.339000e+003	   +3.062478e-005
+5.340000e+003	   +2.495892e-005
+5.341000e+003	   +2.420223e-005
+5.342000e+003	   +2.554286e-005
+5.343000e+003	   +2.482803e-005
+5.344000e+003	   +2.641236e-005
+5.345000e+003	   +2.540277e-005
+5.346000e+003	   +2.388922e-005
+5.347000e+003	   +2.564554e-005
+5.348000e+003	   +2.748553e-005
+5.349000e+003	   +2.601961e-005
+5.350000e+003	   +2.239711e-005
+5.351000e+003	   +2.213446e-005
+5.352000e+003	   +2.481618e-005
+5.353000e+003	   +2.412418e-005
+5.354000e+003	   +2.315448e-005
+5.355000e+003	   +2.619918e-005
+5.356000e+003	   +2.810773e-005
+5.357000e+003	   +2.615489e-005
+5.358000e+003	   +2.852618e-005
+5.359000e+003	   +2.954836e-005
+5.360000e+003	   +2.772704e-005
+5.361000e+003	   +3.197965e-005
+5.362000e+003	   +3.251113e-005
+5.363000e+003	   +3.220435e-005
+5.364000e+003	   +3.480978e-005
+5.365000e+003	   +3.269552e-005
+5.366000e+003	   +2.818626e-005
+5.367000e+003	   +2.866618e-005
+5.368000e+003	   +3.303964e-005
+5.369000e+003	   +3.170750e-005
+5.370000e+003	   +2.897613e-005
+5.371000e+003	   +2.899348e-005
+5.372000e+003	   +2.725875e-005
+5.373000e+003	   +2.708214e-005
+5.374000e+003	   +2.425136e-005
+5.375000e+003	   +2.291238e-005
+5.376000e+003	   +2.454121e-005
+5.377000e+003	   +2.398899e-005
+5.378000e+003	   +2.743750e-005
+5.379000e+003	   +3.087886e-005
+5.380000e+003	   +2.891994e-005
+5.381000e+003	   +2.580989e-005
+5.382000e+003	   +2.504080e-005
+5.383000e+003	   +2.503937e-005
+5.384000e+003	   +2.450456e-005
+5.385000e+003	   +2.459016e-005
+5.386000e+003	   +2.345691e-005
+5.387000e+003	   +2.336743e-005
+5.388000e+003	   +2.180621e-005
+5.389000e+003	   +2.146552e-005
+5.390000e+003	   +2.478805e-005
+5.391000e+003	   +2.815394e-005
+5.392000e+003	   +2.937562e-005
+5.393000e+003	   +2.956088e-005
+5.394000e+003	   +3.102894e-005
+5.395000e+003	   +3.353162e-005
+5.396000e+003	   +3.205210e-005
+5.397000e+003	   +3.494673e-005
+5.398000e+003	   +1.647992e-004
+5.399000e+003	   +5.607817e-004
+5.400000e+003	   +8.235472e-004
+5.401000e+003	   +5.615624e-004
+5.402000e+003	   +1.655459e-004
+5.403000e+003	   +3.147549e-005
+5.404000e+003	   +2.816869e-005
+5.405000e+003	   +2.650920e-005
+5.406000e+003	   +2.537146e-005
+5.407000e+003	   +2.747853e-005
+5.408000e+003	   +3.078857e-005
+5.409000e+003	   +3.068068e-005
+5.410000e+003	   +2.794299e-005
+5.411000e+003	   +2.716982e-005
+5.412000e+003	   +2.773691e-005
+5.413000e+003	   +3.193180e-005
+5.414000e+003	   +3.297542e-005
+5.415000e+003	   +3.354768e-005
+5.416000e+003	   +3.170698e-005
+5.417000e+003	   +2.978801e-005
+5.418000e+003	   +2.932577e-005
+5.419000e+003	   +3.191112e-005
+5.420000e+003	   +3.376989e-005
+5.421000e+003	   +3.441297e-005
+5.422000e+003	   +3.485128e-005
+5.423000e+003	   +3.032482e-005
+5.424000e+003	   +2.686721e-005
+5.425000e+003	   +3.037687e-005
+5.426000e+003	   +3.303387e-005
+5.427000e+003	   +3.165964e-005
+5.428000e+003	   +2.921961e-005
+5.429000e+003	   +2.713140e-005
+5.430000e+003	   +2.615139e-005
+5.431000e+003	   +2.833875e-005
+5.432000e+003	   +2.883535e-005
+5.433000e+003	   +2.855667e-005
+5.434000e+003	   +2.766060e-005
+5.435000e+003	   +2.675153e-005
+5.436000e+003	   +2.884282e-005
+5.437000e+003	   +2.857546e-005
+5.438000e+003	   +2.834382e-005
+5.439000e+003	   +3.375302e-005
+5.440000e+003	   +3.631258e-005
+5.441000e+003	   +3.382782e-005
+5.442000e+003	   +3.061466e-005
+5.443000e+003	   +2.860920e-005
+5.444000e+003	   +2.981661e-005
+5.445000e+003	   +3.296120e-005
+5.446000e+003	   +3.462651e-005
+5.447000e+003	   +3.551994e-005
+5.448000e+003	   +3.377775e-005
+5.449000e+003	   +3.157102e-005
+5.450000e+003	   +3.210860e-005
+5.451000e+003	   +3.285447e-005
+5.452000e+003	   +3.259140e-005
+5.453000e+003	   +3.230989e-005
+5.454000e+003	   +3.364099e-005
+5.455000e+003	   +3.344103e-005
+5.456000e+003	   +3.069379e-005
+5.457000e+003	   +2.582103e-005
+5.458000e+003	   +2.501687e-005
+5.459000e+003	   +2.490448e-005
+5.460000e+003	   +2.391478e-005
+5.461000e+003	   +2.791990e-005
+5.462000e+003	   +3.029417e-005
+5.463000e+003	   +3.056143e-005
+5.464000e+003	   +3.014284e-005
+5.465000e+003	   +3.064497e-005
+5.466000e+003	   +3.116811e-005
+5.467000e+003	   +2.924490e-005
+5.468000e+003	   +2.867915e-005
+5.469000e+003	   +3.016105e-005
+5.470000e+003	   +2.791312e-005
+5.471000e+003	   +2.815391e-005
+5.472000e+003	   +3.008650e-005
+5.473000e+003	   +2.993322e-005
+5.474000e+003	   +2.834108e-005
+5.475000e+003	   +3.024714e-005
+5.476000e+003	   +3.284584e-005
+5.477000e+003	   +3.423423e-005
+5.478000e+003	   +3.155573e-005
+5.479000e+003	   +2.874810e-005
+5.480000e+003	   +2.938911e-005
+5.481000e+003	   +3.249275e-005
+5.482000e+003	   +3.248972e-005
+5.483000e+003	   +3.127287e-005
+5.484000e+003	   +3.149983e-005
+5.485000e+003	   +3.090026e-005
+5.486000e+003	   +2.994498e-005
+5.487000e+003	   +2.928847e-005
+5.488000e+003	   +2.696494e-005
+5.489000e+003	   +3.033810e-005
+5.490000e+003	   +3.143070e-005
+5.491000e+003	   +2.737307e-005
+5.492000e+003	   +2.438938e-005
+5.493000e+003	   +2.995850e-005
+5.494000e+003	   +3.560092e-005
+5.495000e+003	   +3.544394e-005
+5.496000e+003	   +3.320978e-005
+5.497000e+003	   +2.907668e-005
+5.498000e+003	   +2.561228e-005
+5.499000e+003	   +2.609380e-005
+5.500000e+003	   +2.929040e-005
+5.501000e+003	   +3.288525e-005
+5.502000e+003	   +3.379972e-005
+5.503000e+003	   +2.849165e-005
+5.504000e+003	   +2.380394e-005
+5.505000e+003	   +2.389124e-005
+5.506000e+003	   +2.769953e-005
+5.507000e+003	   +2.946199e-005
+5.508000e+003	   +2.922246e-005
+5.509000e+003	   +2.749766e-005
+5.510000e+003	   +2.657485e-005
+5.511000e+003	   +2.844983e-005
+5.512000e+003	   +2.622909e-005
+5.513000e+003	   +2.660364e-005
+5.514000e+003	   +2.918389e-005
+5.515000e+003	   +3.018238e-005
+5.516000e+003	   +2.910153e-005
+5.517000e+003	   +2.857762e-005
+5.518000e+003	   +2.818567e-005
+5.519000e+003	   +2.591174e-005
+5.520000e+003	   +2.434481e-005
+5.521000e+003	   +2.607638e-005
+5.522000e+003	   +2.858126e-005
+5.523000e+003	   +3.047686e-005
+5.524000e+003	   +2.884348e-005
+5.525000e+003	   +2.619645e-005
+5.526000e+003	   +2.729277e-005
+5.527000e+003	   +2.840585e-005
+5.528000e+003	   +2.679156e-005
+5.529000e+003	   +2.897184e-005
+5.530000e+003	   +3.218360e-005
+5.531000e+003	   +3.165553e-005
+5.532000e+003	   +2.923707e-005
+5.533000e+003	   +3.162791e-005
+5.534000e+003	   +3.282303e-005
+5.535000e+003	   +3.202994e-005
+5.536000e+003	   +3.436215e-005
+5.537000e+003	   +3.697647e-005
+5.538000e+003	   +3.625860e-005
+5.539000e+003	   +3.579761e-005
+5.540000e+003	   +3.492509e-005
+5.541000e+003	   +3.359345e-005
+5.542000e+003	   +2.822680e-005
+5.543000e+003	   +2.575189e-005
+5.544000e+003	   +2.491938e-005
+5.545000e+003	   +2.510770e-005
+5.546000e+003	   +2.872708e-005
+5.547000e+003	   +3.179141e-005
+5.548000e+003	   +3.037747e-005
+5.549000e+003	   +3.031034e-005
+5.550000e+003	   +2.987349e-005
+5.551000e+003	   +2.790938e-005
+5.552000e+003	   +2.427962e-005
+5.553000e+003	   +2.424146e-005
+5.554000e+003	   +2.743238e-005
+5.555000e+003	   +2.708172e-005
+5.556000e+003	   +2.730583e-005
+5.557000e+003	   +3.007778e-005
+5.558000e+003	   +2.955624e-005
+5.559000e+003	   +2.731660e-005
+5.560000e+003	   +2.676842e-005
+5.561000e+003	   +2.662632e-005
+5.562000e+003	   +2.632990e-005
+5.563000e+003	   +2.742894e-005
+5.564000e+003	   +2.883417e-005
+5.565000e+003	   +2.640082e-005
+5.566000e+003	   +2.387986e-005
+5.567000e+003	   +2.553495e-005
+5.568000e+003	   +2.658869e-005
+5.569000e+003	   +2.655065e-005
+5.570000e+003	   +2.748996e-005
+5.571000e+003	   +2.899052e-005
+5.572000e+003	   +2.991035e-005
+5.573000e+003	   +3.039932e-005
+5.574000e+003	   +3.225548e-005
+5.575000e+003	   +3.303213e-005
+5.576000e+003	   +3.000086e-005
+5.577000e+003	   +2.937227e-005
+5.578000e+003	   +2.707691e-005
+5.579000e+003	   +2.458822e-005
+5.580000e+003	   +2.454393e-005
+5.581000e+003	   +2.242209e-005
+5.582000e+003	   +2.159314e-005
+5.583000e+003	   +2.725875e-005
+5.584000e+003	   +2.901156e-005
+5.585000e+003	   +2.652521e-005
+5.586000e+003	   +2.678045e-005
+5.587000e+003	   +2.512695e-005
+5.588000e+003	   +2.505532e-005
+5.589000e+003	   +2.867373e-005
+5.590000e+003	   +2.973514e-005
+5.591000e+003	   +2.962571e-005
+5.592000e+003	   +2.655799e-005
+5.593000e+003	   +2.382483e-005
+5.594000e+003	   +2.516945e-005
+5.595000e+003	   +2.795738e-005
+5.596000e+003	   +2.539264e-005
+5.597000e+003	   +2.276421e-005
+5.598000e+003	   +2.346945e-005
+5.599000e+003	   +2.614700e-005
+5.600000e+003	   +2.750814e-005
+5.601000e+003	   +2.795787e-005
+5.602000e+003	   +2.682335e-005
+5.603000e+003	   +2.309392e-005
+5.604000e+003	   +2.386086e-005
+5.605000e+003	   +2.477847e-005
+5.606000e+003	   +2.676816e-005
+5.607000e+003	   +2.742975e-005
+5.608000e+003	   +2.747548e-005
+5.609000e+003	   +2.886018e-005
+5.610000e+003	   +2.552587e-005
+5.611000e+003	   +2.406016e-005
+5.612000e+003	   +2.428504e-005
+5.613000e+003	   +2.574643e-005
+5.614000e+003	   +2.751971e-005
+5.615000e+003	   +2.768780e-005
+5.616000e+003	   +2.625686e-005
+5.617000e+003	   +2.513876e-005
+5.618000e+003	   +2.462483e-005
+5.619000e+003	   +2.332605e-005
+5.620000e+003	   +2.512022e-005
+5.621000e+003	   +2.458911e-005
+5.622000e+003	   +2.533884e-005
+5.623000e+003	   +2.880029e-005
+5.624000e+003	   +3.036726e-005
+5.625000e+003	   +2.925572e-005
+5.626000e+003	   +2.710082e-005
+5.627000e+003	   +2.924898e-005
+5.628000e+003	   +2.736667e-005
+5.629000e+003	   +2.515654e-005
+5.630000e+003	   +2.843659e-005
+5.631000e+003	   +3.090521e-005
+5.632000e+003	   +2.806105e-005
+5.633000e+003	   +2.587773e-005
+5.634000e+003	   +2.585118e-005
+5.635000e+003	   +2.914348e-005
+5.636000e+003	   +3.095367e-005
+5.637000e+003	   +2.974581e-005
+5.638000e+003	   +2.722638e-005
+5.639000e+003	   +2.623254e-005
+5.640000e+003	   +2.725812e-005
+5.641000e+003	   +2.610598e-005
+5.642000e+003	   +2.550981e-005
+5.643000e+003	   +2.660399e-005
+5.644000e+003	   +2.764490e-005
+5.645000e+003	   +2.982496e-005
+5.646000e+003	   +2.873421e-005
+5.647000e+003	   +2.905862e-005
+5.648000e+003	   +2.877819e-005
+5.649000e+003	   +2.483588e-005
+5.650000e+003	   +2.311290e-005
+5.651000e+003	   +2.570068e-005
+5.652000e+003	   +2.562412e-005
+5.653000e+003	   +2.364988e-005
+5.654000e+003	   +2.352373e-005
+5.655000e+003	   +2.624660e-005
+5.656000e+003	   +2.698325e-005
+5.657000e+003	   +2.481383e-005
+5.658000e+003	   +2.499109e-005
+5.659000e+003	   +2.423877e-005
+5.660000e+003	   +2.462339e-005
+5.661000e+003	   +2.356745e-005
+5.662000e+003	   +2.447746e-005
+5.663000e+003	   +2.464092e-005
+5.664000e+003	   +2.456560e-005
+5.665000e+003	   +2.564289e-005
+5.666000e+003	   +2.765125e-005
+5.667000e+003	   +3.030158e-005
+5.668000e+003	   +2.883728e-005
+5.669000e+003	   +2.710005e-005
+5.670000e+003	   +2.657646e-005
+5.671000e+003	   +2.457758e-005
+5.672000e+003	   +2.310656e-005
+5.673000e+003	   +2.544953e-005
+5.674000e+003	   +2.633410e-005
+5.675000e+003	   +2.802413e-005
+5.676000e+003	   +2.766109e-005
+5.677000e+003	   +2.797903e-005
+5.678000e+003	   +3.093030e-005
+5.679000e+003	   +2.705908e-005
+5.680000e+003	   +2.149991e-005
+5.681000e+003	   +2.304038e-005
+5.682000e+003	   +2.870684e-005
+5.683000e+003	   +3.247588e-005
+5.684000e+003	   +3.029161e-005
+5.685000e+003	   +2.638996e-005
+5.686000e+003	   +2.345454e-005
+5.687000e+003	   +2.549774e-005
+5.688000e+003	   +2.809234e-005
+5.689000e+003	   +2.680925e-005
+5.690000e+003	   +2.504201e-005
+5.691000e+003	   +2.757609e-005
+5.692000e+003	   +3.081474e-005
+5.693000e+003	   +2.902036e-005
+5.694000e+003	   +2.598299e-005
+5.695000e+003	   +2.576178e-005
+5.696000e+003	   +2.753854e-005
+5.697000e+003	   +2.853517e-005
+5.698000e+003	   +3.136485e-005
+5.699000e+003	   +3.280137e-005
+5.700000e+003	   +3.122672e-005
+5.701000e+003	   +2.921579e-005
+5.702000e+003	   +2.722489e-005
+5.703000e+003	   +2.773812e-005
+5.704000e+003	   +3.233790e-005
+5.705000e+003	   +3.393834e-005
+5.706000e+003	   +3.486379e-005
+5.707000e+003	   +3.585590e-005
+5.708000e+003	   +3.273269e-005
+5.709000e+003	   +3.012649e-005
+5.710000e+003	   +2.912762e-005
+5.711000e+003	   +2.947995e-005
+5.712000e+003	   +3.069113e-005
+5.713000e+003	   +2.994863e-005
+5.714000e+003	   +2.762955e-005
+5.715000e+003	   +2.597705e-005
+5.716000e+003	   +2.531139e-005
+5.717000e+003	   +2.348231e-005
+5.718000e+003	   +2.218073e-005
+5.719000e+003	   +2.421103e-005
+5.720000e+003	   +2.400623e-005
+5.721000e+003	   +2.347752e-005
+5.722000e+003	   +2.534897e-005
+5.723000e+003	   +2.681561e-005
+5.724000e+003	   +2.757418e-005
+5.725000e+003	   +2.715092e-005
+5.726000e+003	   +3.017019e-005
+5.727000e+003	   +3.323834e-005
+5.728000e+003	   +3.237595e-005
+5.729000e+003	   +2.799040e-005
+5.730000e+003	   +2.661276e-005
+5.731000e+003	   +2.919437e-005
+5.732000e+003	   +2.977660e-005
+5.733000e+003	   +2.927060e-005
+5.734000e+003	   +2.768549e-005
+5.735000e+003	   +2.633994e-005
+5.736000e+003	   +2.641353e-005
+5.737000e+003	   +2.511247e-005
+5.738000e+003	   +2.465337e-005
+5.739000e+003	   +2.472010e-005
+5.740000e+003	   +2.401297e-005
+5.741000e+003	   +2.703137e-005
+5.742000e+003	   +2.895425e-005
+5.743000e+003	   +2.761745e-005
+5.744000e+003	   +2.798413e-005
+5.745000e+003	   +2.907557e-005
+5.746000e+003	   +2.918536e-005
+5.747000e+003	   +2.927491e-005
+5.748000e+003	   +2.789284e-005
+5.749000e+003	   +2.703850e-005
+5.750000e+003	   +2.599566e-005
+5.751000e+003	   +2.431060e-005
+5.752000e+003	   +2.484308e-005
+5.753000e+003	   +2.401268e-005
+5.754000e+003	   +2.258253e-005
+5.755000e+003	   +2.356297e-005
+5.756000e+003	   +2.350543e-005
+5.757000e+003	   +2.319873e-005
+5.758000e+003	   +2.344468e-005
+5.759000e+003	   +2.197059e-005
+5.760000e+003	   +2.174051e-005
+5.761000e+003	   +2.356393e-005
+5.762000e+003	   +2.601416e-005
+5.763000e+003	   +2.717281e-005
+5.764000e+003	   +2.963579e-005
+5.765000e+003	   +3.063955e-005
+5.766000e+003	   +2.642780e-005
+5.767000e+003	   +2.397417e-005
+5.768000e+003	   +2.630346e-005
+5.769000e+003	   +2.798791e-005
+5.770000e+003	   +2.869291e-005
+5.771000e+003	   +2.819103e-005
+5.772000e+003	   +2.771913e-005
+5.773000e+003	   +2.645543e-005
+5.774000e+003	   +2.374208e-005
+5.775000e+003	   +2.248411e-005
+5.776000e+003	   +2.008956e-005
+5.777000e+003	   +2.050580e-005
+5.778000e+003	   +2.059452e-005
+5.779000e+003	   +2.029100e-005
+5.780000e+003	   +2.383637e-005
+5.781000e+003	   +2.624145e-005
+5.782000e+003	   +2.533658e-005
+5.783000e+003	   +2.242221e-005
+5.784000e+003	   +2.337035e-005
+5.785000e+003	   +2.514726e-005
+5.786000e+003	   +2.449921e-005
+5.787000e+003	   +2.369916e-005
+5.788000e+003	   +2.338098e-005
+5.789000e+003	   +2.177857e-005
+5.790000e+003	   +2.177596e-005
+5.791000e+003	   +2.080112e-005
+5.792000e+003	   +1.953783e-005
+5.793000e+003	   +1.956396e-005
+5.794000e+003	   +2.030078e-005
+5.795000e+003	   +1.852484e-005
+5.796000e+003	   +1.974993e-005
+5.797000e+003	   +2.335704e-005
+5.798000e+003	   +2.168978e-005
+5.799000e+003	   +2.002059e-005
+5.800000e+003	   +2.177056e-005
