+5.800000e+003	   +2.226780e-005
+5.801000e+003	   +2.213181e-005
+5.802000e+003	   +2.313920e-005
+5.803000e+003	   +2.430750e-005
+5.804000e+003	   +2.538907e-005
+5.805000e+003	   +2.344900e-005
+5.806000e+003	   +2.253032e-005
+5.807000e+003	   +2.153709e-005
+5.808000e+003	   +2.156757e-005
+5.809000e+003	   +2.107568e-005
+5.810000e+003	   +2.084190e-005
+5.811000e+003	   +2.331945e-005
+5.812000e+003	   +2.423102e-005
+5.813000e+003	   +2.181876e-005
+5.814000e+003	   +1.806480e-005
+5.815000e+003	   +1.675296e-005
+5.816000e+003	   +2.039970e-005
+5.817000e+003	   +2.283460e-005
+5.818000e+003	   +2.212914e-005
+5.819000e+003	   +2.433468e-005
+5.820000e+003	   +2.751790e-005
+5.821000e+003	   +2.632747e-005
+5.822000e+003	   +2.399184e-005
+5.823000e+003	   +2.385054e-005
+5.824000e+003	   +2.595892e-005
+5.825000e+003	   +2.547167e-005
+5.826000e+003	   +2.398652e-005
+5.827000e+003	   +2.471695e-005
+5.828000e+003	   +2.499466e-005
+5.829000e+003	   +2.484756e-005
+5.830000e+003	   +2.371056e-005
+5.831000e+003	   +2.253396e-005
+5.832000e+003	   +2.415102e-005
+5.833000e+003	   +2.522558e-005
+5.834000e+003	   +2.330450e-005
+5.835000e+003	   +2.363819e-005
+5.836000e+003	   +2.319160e-005
+5.837000e+003	   +2.222405e-005
+5.838000e+003	   +2.421177e-005
+5.839000e+003	   +2.234514e-005
+5.840000e+003	   +1.882622e-005
+5.841000e+003	   +2.035786e-005
+5.842000e+003	   +2.070257e-005
+5.843000e+003	   +1.842061e-005
+5.844000e+003	   +1.903151e-005
+5.845000e+003	   +2.168682e-005
+5.846000e+003	   +2.232748e-005
+5.847000e+003	   +2.108056e-005
+5.848000e+003	   +2.149844e-005
+5.849000e+003	   +2.008195e-005
+5.850000e+003	   +1.888070e-005
+5.851000e+003	   +2.036016e-005
+5.852000e+003	   +2.165489e-005
+5.853000e+003	   +2.383684e-005
+5.854000e+003	   +2.450219e-005
+5.855000e+003	   +2.240226e-005
+5.856000e+003	   +1.879879e-005
+5.857000e+003	   +1.918289e-005
+5.858000e+003	   +1.973571e-005
+5.859000e+003	   +2.163719e-005
+5.860000e+003	   +2.301947e-005
+5.861000e+003	   +2.253421e-005
+5.862000e+003	   +2.156506e-005
+5.863000e+003	   +2.289317e-005
+5.864000e+003	   +2.279110e-005
+5.865000e+003	   +2.051616e-005
+5.866000e+003	   +2.043758e-005
+5.867000e+003	   +2.425455e-005
+5.868000e+003	   +2.339993e-005
+5.869000e+003	   +2.007697e-005
+5.870000e+003	   +2.197158e-005
+5.871000e+003	   +2.335204e-005
+5.872000e+003	   +2.141399e-005
+5.873000e+003	   +1.873639e-005
+5.874000e+003	   +2.142325e-005
+5.875000e+003	   +2.444244e-005
+5.876000e+003	   +2.378824e-005
+5.877000e+003	   +2.517976e-005
+5.878000e+003	   +2.496504e-005
+5.879000e+003	   +2.344120e-005
+5.880000e+003	   +2.391173e-005
+5.881000e+003	   +2.283531e-005
+5.882000e+003	   +2.063467e-005
+5.883000e+003	   +2.172624e-005
+5.884000e+003	   +2.325471e-005
+5.885000e+003	   +2.373729e-005
+5.886000e+003	   +2.308994e-005
+5.887000e+003	   +2.116630e-005
+5.888000e+003	   +1.934844e-005
+5.889000e+003	   +1.932362e-005
+5.890000e+003	   +1.969229e-005
+5.891000e+003	   +1.931221e-005
+5.892000e+003	   +1.781035e-005
+5.893000e+003	   +1.697287e-005
+5.894000e+003	   +1.994551e-005
+5.895000e+003	   +2.282440e-005
+5.896000e+003	   +2.311475e-005
+5.897000e+003	   +2.206661e-005
+5.898000e+003	   +2.251724e-005
+5.899000e+003	   +2.155264e-005
+5.900000e+003	   +2.197334e-005
+5.901000e+003	   +2.377850e-005
+5.902000e+003	   +2.351931e-005
+5.903000e+003	   +2.199569e-005
+5.904000e+003	   +2.350909e-005
+5.905000e+003	   +2.345915e-005
+5.906000e+003	   +2.194503e-005
+5.907000e+003	   +2.339425e-005
+5.908000e+003	   +2.473147e-005
+5.909000e+003	   +2.301808e-005
+5.910000e+003	   +2.078942e-005
+5.911000e+003	   +2.068667e-005
+5.912000e+003	   +2.090945e-005
+5.913000e+003	   +1.954079e-005
+5.914000e+003	   +2.122707e-005
+5.915000e+003	   +2.405226e-005
+5.916000e+003	   +2.238701e-005
+5.917000e+003	   +2.034128e-005
+5.918000e+003	   +2.147697e-005
+5.919000e+003	   +2.209927e-005
+5.920000e+003	   +2.346718e-005
+5.921000e+003	   +2.452004e-005
+5.922000e+003	   +2.389365e-005
+5.923000e+003	   +2.128471e-005
+5.924000e+003	   +2.119290e-005
+5.925000e+003	   +2.178484e-005
+5.926000e+003	   +2.285389e-005
+5.927000e+003	   +2.330230e-005
+5.928000e+003	   +2.361277e-005
+5.929000e+003	   +2.185779e-005
+5.930000e+003	   +2.225667e-005
+5.931000e+003	   +2.384056e-005
+5.932000e+003	   +2.331525e-005
+5.933000e+003	   +2.273653e-005
+5.934000e+003	   +2.387627e-005
+5.935000e+003	   +2.373275e-005
+5.936000e+003	   +2.361148e-005
+5.937000e+003	   +2.419436e-005
+5.938000e+003	   +2.223086e-005
+5.939000e+003	   +2.234418e-005
+5.940000e+003	   +2.188899e-005
+5.941000e+003	   +2.006725e-005
+5.942000e+003	   +2.030816e-005
+5.943000e+003	   +2.122199e-005
+5.944000e+003	   +2.184613e-005
+5.945000e+003	   +1.979920e-005
+5.946000e+003	   +1.789707e-005
+5.947000e+003	   +2.008760e-005
+5.948000e+003	   +2.271221e-005
+5.949000e+003	   +2.290632e-005
+5.950000e+003	   +2.193954e-005
+5.951000e+003	   +2.111487e-005
+5.952000e+003	   +2.049961e-005
+5.953000e+003	   +1.970516e-005
+5.954000e+003	   +1.901077e-005
+5.955000e+003	   +1.970399e-005
+5.956000e+003	   +1.969476e-005
+5.957000e+003	   +1.891278e-005
+5.958000e+003	   +1.764060e-005
+5.959000e+003	   +1.684285e-005
+5.960000e+003	   +1.981555e-005
+5.961000e+003	   +2.213281e-005
+5.962000e+003	   +2.113486e-005
+5.963000e+003	   +2.012371e-005
+5.964000e+003	   +1.997291e-005
+5.965000e+003	   +2.081923e-005
+5.966000e+003	   +2.199035e-005
+5.967000e+003	   +2.161283e-005
+5.968000e+003	   +2.074578e-005
+5.969000e+003	   +1.703935e-005
+5.970000e+003	   +1.679329e-005
+5.971000e+003	   +1.821503e-005
+5.972000e+003	   +2.063282e-005
+5.973000e+003	   +2.136183e-005
+5.974000e+003	   +1.976221e-005
+5.975000e+003	   +1.930545e-005
+5.976000e+003	   +1.916433e-005
+5.977000e+003	   +2.107204e-005
+5.978000e+003	   +2.377599e-005
+5.979000e+003	   +2.436291e-005
+5.980000e+003	   +2.209270e-005
+5.981000e+003	   +1.973476e-005
+5.982000e+003	   +1.927791e-005
+5.983000e+003	   +2.051445e-005
+5.984000e+003	   +2.056725e-005
+5.985000e+003	   +1.778367e-005
+5.986000e+003	   +1.772196e-005
+5.987000e+003	   +1.867199e-005
+5.988000e+003	   +1.788010e-005
+5.989000e+003	   +1.851338e-005
+5.990000e+003	   +1.919695e-005
+5.991000e+003	   +2.037908e-005
+5.992000e+003	   +2.000534e-005
+5.993000e+003	   +1.884154e-005
+5.994000e+003	   +1.876711e-005
+5.995000e+003	   +1.898403e-005
+5.996000e+003	   +1.984584e-005
+5.997000e+003	   +2.352686e-005
+5.998000e+003	   +2.482836e-005
+5.999000e+003	   +2.298023e-005
+6.000000e+003	   +2.144749e-005
+6.001000e+003	   +2.168456e-005
+6.002000e+003	   +2.197966e-005
+6.003000e+003	   +2.238384e-005
+6.004000e+003	   +2.300343e-005
+6.005000e+003	   +2.074708e-005
+6.006000e+003	   +1.975969e-005
+6.007000e+003	   +2.192307e-005
+6.008000e+003	   +2.334024e-005
+6.009000e+003	   +2.270253e-005
+6.010000e+003	   +1.926069e-005
+6.011000e+003	   +1.725758e-005
+6.012000e+003	   +1.957449e-005
+6.013000e+003	   +1.913019e-005
+6.014000e+003	   +1.991081e-005
+6.015000e+003	   +2.058753e-005
+6.016000e+003	   +2.043772e-005
+6.017000e+003	   +2.157101e-005
+6.018000e+003	   +2.075362e-005
+6.019000e+003	   +1.732439e-005
+6.020000e+003	   +1.691676e-005
+6.021000e+003	   +1.995281e-005
+6.022000e+003	   +2.086885e-005
+6.023000e+003	   +1.914080e-005
+6.024000e+003	   +1.950041e-005
+6.025000e+003	   +2.142601e-005
+6.026000e+003	   +2.192757e-005
+6.027000e+003	   +2.076554e-005
+6.028000e+003	   +2.156880e-005
+6.029000e+003	   +2.279380e-005
+6.030000e+003	   +2.374904e-005
+6.031000e+003	   +2.387912e-005
+6.032000e+003	   +2.196311e-005
+6.033000e+003	   +1.781936e-005
+6.034000e+003	   +1.831838e-005
+6.035000e+003	   +1.900070e-005
+6.036000e+003	   +1.650776e-005
+6.037000e+003	   +1.543025e-005
+6.038000e+003	   +1.780655e-005
+6.039000e+003	   +1.802113e-005
+6.040000e+003	   +1.826331e-005
+6.041000e+003	   +1.915797e-005
+6.042000e+003	   +2.028890e-005
+6.043000e+003	   +2.031440e-005
+6.044000e+003	   +1.892323e-005
+6.045000e+003	   +2.066723e-005
+6.046000e+003	   +2.148610e-005
+6.047000e+003	   +2.058959e-005
+6.048000e+003	   +2.000374e-005
+6.049000e+003	   +1.980857e-005
+6.050000e+003	   +2.098615e-005
+6.051000e+003	   +2.009190e-005
+6.052000e+003	   +1.981290e-005
+6.053000e+003	   +2.056129e-005
+6.054000e+003	   +2.095438e-005
+6.055000e+003	   +2.059237e-005
+6.056000e+003	   +1.970440e-005
+6.057000e+003	   +1.847615e-005
+6.058000e+003	   +1.967816e-005
+6.059000e+003	   +2.162643e-005
+6.060000e+003	   +2.268796e-005
+6.061000e+003	   +2.189545e-005
+6.062000e+003	   +1.747787e-005
+6.063000e+003	   +1.544181e-005
+6.064000e+003	   +1.680635e-005
+6.065000e+003	   +1.832005e-005
+6.066000e+003	   +2.147803e-005
+6.067000e+003	   +2.423163e-005
+6.068000e+003	   +2.481931e-005
+6.069000e+003	   +2.486339e-005
+6.070000e+003	   +2.617342e-005
+6.071000e+003	   +2.623156e-005
+6.072000e+003	   +2.476857e-005
+6.073000e+003	   +2.132289e-005
+6.074000e+003	   +1.851899e-005
+6.075000e+003	   +2.155254e-005
+6.076000e+003	   +1.945337e-005
+6.077000e+003	   +1.551634e-005
+6.078000e+003	   +1.965322e-005
+6.079000e+003	   +2.274762e-005
+6.080000e+003	   +2.294974e-005
+6.081000e+003	   +2.240489e-005
+6.082000e+003	   +2.057798e-005
+6.083000e+003	   +1.900195e-005
+6.084000e+003	   +1.951442e-005
+6.085000e+003	   +2.269695e-005
+6.086000e+003	   +2.134373e-005
+6.087000e+003	   +2.129832e-005
+6.088000e+003	   +2.341244e-005
+6.089000e+003	   +2.364702e-005
+6.090000e+003	   +2.499559e-005
+6.091000e+003	   +2.395265e-005
+6.092000e+003	   +1.954702e-005
+6.093000e+003	   +1.786407e-005
+6.094000e+003	   +2.109336e-005
+6.095000e+003	   +2.195118e-005
+6.096000e+003	   +2.220495e-005
+6.097000e+003	   +2.249868e-005
+6.098000e+003	   +2.123301e-005
+6.099000e+003	   +2.269399e-005
+6.100000e+003	   +2.306139e-005
+6.101000e+003	   +2.314185e-005
+6.102000e+003	   +2.211821e-005
+6.103000e+003	   +2.017630e-005
+6.104000e+003	   +1.914380e-005
+6.105000e+003	   +1.942067e-005
+6.106000e+003	   +2.057172e-005
+6.107000e+003	   +2.073895e-005
+6.108000e+003	   +1.862919e-005
+6.109000e+003	   +1.694171e-005
+6.110000e+003	   +2.040566e-005
+6.111000e+003	   +2.122571e-005
+6.112000e+003	   +2.102120e-005
+6.113000e+003	   +2.100284e-005
+6.114000e+003	   +2.086736e-005
+6.115000e+003	   +2.029454e-005
+6.116000e+003	   +1.967029e-005
+6.117000e+003	   +1.993623e-005
+6.118000e+003	   +2.048528e-005
+6.119000e+003	   +2.188324e-005
+6.120000e+003	   +2.136521e-005
+6.121000e+003	   +2.078917e-005
+6.122000e+003	   +2.129993e-005
+6.123000e+003	   +2.047280e-005
+6.124000e+003	   +2.124068e-005
+6.125000e+003	   +2.340124e-005
+6.126000e+003	   +2.174538e-005
+6.127000e+003	   +1.929248e-005
+6.128000e+003	   +1.768332e-005
+6.129000e+003	   +1.944867e-005
+6.130000e+003	   +2.123770e-005
+6.131000e+003	   +2.175656e-005
+6.132000e+003	   +2.115071e-005
+6.133000e+003	   +2.315730e-005
+6.134000e+003	   +2.370317e-005
+6.135000e+003	   +2.215294e-005
+6.136000e+003	   +2.131444e-005
+6.137000e+003	   +2.049880e-005
+6.138000e+003	   +2.034722e-005
+6.139000e+003	   +1.986441e-005
+6.140000e+003	   +1.752181e-005
+6.141000e+003	   +1.842280e-005
+6.142000e+003	   +1.849353e-005
+6.143000e+003	   +1.844192e-005
+6.144000e+003	   +1.882428e-005
+6.145000e+003	   +1.938335e-005
+6.146000e+003	   +2.094159e-005
+6.147000e+003	   +2.346116e-005
+6.148000e+003	   +2.476109e-005
+6.149000e+003	   +2.355485e-005
+6.150000e+003	   +2.148771e-005
+6.151000e+003	   +1.936208e-005
+6.152000e+003	   +1.959935e-005
+6.153000e+003	   +2.048143e-005
+6.154000e+003	   +2.079358e-005
+6.155000e+003	   +2.256583e-005
+6.156000e+003	   +2.363526e-005
+6.157000e+003	   +2.248922e-005
+6.158000e+003	   +2.319351e-005
+6.159000e+003	   +2.254037e-005
+6.160000e+003	   +2.038067e-005
+6.161000e+003	   +2.106129e-005
+6.162000e+003	   +2.039499e-005
+6.163000e+003	   +1.998473e-005
+6.164000e+003	   +2.068515e-005
+6.165000e+003	   +2.107109e-005
+6.166000e+003	   +2.038819e-005
+6.167000e+003	   +1.920408e-005
+6.168000e+003	   +2.072975e-005
+6.169000e+003	   +2.130945e-005
+6.170000e+003	   +1.878218e-005
+6.171000e+003	   +1.811493e-005
+6.172000e+003	   +1.907685e-005
+6.173000e+003	   +2.150463e-005
+6.174000e+003	   +2.325580e-005
+6.175000e+003	   +2.101869e-005
+6.176000e+003	   +1.921688e-005
+6.177000e+003	   +2.162346e-005
+6.178000e+003	   +2.200342e-005
+6.179000e+003	   +1.865187e-005
+6.180000e+003	   +1.960570e-005
+6.181000e+003	   +1.958169e-005
+6.182000e+003	   +2.057732e-005
+6.183000e+003	   +2.290564e-005
+6.184000e+003	   +2.315883e-005
+6.185000e+003	   +2.359722e-005
+6.186000e+003	   +2.282245e-005
+6.187000e+003	   +2.161855e-005
+6.188000e+003	   +2.224153e-005
+6.189000e+003	   +2.338665e-005
+6.190000e+003	   +2.403292e-005
+6.191000e+003	   +2.100662e-005
+6.192000e+003	   +1.689631e-005
+6.193000e+003	   +1.543259e-005
+6.194000e+003	   +1.634612e-005
+6.195000e+003	   +1.957137e-005
+6.196000e+003	   +2.356571e-005
+6.197000e+003	   +2.361412e-005
+6.198000e+003	   +8.678966e-005
+6.199000e+003	   +3.003196e-004
+6.200000e+003	   +4.435703e-004
+6.201000e+003	   +3.043203e-004
+6.202000e+003	   +9.202237e-005
+6.203000e+003	   +2.222132e-005
+6.204000e+003	   +1.961801e-005
+6.205000e+003	   +1.829018e-005
+6.206000e+003	   +1.853025e-005
+6.207000e+003	   +2.097219e-005
+6.208000e+003	   +2.391875e-005
+6.209000e+003	   +2.404397e-005
+6.210000e+003	   +2.299005e-005
+6.211000e+003	   +2.161553e-005
+6.212000e+003	   +2.028274e-005
+6.213000e+003	   +2.084396e-005
+6.214000e+003	   +2.063359e-005
+6.215000e+003	   +1.947846e-005
+6.216000e+003	   +1.872132e-005
+6.217000e+003	   +1.994319e-005
+6.218000e+003	   +1.924963e-005
+6.219000e+003	   +1.955217e-005
+6.220000e+003	   +2.211398e-005
+6.221000e+003	   +2.379485e-005
+6.222000e+003	   +2.175940e-005
+6.223000e+003	   +1.887071e-005
+6.224000e+003	   +2.072024e-005
+6.225000e+003	   +2.326648e-005
+6.226000e+003	   +2.281728e-005
+6.227000e+003	   +1.989023e-005
+6.228000e+003	   +1.891575e-005
+6.229000e+003	   +2.098915e-005
+6.230000e+003	   +2.182199e-005
+6.231000e+003	   +2.295597e-005
+6.232000e+003	   +2.236981e-005
+6.233000e+003	   +2.013290e-005
+6.234000e+003	   +2.093819e-005
+6.235000e+003	   +2.093318e-005
+6.236000e+003	   +2.069687e-005
+6.237000e+003	   +2.156388e-005
+6.238000e+003	   +2.246292e-005
+6.239000e+003	   +2.141660e-005
+6.240000e+003	   +2.100907e-005
+6.241000e+003	   +2.029358e-005
+6.242000e+003	   +2.044679e-005
+6.243000e+003	   +2.282829e-005
+6.244000e+003	   +2.264349e-005
+6.245000e+003	   +2.154506e-005
+6.246000e+003	   +1.974737e-005
+6.247000e+003	   +1.844905e-005
+6.248000e+003	   +2.030363e-005
+6.249000e+003	   +2.363648e-005
+6.250000e+003	   +2.353706e-005
+6.251000e+003	   +2.312298e-005
+6.252000e+003	   +2.354166e-005
+6.253000e+003	   +2.426185e-005
+6.254000e+003	   +2.200456e-005
+6.255000e+003	   +2.004776e-005
+6.256000e+003	   +2.014830e-005
+6.257000e+003	   +2.199204e-005
+6.258000e+003	   +2.191397e-005
+6.259000e+003	   +2.022343e-005
+6.260000e+003	   +1.880469e-005
+6.261000e+003	   +1.941769e-005
+6.262000e+003	   +2.039226e-005
+6.263000e+003	   +1.976451e-005
+6.264000e+003	   +1.839466e-005
+6.265000e+003	   +1.782181e-005
+6.266000e+003	   +1.880713e-005
+6.267000e+003	   +2.024516e-005
+6.268000e+003	   +2.019454e-005
+6.269000e+003	   +1.840204e-005
+6.270000e+003	   +1.905855e-005
+6.271000e+003	   +1.922175e-005
+6.272000e+003	   +1.864825e-005
+6.273000e+003	   +1.990904e-005
+6.274000e+003	   +2.000161e-005
+6.275000e+003	   +1.783418e-005
+6.276000e+003	   +1.608920e-005
+6.277000e+003	   +1.880998e-005
+6.278000e+003	   +2.187172e-005
+6.279000e+003	   +2.229997e-005
+6.280000e+003	   +2.272680e-005
+6.281000e+003	   +2.306785e-005
+6.282000e+003	   +2.139011e-005
+6.283000e+003	   +2.028706e-005
+6.284000e+003	   +2.069328e-005
+6.285000e+003	   +2.170135e-005
+6.286000e+003	   +2.058358e-005
+6.287000e+003	   +2.119956e-005
+6.288000e+003	   +2.031820e-005
+6.289000e+003	   +1.815854e-005
+6.290000e+003	   +1.966934e-005
+6.291000e+003	   +2.136028e-005
+6.292000e+003	   +1.950288e-005
+6.293000e+003	   +1.866892e-005
+6.294000e+003	   +1.974247e-005
+6.295000e+003	   +2.145788e-005
+6.296000e+003	   +2.249147e-005
+6.297000e+003	   +2.095281e-005
+6.298000e+003	   +1.881748e-005
+6.299000e+003	   +2.109422e-005
+6.300000e+003	   +2.212426e-005
+6.301000e+003	   +2.013850e-005
+6.302000e+003	   +1.900182e-005
+6.303000e+003	   +1.876740e-005
+6.304000e+003	   +1.900474e-005
+6.305000e+003	   +1.794220e-005
+6.306000e+003	   +1.814409e-005
+6.307000e+003	   +1.922859e-005
+6.308000e+003	   +1.917826e-005
+6.309000e+003	   +1.974328e-005
+6.310000e+003	   +1.945525e-005
+6.311000e+003	   +1.908822e-005
+6.312000e+003	   +1.979424e-005
+6.313000e+003	   +2.046368e-005
+6.314000e+003	   +2.095613e-005
+6.315000e+003	   +2.202164e-005
+6.316000e+003	   +2.141932e-005
+6.317000e+003	   +2.006011e-005
+6.318000e+003	   +1.900735e-005
+6.319000e+003	   +1.847796e-005
+6.320000e+003	   +1.951434e-005
+6.321000e+003	   +2.122194e-005
+6.322000e+003	   +2.215853e-005
+6.323000e+003	   +2.280369e-005
+6.324000e+003	   +1.997758e-005
+6.325000e+003	   +1.886543e-005
+6.326000e+003	   +1.885489e-005
+6.327000e+003	   +1.826335e-005
+6.328000e+003	   +1.794431e-005
+6.329000e+003	   +1.931698e-005
+6.330000e+003	   +2.152957e-005
+6.331000e+003	   +2.426268e-005
+6.332000e+003	   +2.452863e-005
+6.333000e+003	   +2.157582e-005
+6.334000e+003	   +1.905673e-005
+6.335000e+003	   +1.923091e-005
+6.336000e+003	   +2.000429e-005
+6.337000e+003	   +1.996464e-005
+6.338000e+003	   +1.834851e-005
+6.339000e+003	   +1.901961e-005
+6.340000e+003	   +2.156871e-005
+6.341000e+003	   +2.158098e-005
+6.342000e+003	   +2.071242e-005
+6.343000e+003	   +2.056515e-005
+6.344000e+003	   +2.348275e-005
+6.345000e+003	   +2.441197e-005
+6.346000e+003	   +2.650344e-005
+6.347000e+003	   +2.625545e-005
+6.348000e+003	   +2.493126e-005
+6.349000e+003	   +2.286594e-005
+6.350000e+003	   +1.791500e-005
+6.351000e+003	   +1.668377e-005
+6.352000e+003	   +1.909659e-005
+6.353000e+003	   +1.853514e-005
+6.354000e+003	   +1.871546e-005
+6.355000e+003	   +1.945580e-005
+6.356000e+003	   +1.906996e-005
+6.357000e+003	   +1.938401e-005
+6.358000e+003	   +2.167207e-005
+6.359000e+003	   +2.287571e-005
+6.360000e+003	   +2.052973e-005
+6.361000e+003	   +1.909273e-005
+6.362000e+003	   +2.176664e-005
+6.363000e+003	   +2.157619e-005
+6.364000e+003	   +2.074920e-005
+6.365000e+003	   +2.095378e-005
+6.366000e+003	   +1.889850e-005
+6.367000e+003	   +1.904221e-005
+6.368000e+003	   +2.032918e-005
+6.369000e+003	   +2.060214e-005
+6.370000e+003	   +2.141963e-005
+6.371000e+003	   +2.237003e-005
+6.372000e+003	   +2.414880e-005
+6.373000e+003	   +2.468129e-005
+6.374000e+003	   +2.313989e-005
+6.375000e+003	   +2.241916e-005
+6.376000e+003	   +2.191924e-005
+6.377000e+003	   +2.066283e-005
+6.378000e+003	   +2.007909e-005
+6.379000e+003	   +1.907714e-005
+6.380000e+003	   +1.806501e-005
+6.381000e+003	   +2.139695e-005
+6.382000e+003	   +2.083851e-005
+6.383000e+003	   +1.783618e-005
+6.384000e+003	   +1.844796e-005
+6.385000e+003	   +1.914097e-005
+6.386000e+003	   +2.045485e-005
+6.387000e+003	   +2.250792e-005
+6.388000e+003	   +2.292471e-005
+6.389000e+003	   +2.231141e-005
+6.390000e+003	   +2.066388e-005
+6.391000e+003	   +2.113539e-005
+6.392000e+003	   +2.255901e-005
+6.393000e+003	   +2.165929e-005
+6.394000e+003	   +2.200441e-005
+6.395000e+003	   +2.312902e-005
+6.396000e+003	   +2.476873e-005
+6.397000e+003	   +2.396201e-005
+6.398000e+003	   +2.129137e-005
+6.399000e+003	   +2.009613e-005
+6.400000e+003	   +2.010931e-005
+6.401000e+003	   +2.097913e-005
+6.402000e+003	   +2.017187e-005
+6.403000e+003	   +2.054454e-005
+6.404000e+003	   +2.381971e-005
+6.405000e+003	   +2.425698e-005
+6.406000e+003	   +2.202015e-005
+6.407000e+003	   +1.926401e-005
+6.408000e+003	   +1.819204e-005
+6.409000e+003	   +2.025285e-005
+6.410000e+003	   +2.283122e-005
+6.411000e+003	   +2.346917e-005
+6.412000e+003	   +2.170281e-005
+6.413000e+003	   +2.128985e-005
+6.414000e+003	   +2.258028e-005
+6.415000e+003	   +2.242256e-005
+6.416000e+003	   +2.049196e-005
+6.417000e+003	   +1.905234e-005
+6.418000e+003	   +2.079933e-005
+6.419000e+003	   +2.033391e-005
+6.420000e+003	   +1.912935e-005
+6.421000e+003	   +2.123735e-005
+6.422000e+003	   +2.336381e-005
+6.423000e+003	   +2.276834e-005
+6.424000e+003	   +2.273244e-005
+6.425000e+003	   +2.171396e-005
+6.426000e+003	   +2.012117e-005
+6.427000e+003	   +2.225399e-005
+6.428000e+003	   +2.213125e-005
+6.429000e+003	   +2.024989e-005
+6.430000e+003	   +1.922806e-005
+6.431000e+003	   +1.926289e-005
+6.432000e+003	   +2.213208e-005
+6.433000e+003	   +2.124978e-005
+6.434000e+003	   +1.868064e-005
+6.435000e+003	   +1.936591e-005
+6.436000e+003	   +2.185926e-005
+6.437000e+003	   +2.137957e-005
+6.438000e+003	   +2.183577e-005
+6.439000e+003	   +2.096966e-005
+6.440000e+003	   +1.933243e-005
+6.441000e+003	   +1.992573e-005
+6.442000e+003	   +1.946773e-005
+6.443000e+003	   +2.146757e-005
+6.444000e+003	   +2.274730e-005
+6.445000e+003	   +2.175713e-005
+6.446000e+003	   +2.076716e-005
+6.447000e+003	   +2.240939e-005
+6.448000e+003	   +2.459543e-005
+6.449000e+003	   +2.250864e-005
+6.450000e+003	   +2.067218e-005
+6.451000e+003	   +2.191977e-005
+6.452000e+003	   +2.229975e-005
+6.453000e+003	   +2.179661e-005
+6.454000e+003	   +2.190769e-005
+6.455000e+003	   +2.278584e-005
+6.456000e+003	   +2.234592e-005
+6.457000e+003	   +1.918189e-005
+6.458000e+003	   +1.868805e-005
+6.459000e+003	   +2.056490e-005
+6.460000e+003	   +2.071785e-005
+6.461000e+003	   +1.957805e-005
+6.462000e+003	   +1.970265e-005
+6.463000e+003	   +1.757062e-005
+6.464000e+003	   +1.786389e-005
+6.465000e+003	   +1.953335e-005
+6.466000e+003	   +1.910823e-005
+6.467000e+003	   +1.892821e-005
+6.468000e+003	   +2.045339e-005
+6.469000e+003	   +2.183182e-005
+6.470000e+003	   +2.204090e-005
+6.471000e+003	   +2.242024e-005
+6.472000e+003	   +2.154480e-005
+6.473000e+003	   +1.992450e-005
+6.474000e+003	   +1.921150e-005
+6.475000e+003	   +1.841105e-005
+6.476000e+003	   +1.963486e-005
+6.477000e+003	   +1.931043e-005
+6.478000e+003	   +1.893948e-005
+6.479000e+003	   +1.847705e-005
+6.480000e+003	   +1.773267e-005
+6.481000e+003	   +1.780986e-005
+6.482000e+003	   +1.826969e-005
+6.483000e+003	   +1.959184e-005
+6.484000e+003	   +1.972204e-005
+6.485000e+003	   +1.877057e-005
+6.486000e+003	   +1.970120e-005
+6.487000e+003	   +2.037877e-005
+6.488000e+003	   +2.098055e-005
+6.489000e+003	   +2.231687e-005
+6.490000e+003	   +2.265821e-005
+6.491000e+003	   +2.162049e-005
+6.492000e+003	   +2.049570e-005
+6.493000e+003	   +2.050646e-005
+6.494000e+003	   +2.081798e-005
+6.495000e+003	   +1.995465e-005
+6.496000e+003	   +2.094688e-005
+6.497000e+003	   +2.362354e-005
+6.498000e+003	   +2.216941e-005
+6.499000e+003	   +2.193142e-005
+6.500000e+003	   +2.266500e-005
+6.501000e+003	   +2.159236e-005
+6.502000e+003	   +2.033672e-005
+6.503000e+003	   +2.216206e-005
+6.504000e+003	   +2.362750e-005
+6.505000e+003	   +2.326015e-005
+6.506000e+003	   +2.322990e-005
+6.507000e+003	   +2.224070e-005
+6.508000e+003	   +1.968341e-005
+6.509000e+003	   +1.726310e-005
+6.510000e+003	   +1.917026e-005
+6.511000e+003	   +2.082822e-005
+6.512000e+003	   +2.179201e-005
+6.513000e+003	   +2.378960e-005
+6.514000e+003	   +2.151637e-005
+6.515000e+003	   +1.982110e-005
+6.516000e+003	   +2.111799e-005
+6.517000e+003	   +2.242192e-005
+6.518000e+003	   +2.337094e-005
+6.519000e+003	   +2.333894e-005
+6.520000e+003	   +2.202827e-005
+6.521000e+003	   +2.198647e-005
+6.522000e+003	   +2.209027e-005
+6.523000e+003	   +2.193983e-005
+6.524000e+003	   +2.232660e-005
+6.525000e+003	   +1.947931e-005
+6.526000e+003	   +1.794279e-005
+6.527000e+003	   +2.173102e-005
+6.528000e+003	   +2.431172e-005
+6.529000e+003	   +2.295216e-005
+6.530000e+003	   +2.056736e-005
+6.531000e+003	   +1.914714e-005
+6.532000e+003	   +1.851760e-005
+6.533000e+003	   +1.944517e-005
+6.534000e+003	   +2.235869e-005
+6.535000e+003	   +2.281951e-005
+6.536000e+003	   +1.927129e-005
+6.537000e+003	   +1.849911e-005
+6.538000e+003	   +1.857225e-005
+6.539000e+003	   +1.707737e-005
+6.540000e+003	   +1.684354e-005
+6.541000e+003	   +1.635269e-005
+6.542000e+003	   +1.731656e-005
+6.543000e+003	   +2.014067e-005
+6.544000e+003	   +2.033766e-005
+6.545000e+003	   +1.921371e-005
+6.546000e+003	   +1.846642e-005
+6.547000e+003	   +1.995000e-005
+6.548000e+003	   +2.127177e-005
+6.549000e+003	   +2.136774e-005
+6.550000e+003	   +2.315501e-005
+6.551000e+003	   +2.462629e-005
+6.552000e+003	   +2.412076e-005
+6.553000e+003	   +2.433500e-005
+6.554000e+003	   +2.373760e-005
+6.555000e+003	   +2.458638e-005
+6.556000e+003	   +2.354479e-005
+6.557000e+003	   +2.122001e-005
+6.558000e+003	   +1.992956e-005
+6.559000e+003	   +2.016857e-005
+6.560000e+003	   +2.170757e-005
+6.561000e+003	   +2.139223e-005
+6.562000e+003	   +2.083755e-005
+6.563000e+003	   +2.193169e-005
+6.564000e+003	   +2.032420e-005
+6.565000e+003	   +1.801136e-005
+6.566000e+003	   +1.795736e-005
+6.567000e+003	   +2.117039e-005
+6.568000e+003	   +2.366146e-005
+6.569000e+003	   +2.453304e-005
+6.570000e+003	   +2.181969e-005
+6.571000e+003	   +1.935118e-005
+6.572000e+003	   +2.031697e-005
+6.573000e+003	   +2.132677e-005
+6.574000e+003	   +1.902713e-005
+6.575000e+003	   +1.864487e-005
+6.576000e+003	   +2.169992e-005
+6.577000e+003	   +2.174631e-005
+6.578000e+003	   +2.079191e-005
+6.579000e+003	   +2.236023e-005
+6.580000e+003	   +2.171880e-005
+6.581000e+003	   +1.982519e-005
+6.582000e+003	   +1.988119e-005
+6.583000e+003	   +2.211384e-005
+6.584000e+003	   +2.355798e-005
+6.585000e+003	   +2.269755e-005
+6.586000e+003	   +2.162410e-005
+6.587000e+003	   +1.985608e-005
+6.588000e+003	   +1.873425e-005
+6.589000e+003	   +1.895896e-005
+6.590000e+003	   +1.889526e-005
+6.591000e+003	   +1.783132e-005
+6.592000e+003	   +1.984858e-005
+6.593000e+003	   +2.214054e-005
+6.594000e+003	   +2.089634e-005
+6.595000e+003	   +2.104079e-005
+6.596000e+003	   +2.083074e-005
+6.597000e+003	   +2.117279e-005
+6.598000e+003	   +2.208838e-005
+6.599000e+003	   +2.221968e-005
+6.600000e+003	   +2.199661e-005
