+1.460000e+004	   +1.945708e-005
+1.460100e+004	   +2.080838e-005
+1.460200e+004	   +2.090231e-005
+1.460300e+004	   +1.929741e-005
+1.460400e+004	   +1.858564e-005
+1.460500e+004	   +1.872118e-005
+1.460600e+004	   +1.834492e-005
+1.460700e+004	   +1.864734e-005
+1.460800e+004	   +1.979817e-005
+1.460900e+004	   +2.011152e-005
+1.461000e+004	   +2.144196e-005
+1.461100e+004	   +2.249165e-005
+1.461200e+004	   +1.981370e-005
+1.461300e+004	   +1.663989e-005
+1.461400e+004	   +1.680022e-005
+1.461500e+004	   +1.935141e-005
+1.461600e+004	   +2.107005e-005
+1.461700e+004	   +2.142020e-005
+1.461800e+004	   +2.139202e-005
+1.461900e+004	   +1.961230e-005
+1.462000e+004	   +1.872336e-005
+1.462100e+004	   +2.138732e-005
+1.462200e+004	   +1.970678e-005
+1.462300e+004	   +1.797051e-005
+1.462400e+004	   +1.870293e-005
+1.462500e+004	   +2.166969e-005
+1.462600e+004	   +2.178024e-005
+1.462700e+004	   +1.876942e-005
+1.462800e+004	   +1.908194e-005
+1.462900e+004	   +2.116721e-005
+1.463000e+004	   +2.238121e-005
+1.463100e+004	   +2.005773e-005
+1.463200e+004	   +1.691810e-005
+1.463300e+004	   +1.698842e-005
+1.463400e+004	   +1.870086e-005
+1.463500e+004	   +2.063456e-005
+1.463600e+004	   +2.115675e-005
+1.463700e+004	   +2.074713e-005
+1.463800e+004	   +1.983819e-005
+1.463900e+004	   +1.764448e-005
+1.464000e+004	   +1.780348e-005
+1.464100e+004	   +1.937990e-005
+1.464200e+004	   +2.046770e-005
+1.464300e+004	   +2.416959e-005
+1.464400e+004	   +2.535194e-005
+1.464500e+004	   +2.410334e-005
+1.464600e+004	   +2.354298e-005
+1.464700e+004	   +2.455811e-005
+1.464800e+004	   +2.415596e-005
+1.464900e+004	   +2.162826e-005
+1.465000e+004	   +2.219138e-005
+1.465100e+004	   +2.220391e-005
+1.465200e+004	   +2.283661e-005
+1.465300e+004	   +2.170824e-005
+1.465400e+004	   +2.127158e-005
+1.465500e+004	   +2.271919e-005
+1.465600e+004	   +2.240757e-005
+1.465700e+004	   +2.047896e-005
+1.465800e+004	   +1.971250e-005
+1.465900e+004	   +2.073408e-005
+1.466000e+004	   +2.239362e-005
+1.466100e+004	   +2.109790e-005
+1.466200e+004	   +2.100801e-005
+1.466300e+004	   +2.129647e-005
+1.466400e+004	   +1.978214e-005
+1.466500e+004	   +1.890786e-005
+1.466600e+004	   +1.855740e-005
+1.466700e+004	   +1.949887e-005
+1.466800e+004	   +2.156113e-005
+1.466900e+004	   +2.254396e-005
+1.467000e+004	   +2.157842e-005
+1.467100e+004	   +1.972761e-005
+1.467200e+004	   +1.982036e-005
+1.467300e+004	   +2.026978e-005
+1.467400e+004	   +1.844964e-005
+1.467500e+004	   +1.884090e-005
+1.467600e+004	   +2.167045e-005
+1.467700e+004	   +2.086997e-005
+1.467800e+004	   +2.101583e-005
+1.467900e+004	   +2.199593e-005
+1.468000e+004	   +2.129268e-005
+1.468100e+004	   +2.090201e-005
+1.468200e+004	   +1.902013e-005
+1.468300e+004	   +1.806569e-005
+1.468400e+004	   +1.883999e-005
+1.468500e+004	   +1.879115e-005
+1.468600e+004	   +1.826945e-005
+1.468700e+004	   +1.942869e-005
+1.468800e+004	   +2.049351e-005
+1.468900e+004	   +2.067781e-005
+1.469000e+004	   +2.035580e-005
+1.469100e+004	   +2.003992e-005
+1.469200e+004	   +2.083019e-005
+1.469300e+004	   +2.087985e-005
+1.469400e+004	   +2.115373e-005
+1.469500e+004	   +2.063603e-005
+1.469600e+004	   +1.980998e-005
+1.469700e+004	   +2.202982e-005
+1.469800e+004	   +2.302872e-005
+1.469900e+004	   +2.062559e-005
+1.470000e+004	   +2.100372e-005
+1.470100e+004	   +2.192001e-005
+1.470200e+004	   +2.096671e-005
+1.470300e+004	   +2.127492e-005
+1.470400e+004	   +2.292841e-005
+1.470500e+004	   +2.100743e-005
+1.470600e+004	   +1.827587e-005
+1.470700e+004	   +1.857217e-005
+1.470800e+004	   +1.982195e-005
+1.470900e+004	   +2.041480e-005
+1.471000e+004	   +1.996561e-005
+1.471100e+004	   +2.104349e-005
+1.471200e+004	   +2.163106e-005
+1.471300e+004	   +2.028211e-005
+1.471400e+004	   +1.943462e-005
+1.471500e+004	   +1.969381e-005
+1.471600e+004	   +2.212428e-005
+1.471700e+004	   +2.312493e-005
+1.471800e+004	   +2.234215e-005
+1.471900e+004	   +2.241207e-005
+1.472000e+004	   +2.252417e-005
+1.472100e+004	   +2.184522e-005
+1.472200e+004	   +2.235967e-005
+1.472300e+004	   +2.252590e-005
+1.472400e+004	   +2.166790e-005
+1.472500e+004	   +2.018111e-005
+1.472600e+004	   +1.984706e-005
+1.472700e+004	   +2.169854e-005
+1.472800e+004	   +2.211991e-005
+1.472900e+004	   +2.078219e-005
+1.473000e+004	   +2.016954e-005
+1.473100e+004	   +1.927757e-005
+1.473200e+004	   +1.844867e-005
+1.473300e+004	   +1.953845e-005
+1.473400e+004	   +1.894770e-005
+1.473500e+004	   +1.772381e-005
+1.473600e+004	   +1.946999e-005
+1.473700e+004	   +2.082950e-005
+1.473800e+004	   +1.990607e-005
+1.473900e+004	   +1.965171e-005
+1.474000e+004	   +2.109776e-005
+1.474100e+004	   +2.154414e-005
+1.474200e+004	   +2.146302e-005
+1.474300e+004	   +2.189565e-005
+1.474400e+004	   +2.216588e-005
+1.474500e+004	   +2.102970e-005
+1.474600e+004	   +1.861666e-005
+1.474700e+004	   +1.975548e-005
+1.474800e+004	   +2.266871e-005
+1.474900e+004	   +2.270303e-005
+1.475000e+004	   +2.048389e-005
+1.475100e+004	   +1.887981e-005
+1.475200e+004	   +1.996970e-005
+1.475300e+004	   +2.006068e-005
+1.475400e+004	   +2.008380e-005
+1.475500e+004	   +2.126831e-005
+1.475600e+004	   +2.180946e-005
+1.475700e+004	   +2.167387e-005
+1.475800e+004	   +2.022392e-005
+1.475900e+004	   +1.834742e-005
+1.476000e+004	   +2.154968e-005
+1.476100e+004	   +2.151148e-005
+1.476200e+004	   +1.847074e-005
+1.476300e+004	   +1.715101e-005
+1.476400e+004	   +1.709455e-005
+1.476500e+004	   +1.907276e-005
+1.476600e+004	   +2.033623e-005
+1.476700e+004	   +2.093382e-005
+1.476800e+004	   +2.033918e-005
+1.476900e+004	   +1.973779e-005
+1.477000e+004	   +1.993001e-005
+1.477100e+004	   +1.864622e-005
+1.477200e+004	   +2.044109e-005
+1.477300e+004	   +2.168068e-005
+1.477400e+004	   +2.034624e-005
+1.477500e+004	   +2.113897e-005
+1.477600e+004	   +2.195692e-005
+1.477700e+004	   +1.953719e-005
+1.477800e+004	   +1.655715e-005
+1.477900e+004	   +1.842312e-005
+1.478000e+004	   +1.947061e-005
+1.478100e+004	   +1.854241e-005
+1.478200e+004	   +1.932432e-005
+1.478300e+004	   +2.059533e-005
+1.478400e+004	   +2.080465e-005
+1.478500e+004	   +2.020474e-005
+1.478600e+004	   +2.064678e-005
+1.478700e+004	   +2.132139e-005
+1.478800e+004	   +1.978766e-005
+1.478900e+004	   +1.880104e-005
+1.479000e+004	   +1.875846e-005
+1.479100e+004	   +1.789015e-005
+1.479200e+004	   +1.861316e-005
+1.479300e+004	   +2.052657e-005
+1.479400e+004	   +2.243236e-005
+1.479500e+004	   +2.082074e-005
+1.479600e+004	   +1.916551e-005
+1.479700e+004	   +2.006699e-005
+1.479800e+004	   +2.125060e-005
+1.479900e+004	   +2.274223e-005
+1.480000e+004	   +2.387944e-005
+1.480100e+004	   +2.310955e-005
+1.480200e+004	   +2.151063e-005
+1.480300e+004	   +1.969121e-005
+1.480400e+004	   +1.960393e-005
+1.480500e+004	   +2.161475e-005
+1.480600e+004	   +2.124759e-005
+1.480700e+004	   +1.903555e-005
+1.480800e+004	   +1.775310e-005
+1.480900e+004	   +1.795690e-005
+1.481000e+004	   +1.814718e-005
+1.481100e+004	   +1.758867e-005
+1.481200e+004	   +1.864008e-005
+1.481300e+004	   +2.187332e-005
+1.481400e+004	   +2.292990e-005
+1.481500e+004	   +2.314294e-005
+1.481600e+004	   +2.125365e-005
+1.481700e+004	   +2.069737e-005
+1.481800e+004	   +2.067062e-005
+1.481900e+004	   +2.138628e-005
+1.482000e+004	   +2.101608e-005
+1.482100e+004	   +2.048204e-005
+1.482200e+004	   +2.208399e-005
+1.482300e+004	   +2.341779e-005
+1.482400e+004	   +2.391386e-005
+1.482500e+004	   +2.457275e-005
+1.482600e+004	   +2.428370e-005
+1.482700e+004	   +2.145131e-005
+1.482800e+004	   +1.923258e-005
+1.482900e+004	   +1.940957e-005
+1.483000e+004	   +1.874695e-005
+1.483100e+004	   +2.035969e-005
+1.483200e+004	   +2.013620e-005
+1.483300e+004	   +2.010777e-005
+1.483400e+004	   +2.212003e-005
+1.483500e+004	   +2.263916e-005
+1.483600e+004	   +2.166517e-005
+1.483700e+004	   +1.962491e-005
+1.483800e+004	   +2.014031e-005
+1.483900e+004	   +1.831858e-005
+1.484000e+004	   +1.638008e-005
+1.484100e+004	   +1.879726e-005
+1.484200e+004	   +2.032750e-005
+1.484300e+004	   +1.938401e-005
+1.484400e+004	   +1.956718e-005
+1.484500e+004	   +2.000021e-005
+1.484600e+004	   +2.097413e-005
+1.484700e+004	   +2.138917e-005
+1.484800e+004	   +2.314939e-005
+1.484900e+004	   +2.444418e-005
+1.485000e+004	   +2.270712e-005
+1.485100e+004	   +2.204409e-005
+1.485200e+004	   +2.399258e-005
+1.485300e+004	   +2.473291e-005
+1.485400e+004	   +2.509651e-005
+1.485500e+004	   +2.238684e-005
+1.485600e+004	   +1.891170e-005
+1.485700e+004	   +1.773271e-005
+1.485800e+004	   +1.768066e-005
+1.485900e+004	   +1.893380e-005
+1.486000e+004	   +1.954380e-005
+1.486100e+004	   +2.070419e-005
+1.486200e+004	   +2.102677e-005
+1.486300e+004	   +2.015688e-005
+1.486400e+004	   +2.008612e-005
+1.486500e+004	   +2.125771e-005
+1.486600e+004	   +2.014796e-005
+1.486700e+004	   +1.914315e-005
+1.486800e+004	   +2.010966e-005
+1.486900e+004	   +1.999823e-005
+1.487000e+004	   +1.762440e-005
+1.487100e+004	   +1.789994e-005
+1.487200e+004	   +1.957206e-005
+1.487300e+004	   +1.951789e-005
+1.487400e+004	   +1.959407e-005
+1.487500e+004	   +1.977766e-005
+1.487600e+004	   +1.883902e-005
+1.487700e+004	   +1.857666e-005
+1.487800e+004	   +2.119567e-005
+1.487900e+004	   +2.077537e-005
+1.488000e+004	   +2.034230e-005
+1.488100e+004	   +2.174751e-005
+1.488200e+004	   +2.217874e-005
+1.488300e+004	   +2.098359e-005
+1.488400e+004	   +1.982737e-005
+1.488500e+004	   +2.085337e-005
+1.488600e+004	   +2.218300e-005
+1.488700e+004	   +2.353058e-005
+1.488800e+004	   +2.359759e-005
+1.488900e+004	   +2.163096e-005
+1.489000e+004	   +1.941063e-005
+1.489100e+004	   +1.852501e-005
+1.489200e+004	   +2.016166e-005
+1.489300e+004	   +2.150538e-005
+1.489400e+004	   +2.079267e-005
+1.489500e+004	   +1.933351e-005
+1.489600e+004	   +1.890481e-005
+1.489700e+004	   +1.908837e-005
+1.489800e+004	   +2.018281e-005
+1.489900e+004	   +2.138842e-005
+1.490000e+004	   +2.280188e-005
+1.490100e+004	   +2.387108e-005
+1.490200e+004	   +2.271987e-005
+1.490300e+004	   +2.100432e-005
+1.490400e+004	   +1.889974e-005
+1.490500e+004	   +1.814754e-005
+1.490600e+004	   +1.760434e-005
+1.490700e+004	   +1.819416e-005
+1.490800e+004	   +1.865941e-005
+1.490900e+004	   +2.039195e-005
+1.491000e+004	   +2.215605e-005
+1.491100e+004	   +2.153407e-005
+1.491200e+004	   +2.019507e-005
+1.491300e+004	   +1.873479e-005
+1.491400e+004	   +1.753170e-005
+1.491500e+004	   +1.925291e-005
+1.491600e+004	   +2.221832e-005
+1.491700e+004	   +2.135449e-005
+1.491800e+004	   +1.957502e-005
+1.491900e+004	   +1.885460e-005
+1.492000e+004	   +2.001739e-005
+1.492100e+004	   +2.161370e-005
+1.492200e+004	   +2.052222e-005
+1.492300e+004	   +1.989628e-005
+1.492400e+004	   +1.927213e-005
+1.492500e+004	   +1.881620e-005
+1.492600e+004	   +1.945715e-005
+1.492700e+004	   +2.083202e-005
+1.492800e+004	   +2.288372e-005
+1.492900e+004	   +2.331266e-005
+1.493000e+004	   +2.210794e-005
+1.493100e+004	   +2.068278e-005
+1.493200e+004	   +1.992409e-005
+1.493300e+004	   +2.146688e-005
+1.493400e+004	   +2.276104e-005
+1.493500e+004	   +2.184795e-005
+1.493600e+004	   +2.041489e-005
+1.493700e+004	   +2.057350e-005
+1.493800e+004	   +1.985881e-005
+1.493900e+004	   +1.920357e-005
+1.494000e+004	   +2.078984e-005
+1.494100e+004	   +1.961131e-005
+1.494200e+004	   +1.988649e-005
+1.494300e+004	   +2.066168e-005
+1.494400e+004	   +2.039947e-005
+1.494500e+004	   +1.751438e-005
+1.494600e+004	   +1.535731e-005
+1.494700e+004	   +1.787462e-005
+1.494800e+004	   +2.186653e-005
+1.494900e+004	   +2.301596e-005
+1.495000e+004	   +2.188865e-005
+1.495100e+004	   +1.923752e-005
+1.495200e+004	   +1.778568e-005
+1.495300e+004	   +1.886023e-005
+1.495400e+004	   +1.864092e-005
+1.495500e+004	   +1.864360e-005
+1.495600e+004	   +1.939909e-005
+1.495700e+004	   +1.994545e-005
+1.495800e+004	   +1.846530e-005
+1.495900e+004	   +1.919246e-005
+1.496000e+004	   +2.094524e-005
+1.496100e+004	   +2.059660e-005
+1.496200e+004	   +2.113541e-005
+1.496300e+004	   +2.124691e-005
+1.496400e+004	   +2.121607e-005
+1.496500e+004	   +2.016813e-005
+1.496600e+004	   +1.894649e-005
+1.496700e+004	   +1.906410e-005
+1.496800e+004	   +1.994026e-005
+1.496900e+004	   +2.048917e-005
+1.497000e+004	   +1.886616e-005
+1.497100e+004	   +1.858170e-005
+1.497200e+004	   +2.209709e-005
+1.497300e+004	   +2.504276e-005
+1.497400e+004	   +2.308825e-005
+1.497500e+004	   +2.106008e-005
+1.497600e+004	   +2.257247e-005
+1.497700e+004	   +2.369175e-005
+1.497800e+004	   +2.391720e-005
+1.497900e+004	   +2.222473e-005
+1.498000e+004	   +2.122122e-005
+1.498100e+004	   +1.993293e-005
+1.498200e+004	   +1.888891e-005
+1.498300e+004	   +2.026853e-005
+1.498400e+004	   +2.004974e-005
+1.498500e+004	   +1.784913e-005
+1.498600e+004	   +2.010361e-005
+1.498700e+004	   +2.286348e-005
+1.498800e+004	   +2.321453e-005
+1.498900e+004	   +2.341121e-005
+1.499000e+004	   +2.246267e-005
+1.499100e+004	   +2.028639e-005
+1.499200e+004	   +1.947091e-005
+1.499300e+004	   +1.966228e-005
+1.499400e+004	   +1.922116e-005
+1.499500e+004	   +1.848802e-005
+1.499600e+004	   +1.983390e-005
+1.499700e+004	   +1.957876e-005
+1.499800e+004	   +2.605761e-005
+1.499900e+004	   +5.801130e-005
+1.500000e+004	   +8.068851e-005
+1.500100e+004	   +5.565136e-005
+1.500200e+004	   +2.449154e-005
+1.500300e+004	   +2.076985e-005
+1.500400e+004	   +2.111939e-005
+1.500500e+004	   +2.226885e-005
+1.500600e+004	   +2.088669e-005
+1.500700e+004	   +2.018929e-005
+1.500800e+004	   +2.014451e-005
+1.500900e+004	   +2.325458e-005
+1.501000e+004	   +2.628352e-005
+1.501100e+004	   +2.531639e-005
+1.501200e+004	   +2.202203e-005
+1.501300e+004	   +2.136129e-005
+1.501400e+004	   +2.165465e-005
+1.501500e+004	   +2.033165e-005
+1.501600e+004	   +2.066664e-005
+1.501700e+004	   +2.142083e-005
+1.501800e+004	   +2.093729e-005
+1.501900e+004	   +2.047642e-005
+1.502000e+004	   +2.155661e-005
+1.502100e+004	   +2.154996e-005
+1.502200e+004	   +2.025538e-005
+1.502300e+004	   +2.303416e-005
+1.502400e+004	   +2.359354e-005
+1.502500e+004	   +2.026597e-005
+1.502600e+004	   +1.977862e-005
+1.502700e+004	   +1.869117e-005
+1.502800e+004	   +1.891502e-005
+1.502900e+004	   +2.005099e-005
+1.503000e+004	   +1.930809e-005
+1.503100e+004	   +2.060773e-005
+1.503200e+004	   +2.256065e-005
+1.503300e+004	   +2.327527e-005
+1.503400e+004	   +2.354846e-005
+1.503500e+004	   +2.282330e-005
+1.503600e+004	   +2.045251e-005
+1.503700e+004	   +2.101620e-005
+1.503800e+004	   +2.050128e-005
+1.503900e+004	   +1.967816e-005
+1.504000e+004	   +2.191342e-005
+1.504100e+004	   +2.206560e-005
+1.504200e+004	   +2.096395e-005
+1.504300e+004	   +2.178122e-005
+1.504400e+004	   +2.299696e-005
+1.504500e+004	   +2.148525e-005
+1.504600e+004	   +1.968732e-005
+1.504700e+004	   +1.921662e-005
+1.504800e+004	   +1.818220e-005
+1.504900e+004	   +1.631046e-005
+1.505000e+004	   +1.815605e-005
+1.505100e+004	   +2.049196e-005
+1.505200e+004	   +2.261913e-005
+1.505300e+004	   +2.415869e-005
+1.505400e+004	   +2.225572e-005
+1.505500e+004	   +1.877404e-005
+1.505600e+004	   +1.917742e-005
+1.505700e+004	   +2.221354e-005
+1.505800e+004	   +2.221598e-005
+1.505900e+004	   +1.996894e-005
+1.506000e+004	   +2.023351e-005
+1.506100e+004	   +2.161603e-005
+1.506200e+004	   +2.223049e-005
+1.506300e+004	   +2.098044e-005
+1.506400e+004	   +1.896441e-005
+1.506500e+004	   +1.909736e-005
+1.506600e+004	   +2.056865e-005
+1.506700e+004	   +2.092074e-005
+1.506800e+004	   +2.037212e-005
+1.506900e+004	   +2.192076e-005
+1.507000e+004	   +2.134943e-005
+1.507100e+004	   +2.023933e-005
+1.507200e+004	   +2.200922e-005
+1.507300e+004	   +2.277344e-005
+1.507400e+004	   +2.187844e-005
+1.507500e+004	   +2.032994e-005
+1.507600e+004	   +1.923083e-005
+1.507700e+004	   +1.954715e-005
+1.507800e+004	   +1.975789e-005
+1.507900e+004	   +2.035596e-005
+1.508000e+004	   +2.000750e-005
+1.508100e+004	   +1.905100e-005
+1.508200e+004	   +1.934147e-005
+1.508300e+004	   +2.010145e-005
+1.508400e+004	   +2.087470e-005
+1.508500e+004	   +2.020685e-005
+1.508600e+004	   +1.795525e-005
+1.508700e+004	   +1.744744e-005
+1.508800e+004	   +1.899782e-005
+1.508900e+004	   +1.884843e-005
+1.509000e+004	   +1.914502e-005
+1.509100e+004	   +2.105511e-005
+1.509200e+004	   +2.146351e-005
+1.509300e+004	   +2.005489e-005
+1.509400e+004	   +1.947585e-005
+1.509500e+004	   +1.965769e-005
+1.509600e+004	   +1.989104e-005
+1.509700e+004	   +1.971434e-005
+1.509800e+004	   +2.145918e-005
+1.509900e+004	   +2.391145e-005
+1.510000e+004	   +2.197582e-005
+1.510100e+004	   +1.837777e-005
+1.510200e+004	   +1.734245e-005
+1.510300e+004	   +2.015281e-005
+1.510400e+004	   +2.219257e-005
+1.510500e+004	   +2.207907e-005
+1.510600e+004	   +2.309780e-005
+1.510700e+004	   +2.325744e-005
+1.510800e+004	   +2.251823e-005
+1.510900e+004	   +2.168768e-005
+1.511000e+004	   +1.971810e-005
+1.511100e+004	   +1.868793e-005
+1.511200e+004	   +2.019376e-005
+1.511300e+004	   +2.255201e-005
+1.511400e+004	   +2.134162e-005
+1.511500e+004	   +1.949750e-005
+1.511600e+004	   +1.954049e-005
+1.511700e+004	   +1.984218e-005
+1.511800e+004	   +2.215279e-005
+1.511900e+004	   +2.328194e-005
+1.512000e+004	   +2.206022e-005
+1.512100e+004	   +2.209047e-005
+1.512200e+004	   +2.076504e-005
+1.512300e+004	   +2.047444e-005
+1.512400e+004	   +1.997929e-005
+1.512500e+004	   +1.981266e-005
+1.512600e+004	   +1.925384e-005
+1.512700e+004	   +1.958605e-005
+1.512800e+004	   +2.060793e-005
+1.512900e+004	   +2.066669e-005
+1.513000e+004	   +1.927021e-005
+1.513100e+004	   +1.906330e-005
+1.513200e+004	   +2.077884e-005
+1.513300e+004	   +2.247296e-005
+1.513400e+004	   +2.194747e-005
+1.513500e+004	   +1.953918e-005
+1.513600e+004	   +1.944380e-005
+1.513700e+004	   +2.313676e-005
+1.513800e+004	   +2.592030e-005
+1.513900e+004	   +2.402329e-005
+1.514000e+004	   +2.038308e-005
+1.514100e+004	   +2.157724e-005
+1.514200e+004	   +2.343734e-005
+1.514300e+004	   +2.163849e-005
+1.514400e+004	   +2.107267e-005
+1.514500e+004	   +2.081380e-005
+1.514600e+004	   +2.014272e-005
+1.514700e+004	   +2.138030e-005
+1.514800e+004	   +2.081418e-005
+1.514900e+004	   +1.960070e-005
+1.515000e+004	   +1.951498e-005
+1.515100e+004	   +1.908963e-005
+1.515200e+004	   +1.958831e-005
+1.515300e+004	   +1.810934e-005
+1.515400e+004	   +1.710570e-005
+1.515500e+004	   +2.142017e-005
+1.515600e+004	   +2.417702e-005
+1.515700e+004	   +2.558016e-005
+1.515800e+004	   +2.674210e-005
+1.515900e+004	   +2.633849e-005
+1.516000e+004	   +2.198864e-005
+1.516100e+004	   +1.815443e-005
+1.516200e+004	   +2.024271e-005
+1.516300e+004	   +2.128782e-005
+1.516400e+004	   +1.918627e-005
+1.516500e+004	   +1.690683e-005
+1.516600e+004	   +1.771107e-005
+1.516700e+004	   +2.075353e-005
+1.516800e+004	   +2.285688e-005
+1.516900e+004	   +2.191999e-005
+1.517000e+004	   +1.913120e-005
+1.517100e+004	   +1.800950e-005
+1.517200e+004	   +2.012822e-005
+1.517300e+004	   +2.155692e-005
+1.517400e+004	   +2.016441e-005
+1.517500e+004	   +2.029216e-005
+1.517600e+004	   +2.137150e-005
+1.517700e+004	   +2.144377e-005
+1.517800e+004	   +2.203057e-005
+1.517900e+004	   +2.124878e-005
+1.518000e+004	   +2.181291e-005
+1.518100e+004	   +2.351516e-005
+1.518200e+004	   +2.245577e-005
+1.518300e+004	   +2.130309e-005
+1.518400e+004	   +1.929671e-005
+1.518500e+004	   +1.787774e-005
+1.518600e+004	   +1.975175e-005
+1.518700e+004	   +2.073829e-005
+1.518800e+004	   +2.140668e-005
+1.518900e+004	   +2.240262e-005
+1.519000e+004	   +2.330690e-005
+1.519100e+004	   +2.342509e-005
+1.519200e+004	   +2.289810e-005
+1.519300e+004	   +2.214100e-005
+1.519400e+004	   +2.156317e-005
+1.519500e+004	   +2.042767e-005
+1.519600e+004	   +1.913225e-005
+1.519700e+004	   +1.759785e-005
+1.519800e+004	   +1.697606e-005
+1.519900e+004	   +1.763787e-005
+1.520000e+004	   +2.120347e-005
+1.520100e+004	   +2.282570e-005
+1.520200e+004	   +2.107551e-005
+1.520300e+004	   +1.909445e-005
+1.520400e+004	   +2.113664e-005
+1.520500e+004	   +2.298212e-005
+1.520600e+004	   +2.074656e-005
+1.520700e+004	   +1.994956e-005
+1.520800e+004	   +2.072868e-005
+1.520900e+004	   +2.141584e-005
+1.521000e+004	   +2.072916e-005
+1.521100e+004	   +1.885746e-005
+1.521200e+004	   +1.795079e-005
+1.521300e+004	   +1.807448e-005
+1.521400e+004	   +1.905405e-005
+1.521500e+004	   +2.185095e-005
+1.521600e+004	   +2.135742e-005
+1.521700e+004	   +1.995820e-005
+1.521800e+004	   +2.064825e-005
+1.521900e+004	   +2.291361e-005
+1.522000e+004	   +2.360800e-005
+1.522100e+004	   +2.286418e-005
+1.522200e+004	   +2.097376e-005
+1.522300e+004	   +2.006436e-005
+1.522400e+004	   +2.049882e-005
+1.522500e+004	   +2.011357e-005
+1.522600e+004	   +1.949382e-005
+1.522700e+004	   +1.879827e-005
+1.522800e+004	   +2.037208e-005
+1.522900e+004	   +2.133230e-005
+1.523000e+004	   +2.052330e-005
+1.523100e+004	   +1.845892e-005
+1.523200e+004	   +1.800784e-005
+1.523300e+004	   +1.784427e-005
+1.523400e+004	   +1.879412e-005
+1.523500e+004	   +1.939664e-005
+1.523600e+004	   +1.988503e-005
+1.523700e+004	   +2.117641e-005
+1.523800e+004	   +2.080950e-005
+1.523900e+004	   +1.857015e-005
+1.524000e+004	   +1.744232e-005
+1.524100e+004	   +1.850354e-005
+1.524200e+004	   +2.171275e-005
+1.524300e+004	   +2.279630e-005
+1.524400e+004	   +2.238030e-005
+1.524500e+004	   +2.063010e-005
+1.524600e+004	   +1.967107e-005
+1.524700e+004	   +1.971042e-005
+1.524800e+004	   +1.973901e-005
+1.524900e+004	   +1.876567e-005
+1.525000e+004	   +1.917734e-005
+1.525100e+004	   +1.968697e-005
+1.525200e+004	   +2.131558e-005
+1.525300e+004	   +2.375661e-005
+1.525400e+004	   +2.375710e-005
+1.525500e+004	   +2.204356e-005
+1.525600e+004	   +2.159719e-005
+1.525700e+004	   +2.361174e-005
+1.525800e+004	   +2.195653e-005
+1.525900e+004	   +1.862061e-005
+1.526000e+004	   +1.900040e-005
+1.526100e+004	   +2.044385e-005
+1.526200e+004	   +2.187397e-005
+1.526300e+004	   +2.248567e-005
+1.526400e+004	   +2.107385e-005
+1.526500e+004	   +1.834468e-005
+1.526600e+004	   +1.850972e-005
+1.526700e+004	   +2.187897e-005
+1.526800e+004	   +2.237047e-005
+1.526900e+004	   +2.121136e-005
+1.527000e+004	   +2.015060e-005
+1.527100e+004	   +2.004463e-005
+1.527200e+004	   +1.902491e-005
+1.527300e+004	   +1.832381e-005
+1.527400e+004	   +2.050610e-005
+1.527500e+004	   +2.613411e-005
+1.527600e+004	   +2.645111e-005
+1.527700e+004	   +2.416102e-005
+1.527800e+004	   +2.330381e-005
+1.527900e+004	   +2.278444e-005
+1.528000e+004	   +2.262137e-005
+1.528100e+004	   +2.149169e-005
+1.528200e+004	   +1.985558e-005
+1.528300e+004	   +1.969259e-005
+1.528400e+004	   +1.930964e-005
+1.528500e+004	   +1.834744e-005
+1.528600e+004	   +1.770895e-005
+1.528700e+004	   +1.906709e-005
+1.528800e+004	   +2.190563e-005
+1.528900e+004	   +2.133401e-005
+1.529000e+004	   +1.827890e-005
+1.529100e+004	   +1.778434e-005
+1.529200e+004	   +1.872566e-005
+1.529300e+004	   +2.085930e-005
+1.529400e+004	   +2.106446e-005
+1.529500e+004	   +2.117634e-005
+1.529600e+004	   +2.315806e-005
+1.529700e+004	   +2.190594e-005
+1.529800e+004	   +2.027966e-005
+1.529900e+004	   +2.165389e-005
+1.530000e+004	   +2.410609e-005
+1.530100e+004	   +2.442859e-005
+1.530200e+004	   +2.226934e-005
+1.530300e+004	   +2.171937e-005
+1.530400e+004	   +1.974494e-005
+1.530500e+004	   +1.607168e-005
+1.530600e+004	   +1.820387e-005
+1.530700e+004	   +2.021297e-005
+1.530800e+004	   +2.057648e-005
+1.530900e+004	   +2.076098e-005
+1.531000e+004	   +1.825653e-005
+1.531100e+004	   +1.926669e-005
+1.531200e+004	   +2.028732e-005
+1.531300e+004	   +2.017176e-005
+1.531400e+004	   +2.239962e-005
+1.531500e+004	   +2.466929e-005
+1.531600e+004	   +2.387296e-005
+1.531700e+004	   +2.040657e-005
+1.531800e+004	   +1.847463e-005
+1.531900e+004	   +1.945798e-005
+1.532000e+004	   +2.183026e-005
+1.532100e+004	   +2.265744e-005
+1.532200e+004	   +2.072142e-005
+1.532300e+004	   +1.974922e-005
+1.532400e+004	   +1.940746e-005
+1.532500e+004	   +1.893983e-005
+1.532600e+004	   +2.217143e-005
+1.532700e+004	   +2.340538e-005
+1.532800e+004	   +2.011112e-005
+1.532900e+004	   +2.008910e-005
+1.533000e+004	   +2.104353e-005
+1.533100e+004	   +2.007170e-005
+1.533200e+004	   +1.940496e-005
+1.533300e+004	   +1.964399e-005
+1.533400e+004	   +2.253362e-005
+1.533500e+004	   +2.263680e-005
+1.533600e+004	   +1.971724e-005
+1.533700e+004	   +1.805022e-005
+1.533800e+004	   +1.798111e-005
+1.533900e+004	   +1.736158e-005
+1.534000e+004	   +1.693224e-005
+1.534100e+004	   +1.733223e-005
+1.534200e+004	   +1.988379e-005
+1.534300e+004	   +2.073301e-005
+1.534400e+004	   +2.102028e-005
+1.534500e+004	   +2.091654e-005
+1.534600e+004	   +2.209988e-005
+1.534700e+004	   +2.274777e-005
+1.534800e+004	   +2.139751e-005
+1.534900e+004	   +1.876542e-005
+1.535000e+004	   +1.928879e-005
+1.535100e+004	   +2.134151e-005
+1.535200e+004	   +2.234350e-005
+1.535300e+004	   +2.295650e-005
+1.535400e+004	   +2.137293e-005
+1.535500e+004	   +1.959457e-005
+1.535600e+004	   +1.974276e-005
+1.535700e+004	   +2.132921e-005
+1.535800e+004	   +2.277489e-005
+1.535900e+004	   +2.271101e-005
+1.536000e+004	   +2.238276e-005
+1.536100e+004	   +2.126873e-005
+1.536200e+004	   +2.058695e-005
+1.536300e+004	   +2.141312e-005
+1.536400e+004	   +2.085696e-005
+1.536500e+004	   +2.141396e-005
+1.536600e+004	   +2.240063e-005
+1.536700e+004	   +2.168916e-005
+1.536800e+004	   +1.949718e-005
+1.536900e+004	   +1.816440e-005
+1.537000e+004	   +1.753707e-005
+1.537100e+004	   +1.762862e-005
+1.537200e+004	   +1.740274e-005
+1.537300e+004	   +1.841200e-005
+1.537400e+004	   +2.003060e-005
+1.537500e+004	   +1.999959e-005
+1.537600e+004	   +1.977113e-005
+1.537700e+004	   +2.006963e-005
+1.537800e+004	   +2.005789e-005
+1.537900e+004	   +1.862983e-005
+1.538000e+004	   +1.900608e-005
+1.538100e+004	   +2.217481e-005
+1.538200e+004	   +2.510732e-005
+1.538300e+004	   +2.386287e-005
+1.538400e+004	   +2.192875e-005
+1.538500e+004	   +2.183503e-005
+1.538600e+004	   +2.099127e-005
+1.538700e+004	   +1.868335e-005
+1.538800e+004	   +1.985708e-005
+1.538900e+004	   +2.159615e-005
+1.539000e+004	   +2.189601e-005
+1.539100e+004	   +2.206119e-005
+1.539200e+004	   +2.052430e-005
+1.539300e+004	   +2.016715e-005
+1.539400e+004	   +2.101050e-005
+1.539500e+004	   +1.864511e-005
+1.539600e+004	   +1.740049e-005
+1.539700e+004	   +1.788487e-005
+1.539800e+004	   +1.785914e-005
+1.539900e+004	   +1.773156e-005
+1.540000e+004	   +2.008025e-005
