+2.180000e+004	   +2.346347e-005
+2.180100e+004	   +2.389651e-005
+2.180200e+004	   +2.346353e-005
+2.180300e+004	   +2.379548e-005
+2.180400e+004	   +2.254025e-005
+2.180500e+004	   +2.374203e-005
+2.180600e+004	   +2.441293e-005
+2.180700e+004	   +2.173548e-005
+2.180800e+004	   +2.116042e-005
+2.180900e+004	   +2.157221e-005
+2.181000e+004	   +2.219247e-005
+2.181100e+004	   +2.310754e-005
+2.181200e+004	   +2.268479e-005
+2.181300e+004	   +2.313455e-005
+2.181400e+004	   +2.204046e-005
+2.181500e+004	   +1.993120e-005
+2.181600e+004	   +2.011309e-005
+2.181700e+004	   +2.281147e-005
+2.181800e+004	   +2.307507e-005
+2.181900e+004	   +2.236468e-005
+2.182000e+004	   +2.340404e-005
+2.182100e+004	   +2.286825e-005
+2.182200e+004	   +2.373942e-005
+2.182300e+004	   +2.288598e-005
+2.182400e+004	   +2.011309e-005
+2.182500e+004	   +1.939050e-005
+2.182600e+004	   +2.105798e-005
+2.182700e+004	   +2.234519e-005
+2.182800e+004	   +2.167959e-005
+2.182900e+004	   +2.196415e-005
+2.183000e+004	   +2.362470e-005
+2.183100e+004	   +2.353585e-005
+2.183200e+004	   +2.055248e-005
+2.183300e+004	   +2.067972e-005
+2.183400e+004	   +2.514406e-005
+2.183500e+004	   +2.623306e-005
+2.183600e+004	   +2.493052e-005
+2.183700e+004	   +2.254584e-005
+2.183800e+004	   +2.053904e-005
+2.183900e+004	   +2.029688e-005
+2.184000e+004	   +2.204349e-005
+2.184100e+004	   +2.465656e-005
+2.184200e+004	   +2.498900e-005
+2.184300e+004	   +2.258241e-005
+2.184400e+004	   +2.004551e-005
+2.184500e+004	   +1.921884e-005
+2.184600e+004	   +1.884984e-005
+2.184700e+004	   +2.133895e-005
+2.184800e+004	   +2.468923e-005
+2.184900e+004	   +2.498102e-005
+2.185000e+004	   +2.398552e-005
+2.185100e+004	   +2.306716e-005
+2.185200e+004	   +2.319544e-005
+2.185300e+004	   +2.441701e-005
+2.185400e+004	   +2.236998e-005
+2.185500e+004	   +2.059848e-005
+2.185600e+004	   +2.099120e-005
+2.185700e+004	   +2.200743e-005
+2.185800e+004	   +2.231028e-005
+2.185900e+004	   +2.367175e-005
+2.186000e+004	   +2.200091e-005
+2.186100e+004	   +1.920001e-005
+2.186200e+004	   +2.223433e-005
+2.186300e+004	   +2.232922e-005
+2.186400e+004	   +1.966332e-005
+2.186500e+004	   +1.933162e-005
+2.186600e+004	   +2.015245e-005
+2.186700e+004	   +2.136242e-005
+2.186800e+004	   +2.223022e-005
+2.186900e+004	   +2.254948e-005
+2.187000e+004	   +2.247577e-005
+2.187100e+004	   +2.060038e-005
+2.187200e+004	   +1.887138e-005
+2.187300e+004	   +1.907117e-005
+2.187400e+004	   +2.000159e-005
+2.187500e+004	   +2.085969e-005
+2.187600e+004	   +2.128840e-005
+2.187700e+004	   +2.151748e-005
+2.187800e+004	   +2.226797e-005
+2.187900e+004	   +2.351986e-005
+2.188000e+004	   +2.242662e-005
+2.188100e+004	   +2.356269e-005
+2.188200e+004	   +2.368205e-005
+2.188300e+004	   +2.312684e-005
+2.188400e+004	   +2.491665e-005
+2.188500e+004	   +2.397046e-005
+2.188600e+004	   +2.306291e-005
+2.188700e+004	   +2.424262e-005
+2.188800e+004	   +2.595162e-005
+2.188900e+004	   +2.455042e-005
+2.189000e+004	   +2.113451e-005
+2.189100e+004	   +1.809034e-005
+2.189200e+004	   +1.962402e-005
+2.189300e+004	   +2.031133e-005
+2.189400e+004	   +1.976479e-005
+2.189500e+004	   +2.158804e-005
+2.189600e+004	   +2.115104e-005
+2.189700e+004	   +2.170178e-005
+2.189800e+004	   +2.365198e-005
+2.189900e+004	   +2.271415e-005
+2.190000e+004	   +1.990266e-005
+2.190100e+004	   +1.895286e-005
+2.190200e+004	   +1.975477e-005
+2.190300e+004	   +2.082150e-005
+2.190400e+004	   +2.219325e-005
+2.190500e+004	   +2.252014e-005
+2.190600e+004	   +2.236404e-005
+2.190700e+004	   +2.203098e-005
+2.190800e+004	   +2.313656e-005
+2.190900e+004	   +2.513098e-005
+2.191000e+004	   +2.757470e-005
+2.191100e+004	   +2.547030e-005
+2.191200e+004	   +2.079260e-005
+2.191300e+004	   +2.043301e-005
+2.191400e+004	   +2.142229e-005
+2.191500e+004	   +1.964856e-005
+2.191600e+004	   +1.867054e-005
+2.191700e+004	   +2.141530e-005
+2.191800e+004	   +2.337071e-005
+2.191900e+004	   +2.467785e-005
+2.192000e+004	   +2.521797e-005
+2.192100e+004	   +2.415023e-005
+2.192200e+004	   +2.261578e-005
+2.192300e+004	   +2.302339e-005
+2.192400e+004	   +2.645300e-005
+2.192500e+004	   +2.308916e-005
+2.192600e+004	   +1.853966e-005
+2.192700e+004	   +1.882085e-005
+2.192800e+004	   +1.807807e-005
+2.192900e+004	   +1.953309e-005
+2.193000e+004	   +2.182345e-005
+2.193100e+004	   +2.307284e-005
+2.193200e+004	   +2.438031e-005
+2.193300e+004	   +2.436206e-005
+2.193400e+004	   +2.442007e-005
+2.193500e+004	   +2.446845e-005
+2.193600e+004	   +2.430894e-005
+2.193700e+004	   +2.578790e-005
+2.193800e+004	   +2.409392e-005
+2.193900e+004	   +2.199279e-005
+2.194000e+004	   +2.335868e-005
+2.194100e+004	   +2.472431e-005
+2.194200e+004	   +2.319967e-005
+2.194300e+004	   +2.356626e-005
+2.194400e+004	   +2.650731e-005
+2.194500e+004	   +2.529222e-005
+2.194600e+004	   +2.191287e-005
+2.194700e+004	   +2.098601e-005
+2.194800e+004	   +2.228722e-005
+2.194900e+004	   +2.291065e-005
+2.195000e+004	   +2.436246e-005
+2.195100e+004	   +2.359000e-005
+2.195200e+004	   +2.250825e-005
+2.195300e+004	   +2.296931e-005
+2.195400e+004	   +2.216544e-005
+2.195500e+004	   +2.197414e-005
+2.195600e+004	   +2.398028e-005
+2.195700e+004	   +2.723975e-005
+2.195800e+004	   +2.674939e-005
+2.195900e+004	   +2.268591e-005
+2.196000e+004	   +2.134504e-005
+2.196100e+004	   +2.251210e-005
+2.196200e+004	   +2.351229e-005
+2.196300e+004	   +2.309159e-005
+2.196400e+004	   +2.264090e-005
+2.196500e+004	   +2.232567e-005
+2.196600e+004	   +2.171503e-005
+2.196700e+004	   +2.252281e-005
+2.196800e+004	   +2.279910e-005
+2.196900e+004	   +2.069200e-005
+2.197000e+004	   +2.029414e-005
+2.197100e+004	   +2.009571e-005
+2.197200e+004	   +2.138924e-005
+2.197300e+004	   +2.302799e-005
+2.197400e+004	   +2.208634e-005
+2.197500e+004	   +2.167207e-005
+2.197600e+004	   +2.491279e-005
+2.197700e+004	   +2.720705e-005
+2.197800e+004	   +2.480539e-005
+2.197900e+004	   +2.158856e-005
+2.198000e+004	   +2.087749e-005
+2.198100e+004	   +2.048542e-005
+2.198200e+004	   +2.015398e-005
+2.198300e+004	   +1.982743e-005
+2.198400e+004	   +2.079833e-005
+2.198500e+004	   +2.348270e-005
+2.198600e+004	   +2.289040e-005
+2.198700e+004	   +2.293199e-005
+2.198800e+004	   +2.498275e-005
+2.198900e+004	   +2.338976e-005
+2.199000e+004	   +2.298747e-005
+2.199100e+004	   +2.361894e-005
+2.199200e+004	   +2.370481e-005
+2.199300e+004	   +2.297082e-005
+2.199400e+004	   +2.403479e-005
+2.199500e+004	   +2.496600e-005
+2.199600e+004	   +2.271193e-005
+2.199700e+004	   +2.369849e-005
+2.199800e+004	   +2.417201e-005
+2.199900e+004	   +1.877088e-005
+2.200000e+004	   +1.879538e-005
+2.200100e+004	   +2.257527e-005
+2.200200e+004	   +2.233530e-005
+2.200300e+004	   +2.013496e-005
+2.200400e+004	   +2.118625e-005
+2.200500e+004	   +2.209530e-005
+2.200600e+004	   +2.057816e-005
+2.200700e+004	   +1.841428e-005
+2.200800e+004	   +1.923554e-005
+2.200900e+004	   +2.089187e-005
+2.201000e+004	   +2.315440e-005
+2.201100e+004	   +2.413628e-005
+2.201200e+004	   +2.271799e-005
+2.201300e+004	   +2.223955e-005
+2.201400e+004	   +2.304640e-005
+2.201500e+004	   +2.312589e-005
+2.201600e+004	   +2.281969e-005
+2.201700e+004	   +2.160673e-005
+2.201800e+004	   +2.153847e-005
+2.201900e+004	   +2.155879e-005
+2.202000e+004	   +2.163417e-005
+2.202100e+004	   +2.300421e-005
+2.202200e+004	   +2.185789e-005
+2.202300e+004	   +1.841507e-005
+2.202400e+004	   +1.922832e-005
+2.202500e+004	   +2.272565e-005
+2.202600e+004	   +2.353373e-005
+2.202700e+004	   +2.283694e-005
+2.202800e+004	   +2.212020e-005
+2.202900e+004	   +2.193292e-005
+2.203000e+004	   +2.120927e-005
+2.203100e+004	   +2.020479e-005
+2.203200e+004	   +2.205818e-005
+2.203300e+004	   +2.364785e-005
+2.203400e+004	   +2.398149e-005
+2.203500e+004	   +2.370720e-005
+2.203600e+004	   +2.424039e-005
+2.203700e+004	   +2.566399e-005
+2.203800e+004	   +2.545492e-005
+2.203900e+004	   +2.336363e-005
+2.204000e+004	   +1.994019e-005
+2.204100e+004	   +2.060409e-005
+2.204200e+004	   +2.365372e-005
+2.204300e+004	   +2.469389e-005
+2.204400e+004	   +2.475413e-005
+2.204500e+004	   +2.449964e-005
+2.204600e+004	   +2.098730e-005
+2.204700e+004	   +1.944474e-005
+2.204800e+004	   +1.992264e-005
+2.204900e+004	   +1.969484e-005
+2.205000e+004	   +2.251203e-005
+2.205100e+004	   +2.398383e-005
+2.205200e+004	   +2.229275e-005
+2.205300e+004	   +2.242851e-005
+2.205400e+004	   +2.219345e-005
+2.205500e+004	   +1.868464e-005
+2.205600e+004	   +1.907297e-005
+2.205700e+004	   +2.180874e-005
+2.205800e+004	   +2.152844e-005
+2.205900e+004	   +2.215211e-005
+2.206000e+004	   +2.433530e-005
+2.206100e+004	   +2.624718e-005
+2.206200e+004	   +2.522370e-005
+2.206300e+004	   +2.291065e-005
+2.206400e+004	   +2.181382e-005
+2.206500e+004	   +2.148681e-005
+2.206600e+004	   +2.303436e-005
+2.206700e+004	   +2.193602e-005
+2.206800e+004	   +1.943573e-005
+2.206900e+004	   +1.928824e-005
+2.207000e+004	   +2.082648e-005
+2.207100e+004	   +2.306785e-005
+2.207200e+004	   +2.263891e-005
+2.207300e+004	   +2.080155e-005
+2.207400e+004	   +2.193578e-005
+2.207500e+004	   +2.353244e-005
+2.207600e+004	   +2.492888e-005
+2.207700e+004	   +2.462918e-005
+2.207800e+004	   +2.425615e-005
+2.207900e+004	   +2.247935e-005
+2.208000e+004	   +1.890007e-005
+2.208100e+004	   +2.160459e-005
+2.208200e+004	   +2.175685e-005
+2.208300e+004	   +2.268519e-005
+2.208400e+004	   +2.417469e-005
+2.208500e+004	   +2.252301e-005
+2.208600e+004	   +2.072893e-005
+2.208700e+004	   +1.892865e-005
+2.208800e+004	   +2.236812e-005
+2.208900e+004	   +2.433329e-005
+2.209000e+004	   +2.305349e-005
+2.209100e+004	   +2.037736e-005
+2.209200e+004	   +1.928037e-005
+2.209300e+004	   +2.126168e-005
+2.209400e+004	   +2.387346e-005
+2.209500e+004	   +2.282227e-005
+2.209600e+004	   +2.327340e-005
+2.209700e+004	   +2.240951e-005
+2.209800e+004	   +2.163951e-005
+2.209900e+004	   +2.185407e-005
+2.210000e+004	   +2.146768e-005
+2.210100e+004	   +2.174140e-005
+2.210200e+004	   +2.104441e-005
+2.210300e+004	   +2.243812e-005
+2.210400e+004	   +2.380332e-005
+2.210500e+004	   +2.182604e-005
+2.210600e+004	   +2.033114e-005
+2.210700e+004	   +2.130494e-005
+2.210800e+004	   +2.149375e-005
+2.210900e+004	   +2.319960e-005
+2.211000e+004	   +2.428133e-005
+2.211100e+004	   +2.300060e-005
+2.211200e+004	   +2.416513e-005
+2.211300e+004	   +2.476672e-005
+2.211400e+004	   +2.145969e-005
+2.211500e+004	   +2.019022e-005
+2.211600e+004	   +2.046507e-005
+2.211700e+004	   +2.078931e-005
+2.211800e+004	   +2.032962e-005
+2.211900e+004	   +2.015210e-005
+2.212000e+004	   +2.254030e-005
+2.212100e+004	   +2.524062e-005
+2.212200e+004	   +2.320237e-005
+2.212300e+004	   +2.122311e-005
+2.212400e+004	   +2.254294e-005
+2.212500e+004	   +2.532560e-005
+2.212600e+004	   +2.605761e-005
+2.212700e+004	   +2.223091e-005
+2.212800e+004	   +1.868762e-005
+2.212900e+004	   +1.849639e-005
+2.213000e+004	   +1.724758e-005
+2.213100e+004	   +1.979561e-005
+2.213200e+004	   +2.369731e-005
+2.213300e+004	   +2.427384e-005
+2.213400e+004	   +2.248421e-005
+2.213500e+004	   +2.174156e-005
+2.213600e+004	   +2.326321e-005
+2.213700e+004	   +2.253948e-005
+2.213800e+004	   +2.167704e-005
+2.213900e+004	   +2.372126e-005
+2.214000e+004	   +2.260076e-005
+2.214100e+004	   +2.150132e-005
+2.214200e+004	   +2.181157e-005
+2.214300e+004	   +2.359018e-005
+2.214400e+004	   +2.556115e-005
+2.214500e+004	   +2.451080e-005
+2.214600e+004	   +2.407139e-005
+2.214700e+004	   +2.290584e-005
+2.214800e+004	   +1.996988e-005
+2.214900e+004	   +2.123875e-005
+2.215000e+004	   +2.171325e-005
+2.215100e+004	   +1.893233e-005
+2.215200e+004	   +1.902013e-005
+2.215300e+004	   +2.157001e-005
+2.215400e+004	   +2.313849e-005
+2.215500e+004	   +2.360743e-005
+2.215600e+004	   +2.271098e-005
+2.215700e+004	   +2.153837e-005
+2.215800e+004	   +2.136549e-005
+2.215900e+004	   +2.069473e-005
+2.216000e+004	   +2.277324e-005
+2.216100e+004	   +2.391599e-005
+2.216200e+004	   +2.283418e-005
+2.216300e+004	   +2.185645e-005
+2.216400e+004	   +1.935366e-005
+2.216500e+004	   +1.917070e-005
+2.216600e+004	   +1.917178e-005
+2.216700e+004	   +2.202290e-005
+2.216800e+004	   +2.610732e-005
+2.216900e+004	   +2.540056e-005
+2.217000e+004	   +2.432442e-005
+2.217100e+004	   +2.454290e-005
+2.217200e+004	   +2.471714e-005
+2.217300e+004	   +2.560249e-005
+2.217400e+004	   +2.431887e-005
+2.217500e+004	   +2.336376e-005
+2.217600e+004	   +2.208069e-005
+2.217700e+004	   +2.175443e-005
+2.217800e+004	   +2.293158e-005
+2.217900e+004	   +2.368225e-005
+2.218000e+004	   +2.447942e-005
+2.218100e+004	   +2.308895e-005
+2.218200e+004	   +2.155001e-005
+2.218300e+004	   +2.378114e-005
+2.218400e+004	   +2.537603e-005
+2.218500e+004	   +2.480201e-005
+2.218600e+004	   +2.464257e-005
+2.218700e+004	   +2.591080e-005
+2.218800e+004	   +2.583279e-005
+2.218900e+004	   +2.317869e-005
+2.219000e+004	   +2.146910e-005
+2.219100e+004	   +2.495583e-005
+2.219200e+004	   +2.603050e-005
+2.219300e+004	   +2.380075e-005
+2.219400e+004	   +2.244527e-005
+2.219500e+004	   +2.386439e-005
+2.219600e+004	   +2.459956e-005
+2.219700e+004	   +2.525764e-005
+2.219800e+004	   +2.329536e-005
+2.219900e+004	   +3.392963e-005
+2.220000e+004	   +4.739751e-005
+2.220100e+004	   +3.665930e-005
+2.220200e+004	   +2.325246e-005
+2.220300e+004	   +2.081553e-005
+2.220400e+004	   +2.097638e-005
+2.220500e+004	   +2.212814e-005
+2.220600e+004	   +2.236863e-005
+2.220700e+004	   +2.179883e-005
+2.220800e+004	   +2.306524e-005
+2.220900e+004	   +2.351281e-005
+2.221000e+004	   +2.190623e-005
+2.221100e+004	   +1.997025e-005
+2.221200e+004	   +2.015646e-005
+2.221300e+004	   +2.261310e-005
+2.221400e+004	   +2.322197e-005
+2.221500e+004	   +2.239820e-005
+2.221600e+004	   +2.275004e-005
+2.221700e+004	   +2.370275e-005
+2.221800e+004	   +2.384622e-005
+2.221900e+004	   +2.368639e-005
+2.222000e+004	   +2.147780e-005
+2.222100e+004	   +2.208525e-005
+2.222200e+004	   +2.326027e-005
+2.222300e+004	   +2.126675e-005
+2.222400e+004	   +2.078050e-005
+2.222500e+004	   +2.187421e-005
+2.222600e+004	   +2.302465e-005
+2.222700e+004	   +2.137258e-005
+2.222800e+004	   +2.092486e-005
+2.222900e+004	   +2.367669e-005
+2.223000e+004	   +2.395788e-005
+2.223100e+004	   +2.330624e-005
+2.223200e+004	   +2.352399e-005
+2.223300e+004	   +2.309392e-005
+2.223400e+004	   +2.572038e-005
+2.223500e+004	   +2.701111e-005
+2.223600e+004	   +2.657847e-005
+2.223700e+004	   +2.434639e-005
+2.223800e+004	   +2.097813e-005
+2.223900e+004	   +2.062063e-005
+2.224000e+004	   +2.077699e-005
+2.224100e+004	   +2.064954e-005
+2.224200e+004	   +2.001752e-005
+2.224300e+004	   +2.007401e-005
+2.224400e+004	   +2.205712e-005
+2.224500e+004	   +2.334458e-005
+2.224600e+004	   +2.494799e-005
+2.224700e+004	   +2.700494e-005
+2.224800e+004	   +2.596944e-005
+2.224900e+004	   +2.474671e-005
+2.225000e+004	   +2.627192e-005
+2.225100e+004	   +2.642580e-005
+2.225200e+004	   +2.364767e-005
+2.225300e+004	   +2.065696e-005
+2.225400e+004	   +1.805427e-005
+2.225500e+004	   +2.100893e-005
+2.225600e+004	   +2.354309e-005
+2.225700e+004	   +2.261630e-005
+2.225800e+004	   +2.191621e-005
+2.225900e+004	   +2.001530e-005
+2.226000e+004	   +1.780051e-005
+2.226100e+004	   +1.824491e-005
+2.226200e+004	   +1.900673e-005
+2.226300e+004	   +2.238236e-005
+2.226400e+004	   +2.411573e-005
+2.226500e+004	   +2.181765e-005
+2.226600e+004	   +2.045813e-005
+2.226700e+004	   +2.301217e-005
+2.226800e+004	   +2.236244e-005
+2.226900e+004	   +2.088308e-005
+2.227000e+004	   +2.170157e-005
+2.227100e+004	   +1.974750e-005
+2.227200e+004	   +1.913531e-005
+2.227300e+004	   +1.968656e-005
+2.227400e+004	   +1.858051e-005
+2.227500e+004	   +1.858453e-005
+2.227600e+004	   +1.842860e-005
+2.227700e+004	   +2.118371e-005
+2.227800e+004	   +2.293418e-005
+2.227900e+004	   +2.387325e-005
+2.228000e+004	   +2.368995e-005
+2.228100e+004	   +2.082978e-005
+2.228200e+004	   +2.016272e-005
+2.228300e+004	   +2.018893e-005
+2.228400e+004	   +2.108669e-005
+2.228500e+004	   +2.093290e-005
+2.228600e+004	   +2.332577e-005
+2.228700e+004	   +2.753431e-005
+2.228800e+004	   +2.795394e-005
+2.228900e+004	   +2.548784e-005
+2.229000e+004	   +2.297425e-005
+2.229100e+004	   +2.253426e-005
+2.229200e+004	   +2.315740e-005
+2.229300e+004	   +2.375149e-005
+2.229400e+004	   +2.266592e-005
+2.229500e+004	   +2.286047e-005
+2.229600e+004	   +2.483946e-005
+2.229700e+004	   +2.354412e-005
+2.229800e+004	   +2.216099e-005
+2.229900e+004	   +2.172944e-005
+2.230000e+004	   +1.968801e-005
+2.230100e+004	   +2.037599e-005
+2.230200e+004	   +2.335922e-005
+2.230300e+004	   +2.365107e-005
+2.230400e+004	   +2.531017e-005
+2.230500e+004	   +2.428952e-005
+2.230600e+004	   +2.171148e-005
+2.230700e+004	   +2.063377e-005
+2.230800e+004	   +2.181758e-005
+2.230900e+004	   +2.418318e-005
+2.231000e+004	   +2.415797e-005
+2.231100e+004	   +2.257428e-005
+2.231200e+004	   +2.375408e-005
+2.231300e+004	   +2.372202e-005
+2.231400e+004	   +2.333945e-005
+2.231500e+004	   +2.222261e-005
+2.231600e+004	   +2.138767e-005
+2.231700e+004	   +2.304099e-005
+2.231800e+004	   +2.239564e-005
+2.231900e+004	   +2.162538e-005
+2.232000e+004	   +2.256365e-005
+2.232100e+004	   +2.385355e-005
+2.232200e+004	   +2.249382e-005
+2.232300e+004	   +2.151963e-005
+2.232400e+004	   +2.228457e-005
+2.232500e+004	   +2.228976e-005
+2.232600e+004	   +2.474666e-005
+2.232700e+004	   +2.655485e-005
+2.232800e+004	   +2.477058e-005
+2.232900e+004	   +2.004820e-005
+2.233000e+004	   +1.963808e-005
+2.233100e+004	   +2.185510e-005
+2.233200e+004	   +2.053980e-005
+2.233300e+004	   +1.911379e-005
+2.233400e+004	   +2.002215e-005
+2.233500e+004	   +2.174579e-005
+2.233600e+004	   +2.320854e-005
+2.233700e+004	   +2.500953e-005
+2.233800e+004	   +2.484066e-005
+2.233900e+004	   +2.442132e-005
+2.234000e+004	   +2.396417e-005
+2.234100e+004	   +2.365876e-005
+2.234200e+004	   +2.415389e-005
+2.234300e+004	   +2.452733e-005
+2.234400e+004	   +2.497839e-005
+2.234500e+004	   +2.386898e-005
+2.234600e+004	   +2.290413e-005
+2.234700e+004	   +1.971765e-005
+2.234800e+004	   +2.115336e-005
+2.234900e+004	   +2.401387e-005
+2.235000e+004	   +2.077697e-005
+2.235100e+004	   +1.705048e-005
+2.235200e+004	   +1.771035e-005
+2.235300e+004	   +1.997747e-005
+2.235400e+004	   +2.092892e-005
+2.235500e+004	   +2.200132e-005
+2.235600e+004	   +2.475639e-005
+2.235700e+004	   +2.575415e-005
+2.235800e+004	   +2.489086e-005
+2.235900e+004	   +2.357311e-005
+2.236000e+004	   +2.297084e-005
+2.236100e+004	   +2.321649e-005
+2.236200e+004	   +2.387262e-005
+2.236300e+004	   +2.264204e-005
+2.236400e+004	   +2.165658e-005
+2.236500e+004	   +2.219718e-005
+2.236600e+004	   +2.307970e-005
+2.236700e+004	   +2.102684e-005
+2.236800e+004	   +2.104566e-005
+2.236900e+004	   +2.284905e-005
+2.237000e+004	   +2.242817e-005
+2.237100e+004	   +2.245715e-005
+2.237200e+004	   +2.309649e-005
+2.237300e+004	   +2.184666e-005
+2.237400e+004	   +1.962682e-005
+2.237500e+004	   +2.094640e-005
+2.237600e+004	   +2.179264e-005
+2.237700e+004	   +2.192993e-005
+2.237800e+004	   +2.417647e-005
+2.237900e+004	   +2.514252e-005
+2.238000e+004	   +2.501363e-005
+2.238100e+004	   +2.431524e-005
+2.238200e+004	   +2.292073e-005
+2.238300e+004	   +1.886665e-005
+2.238400e+004	   +2.175751e-005
+2.238500e+004	   +2.470675e-005
+2.238600e+004	   +2.186026e-005
+2.238700e+004	   +1.975254e-005
+2.238800e+004	   +1.885131e-005
+2.238900e+004	   +1.861010e-005
+2.239000e+004	   +2.077012e-005
+2.239100e+004	   +2.391331e-005
+2.239200e+004	   +2.392363e-005
+2.239300e+004	   +2.169218e-005
+2.239400e+004	   +2.130372e-005
+2.239500e+004	   +2.322801e-005
+2.239600e+004	   +2.354960e-005
+2.239700e+004	   +2.340941e-005
+2.239800e+004	   +2.346615e-005
+2.239900e+004	   +2.109558e-005
+2.240000e+004	   +1.949881e-005
+2.240100e+004	   +2.096211e-005
+2.240200e+004	   +2.235562e-005
+2.240300e+004	   +2.098283e-005
+2.240400e+004	   +2.037349e-005
+2.240500e+004	   +2.330143e-005
+2.240600e+004	   +2.314317e-005
+2.240700e+004	   +2.232086e-005
+2.240800e+004	   +2.421616e-005
+2.240900e+004	   +2.563023e-005
+2.241000e+004	   +2.298472e-005
+2.241100e+004	   +2.219535e-005
+2.241200e+004	   +2.233864e-005
+2.241300e+004	   +2.078746e-005
+2.241400e+004	   +2.173863e-005
+2.241500e+004	   +2.502269e-005
+2.241600e+004	   +2.621898e-005
+2.241700e+004	   +2.554224e-005
+2.241800e+004	   +2.318305e-005
+2.241900e+004	   +2.241313e-005
+2.242000e+004	   +2.274745e-005
+2.242100e+004	   +2.409646e-005
+2.242200e+004	   +2.367102e-005
+2.242300e+004	   +2.256214e-005
+2.242400e+004	   +2.446617e-005
+2.242500e+004	   +2.376822e-005
+2.242600e+004	   +2.084444e-005
+2.242700e+004	   +2.034630e-005
+2.242800e+004	   +2.166966e-005
+2.242900e+004	   +2.227939e-005
+2.243000e+004	   +2.347525e-005
+2.243100e+004	   +2.421881e-005
+2.243200e+004	   +2.404440e-005
+2.243300e+004	   +2.465456e-005
+2.243400e+004	   +2.471953e-005
+2.243500e+004	   +2.591586e-005
+2.243600e+004	   +2.486262e-005
+2.243700e+004	   +2.136699e-005
+2.243800e+004	   +2.251719e-005
+2.243900e+004	   +2.556440e-005
+2.244000e+004	   +2.291671e-005
+2.244100e+004	   +1.982926e-005
+2.244200e+004	   +2.104402e-005
+2.244300e+004	   +2.271079e-005
+2.244400e+004	   +2.401548e-005
+2.244500e+004	   +2.204530e-005
+2.244600e+004	   +2.170245e-005
+2.244700e+004	   +2.304770e-005
+2.244800e+004	   +2.485774e-005
+2.244900e+004	   +2.462058e-005
+2.245000e+004	   +2.226220e-005
+2.245100e+004	   +2.196509e-005
+2.245200e+004	   +2.610030e-005
+2.245300e+004	   +2.849656e-005
+2.245400e+004	   +2.474755e-005
+2.245500e+004	   +2.191662e-005
+2.245600e+004	   +2.142525e-005
+2.245700e+004	   +2.082385e-005
+2.245800e+004	   +2.303674e-005
+2.245900e+004	   +2.277074e-005
+2.246000e+004	   +1.960526e-005
+2.246100e+004	   +2.096512e-005
+2.246200e+004	   +2.477458e-005
+2.246300e+004	   +2.421390e-005
+2.246400e+004	   +2.079038e-005
+2.246500e+004	   +2.007613e-005
+2.246600e+004	   +2.211005e-005
+2.246700e+004	   +2.096043e-005
+2.246800e+004	   +1.963836e-005
+2.246900e+004	   +2.101640e-005
+2.247000e+004	   +2.169132e-005
+2.247100e+004	   +2.089334e-005
+2.247200e+004	   +2.181751e-005
+2.247300e+004	   +2.360528e-005
+2.247400e+004	   +2.138934e-005
+2.247500e+004	   +1.762087e-005
+2.247600e+004	   +1.842525e-005
+2.247700e+004	   +1.937348e-005
+2.247800e+004	   +2.100609e-005
+2.247900e+004	   +2.404865e-005
+2.248000e+004	   +2.598150e-005
+2.248100e+004	   +2.305703e-005
+2.248200e+004	   +2.029376e-005
+2.248300e+004	   +2.040920e-005
+2.248400e+004	   +2.242073e-005
+2.248500e+004	   +2.340874e-005
+2.248600e+004	   +2.323605e-005
+2.248700e+004	   +2.330665e-005
+2.248800e+004	   +2.293753e-005
+2.248900e+004	   +2.185354e-005
+2.249000e+004	   +2.081350e-005
+2.249100e+004	   +2.101705e-005
+2.249200e+004	   +2.089857e-005
+2.249300e+004	   +2.098235e-005
+2.249400e+004	   +2.111364e-005
+2.249500e+004	   +2.218957e-005
+2.249600e+004	   +2.380358e-005
+2.249700e+004	   +2.193511e-005
+2.249800e+004	   +1.970613e-005
+2.249900e+004	   +2.112952e-005
+2.250000e+004	   +2.333130e-005
+2.250100e+004	   +2.279375e-005
+2.250200e+004	   +2.329166e-005
+2.250300e+004	   +2.140663e-005
+2.250400e+004	   +2.005888e-005
+2.250500e+004	   +2.276004e-005
+2.250600e+004	   +2.380287e-005
+2.250700e+004	   +2.307745e-005
+2.250800e+004	   +2.177910e-005
+2.250900e+004	   +2.181025e-005
+2.251000e+004	   +2.203245e-005
+2.251100e+004	   +2.188269e-005
+2.251200e+004	   +2.155585e-005
+2.251300e+004	   +2.093543e-005
+2.251400e+004	   +1.989141e-005
+2.251500e+004	   +1.852057e-005
+2.251600e+004	   +1.908336e-005
+2.251700e+004	   +2.048287e-005
+2.251800e+004	   +2.230296e-005
+2.251900e+004	   +2.411091e-005
+2.252000e+004	   +2.373914e-005
+2.252100e+004	   +2.212061e-005
+2.252200e+004	   +2.042489e-005
+2.252300e+004	   +1.997240e-005
+2.252400e+004	   +1.955943e-005
+2.252500e+004	   +2.053649e-005
+2.252600e+004	   +2.114238e-005
+2.252700e+004	   +2.214214e-005
+2.252800e+004	   +2.380781e-005
+2.252900e+004	   +2.299949e-005
+2.253000e+004	   +2.297067e-005
+2.253100e+004	   +2.391573e-005
+2.253200e+004	   +2.312407e-005
+2.253300e+004	   +2.247071e-005
+2.253400e+004	   +2.288211e-005
+2.253500e+004	   +2.271827e-005
+2.253600e+004	   +2.127770e-005
+2.253700e+004	   +2.275059e-005
+2.253800e+004	   +2.345124e-005
+2.253900e+004	   +2.244891e-005
+2.254000e+004	   +2.133080e-005
+2.254100e+004	   +2.074938e-005
+2.254200e+004	   +2.033107e-005
+2.254300e+004	   +2.208373e-005
+2.254400e+004	   +2.204187e-005
+2.254500e+004	   +2.087871e-005
+2.254600e+004	   +2.211855e-005
+2.254700e+004	   +2.250899e-005
+2.254800e+004	   +2.350829e-005
+2.254900e+004	   +2.488693e-005
+2.255000e+004	   +2.307334e-005
+2.255100e+004	   +1.844946e-005
+2.255200e+004	   +1.714026e-005
+2.255300e+004	   +1.953940e-005
+2.255400e+004	   +2.267326e-005
+2.255500e+004	   +2.480057e-005
+2.255600e+004	   +2.288754e-005
+2.255700e+004	   +1.864266e-005
+2.255800e+004	   +1.912196e-005
+2.255900e+004	   +2.437956e-005
+2.256000e+004	   +2.424787e-005
+2.256100e+004	   +1.945550e-005
+2.256200e+004	   +1.849680e-005
+2.256300e+004	   +2.177814e-005
+2.256400e+004	   +2.284579e-005
+2.256500e+004	   +2.279665e-005
+2.256600e+004	   +2.398710e-005
+2.256700e+004	   +2.380857e-005
+2.256800e+004	   +2.451476e-005
+2.256900e+004	   +2.406434e-005
+2.257000e+004	   +2.252558e-005
+2.257100e+004	   +2.077434e-005
+2.257200e+004	   +2.200299e-005
+2.257300e+004	   +2.372473e-005
+2.257400e+004	   +2.338421e-005
+2.257500e+004	   +2.508651e-005
+2.257600e+004	   +2.394147e-005
+2.257700e+004	   +2.192432e-005
+2.257800e+004	   +2.113706e-005
+2.257900e+004	   +2.365055e-005
+2.258000e+004	   +2.519350e-005
+2.258100e+004	   +2.354743e-005
+2.258200e+004	   +2.231878e-005
+2.258300e+004	   +2.149509e-005
+2.258400e+004	   +2.108970e-005
+2.258500e+004	   +2.234845e-005
+2.258600e+004	   +2.152379e-005
+2.258700e+004	   +1.889215e-005
+2.258800e+004	   +2.085868e-005
+2.258900e+004	   +2.268711e-005
+2.259000e+004	   +1.969672e-005
+2.259100e+004	   +1.762306e-005
+2.259200e+004	   +2.080114e-005
+2.259300e+004	   +2.136500e-005
+2.259400e+004	   +2.146405e-005
+2.259500e+004	   +2.218258e-005
+2.259600e+004	   +2.360513e-005
+2.259700e+004	   +2.368834e-005
+2.259800e+004	   +2.222486e-005
+2.259900e+004	   +2.311742e-005
+2.260000e+004	   +2.439948e-005
