+2.420000e+004	   +2.164334e-005
+2.420100e+004	   +2.029002e-005
+2.420200e+004	   +1.886804e-005
+2.420300e+004	   +2.010028e-005
+2.420400e+004	   +2.217881e-005
+2.420500e+004	   +2.135691e-005
+2.420600e+004	   +2.028389e-005
+2.420700e+004	   +2.165884e-005
+2.420800e+004	   +2.188329e-005
+2.420900e+004	   +2.134793e-005
+2.421000e+004	   +2.062351e-005
+2.421100e+004	   +2.092975e-005
+2.421200e+004	   +2.318411e-005
+2.421300e+004	   +2.429923e-005
+2.421400e+004	   +2.343116e-005
+2.421500e+004	   +2.268250e-005
+2.421600e+004	   +2.067311e-005
+2.421700e+004	   +1.929576e-005
+2.421800e+004	   +2.058686e-005
+2.421900e+004	   +2.060974e-005
+2.422000e+004	   +2.103672e-005
+2.422100e+004	   +2.252338e-005
+2.422200e+004	   +2.185902e-005
+2.422300e+004	   +2.302420e-005
+2.422400e+004	   +2.464831e-005
+2.422500e+004	   +2.265995e-005
+2.422600e+004	   +2.158183e-005
+2.422700e+004	   +2.290997e-005
+2.422800e+004	   +2.308356e-005
+2.422900e+004	   +2.170636e-005
+2.423000e+004	   +2.115408e-005
+2.423100e+004	   +2.409395e-005
+2.423200e+004	   +2.626880e-005
+2.423300e+004	   +2.361954e-005
+2.423400e+004	   +2.114303e-005
+2.423500e+004	   +2.208181e-005
+2.423600e+004	   +2.182190e-005
+2.423700e+004	   +2.060124e-005
+2.423800e+004	   +2.046165e-005
+2.423900e+004	   +2.100090e-005
+2.424000e+004	   +2.308961e-005
+2.424100e+004	   +2.210541e-005
+2.424200e+004	   +2.098928e-005
+2.424300e+004	   +2.103700e-005
+2.424400e+004	   +2.071248e-005
+2.424500e+004	   +2.133661e-005
+2.424600e+004	   +1.997953e-005
+2.424700e+004	   +1.974649e-005
+2.424800e+004	   +2.124665e-005
+2.424900e+004	   +2.244273e-005
+2.425000e+004	   +2.198893e-005
+2.425100e+004	   +2.181756e-005
+2.425200e+004	   +2.019924e-005
+2.425300e+004	   +1.987013e-005
+2.425400e+004	   +2.360080e-005
+2.425500e+004	   +2.467403e-005
+2.425600e+004	   +2.503924e-005
+2.425700e+004	   +2.511162e-005
+2.425800e+004	   +2.451344e-005
+2.425900e+004	   +2.211765e-005
+2.426000e+004	   +1.966675e-005
+2.426100e+004	   +1.907446e-005
+2.426200e+004	   +2.010618e-005
+2.426300e+004	   +2.170743e-005
+2.426400e+004	   +2.287973e-005
+2.426500e+004	   +2.191835e-005
+2.426600e+004	   +1.961918e-005
+2.426700e+004	   +2.123098e-005
+2.426800e+004	   +2.126075e-005
+2.426900e+004	   +1.967418e-005
+2.427000e+004	   +2.027788e-005
+2.427100e+004	   +2.122213e-005
+2.427200e+004	   +2.055232e-005
+2.427300e+004	   +2.127840e-005
+2.427400e+004	   +2.289139e-005
+2.427500e+004	   +2.224947e-005
+2.427600e+004	   +2.020110e-005
+2.427700e+004	   +2.072534e-005
+2.427800e+004	   +2.261174e-005
+2.427900e+004	   +2.242135e-005
+2.428000e+004	   +2.091576e-005
+2.428100e+004	   +2.045375e-005
+2.428200e+004	   +2.102933e-005
+2.428300e+004	   +2.059065e-005
+2.428400e+004	   +2.068215e-005
+2.428500e+004	   +2.139676e-005
+2.428600e+004	   +2.218765e-005
+2.428700e+004	   +2.247180e-005
+2.428800e+004	   +2.215797e-005
+2.428900e+004	   +2.098339e-005
+2.429000e+004	   +2.099608e-005
+2.429100e+004	   +2.197522e-005
+2.429200e+004	   +2.130522e-005
+2.429300e+004	   +1.979900e-005
+2.429400e+004	   +2.200021e-005
+2.429500e+004	   +2.330616e-005
+2.429600e+004	   +2.216306e-005
+2.429700e+004	   +2.220593e-005
+2.429800e+004	   +2.210418e-005
+2.429900e+004	   +2.282931e-005
+2.430000e+004	   +2.324536e-005
+2.430100e+004	   +2.277156e-005
+2.430200e+004	   +2.236173e-005
+2.430300e+004	   +2.272817e-005
+2.430400e+004	   +2.169347e-005
+2.430500e+004	   +2.059925e-005
+2.430600e+004	   +2.042087e-005
+2.430700e+004	   +2.041419e-005
+2.430800e+004	   +2.017258e-005
+2.430900e+004	   +1.918553e-005
+2.431000e+004	   +1.973569e-005
+2.431100e+004	   +2.080799e-005
+2.431200e+004	   +2.087002e-005
+2.431300e+004	   +2.083261e-005
+2.431400e+004	   +2.124826e-005
+2.431500e+004	   +2.137697e-005
+2.431600e+004	   +1.928102e-005
+2.431700e+004	   +1.731175e-005
+2.431800e+004	   +1.875156e-005
+2.431900e+004	   +2.176172e-005
+2.432000e+004	   +2.377876e-005
+2.432100e+004	   +2.313989e-005
+2.432200e+004	   +2.195005e-005
+2.432300e+004	   +2.306509e-005
+2.432400e+004	   +2.310432e-005
+2.432500e+004	   +2.376386e-005
+2.432600e+004	   +2.357555e-005
+2.432700e+004	   +2.155727e-005
+2.432800e+004	   +2.072647e-005
+2.432900e+004	   +2.130823e-005
+2.433000e+004	   +2.239989e-005
+2.433100e+004	   +2.193995e-005
+2.433200e+004	   +2.079764e-005
+2.433300e+004	   +2.053672e-005
+2.433400e+004	   +2.046460e-005
+2.433500e+004	   +1.868610e-005
+2.433600e+004	   +1.828434e-005
+2.433700e+004	   +2.303173e-005
+2.433800e+004	   +2.403484e-005
+2.433900e+004	   +2.296961e-005
+2.434000e+004	   +2.165931e-005
+2.434100e+004	   +2.045251e-005
+2.434200e+004	   +1.958713e-005
+2.434300e+004	   +1.965725e-005
+2.434400e+004	   +2.094828e-005
+2.434500e+004	   +2.095767e-005
+2.434600e+004	   +1.887826e-005
+2.434700e+004	   +1.691427e-005
+2.434800e+004	   +1.813499e-005
+2.434900e+004	   +1.962932e-005
+2.435000e+004	   +2.294604e-005
+2.435100e+004	   +2.511187e-005
+2.435200e+004	   +2.526805e-005
+2.435300e+004	   +2.504441e-005
+2.435400e+004	   +2.475163e-005
+2.435500e+004	   +2.352376e-005
+2.435600e+004	   +2.254948e-005
+2.435700e+004	   +2.297392e-005
+2.435800e+004	   +2.293171e-005
+2.435900e+004	   +2.221117e-005
+2.436000e+004	   +2.091606e-005
+2.436100e+004	   +2.124959e-005
+2.436200e+004	   +2.265831e-005
+2.436300e+004	   +2.424199e-005
+2.436400e+004	   +2.330056e-005
+2.436500e+004	   +2.193123e-005
+2.436600e+004	   +2.160277e-005
+2.436700e+004	   +2.366531e-005
+2.436800e+004	   +2.401300e-005
+2.436900e+004	   +2.265669e-005
+2.437000e+004	   +2.135566e-005
+2.437100e+004	   +2.150300e-005
+2.437200e+004	   +2.234141e-005
+2.437300e+004	   +2.291490e-005
+2.437400e+004	   +2.244652e-005
+2.437500e+004	   +2.159461e-005
+2.437600e+004	   +2.140936e-005
+2.437700e+004	   +2.244374e-005
+2.437800e+004	   +2.207645e-005
+2.437900e+004	   +2.091594e-005
+2.438000e+004	   +2.130019e-005
+2.438100e+004	   +2.291844e-005
+2.438200e+004	   +2.288955e-005
+2.438300e+004	   +2.243334e-005
+2.438400e+004	   +2.194913e-005
+2.438500e+004	   +2.254653e-005
+2.438600e+004	   +2.416126e-005
+2.438700e+004	   +2.377719e-005
+2.438800e+004	   +2.120599e-005
+2.438900e+004	   +2.009947e-005
+2.439000e+004	   +2.156511e-005
+2.439100e+004	   +2.242066e-005
+2.439200e+004	   +2.220522e-005
+2.439300e+004	   +2.265550e-005
+2.439400e+004	   +2.097618e-005
+2.439500e+004	   +2.022645e-005
+2.439600e+004	   +2.338619e-005
+2.439700e+004	   +2.309504e-005
+2.439800e+004	   +2.218163e-005
+2.439900e+004	   +2.214068e-005
+2.440000e+004	   +2.104883e-005
+2.440100e+004	   +2.061798e-005
+2.440200e+004	   +2.166540e-005
+2.440300e+004	   +2.345062e-005
+2.440400e+004	   +2.550057e-005
+2.440500e+004	   +2.504982e-005
+2.440600e+004	   +2.104427e-005
+2.440700e+004	   +2.004937e-005
+2.440800e+004	   +2.168101e-005
+2.440900e+004	   +2.251922e-005
+2.441000e+004	   +2.210718e-005
+2.441100e+004	   +2.133335e-005
+2.441200e+004	   +2.228474e-005
+2.441300e+004	   +2.184671e-005
+2.441400e+004	   +1.928259e-005
+2.441500e+004	   +1.838867e-005
+2.441600e+004	   +2.009845e-005
+2.441700e+004	   +2.161596e-005
+2.441800e+004	   +2.100358e-005
+2.441900e+004	   +2.054303e-005
+2.442000e+004	   +2.125412e-005
+2.442100e+004	   +2.168287e-005
+2.442200e+004	   +2.096657e-005
+2.442300e+004	   +2.261064e-005
+2.442400e+004	   +2.407107e-005
+2.442500e+004	   +2.140219e-005
+2.442600e+004	   +2.242093e-005
+2.442700e+004	   +2.251509e-005
+2.442800e+004	   +1.971962e-005
+2.442900e+004	   +2.032087e-005
+2.443000e+004	   +2.151530e-005
+2.443100e+004	   +2.127373e-005
+2.443200e+004	   +2.307010e-005
+2.443300e+004	   +2.442342e-005
+2.443400e+004	   +2.378456e-005
+2.443500e+004	   +2.132209e-005
+2.443600e+004	   +2.176614e-005
+2.443700e+004	   +2.369536e-005
+2.443800e+004	   +2.221639e-005
+2.443900e+004	   +2.018778e-005
+2.444000e+004	   +2.013779e-005
+2.444100e+004	   +2.140510e-005
+2.444200e+004	   +2.244990e-005
+2.444300e+004	   +2.257333e-005
+2.444400e+004	   +2.112667e-005
+2.444500e+004	   +2.096331e-005
+2.444600e+004	   +2.122357e-005
+2.444700e+004	   +2.062435e-005
+2.444800e+004	   +1.991075e-005
+2.444900e+004	   +2.029267e-005
+2.445000e+004	   +2.110029e-005
+2.445100e+004	   +1.996596e-005
+2.445200e+004	   +2.006701e-005
+2.445300e+004	   +2.208649e-005
+2.445400e+004	   +2.134115e-005
+2.445500e+004	   +2.124339e-005
+2.445600e+004	   +2.357433e-005
+2.445700e+004	   +2.237008e-005
+2.445800e+004	   +2.012287e-005
+2.445900e+004	   +2.052837e-005
+2.446000e+004	   +2.306899e-005
+2.446100e+004	   +2.347528e-005
+2.446200e+004	   +2.394542e-005
+2.446300e+004	   +2.378660e-005
+2.446400e+004	   +2.175193e-005
+2.446500e+004	   +2.257772e-005
+2.446600e+004	   +2.242083e-005
+2.446700e+004	   +2.088114e-005
+2.446800e+004	   +2.158645e-005
+2.446900e+004	   +2.210833e-005
+2.447000e+004	   +2.144424e-005
+2.447100e+004	   +2.114976e-005
+2.447200e+004	   +2.328629e-005
+2.447300e+004	   +2.488622e-005
+2.447400e+004	   +2.486734e-005
+2.447500e+004	   +2.415060e-005
+2.447600e+004	   +2.391407e-005
+2.447700e+004	   +2.168728e-005
+2.447800e+004	   +2.029345e-005
+2.447900e+004	   +2.215073e-005
+2.448000e+004	   +2.488977e-005
+2.448100e+004	   +2.638442e-005
+2.448200e+004	   +2.500374e-005
+2.448300e+004	   +2.274385e-005
+2.448400e+004	   +2.267416e-005
+2.448500e+004	   +2.331709e-005
+2.448600e+004	   +2.377659e-005
+2.448700e+004	   +2.304271e-005
+2.448800e+004	   +2.298184e-005
+2.448900e+004	   +2.437720e-005
+2.449000e+004	   +2.415261e-005
+2.449100e+004	   +2.344439e-005
+2.449200e+004	   +2.320979e-005
+2.449300e+004	   +2.278942e-005
+2.449400e+004	   +2.093837e-005
+2.449500e+004	   +1.890319e-005
+2.449600e+004	   +2.065875e-005
+2.449700e+004	   +2.104598e-005
+2.449800e+004	   +2.150472e-005
+2.449900e+004	   +2.354642e-005
+2.450000e+004	   +2.448541e-005
+2.450100e+004	   +2.339204e-005
+2.450200e+004	   +2.156504e-005
+2.450300e+004	   +2.163797e-005
+2.450400e+004	   +2.430520e-005
+2.450500e+004	   +2.559985e-005
+2.450600e+004	   +2.254116e-005
+2.450700e+004	   +1.989722e-005
+2.450800e+004	   +2.174584e-005
+2.450900e+004	   +2.343127e-005
+2.451000e+004	   +2.399513e-005
+2.451100e+004	   +2.299171e-005
+2.451200e+004	   +2.154095e-005
+2.451300e+004	   +2.236104e-005
+2.451400e+004	   +2.377030e-005
+2.451500e+004	   +2.441028e-005
+2.451600e+004	   +2.257467e-005
+2.451700e+004	   +2.102167e-005
+2.451800e+004	   +2.222015e-005
+2.451900e+004	   +2.402875e-005
+2.452000e+004	   +2.328291e-005
+2.452100e+004	   +2.154698e-005
+2.452200e+004	   +2.166833e-005
+2.452300e+004	   +2.223345e-005
+2.452400e+004	   +2.274457e-005
+2.452500e+004	   +2.326903e-005
+2.452600e+004	   +2.403534e-005
+2.452700e+004	   +2.226051e-005
+2.452800e+004	   +1.986173e-005
+2.452900e+004	   +2.125435e-005
+2.453000e+004	   +2.231364e-005
+2.453100e+004	   +2.222437e-005
+2.453200e+004	   +2.322388e-005
+2.453300e+004	   +2.335868e-005
+2.453400e+004	   +2.095914e-005
+2.453500e+004	   +1.974544e-005
+2.453600e+004	   +2.109473e-005
+2.453700e+004	   +2.328815e-005
+2.453800e+004	   +2.356646e-005
+2.453900e+004	   +2.090258e-005
+2.454000e+004	   +1.905206e-005
+2.454100e+004	   +2.010496e-005
+2.454200e+004	   +2.111085e-005
+2.454300e+004	   +2.113883e-005
+2.454400e+004	   +2.099728e-005
+2.454500e+004	   +2.150104e-005
+2.454600e+004	   +2.319491e-005
+2.454700e+004	   +2.340301e-005
+2.454800e+004	   +2.063130e-005
+2.454900e+004	   +1.898722e-005
+2.455000e+004	   +2.115963e-005
+2.455100e+004	   +2.143080e-005
+2.455200e+004	   +2.082337e-005
+2.455300e+004	   +2.170636e-005
+2.455400e+004	   +2.230195e-005
+2.455500e+004	   +2.227151e-005
+2.455600e+004	   +2.298041e-005
+2.455700e+004	   +2.207926e-005
+2.455800e+004	   +2.038756e-005
+2.455900e+004	   +2.066807e-005
+2.456000e+004	   +2.180872e-005
+2.456100e+004	   +2.296731e-005
+2.456200e+004	   +2.427587e-005
+2.456300e+004	   +2.314883e-005
+2.456400e+004	   +2.174536e-005
+2.456500e+004	   +2.369242e-005
+2.456600e+004	   +2.467140e-005
+2.456700e+004	   +2.518764e-005
+2.456800e+004	   +2.428317e-005
+2.456900e+004	   +2.288648e-005
+2.457000e+004	   +2.230879e-005
+2.457100e+004	   +2.262870e-005
+2.457200e+004	   +2.281455e-005
+2.457300e+004	   +2.180207e-005
+2.457400e+004	   +2.058758e-005
+2.457500e+004	   +1.915225e-005
+2.457600e+004	   +1.994965e-005
+2.457700e+004	   +2.249523e-005
+2.457800e+004	   +2.347610e-005
+2.457900e+004	   +2.252305e-005
+2.458000e+004	   +2.232827e-005
+2.458100e+004	   +2.325295e-005
+2.458200e+004	   +2.291122e-005
+2.458300e+004	   +2.177596e-005
+2.458400e+004	   +2.168978e-005
+2.458500e+004	   +2.244423e-005
+2.458600e+004	   +2.299954e-005
+2.458700e+004	   +2.362014e-005
+2.458800e+004	   +2.506421e-005
+2.458900e+004	   +2.494476e-005
+2.459000e+004	   +2.347659e-005
+2.459100e+004	   +2.287870e-005
+2.459200e+004	   +2.335914e-005
+2.459300e+004	   +2.267349e-005
+2.459400e+004	   +2.220100e-005
+2.459500e+004	   +2.156345e-005
+2.459600e+004	   +1.981035e-005
+2.459700e+004	   +2.059956e-005
+2.459800e+004	   +2.362164e-005
+2.459900e+004	   +3.553609e-005
+2.460000e+004	   +4.352499e-005
+2.460100e+004	   +3.289655e-005
+2.460200e+004	   +2.497082e-005
+2.460300e+004	   +2.354531e-005
+2.460400e+004	   +2.207917e-005
+2.460500e+004	   +2.133520e-005
+2.460600e+004	   +2.130103e-005
+2.460700e+004	   +2.260771e-005
+2.460800e+004	   +2.250175e-005
+2.460900e+004	   +2.146790e-005
+2.461000e+004	   +2.138718e-005
+2.461100e+004	   +2.178398e-005
+2.461200e+004	   +2.152724e-005
+2.461300e+004	   +2.086770e-005
+2.461400e+004	   +2.029267e-005
+2.461500e+004	   +2.088348e-005
+2.461600e+004	   +2.081953e-005
+2.461700e+004	   +2.180350e-005
+2.461800e+004	   +2.127093e-005
+2.461900e+004	   +2.120943e-005
+2.462000e+004	   +2.224780e-005
+2.462100e+004	   +2.170886e-005
+2.462200e+004	   +2.293521e-005
+2.462300e+004	   +2.401493e-005
+2.462400e+004	   +2.343050e-005
+2.462500e+004	   +2.166386e-005
+2.462600e+004	   +2.272001e-005
+2.462700e+004	   +2.265998e-005
+2.462800e+004	   +2.173030e-005
+2.462900e+004	   +2.214623e-005
+2.463000e+004	   +2.201458e-005
+2.463100e+004	   +2.180058e-005
+2.463200e+004	   +2.209755e-005
+2.463300e+004	   +2.212649e-005
+2.463400e+004	   +2.259248e-005
+2.463500e+004	   +2.384862e-005
+2.463600e+004	   +2.323495e-005
+2.463700e+004	   +2.139070e-005
+2.463800e+004	   +2.109690e-005
+2.463900e+004	   +1.997117e-005
+2.464000e+004	   +1.977903e-005
+2.464100e+004	   +2.176244e-005
+2.464200e+004	   +2.240110e-005
+2.464300e+004	   +2.189795e-005
+2.464400e+004	   +2.052078e-005
+2.464500e+004	   +2.198516e-005
+2.464600e+004	   +2.520102e-005
+2.464700e+004	   +2.419476e-005
+2.464800e+004	   +2.128983e-005
+2.464900e+004	   +2.188421e-005
+2.465000e+004	   +2.415267e-005
+2.465100e+004	   +2.386235e-005
+2.465200e+004	   +2.329160e-005
+2.465300e+004	   +2.274432e-005
+2.465400e+004	   +2.312435e-005
+2.465500e+004	   +2.273838e-005
+2.465600e+004	   +2.168042e-005
+2.465700e+004	   +1.994663e-005
+2.465800e+004	   +2.075095e-005
+2.465900e+004	   +2.443066e-005
+2.466000e+004	   +2.394465e-005
+2.466100e+004	   +2.139281e-005
+2.466200e+004	   +2.009838e-005
+2.466300e+004	   +2.049309e-005
+2.466400e+004	   +2.177322e-005
+2.466500e+004	   +2.290277e-005
+2.466600e+004	   +2.219737e-005
+2.466700e+004	   +2.127999e-005
+2.466800e+004	   +1.981240e-005
+2.466900e+004	   +1.834700e-005
+2.467000e+004	   +1.887494e-005
+2.467100e+004	   +2.080932e-005
+2.467200e+004	   +2.250219e-005
+2.467300e+004	   +2.239862e-005
+2.467400e+004	   +2.127868e-005
+2.467500e+004	   +2.059102e-005
+2.467600e+004	   +2.068624e-005
+2.467700e+004	   +2.165014e-005
+2.467800e+004	   +2.176172e-005
+2.467900e+004	   +2.312808e-005
+2.468000e+004	   +2.477237e-005
+2.468100e+004	   +2.394886e-005
+2.468200e+004	   +2.270587e-005
+2.468300e+004	   +2.225198e-005
+2.468400e+004	   +2.233244e-005
+2.468500e+004	   +2.128565e-005
+2.468600e+004	   +2.097546e-005
+2.468700e+004	   +2.005208e-005
+2.468800e+004	   +2.044180e-005
+2.468900e+004	   +2.115076e-005
+2.469000e+004	   +2.108732e-005
+2.469100e+004	   +2.151554e-005
+2.469200e+004	   +2.236522e-005
+2.469300e+004	   +2.211381e-005
+2.469400e+004	   +2.123788e-005
+2.469500e+004	   +2.134699e-005
+2.469600e+004	   +2.117727e-005
+2.469700e+004	   +2.361181e-005
+2.469800e+004	   +2.555767e-005
+2.469900e+004	   +2.476851e-005
+2.470000e+004	   +2.300318e-005
+2.470100e+004	   +2.113439e-005
+2.470200e+004	   +1.902825e-005
+2.470300e+004	   +1.997810e-005
+2.470400e+004	   +2.035319e-005
+2.470500e+004	   +1.939178e-005
+2.470600e+004	   +2.010233e-005
+2.470700e+004	   +2.059099e-005
+2.470800e+004	   +2.049639e-005
+2.470900e+004	   +2.158183e-005
+2.471000e+004	   +2.224419e-005
+2.471100e+004	   +2.217978e-005
+2.471200e+004	   +2.219089e-005
+2.471300e+004	   +2.255181e-005
+2.471400e+004	   +2.245138e-005
+2.471500e+004	   +2.331343e-005
+2.471600e+004	   +2.392150e-005
+2.471700e+004	   +2.189512e-005
+2.471800e+004	   +2.101225e-005
+2.471900e+004	   +2.225765e-005
+2.472000e+004	   +2.318633e-005
+2.472100e+004	   +2.305435e-005
+2.472200e+004	   +2.298522e-005
+2.472300e+004	   +2.280546e-005
+2.472400e+004	   +2.228301e-005
+2.472500e+004	   +2.258005e-005
+2.472600e+004	   +2.071410e-005
+2.472700e+004	   +2.023556e-005
+2.472800e+004	   +2.164011e-005
+2.472900e+004	   +2.063923e-005
+2.473000e+004	   +2.123481e-005
+2.473100e+004	   +2.266620e-005
+2.473200e+004	   +2.216155e-005
+2.473300e+004	   +2.234772e-005
+2.473400e+004	   +2.394626e-005
+2.473500e+004	   +2.326674e-005
+2.473600e+004	   +2.163521e-005
+2.473700e+004	   +2.153147e-005
+2.473800e+004	   +2.040205e-005
+2.473900e+004	   +1.790119e-005
+2.474000e+004	   +1.729700e-005
+2.474100e+004	   +1.923440e-005
+2.474200e+004	   +2.216218e-005
+2.474300e+004	   +2.285678e-005
+2.474400e+004	   +2.291402e-005
+2.474500e+004	   +2.260255e-005
+2.474600e+004	   +2.252902e-005
+2.474700e+004	   +2.130363e-005
+2.474800e+004	   +2.120089e-005
+2.474900e+004	   +2.484497e-005
+2.475000e+004	   +2.594026e-005
+2.475100e+004	   +2.212260e-005
+2.475200e+004	   +2.033900e-005
+2.475300e+004	   +2.262194e-005
+2.475400e+004	   +2.309081e-005
+2.475500e+004	   +2.235942e-005
+2.475600e+004	   +2.334148e-005
+2.475700e+004	   +2.396170e-005
+2.475800e+004	   +2.333217e-005
+2.475900e+004	   +2.346587e-005
+2.476000e+004	   +2.329112e-005
+2.476100e+004	   +2.345402e-005
+2.476200e+004	   +2.310600e-005
+2.476300e+004	   +2.274625e-005
+2.476400e+004	   +2.316897e-005
+2.476500e+004	   +2.210939e-005
+2.476600e+004	   +1.994028e-005
+2.476700e+004	   +2.137826e-005
+2.476800e+004	   +2.284531e-005
+2.476900e+004	   +2.103607e-005
+2.477000e+004	   +2.011662e-005
+2.477100e+004	   +2.241625e-005
+2.477200e+004	   +2.313473e-005
+2.477300e+004	   +2.142175e-005
+2.477400e+004	   +2.015715e-005
+2.477500e+004	   +2.196837e-005
+2.477600e+004	   +2.226036e-005
+2.477700e+004	   +2.023740e-005
+2.477800e+004	   +1.982351e-005
+2.477900e+004	   +1.984830e-005
+2.478000e+004	   +1.986653e-005
+2.478100e+004	   +1.994216e-005
+2.478200e+004	   +2.098113e-005
+2.478300e+004	   +2.307552e-005
+2.478400e+004	   +2.233337e-005
+2.478500e+004	   +2.055406e-005
+2.478600e+004	   +2.189392e-005
+2.478700e+004	   +2.317546e-005
+2.478800e+004	   +2.272638e-005
+2.478900e+004	   +2.214674e-005
+2.479000e+004	   +2.313986e-005
+2.479100e+004	   +2.294539e-005
+2.479200e+004	   +2.022960e-005
+2.479300e+004	   +2.100706e-005
+2.479400e+004	   +2.109744e-005
+2.479500e+004	   +1.820817e-005
+2.479600e+004	   +2.008901e-005
+2.479700e+004	   +2.335106e-005
+2.479800e+004	   +2.242736e-005
+2.479900e+004	   +2.065648e-005
+2.480000e+004	   +2.031924e-005
+2.480100e+004	   +1.998624e-005
+2.480200e+004	   +2.044944e-005
+2.480300e+004	   +2.055381e-005
+2.480400e+004	   +2.088437e-005
+2.480500e+004	   +2.005064e-005
+2.480600e+004	   +2.027704e-005
+2.480700e+004	   +2.301659e-005
+2.480800e+004	   +2.320349e-005
+2.480900e+004	   +2.199878e-005
+2.481000e+004	   +2.199608e-005
+2.481100e+004	   +2.122229e-005
+2.481200e+004	   +2.026944e-005
+2.481300e+004	   +2.245098e-005
+2.481400e+004	   +2.236991e-005
+2.481500e+004	   +2.006546e-005
+2.481600e+004	   +2.028779e-005
+2.481700e+004	   +2.238947e-005
+2.481800e+004	   +2.270889e-005
+2.481900e+004	   +2.220951e-005
+2.482000e+004	   +2.309144e-005
+2.482100e+004	   +2.313948e-005
+2.482200e+004	   +2.255921e-005
+2.482300e+004	   +2.233143e-005
+2.482400e+004	   +2.235329e-005
+2.482500e+004	   +2.154469e-005
+2.482600e+004	   +2.117925e-005
+2.482700e+004	   +2.381429e-005
+2.482800e+004	   +2.526572e-005
+2.482900e+004	   +2.356416e-005
+2.483000e+004	   +2.336801e-005
+2.483100e+004	   +2.389444e-005
+2.483200e+004	   +2.369081e-005
+2.483300e+004	   +2.335768e-005
+2.483400e+004	   +2.382120e-005
+2.483500e+004	   +2.466392e-005
+2.483600e+004	   +2.337320e-005
+2.483700e+004	   +2.053214e-005
+2.483800e+004	   +1.915732e-005
+2.483900e+004	   +2.124248e-005
+2.484000e+004	   +2.268482e-005
+2.484100e+004	   +2.340432e-005
+2.484200e+004	   +2.357050e-005
+2.484300e+004	   +2.072839e-005
+2.484400e+004	   +1.887610e-005
+2.484500e+004	   +1.701022e-005
+2.484600e+004	   +1.781146e-005
+2.484700e+004	   +1.984056e-005
+2.484800e+004	   +2.242736e-005
+2.484900e+004	   +2.232586e-005
+2.485000e+004	   +2.109793e-005
+2.485100e+004	   +2.109512e-005
+2.485200e+004	   +2.215274e-005
+2.485300e+004	   +2.093497e-005
+2.485400e+004	   +2.016011e-005
+2.485500e+004	   +2.056013e-005
+2.485600e+004	   +2.110135e-005
+2.485700e+004	   +2.082865e-005
+2.485800e+004	   +2.179702e-005
+2.485900e+004	   +2.244189e-005
+2.486000e+004	   +2.328099e-005
+2.486100e+004	   +2.203347e-005
+2.486200e+004	   +1.899773e-005
+2.486300e+004	   +1.942121e-005
+2.486400e+004	   +2.182609e-005
+2.486500e+004	   +2.382554e-005
+2.486600e+004	   +2.431236e-005
+2.486700e+004	   +2.412206e-005
+2.486800e+004	   +2.322307e-005
+2.486900e+004	   +2.227826e-005
+2.487000e+004	   +2.105287e-005
+2.487100e+004	   +2.074854e-005
+2.487200e+004	   +2.139693e-005
+2.487300e+004	   +2.352910e-005
+2.487400e+004	   +2.246613e-005
+2.487500e+004	   +2.005080e-005
+2.487600e+004	   +2.193908e-005
+2.487700e+004	   +2.365393e-005
+2.487800e+004	   +2.196005e-005
+2.487900e+004	   +2.150205e-005
+2.488000e+004	   +2.101043e-005
+2.488100e+004	   +1.898026e-005
+2.488200e+004	   +1.967649e-005
+2.488300e+004	   +2.233023e-005
+2.488400e+004	   +2.174397e-005
+2.488500e+004	   +1.978383e-005
+2.488600e+004	   +2.112277e-005
+2.488700e+004	   +2.185359e-005
+2.488800e+004	   +2.101315e-005
+2.488900e+004	   +2.254973e-005
+2.489000e+004	   +2.284060e-005
+2.489100e+004	   +2.292521e-005
+2.489200e+004	   +2.513413e-005
+2.489300e+004	   +2.481035e-005
+2.489400e+004	   +2.396641e-005
+2.489500e+004	   +2.538250e-005
+2.489600e+004	   +2.444823e-005
+2.489700e+004	   +2.351498e-005
+2.489800e+004	   +2.290574e-005
+2.489900e+004	   +2.253312e-005
+2.490000e+004	   +2.144285e-005
+2.490100e+004	   +2.095396e-005
+2.490200e+004	   +2.181926e-005
+2.490300e+004	   +2.274924e-005
+2.490400e+004	   +2.186014e-005
+2.490500e+004	   +2.311391e-005
+2.490600e+004	   +2.454078e-005
+2.490700e+004	   +2.397970e-005
+2.490800e+004	   +2.225025e-005
+2.490900e+004	   +2.074715e-005
+2.491000e+004	   +2.154951e-005
+2.491100e+004	   +2.179209e-005
+2.491200e+004	   +2.086477e-005
+2.491300e+004	   +2.050191e-005
+2.491400e+004	   +2.107866e-005
+2.491500e+004	   +2.073358e-005
+2.491600e+004	   +2.041162e-005
+2.491700e+004	   +2.232873e-005
+2.491800e+004	   +2.172813e-005
+2.491900e+004	   +2.060549e-005
+2.492000e+004	   +2.098288e-005
+2.492100e+004	   +2.127829e-005
+2.492200e+004	   +2.122991e-005
+2.492300e+004	   +2.062958e-005
+2.492400e+004	   +1.933115e-005
+2.492500e+004	   +2.107979e-005
+2.492600e+004	   +2.311231e-005
+2.492700e+004	   +2.040944e-005
+2.492800e+004	   +2.038067e-005
+2.492900e+004	   +2.246053e-005
+2.493000e+004	   +2.155280e-005
+2.493100e+004	   +2.162282e-005
+2.493200e+004	   +2.236834e-005
+2.493300e+004	   +2.282488e-005
+2.493400e+004	   +2.122171e-005
+2.493500e+004	   +2.024002e-005
+2.493600e+004	   +2.041574e-005
+2.493700e+004	   +2.036794e-005
+2.493800e+004	   +2.171947e-005
+2.493900e+004	   +2.076037e-005
+2.494000e+004	   +1.935349e-005
+2.494100e+004	   +2.041406e-005
+2.494200e+004	   +2.156752e-005
+2.494300e+004	   +2.096515e-005
+2.494400e+004	   +1.968442e-005
+2.494500e+004	   +2.092440e-005
+2.494600e+004	   +2.345232e-005
+2.494700e+004	   +2.339569e-005
+2.494800e+004	   +2.265987e-005
+2.494900e+004	   +2.355961e-005
+2.495000e+004	   +2.297738e-005
+2.495100e+004	   +2.118639e-005
+2.495200e+004	   +2.216754e-005
+2.495300e+004	   +2.300517e-005
+2.495400e+004	   +2.320306e-005
+2.495500e+004	   +2.383135e-005
+2.495600e+004	   +2.497041e-005
+2.495700e+004	   +2.512061e-005
+2.495800e+004	   +2.432782e-005
+2.495900e+004	   +2.331688e-005
+2.496000e+004	   +2.173944e-005
+2.496100e+004	   +2.152844e-005
+2.496200e+004	   +2.310361e-005
+2.496300e+004	   +2.342777e-005
+2.496400e+004	   +2.249140e-005
+2.496500e+004	   +2.199086e-005
+2.496600e+004	   +2.357744e-005
+2.496700e+004	   +2.533249e-005
+2.496800e+004	   +2.579085e-005
+2.496900e+004	   +2.533055e-005
+2.497000e+004	   +2.367466e-005
+2.497100e+004	   +2.192249e-005
+2.497200e+004	   +2.238691e-005
+2.497300e+004	   +2.383656e-005
+2.497400e+004	   +2.318972e-005
+2.497500e+004	   +2.208133e-005
+2.497600e+004	   +2.202464e-005
+2.497700e+004	   +2.331517e-005
+2.497800e+004	   +2.215620e-005
+2.497900e+004	   +2.094387e-005
+2.498000e+004	   +2.101929e-005
+2.498100e+004	   +2.184652e-005
+2.498200e+004	   +2.176516e-005
+2.498300e+004	   +2.050193e-005
+2.498400e+004	   +1.985375e-005
+2.498500e+004	   +2.079207e-005
+2.498600e+004	   +2.114841e-005
+2.498700e+004	   +2.034722e-005
+2.498800e+004	   +2.027047e-005
+2.498900e+004	   +2.100404e-005
+2.499000e+004	   +2.144537e-005
+2.499100e+004	   +2.226880e-005
+2.499200e+004	   +2.212717e-005
+2.499300e+004	   +2.098062e-005
+2.499400e+004	   +2.171151e-005
+2.499500e+004	   +2.225384e-005
+2.499600e+004	   +2.287156e-005
+2.499700e+004	   +2.342039e-005
+2.499800e+004	   +2.157378e-005
+2.499900e+004	   +1.937258e-005
+2.500000e+004	   +1.931174e-005
