+2.980000e+004	   +2.495366e-005
+2.980100e+004	   +2.344519e-005
+2.980200e+004	   +2.260550e-005
+2.980300e+004	   +2.200514e-005
+2.980400e+004	   +2.181330e-005
+2.980500e+004	   +2.233567e-005
+2.980600e+004	   +2.177200e-005
+2.980700e+004	   +1.978186e-005
+2.980800e+004	   +1.980887e-005
+2.980900e+004	   +2.258590e-005
+2.981000e+004	   +2.533917e-005
+2.981100e+004	   +2.384556e-005
+2.981200e+004	   +2.005216e-005
+2.981300e+004	   +2.017964e-005
+2.981400e+004	   +2.330634e-005
+2.981500e+004	   +2.394392e-005
+2.981600e+004	   +2.403299e-005
+2.981700e+004	   +2.251299e-005
+2.981800e+004	   +2.273648e-005
+2.981900e+004	   +2.237834e-005
+2.982000e+004	   +2.108236e-005
+2.982100e+004	   +2.084634e-005
+2.982200e+004	   +2.362761e-005
+2.982300e+004	   +2.522339e-005
+2.982400e+004	   +2.492582e-005
+2.982500e+004	   +2.370871e-005
+2.982600e+004	   +2.105172e-005
+2.982700e+004	   +1.866523e-005
+2.982800e+004	   +2.091774e-005
+2.982900e+004	   +2.209403e-005
+2.983000e+004	   +2.289355e-005
+2.983100e+004	   +2.491008e-005
+2.983200e+004	   +2.501522e-005
+2.983300e+004	   +2.518744e-005
+2.983400e+004	   +2.400554e-005
+2.983500e+004	   +2.393519e-005
+2.983600e+004	   +2.547933e-005
+2.983700e+004	   +2.499279e-005
+2.983800e+004	   +2.288920e-005
+2.983900e+004	   +2.478424e-005
+2.984000e+004	   +2.765243e-005
+2.984100e+004	   +2.539607e-005
+2.984200e+004	   +2.370645e-005
+2.984300e+004	   +2.482111e-005
+2.984400e+004	   +2.449369e-005
+2.984500e+004	   +2.311909e-005
+2.984600e+004	   +2.288704e-005
+2.984700e+004	   +2.386940e-005
+2.984800e+004	   +2.294768e-005
+2.984900e+004	   +2.129670e-005
+2.985000e+004	   +2.112115e-005
+2.985100e+004	   +2.123963e-005
+2.985200e+004	   +2.194932e-005
+2.985300e+004	   +2.180511e-005
+2.985400e+004	   +2.062217e-005
+2.985500e+004	   +2.135911e-005
+2.985600e+004	   +2.000405e-005
+2.985700e+004	   +1.902683e-005
+2.985800e+004	   +2.044544e-005
+2.985900e+004	   +2.231680e-005
+2.986000e+004	   +2.514768e-005
+2.986100e+004	   +2.783126e-005
+2.986200e+004	   +2.782594e-005
+2.986300e+004	   +2.719050e-005
+2.986400e+004	   +2.553540e-005
+2.986500e+004	   +2.506193e-005
+2.986600e+004	   +2.471293e-005
+2.986700e+004	   +2.246065e-005
+2.986800e+004	   +2.362865e-005
+2.986900e+004	   +2.471261e-005
+2.987000e+004	   +2.376175e-005
+2.987100e+004	   +2.475171e-005
+2.987200e+004	   +2.466902e-005
+2.987300e+004	   +2.407805e-005
+2.987400e+004	   +2.189392e-005
+2.987500e+004	   +2.072759e-005
+2.987600e+004	   +2.168487e-005
+2.987700e+004	   +2.261451e-005
+2.987800e+004	   +2.362361e-005
+2.987900e+004	   +2.428067e-005
+2.988000e+004	   +2.466116e-005
+2.988100e+004	   +2.354642e-005
+2.988200e+004	   +2.342139e-005
+2.988300e+004	   +2.401255e-005
+2.988400e+004	   +2.393385e-005
+2.988500e+004	   +2.459402e-005
+2.988600e+004	   +2.405784e-005
+2.988700e+004	   +2.368371e-005
+2.988800e+004	   +2.346845e-005
+2.988900e+004	   +2.284895e-005
+2.989000e+004	   +2.352833e-005
+2.989100e+004	   +2.298755e-005
+2.989200e+004	   +2.207354e-005
+2.989300e+004	   +2.134113e-005
+2.989400e+004	   +2.130805e-005
+2.989500e+004	   +2.067915e-005
+2.989600e+004	   +1.866838e-005
+2.989700e+004	   +1.961474e-005
+2.989800e+004	   +2.182537e-005
+2.989900e+004	   +2.314744e-005
+2.990000e+004	   +2.453612e-005
+2.990100e+004	   +2.721051e-005
+2.990200e+004	   +2.838842e-005
+2.990300e+004	   +2.755793e-005
+2.990400e+004	   +2.432557e-005
+2.990500e+004	   +2.229772e-005
+2.990600e+004	   +2.198043e-005
+2.990700e+004	   +2.264003e-005
+2.990800e+004	   +2.091438e-005
+2.990900e+004	   +2.072568e-005
+2.991000e+004	   +2.318689e-005
+2.991100e+004	   +2.299770e-005
+2.991200e+004	   +2.047154e-005
+2.991300e+004	   +2.145444e-005
+2.991400e+004	   +2.403194e-005
+2.991500e+004	   +2.202377e-005
+2.991600e+004	   +2.103677e-005
+2.991700e+004	   +2.173531e-005
+2.991800e+004	   +1.987410e-005
+2.991900e+004	   +2.204525e-005
+2.992000e+004	   +2.276464e-005
+2.992100e+004	   +2.288754e-005
+2.992200e+004	   +2.212513e-005
+2.992300e+004	   +2.230276e-005
+2.992400e+004	   +2.438036e-005
+2.992500e+004	   +2.396078e-005
+2.992600e+004	   +2.193027e-005
+2.992700e+004	   +2.108912e-005
+2.992800e+004	   +2.187493e-005
+2.992900e+004	   +2.077496e-005
+2.993000e+004	   +2.115731e-005
+2.993100e+004	   +2.268870e-005
+2.993200e+004	   +2.332554e-005
+2.993300e+004	   +2.672373e-005
+2.993400e+004	   +2.700604e-005
+2.993500e+004	   +2.646805e-005
+2.993600e+004	   +2.625450e-005
+2.993700e+004	   +2.236885e-005
+2.993800e+004	   +2.243413e-005
+2.993900e+004	   +2.426617e-005
+2.994000e+004	   +2.423166e-005
+2.994100e+004	   +2.391533e-005
+2.994200e+004	   +2.259431e-005
+2.994300e+004	   +2.439849e-005
+2.994400e+004	   +2.196499e-005
+2.994500e+004	   +2.062052e-005
+2.994600e+004	   +2.231202e-005
+2.994700e+004	   +2.029938e-005
+2.994800e+004	   +2.019132e-005
+2.994900e+004	   +2.290725e-005
+2.995000e+004	   +2.191821e-005
+2.995100e+004	   +1.992146e-005
+2.995200e+004	   +2.245809e-005
+2.995300e+004	   +2.173810e-005
+2.995400e+004	   +1.931318e-005
+2.995500e+004	   +2.013419e-005
+2.995600e+004	   +2.194966e-005
+2.995700e+004	   +2.354795e-005
+2.995800e+004	   +2.230061e-005
+2.995900e+004	   +2.232363e-005
+2.996000e+004	   +1.998254e-005
+2.996100e+004	   +2.003031e-005
+2.996200e+004	   +2.279177e-005
+2.996300e+004	   +2.182642e-005
+2.996400e+004	   +2.199412e-005
+2.996500e+004	   +2.441516e-005
+2.996600e+004	   +2.380865e-005
+2.996700e+004	   +2.392849e-005
+2.996800e+004	   +2.297950e-005
+2.996900e+004	   +2.298487e-005
+2.997000e+004	   +2.340669e-005
+2.997100e+004	   +2.131570e-005
+2.997200e+004	   +2.143172e-005
+2.997300e+004	   +2.278054e-005
+2.997400e+004	   +2.243940e-005
+2.997500e+004	   +1.999575e-005
+2.997600e+004	   +1.833870e-005
+2.997700e+004	   +2.322462e-005
+2.997800e+004	   +2.631646e-005
+2.997900e+004	   +2.499060e-005
+2.998000e+004	   +2.306704e-005
+2.998100e+004	   +2.405905e-005
+2.998200e+004	   +2.342972e-005
+2.998300e+004	   +2.351844e-005
+2.998400e+004	   +2.561900e-005
+2.998500e+004	   +2.794360e-005
+2.998600e+004	   +2.804140e-005
+2.998700e+004	   +2.535966e-005
+2.998800e+004	   +2.400064e-005
+2.998900e+004	   +2.426755e-005
+2.999000e+004	   +2.556199e-005
+2.999100e+004	   +2.446287e-005
+2.999200e+004	   +2.143523e-005
+2.999300e+004	   +1.948233e-005
+2.999400e+004	   +1.795257e-005
+2.999500e+004	   +2.009271e-005
+2.999600e+004	   +2.241197e-005
+2.999700e+004	   +2.249859e-005
+2.999800e+004	   +2.273324e-005
+2.999900e+004	   +2.376253e-005
+3.000000e+004	   +2.381971e-005
+3.000100e+004	   +2.180918e-005
+3.000200e+004	   +2.007490e-005
+3.000300e+004	   +2.174844e-005
+3.000400e+004	   +2.210454e-005
+3.000500e+004	   +2.384339e-005
+3.000600e+004	   +2.535503e-005
+3.000700e+004	   +2.364962e-005
+3.000800e+004	   +2.348670e-005
+3.000900e+004	   +2.302979e-005
+3.001000e+004	   +2.149545e-005
+3.001100e+004	   +2.033956e-005
+3.001200e+004	   +1.993636e-005
+3.001300e+004	   +2.471928e-005
+3.001400e+004	   +2.815465e-005
+3.001500e+004	   +2.751322e-005
+3.001600e+004	   +2.495320e-005
+3.001700e+004	   +2.193345e-005
+3.001800e+004	   +2.441634e-005
+3.001900e+004	   +2.649791e-005
+3.002000e+004	   +2.373546e-005
+3.002100e+004	   +2.017052e-005
+3.002200e+004	   +2.054150e-005
+3.002300e+004	   +2.195009e-005
+3.002400e+004	   +2.059493e-005
+3.002500e+004	   +2.049331e-005
+3.002600e+004	   +2.325757e-005
+3.002700e+004	   +2.336263e-005
+3.002800e+004	   +2.329460e-005
+3.002900e+004	   +2.452677e-005
+3.003000e+004	   +2.537520e-005
+3.003100e+004	   +2.527362e-005
+3.003200e+004	   +2.324358e-005
+3.003300e+004	   +2.054152e-005
+3.003400e+004	   +2.218341e-005
+3.003500e+004	   +2.631277e-005
+3.003600e+004	   +2.847048e-005
+3.003700e+004	   +2.788298e-005
+3.003800e+004	   +2.513059e-005
+3.003900e+004	   +2.415086e-005
+3.004000e+004	   +2.515276e-005
+3.004100e+004	   +2.702796e-005
+3.004200e+004	   +2.596913e-005
+3.004300e+004	   +2.440082e-005
+3.004400e+004	   +2.551379e-005
+3.004500e+004	   +2.447950e-005
+3.004600e+004	   +2.368392e-005
+3.004700e+004	   +2.201094e-005
+3.004800e+004	   +2.192622e-005
+3.004900e+004	   +2.274937e-005
+3.005000e+004	   +2.353722e-005
+3.005100e+004	   +2.307446e-005
+3.005200e+004	   +2.249656e-005
+3.005300e+004	   +2.326479e-005
+3.005400e+004	   +2.486521e-005
+3.005500e+004	   +2.590528e-005
+3.005600e+004	   +2.378782e-005
+3.005700e+004	   +2.218860e-005
+3.005800e+004	   +2.033679e-005
+3.005900e+004	   +2.163213e-005
+3.006000e+004	   +2.409355e-005
+3.006100e+004	   +2.453213e-005
+3.006200e+004	   +2.470336e-005
+3.006300e+004	   +2.301737e-005
+3.006400e+004	   +2.052414e-005
+3.006500e+004	   +2.147971e-005
+3.006600e+004	   +2.477303e-005
+3.006700e+004	   +2.666291e-005
+3.006800e+004	   +2.361441e-005
+3.006900e+004	   +2.075444e-005
+3.007000e+004	   +1.967347e-005
+3.007100e+004	   +2.009104e-005
+3.007200e+004	   +2.176311e-005
+3.007300e+004	   +2.329588e-005
+3.007400e+004	   +2.562829e-005
+3.007500e+004	   +2.566591e-005
+3.007600e+004	   +2.505868e-005
+3.007700e+004	   +2.409683e-005
+3.007800e+004	   +2.597968e-005
+3.007900e+004	   +2.542612e-005
+3.008000e+004	   +2.672854e-005
+3.008100e+004	   +2.495098e-005
+3.008200e+004	   +2.031612e-005
+3.008300e+004	   +2.116488e-005
+3.008400e+004	   +2.297385e-005
+3.008500e+004	   +2.496887e-005
+3.008600e+004	   +2.552704e-005
+3.008700e+004	   +2.200632e-005
+3.008800e+004	   +2.070762e-005
+3.008900e+004	   +2.170807e-005
+3.009000e+004	   +2.038884e-005
+3.009100e+004	   +1.847394e-005
+3.009200e+004	   +2.031896e-005
+3.009300e+004	   +2.120990e-005
+3.009400e+004	   +2.178577e-005
+3.009500e+004	   +2.093547e-005
+3.009600e+004	   +2.143024e-005
+3.009700e+004	   +2.215885e-005
+3.009800e+004	   +2.202929e-005
+3.009900e+004	   +2.198946e-005
+3.010000e+004	   +2.501107e-005
+3.010100e+004	   +2.833480e-005
+3.010200e+004	   +2.679571e-005
+3.010300e+004	   +2.359520e-005
+3.010400e+004	   +2.239539e-005
+3.010500e+004	   +2.235044e-005
+3.010600e+004	   +2.219021e-005
+3.010700e+004	   +2.263680e-005
+3.010800e+004	   +2.161940e-005
+3.010900e+004	   +2.063637e-005
+3.011000e+004	   +2.171082e-005
+3.011100e+004	   +2.427333e-005
+3.011200e+004	   +2.442012e-005
+3.011300e+004	   +2.218914e-005
+3.011400e+004	   +2.186319e-005
+3.011500e+004	   +2.072511e-005
+3.011600e+004	   +2.321598e-005
+3.011700e+004	   +2.649567e-005
+3.011800e+004	   +2.627036e-005
+3.011900e+004	   +2.348054e-005
+3.012000e+004	   +2.089570e-005
+3.012100e+004	   +2.006342e-005
+3.012200e+004	   +2.058867e-005
+3.012300e+004	   +2.124572e-005
+3.012400e+004	   +2.269728e-005
+3.012500e+004	   +2.468590e-005
+3.012600e+004	   +2.298762e-005
+3.012700e+004	   +2.418313e-005
+3.012800e+004	   +2.567535e-005
+3.012900e+004	   +2.441052e-005
+3.013000e+004	   +2.375799e-005
+3.013100e+004	   +2.480454e-005
+3.013200e+004	   +2.558344e-005
+3.013300e+004	   +2.610497e-005
+3.013400e+004	   +2.526372e-005
+3.013500e+004	   +2.142949e-005
+3.013600e+004	   +1.781807e-005
+3.013700e+004	   +1.911759e-005
+3.013800e+004	   +2.380776e-005
+3.013900e+004	   +2.585558e-005
+3.014000e+004	   +2.436484e-005
+3.014100e+004	   +2.506281e-005
+3.014200e+004	   +2.602190e-005
+3.014300e+004	   +2.517133e-005
+3.014400e+004	   +2.604208e-005
+3.014500e+004	   +2.497282e-005
+3.014600e+004	   +2.125071e-005
+3.014700e+004	   +2.108343e-005
+3.014800e+004	   +2.349433e-005
+3.014900e+004	   +2.393448e-005
+3.015000e+004	   +2.124360e-005
+3.015100e+004	   +2.016354e-005
+3.015200e+004	   +2.264607e-005
+3.015300e+004	   +2.416221e-005
+3.015400e+004	   +2.420914e-005
+3.015500e+004	   +2.396959e-005
+3.015600e+004	   +2.340037e-005
+3.015700e+004	   +2.279445e-005
+3.015800e+004	   +2.289056e-005
+3.015900e+004	   +2.217323e-005
+3.016000e+004	   +2.524611e-005
+3.016100e+004	   +2.649800e-005
+3.016200e+004	   +2.383224e-005
+3.016300e+004	   +2.181104e-005
+3.016400e+004	   +1.924669e-005
+3.016500e+004	   +1.768924e-005
+3.016600e+004	   +2.107773e-005
+3.016700e+004	   +2.454851e-005
+3.016800e+004	   +2.412542e-005
+3.016900e+004	   +2.166859e-005
+3.017000e+004	   +2.394644e-005
+3.017100e+004	   +2.727000e-005
+3.017200e+004	   +2.472954e-005
+3.017300e+004	   +2.280306e-005
+3.017400e+004	   +2.159677e-005
+3.017500e+004	   +2.104936e-005
+3.017600e+004	   +2.164838e-005
+3.017700e+004	   +2.129243e-005
+3.017800e+004	   +2.215917e-005
+3.017900e+004	   +2.356108e-005
+3.018000e+004	   +2.426912e-005
+3.018100e+004	   +2.358666e-005
+3.018200e+004	   +2.313577e-005
+3.018300e+004	   +2.420103e-005
+3.018400e+004	   +2.650707e-005
+3.018500e+004	   +2.650204e-005
+3.018600e+004	   +2.478772e-005
+3.018700e+004	   +2.532765e-005
+3.018800e+004	   +2.633410e-005
+3.018900e+004	   +2.699314e-005
+3.019000e+004	   +2.650821e-005
+3.019100e+004	   +2.457278e-005
+3.019200e+004	   +2.312993e-005
+3.019300e+004	   +2.432272e-005
+3.019400e+004	   +2.347126e-005
+3.019500e+004	   +2.336581e-005
+3.019600e+004	   +2.339556e-005
+3.019700e+004	   +2.159290e-005
+3.019800e+004	   +2.117111e-005
+3.019900e+004	   +3.254359e-005
+3.020000e+004	   +4.181726e-005
+3.020100e+004	   +3.424660e-005
+3.020200e+004	   +2.614077e-005
+3.020300e+004	   +2.508883e-005
+3.020400e+004	   +2.502761e-005
+3.020500e+004	   +2.451708e-005
+3.020600e+004	   +2.318427e-005
+3.020700e+004	   +2.044982e-005
+3.020800e+004	   +1.909022e-005
+3.020900e+004	   +2.233898e-005
+3.021000e+004	   +2.427438e-005
+3.021100e+004	   +2.608764e-005
+3.021200e+004	   +2.753996e-005
+3.021300e+004	   +2.368587e-005
+3.021400e+004	   +2.073608e-005
+3.021500e+004	   +2.237757e-005
+3.021600e+004	   +2.368361e-005
+3.021700e+004	   +2.386741e-005
+3.021800e+004	   +2.376135e-005
+3.021900e+004	   +2.392271e-005
+3.022000e+004	   +2.434005e-005
+3.022100e+004	   +2.374438e-005
+3.022200e+004	   +2.532017e-005
+3.022300e+004	   +2.685527e-005
+3.022400e+004	   +2.639729e-005
+3.022500e+004	   +2.278164e-005
+3.022600e+004	   +2.015611e-005
+3.022700e+004	   +2.122054e-005
+3.022800e+004	   +2.218431e-005
+3.022900e+004	   +2.308906e-005
+3.023000e+004	   +2.434086e-005
+3.023100e+004	   +2.400354e-005
+3.023200e+004	   +2.505224e-005
+3.023300e+004	   +2.651298e-005
+3.023400e+004	   +2.508618e-005
+3.023500e+004	   +2.248387e-005
+3.023600e+004	   +2.142027e-005
+3.023700e+004	   +2.204470e-005
+3.023800e+004	   +2.526250e-005
+3.023900e+004	   +2.668292e-005
+3.024000e+004	   +2.473788e-005
+3.024100e+004	   +2.496377e-005
+3.024200e+004	   +2.496635e-005
+3.024300e+004	   +2.225484e-005
+3.024400e+004	   +1.940957e-005
+3.024500e+004	   +2.088689e-005
+3.024600e+004	   +2.253560e-005
+3.024700e+004	   +2.087394e-005
+3.024800e+004	   +1.969246e-005
+3.024900e+004	   +1.969952e-005
+3.025000e+004	   +2.307545e-005
+3.025100e+004	   +2.470699e-005
+3.025200e+004	   +2.299754e-005
+3.025300e+004	   +2.275636e-005
+3.025400e+004	   +2.405866e-005
+3.025500e+004	   +2.376368e-005
+3.025600e+004	   +2.313141e-005
+3.025700e+004	   +2.184488e-005
+3.025800e+004	   +2.100720e-005
+3.025900e+004	   +2.088907e-005
+3.026000e+004	   +2.038409e-005
+3.026100e+004	   +2.301477e-005
+3.026200e+004	   +2.441133e-005
+3.026300e+004	   +2.503404e-005
+3.026400e+004	   +2.556087e-005
+3.026500e+004	   +2.476046e-005
+3.026600e+004	   +2.456350e-005
+3.026700e+004	   +2.326372e-005
+3.026800e+004	   +2.000895e-005
+3.026900e+004	   +2.068510e-005
+3.027000e+004	   +2.232018e-005
+3.027100e+004	   +2.366798e-005
+3.027200e+004	   +2.407245e-005
+3.027300e+004	   +2.383485e-005
+3.027400e+004	   +2.345701e-005
+3.027500e+004	   +2.146684e-005
+3.027600e+004	   +1.930449e-005
+3.027700e+004	   +1.985870e-005
+3.027800e+004	   +2.433279e-005
+3.027900e+004	   +2.650667e-005
+3.028000e+004	   +2.486298e-005
+3.028100e+004	   +2.240732e-005
+3.028200e+004	   +2.233020e-005
+3.028300e+004	   +2.176738e-005
+3.028400e+004	   +2.029688e-005
+3.028500e+004	   +1.913170e-005
+3.028600e+004	   +2.098511e-005
+3.028700e+004	   +2.147768e-005
+3.028800e+004	   +2.367609e-005
+3.028900e+004	   +2.643279e-005
+3.029000e+004	   +2.418013e-005
+3.029100e+004	   +2.257279e-005
+3.029200e+004	   +2.351363e-005
+3.029300e+004	   +2.562806e-005
+3.029400e+004	   +2.497458e-005
+3.029500e+004	   +2.359059e-005
+3.029600e+004	   +2.291226e-005
+3.029700e+004	   +2.306762e-005
+3.029800e+004	   +2.307253e-005
+3.029900e+004	   +2.412780e-005
+3.030000e+004	   +2.532771e-005
+3.030100e+004	   +2.402653e-005
+3.030200e+004	   +2.351697e-005
+3.030300e+004	   +2.511914e-005
+3.030400e+004	   +2.482972e-005
+3.030500e+004	   +2.542216e-005
+3.030600e+004	   +2.657363e-005
+3.030700e+004	   +2.367736e-005
+3.030800e+004	   +2.327243e-005
+3.030900e+004	   +2.497205e-005
+3.031000e+004	   +2.243551e-005
+3.031100e+004	   +1.950448e-005
+3.031200e+004	   +2.102047e-005
+3.031300e+004	   +2.254951e-005
+3.031400e+004	   +2.365681e-005
+3.031500e+004	   +2.300969e-005
+3.031600e+004	   +2.313052e-005
+3.031700e+004	   +2.383643e-005
+3.031800e+004	   +2.163633e-005
+3.031900e+004	   +1.827308e-005
+3.032000e+004	   +1.729167e-005
+3.032100e+004	   +2.113479e-005
+3.032200e+004	   +2.490497e-005
+3.032300e+004	   +2.441838e-005
+3.032400e+004	   +2.309157e-005
+3.032500e+004	   +2.380102e-005
+3.032600e+004	   +2.244729e-005
+3.032700e+004	   +2.025109e-005
+3.032800e+004	   +2.148693e-005
+3.032900e+004	   +2.274203e-005
+3.033000e+004	   +2.310369e-005
+3.033100e+004	   +2.235947e-005
+3.033200e+004	   +2.300464e-005
+3.033300e+004	   +2.497905e-005
+3.033400e+004	   +2.475071e-005
+3.033500e+004	   +2.499106e-005
+3.033600e+004	   +2.466544e-005
+3.033700e+004	   +2.335660e-005
+3.033800e+004	   +2.176406e-005
+3.033900e+004	   +2.238337e-005
+3.034000e+004	   +2.129561e-005
+3.034100e+004	   +2.126390e-005
+3.034200e+004	   +2.061364e-005
+3.034300e+004	   +1.992492e-005
+3.034400e+004	   +2.198741e-005
+3.034500e+004	   +2.255723e-005
+3.034600e+004	   +2.144460e-005
+3.034700e+004	   +2.150914e-005
+3.034800e+004	   +2.093499e-005
+3.034900e+004	   +2.089132e-005
+3.035000e+004	   +2.185076e-005
+3.035100e+004	   +2.300727e-005
+3.035200e+004	   +2.303416e-005
+3.035300e+004	   +2.223735e-005
+3.035400e+004	   +2.180688e-005
+3.035500e+004	   +2.040091e-005
+3.035600e+004	   +2.229872e-005
+3.035700e+004	   +2.500081e-005
+3.035800e+004	   +2.293775e-005
+3.035900e+004	   +2.048847e-005
+3.036000e+004	   +2.065011e-005
+3.036100e+004	   +2.066403e-005
+3.036200e+004	   +2.165941e-005
+3.036300e+004	   +2.318025e-005
+3.036400e+004	   +2.512353e-005
+3.036500e+004	   +2.554258e-005
+3.036600e+004	   +2.352456e-005
+3.036700e+004	   +2.110091e-005
+3.036800e+004	   +2.397062e-005
+3.036900e+004	   +2.787469e-005
+3.037000e+004	   +2.693065e-005
+3.037100e+004	   +2.311775e-005
+3.037200e+004	   +2.287659e-005
+3.037300e+004	   +2.518623e-005
+3.037400e+004	   +2.343899e-005
+3.037500e+004	   +2.095037e-005
+3.037600e+004	   +2.062926e-005
+3.037700e+004	   +2.336899e-005
+3.037800e+004	   +2.458541e-005
+3.037900e+004	   +2.374620e-005
+3.038000e+004	   +2.068035e-005
+3.038100e+004	   +1.776591e-005
+3.038200e+004	   +1.869090e-005
+3.038300e+004	   +2.290755e-005
+3.038400e+004	   +2.441604e-005
+3.038500e+004	   +2.250607e-005
+3.038600e+004	   +2.198024e-005
+3.038700e+004	   +2.523871e-005
+3.038800e+004	   +2.725330e-005
+3.038900e+004	   +2.539125e-005
+3.039000e+004	   +2.529914e-005
+3.039100e+004	   +2.580243e-005
+3.039200e+004	   +2.361003e-005
+3.039300e+004	   +2.191939e-005
+3.039400e+004	   +2.112103e-005
+3.039500e+004	   +1.993501e-005
+3.039600e+004	   +1.952617e-005
+3.039700e+004	   +1.873207e-005
+3.039800e+004	   +1.936293e-005
+3.039900e+004	   +1.947848e-005
+3.040000e+004	   +1.883372e-005
+3.040100e+004	   +2.446435e-005
+3.040200e+004	   +2.608185e-005
+3.040300e+004	   +2.292637e-005
+3.040400e+004	   +2.097991e-005
+3.040500e+004	   +2.271059e-005
+3.040600e+004	   +2.198174e-005
+3.040700e+004	   +2.261049e-005
+3.040800e+004	   +2.734436e-005
+3.040900e+004	   +2.829680e-005
+3.041000e+004	   +2.569072e-005
+3.041100e+004	   +2.340170e-005
+3.041200e+004	   +2.313999e-005
+3.041300e+004	   +2.087270e-005
+3.041400e+004	   +2.047860e-005
+3.041500e+004	   +2.126327e-005
+3.041600e+004	   +2.167616e-005
+3.041700e+004	   +2.361098e-005
+3.041800e+004	   +2.435917e-005
+3.041900e+004	   +2.134390e-005
+3.042000e+004	   +2.120622e-005
+3.042100e+004	   +2.138894e-005
+3.042200e+004	   +2.164068e-005
+3.042300e+004	   +2.104030e-005
+3.042400e+004	   +2.016087e-005
+3.042500e+004	   +2.166883e-005
+3.042600e+004	   +2.090109e-005
+3.042700e+004	   +1.939016e-005
+3.042800e+004	   +1.912153e-005
+3.042900e+004	   +1.838194e-005
+3.043000e+004	   +1.866646e-005
+3.043100e+004	   +2.092081e-005
+3.043200e+004	   +2.177238e-005
+3.043300e+004	   +2.240235e-005
+3.043400e+004	   +2.432349e-005
+3.043500e+004	   +2.350109e-005
+3.043600e+004	   +2.046244e-005
+3.043700e+004	   +2.056652e-005
+3.043800e+004	   +2.201219e-005
+3.043900e+004	   +2.257006e-005
+3.044000e+004	   +2.330552e-005
+3.044100e+004	   +2.339471e-005
+3.044200e+004	   +2.243283e-005
+3.044300e+004	   +2.197155e-005
+3.044400e+004	   +2.402534e-005
+3.044500e+004	   +2.431057e-005
+3.044600e+004	   +2.302943e-005
+3.044700e+004	   +2.445554e-005
+3.044800e+004	   +2.472669e-005
+3.044900e+004	   +2.200922e-005
+3.045000e+004	   +2.169845e-005
+3.045100e+004	   +2.172173e-005
+3.045200e+004	   +2.075471e-005
+3.045300e+004	   +2.127228e-005
+3.045400e+004	   +2.291185e-005
+3.045500e+004	   +2.246970e-005
+3.045600e+004	   +2.232677e-005
+3.045700e+004	   +2.572015e-005
+3.045800e+004	   +2.764515e-005
+3.045900e+004	   +2.550010e-005
+3.046000e+004	   +2.390622e-005
+3.046100e+004	   +2.254052e-005
+3.046200e+004	   +2.197411e-005
+3.046300e+004	   +2.298894e-005
+3.046400e+004	   +2.540938e-005
+3.046500e+004	   +2.514417e-005
+3.046600e+004	   +1.986537e-005
+3.046700e+004	   +1.943507e-005
+3.046800e+004	   +2.112579e-005
+3.046900e+004	   +2.162894e-005
+3.047000e+004	   +2.013158e-005
+3.047100e+004	   +2.240083e-005
+3.047200e+004	   +2.497063e-005
+3.047300e+004	   +2.526369e-005
+3.047400e+004	   +2.324993e-005
+3.047500e+004	   +2.289764e-005
+3.047600e+004	   +2.466961e-005
+3.047700e+004	   +2.653491e-005
+3.047800e+004	   +2.485179e-005
+3.047900e+004	   +2.260312e-005
+3.048000e+004	   +2.188969e-005
+3.048100e+004	   +2.264063e-005
+3.048200e+004	   +2.397793e-005
+3.048300e+004	   +2.384142e-005
+3.048400e+004	   +2.131699e-005
+3.048500e+004	   +2.297692e-005
+3.048600e+004	   +2.527626e-005
+3.048700e+004	   +2.339443e-005
+3.048800e+004	   +2.176408e-005
+3.048900e+004	   +2.069778e-005
+3.049000e+004	   +2.196297e-005
+3.049100e+004	   +2.304876e-005
+3.049200e+004	   +2.275984e-005
+3.049300e+004	   +2.361913e-005
+3.049400e+004	   +2.494210e-005
+3.049500e+004	   +2.509241e-005
+3.049600e+004	   +2.476201e-005
+3.049700e+004	   +2.588819e-005
+3.049800e+004	   +2.388277e-005
+3.049900e+004	   +2.257420e-005
+3.050000e+004	   +2.459907e-005
+3.050100e+004	   +2.422272e-005
+3.050200e+004	   +2.481018e-005
+3.050300e+004	   +2.694840e-005
+3.050400e+004	   +2.704785e-005
+3.050500e+004	   +2.603665e-005
+3.050600e+004	   +2.553153e-005
+3.050700e+004	   +2.367019e-005
+3.050800e+004	   +2.167019e-005
+3.050900e+004	   +2.119807e-005
+3.051000e+004	   +2.064072e-005
+3.051100e+004	   +2.068767e-005
+3.051200e+004	   +2.216058e-005
+3.051300e+004	   +2.407224e-005
+3.051400e+004	   +2.372512e-005
+3.051500e+004	   +2.199260e-005
+3.051600e+004	   +2.335588e-005
+3.051700e+004	   +2.405879e-005
+3.051800e+004	   +2.223843e-005
+3.051900e+004	   +2.370267e-005
+3.052000e+004	   +2.468701e-005
+3.052100e+004	   +2.252372e-005
+3.052200e+004	   +2.117497e-005
+3.052300e+004	   +2.047732e-005
+3.052400e+004	   +2.112210e-005
+3.052500e+004	   +2.193306e-005
+3.052600e+004	   +2.032699e-005
+3.052700e+004	   +1.972453e-005
+3.052800e+004	   +2.174405e-005
+3.052900e+004	   +2.413226e-005
+3.053000e+004	   +2.296885e-005
+3.053100e+004	   +2.283849e-005
+3.053200e+004	   +2.299608e-005
+3.053300e+004	   +2.100208e-005
+3.053400e+004	   +2.105206e-005
+3.053500e+004	   +2.431583e-005
+3.053600e+004	   +2.389389e-005
+3.053700e+004	   +2.118376e-005
+3.053800e+004	   +2.223740e-005
+3.053900e+004	   +2.208390e-005
+3.054000e+004	   +2.167511e-005
+3.054100e+004	   +2.388382e-005
+3.054200e+004	   +2.414434e-005
+3.054300e+004	   +2.388188e-005
+3.054400e+004	   +2.530336e-005
+3.054500e+004	   +2.664743e-005
+3.054600e+004	   +2.831968e-005
+3.054700e+004	   +2.549388e-005
+3.054800e+004	   +2.039408e-005
+3.054900e+004	   +2.206816e-005
+3.055000e+004	   +2.338470e-005
+3.055100e+004	   +2.266179e-005
+3.055200e+004	   +2.278066e-005
+3.055300e+004	   +2.164474e-005
+3.055400e+004	   +2.199917e-005
+3.055500e+004	   +2.266177e-005
+3.055600e+004	   +2.178048e-005
+3.055700e+004	   +2.294692e-005
+3.055800e+004	   +2.341365e-005
+3.055900e+004	   +2.260910e-005
+3.056000e+004	   +2.350104e-005
+3.056100e+004	   +2.295489e-005
+3.056200e+004	   +2.455676e-005
+3.056300e+004	   +2.707512e-005
+3.056400e+004	   +2.668010e-005
+3.056500e+004	   +2.463534e-005
+3.056600e+004	   +2.404611e-005
+3.056700e+004	   +2.553873e-005
+3.056800e+004	   +2.713137e-005
+3.056900e+004	   +2.798942e-005
+3.057000e+004	   +2.696219e-005
+3.057100e+004	   +2.382392e-005
+3.057200e+004	   +2.307334e-005
+3.057300e+004	   +2.290997e-005
+3.057400e+004	   +2.101075e-005
+3.057500e+004	   +1.897637e-005
+3.057600e+004	   +1.974690e-005
+3.057700e+004	   +2.130540e-005
+3.057800e+004	   +2.274025e-005
+3.057900e+004	   +2.446316e-005
+3.058000e+004	   +2.602358e-005
+3.058100e+004	   +2.535773e-005
+3.058200e+004	   +2.538874e-005
+3.058300e+004	   +2.492877e-005
+3.058400e+004	   +2.409339e-005
+3.058500e+004	   +2.263041e-005
+3.058600e+004	   +1.995403e-005
+3.058700e+004	   +1.913376e-005
+3.058800e+004	   +2.064399e-005
+3.058900e+004	   +2.305516e-005
+3.059000e+004	   +2.511788e-005
+3.059100e+004	   +2.520512e-005
+3.059200e+004	   +2.479365e-005
+3.059300e+004	   +2.535888e-005
+3.059400e+004	   +2.460701e-005
+3.059500e+004	   +2.289058e-005
+3.059600e+004	   +2.231386e-005
+3.059700e+004	   +2.406505e-005
+3.059800e+004	   +2.383302e-005
+3.059900e+004	   +2.256793e-005
+3.060000e+004	   +2.311366e-005
