+1.000000e+003	   -1.200262e+002
+1.002265e+003	   -1.177252e+002
+1.004535e+003	   -1.179248e+002
+1.006810e+003	   -1.222600e+002
+1.009091e+003	   -1.180853e+002
+1.011376e+003	   -1.207957e+002
+1.013667e+003	   -1.192656e+002
+1.015963e+003	   -1.205404e+002
+1.018264e+003	   -1.212518e+002
+1.020570e+003	   -1.179972e+002
+1.022882e+003	   -1.200990e+002
+1.025199e+003	   -1.191672e+002
+1.027521e+003	   -1.198952e+002
+1.029848e+003	   -1.219067e+002
+1.032181e+003	   -1.223410e+002
+1.034519e+003	   -1.189098e+002
+1.036862e+003	   -1.239339e+002
+1.039210e+003	   -1.166895e+002
+1.041564e+003	   -1.173353e+002
+1.043923e+003	   -1.218996e+002
+1.046287e+003	   -1.208674e+002
+1.048657e+003	   -1.209493e+002
+1.051032e+003	   -1.215433e+002
+1.053413e+003	   -1.177011e+002
+1.055799e+003	   -1.209849e+002
+1.058190e+003	   -1.199397e+002
+1.060587e+003	   -1.220408e+002
+1.062989e+003	   -1.166066e+002
+1.065397e+003	   -1.208121e+002
+1.067810e+003	   -1.191346e+002
+1.070229e+003	   -1.186238e+002
+1.072653e+003	   -1.183873e+002
+1.075082e+003	   -1.205379e+002
+1.077517e+003	   -1.191044e+002
+1.079958e+003	   -1.166824e+002
+1.082404e+003	   -1.207815e+002
+1.084855e+003	   -1.179789e+002
+1.087313e+003	   -1.200660e+002
+1.089775e+003	   -1.107187e+002
+1.092244e+003	   -1.216863e+002
+1.094718e+003	   -1.285492e+002
+1.097197e+003	   -1.164437e+002
+1.099682e+003	   -1.224372e+002
+1.102173e+003	   -1.176442e+002
+1.104669e+003	   -1.183162e+002
+1.107171e+003	   -1.181880e+002
+1.109679e+003	   -1.166927e+002
+1.112192e+003	   -1.226393e+002
+1.114711e+003	   -1.174713e+002
+1.117236e+003	   -1.166331e+002
+1.119767e+003	   -1.181303e+002
+1.122303e+003	   -1.216950e+002
+1.124845e+003	   -1.196367e+002
+1.127393e+003	   -1.188946e+002
+1.129946e+003	   -1.169796e+002
+1.132505e+003	   -1.232298e+002
+1.135071e+003	   -1.206804e+002
+1.137641e+003	   -1.184707e+002
+1.140218e+003	   -1.192762e+002
+1.142801e+003	   -1.238092e+002
+1.145389e+003	   -1.217188e+002
+1.147983e+003	   -1.177362e+002
+1.150584e+003	   -1.190651e+002
+1.153190e+003	   -1.178565e+002
+1.155802e+003	   -1.221301e+002
+1.158419e+003	   -1.195814e+002
+1.161043e+003	   -1.214400e+002
+1.163673e+003	   -1.227274e+002
+1.166309e+003	   -1.171771e+002
+1.168950e+003	   -1.234635e+002
+1.171598e+003	   -1.197667e+002
+1.174252e+003	   -1.233660e+002
+1.176911e+003	   -1.259965e+002
+1.179577e+003	   -1.137111e+002
+1.182249e+003	   -1.187476e+002
+1.184926e+003	   -1.200400e+002
+1.187610e+003	   -1.182288e+002
+1.190300e+003	   -1.182496e+002
+1.192996e+003	   -1.200049e+002
+1.195698e+003	   -1.199093e+002
+1.198406e+003	   -1.106427e+002
+1.201121e+003	   -1.197244e+002
+1.203841e+003	   -1.184538e+002
+1.206568e+003	   -1.224979e+002
+1.209301e+003	   -1.137285e+002
+1.212040e+003	   -1.192029e+002
+1.214785e+003	   -1.189585e+002
+1.217536e+003	   -1.159293e+002
+1.220294e+003	   -1.164286e+002
+1.223058e+003	   -1.184029e+002
+1.225828e+003	   -1.185038e+002
+1.228605e+003	   -1.187682e+002
+1.231387e+003	   -1.156854e+002
+1.234177e+003	   -1.208522e+002
+1.236972e+003	   -1.176004e+002
+1.239774e+003	   -1.154465e+002
+1.242582e+003	   -1.181247e+002
+1.245396e+003	   -1.167521e+002
+1.248217e+003	   -1.164154e+002
+1.251044e+003	   -1.173253e+002
+1.253878e+003	   -1.185305e+002
+1.256718e+003	   -1.166687e+002
+1.259564e+003	   -1.266293e+002
+1.262417e+003	   -1.164216e+002
+1.265276e+003	   -1.196658e+002
+1.268142e+003	   -1.222158e+002
+1.271014e+003	   -1.238345e+002
+1.273893e+003	   -1.184167e+002
+1.276778e+003	   -1.210460e+002
+1.279670e+003	   -1.166809e+002
+1.282569e+003	   -1.105713e+002
+1.285474e+003	   -1.195594e+002
+1.288385e+003	   -1.182602e+002
+1.291303e+003	   -1.251184e+002
+1.294228e+003	   -1.173215e+002
+1.297160e+003	   -1.192381e+002
+1.300098e+003	   -1.200976e+002
+1.303042e+003	   -1.197589e+002
+1.305994e+003	   -1.178685e+002
+1.308952e+003	   -1.195366e+002
+1.311916e+003	   -1.192831e+002
+1.314888e+003	   -1.175165e+002
+1.317866e+003	   -1.140797e+002
+1.320851e+003	   -1.187749e+002
+1.323843e+003	   -1.133165e+002
+1.326841e+003	   -1.150920e+002
+1.329846e+003	   -1.207298e+002
+1.332858e+003	   -1.124351e+002
+1.335877e+003	   -1.130647e+002
+1.338903e+003	   -1.213564e+002
+1.341936e+003	   -1.156662e+002
+1.344975e+003	   -1.160017e+002
+1.348021e+003	   -1.233976e+002
+1.351075e+003	   -1.185623e+002
+1.354135e+003	   -1.206595e+002
+1.357202e+003	   -1.188341e+002
+1.360276e+003	   -1.146911e+002
+1.363357e+003	   -1.173341e+002
+1.366445e+003	   -1.151831e+002
+1.369540e+003	   -1.246293e+002
+1.372642e+003	   -1.231385e+002
+1.375751e+003	   -1.235833e+002
+1.378867e+003	   -1.175223e+002
+1.381990e+003	   -1.171652e+002
+1.385120e+003	   -1.141064e+002
+1.388257e+003	   -1.253196e+002
+1.391402e+003	   -1.179501e+002
+1.394553e+003	   -1.175363e+002
+1.397712e+003	   -1.169107e+002
+1.400877e+003	   -1.190815e+002
+1.404050e+003	   -1.153815e+002
+1.407230e+003	   -1.160598e+002
+1.410418e+003	   -1.159036e+002
+1.413612e+003	   -1.162476e+002
+1.416814e+003	   -1.138459e+002
+1.420023e+003	   -1.210945e+002
+1.423240e+003	   -1.186638e+002
+1.426463e+003	   -1.187365e+002
+1.429694e+003	   -1.197690e+002
+1.432932e+003	   -1.168838e+002
+1.436178e+003	   -1.192356e+002
+1.439431e+003	   -1.209976e+002
+1.442691e+003	   -1.210946e+002
+1.445959e+003	   -1.190643e+002
+1.449234e+003	   -1.184751e+002
+1.452516e+003	   -1.194839e+002
+1.455806e+003	   -1.177914e+002
+1.459103e+003	   -1.171255e+002
+1.462408e+003	   -1.220847e+002
+1.465721e+003	   -1.201871e+002
+1.469040e+003	   -1.207436e+002
+1.472368e+003	   -1.179396e+002
+1.475703e+003	   -1.176511e+002
+1.479045e+003	   -1.192026e+002
+1.482395e+003	   -1.208613e+002
+1.485753e+003	   -1.159584e+002
+1.489118e+003	   -1.165866e+002
+1.492490e+003	   -1.173883e+002
+1.495871e+003	   -1.175289e+002
+1.499259e+003	   -1.185212e+002
+1.502655e+003	   -1.176747e+002
+1.506058e+003	   -1.193066e+002
+1.509469e+003	   -1.189546e+002
+1.512888e+003	   -1.207753e+002
+1.516315e+003	   -1.192628e+002
+1.519749e+003	   -1.172450e+002
+1.523192e+003	   -1.185145e+002
+1.526642e+003	   -1.188860e+002
+1.530099e+003	   -1.196770e+002
+1.533565e+003	   -1.237780e+002
+1.537038e+003	   -1.180391e+002
+1.540520e+003	   -1.194649e+002
+1.544009e+003	   -1.173188e+002
+1.547506e+003	   -1.189166e+002
+1.551011e+003	   -1.188170e+002
+1.554524e+003	   -1.167600e+002
+1.558045e+003	   -1.226294e+002
+1.561574e+003	   -1.199063e+002
+1.565111e+003	   -1.203282e+002
+1.568656e+003	   -1.178854e+002
+1.572209e+003	   -1.199062e+002
+1.575770e+003	   -1.223964e+002
+1.579339e+003	   -1.167376e+002
+1.582916e+003	   -1.197644e+002
+1.586501e+003	   -1.200465e+002
+1.590095e+003	   -1.177741e+002
+1.593696e+003	   -1.196820e+002
+1.597306e+003	   -1.193929e+002
+1.600924e+003	   -1.188597e+002
+1.604550e+003	   -1.208739e+002
+1.608184e+003	   -1.189840e+002
+1.611827e+003	   -1.192784e+002
+1.615477e+003	   -1.180389e+002
+1.619136e+003	   -1.181577e+002
+1.622804e+003	   -1.203423e+002
+1.626479e+003	   -1.182880e+002
+1.630163e+003	   -1.168305e+002
+1.633855e+003	   -1.187654e+002
+1.637556e+003	   -1.178790e+002
+1.641265e+003	   -1.208190e+002
+1.644983e+003	   -1.193939e+002
+1.648708e+003	   -1.184139e+002
+1.652443e+003	   -1.197809e+002
+1.656185e+003	   -1.191548e+002
+1.659937e+003	   -1.190168e+002
+1.663696e+003	   -1.209586e+002
+1.667464e+003	   -1.177161e+002
+1.671241e+003	   -1.186642e+002
+1.675027e+003	   -1.182120e+002
+1.678820e+003	   -1.202210e+002
+1.682623e+003	   -1.197427e+002
+1.686434e+003	   -1.197849e+002
+1.690254e+003	   -1.189786e+002
+1.694082e+003	   -1.180158e+002
+1.697919e+003	   -1.174477e+002
+1.701765e+003	   -1.198593e+002
+1.705619e+003	   -1.194470e+002
+1.709483e+003	   -1.198381e+002
+1.713354e+003	   -1.202968e+002
+1.717235e+003	   -1.198808e+002
+1.721125e+003	   -1.210285e+002
+1.725023e+003	   -1.207483e+002
+1.728930e+003	   -1.194142e+002
+1.732846e+003	   -1.206958e+002
+1.736771e+003	   -1.199281e+002
+1.740705e+003	   -1.208797e+002
+1.744647e+003	   -1.181215e+002
+1.748599e+003	   -1.200374e+002
+1.752559e+003	   -1.188119e+002
+1.756529e+003	   -1.185723e+002
+1.760507e+003	   -1.188573e+002
+1.764495e+003	   -1.192034e+002
+1.768491e+003	   -1.190574e+002
+1.772497e+003	   -1.196115e+002
+1.776511e+003	   -1.194296e+002
+1.780535e+003	   -1.205432e+002
+1.784568e+003	   -1.206572e+002
+1.788610e+003	   -1.191721e+002
+1.792661e+003	   -1.198099e+002
+1.796722e+003	   -1.194786e+002
+1.800791e+003	   -1.199267e+002
+1.804870e+003	   -1.201874e+002
+1.808958e+003	   -1.205715e+002
+1.813055e+003	   -1.203802e+002
+1.817162e+003	   -1.199382e+002
+1.821277e+003	   -1.225229e+002
+1.825402e+003	   -1.211501e+002
+1.829537e+003	   -1.188854e+002
+1.833681e+003	   -1.192088e+002
+1.837834e+003	   -1.202741e+002
+1.841997e+003	   -1.189573e+002
+1.846169e+003	   -1.185262e+002
+1.850350e+003	   -1.200002e+002
+1.854541e+003	   -1.205871e+002
+1.858742e+003	   -1.197098e+002
+1.862952e+003	   -1.201758e+002
+1.867171e+003	   -1.194026e+002
+1.871400e+003	   -1.186483e+002
+1.875639e+003	   -1.211329e+002
+1.879887e+003	   -1.205299e+002
+1.884145e+003	   -1.207035e+002
+1.888413e+003	   -1.204710e+002
+1.892690e+003	   -1.192753e+002
+1.896977e+003	   -1.208425e+002
+1.901273e+003	   -1.217734e+002
+1.905580e+003	   -1.195924e+002
+1.909896e+003	   -1.210564e+002
+1.914222e+003	   -1.202439e+002
+1.918557e+003	   -1.210894e+002
+1.922903e+003	   -1.221467e+002
+1.927258e+003	   -1.216364e+002
+1.931623e+003	   -1.217118e+002
+1.935998e+003	   -1.203659e+002
+1.940383e+003	   -1.198378e+002
+1.944778e+003	   -1.205945e+002
+1.949183e+003	   -1.211330e+002
+1.953598e+003	   -1.211820e+002
+1.958023e+003	   -1.216974e+002
+1.962458e+003	   -1.227072e+002
+1.966902e+003	   -1.211910e+002
+1.971358e+003	   -1.219383e+002
+1.975823e+003	   -1.228060e+002
+1.980298e+003	   -1.208010e+002
+1.984783e+003	   -1.207609e+002
+1.989279e+003	   -1.198018e+002
+1.993784e+003	   -1.194016e+002
+1.998300e+003	   -1.195644e+002
+2.002826e+003	   -1.206694e+002
+2.007362e+003	   -1.210997e+002
+2.011909e+003	   -1.225617e+002
+2.016466e+003	   -1.246840e+002
+2.021033e+003	   -1.204762e+002
+2.025611e+003	   -1.231075e+002
+2.030199e+003	   -1.213266e+002
+2.034797e+003	   -1.221564e+002
+2.039406e+003	   -1.223022e+002
+2.044025e+003	   -1.211587e+002
+2.048655e+003	   -1.228489e+002
+2.053295e+003	   -1.221914e+002
+2.057946e+003	   -1.227645e+002
+2.062607e+003	   -1.215967e+002
+2.067278e+003	   -1.221319e+002
+2.071961e+003	   -1.219817e+002
+2.076654e+003	   -1.230281e+002
+2.081357e+003	   -1.224073e+002
+2.086072e+003	   -1.225943e+002
+2.090796e+003	   -1.218625e+002
+2.095532e+003	   -1.224982e+002
+2.100278e+003	   -1.235350e+002
+2.105035e+003	   -1.228702e+002
+2.109803e+003	   -1.223322e+002
+2.114582e+003	   -1.234398e+002
+2.119371e+003	   -1.225597e+002
+2.124172e+003	   -1.214841e+002
+2.128983e+003	   -1.231769e+002
+2.133805e+003	   -1.236555e+002
+2.138638e+003	   -1.232456e+002
+2.143482e+003	   -1.231499e+002
+2.148337e+003	   -1.233509e+002
+2.153203e+003	   -1.224027e+002
+2.158080e+003	   -1.243151e+002
+2.162968e+003	   -1.239537e+002
+2.167866e+003	   -1.238377e+002
+2.172777e+003	   -1.227320e+002
+2.177698e+003	   -1.228023e+002
+2.182630e+003	   -1.228866e+002
+2.187574e+003	   -1.236276e+002
+2.192529e+003	   -1.241151e+002
+2.197495e+003	   -1.245339e+002
+2.202472e+003	   -1.246524e+002
+2.207460e+003	   -1.241215e+002
+2.212460e+003	   -1.251073e+002
+2.217471e+003	   -1.235994e+002
+2.222494e+003	   -1.235218e+002
+2.227528e+003	   -1.244683e+002
+2.232573e+003	   -1.246343e+002
+2.237630e+003	   -1.248314e+002
+2.242698e+003	   -1.249929e+002
+2.247778e+003	   -1.256044e+002
+2.252869e+003	   -1.250026e+002
+2.257972e+003	   -1.254567e+002
+2.263086e+003	   -1.266737e+002
+2.268212e+003	   -1.253615e+002
+2.273349e+003	   -1.243995e+002
+2.278498e+003	   -1.252590e+002
+2.283659e+003	   -1.250605e+002
+2.288831e+003	   -1.254571e+002
+2.294015e+003	   -1.257740e+002
+2.299211e+003	   -1.257070e+002
+2.304419e+003	   -1.259868e+002
+2.309638e+003	   -1.250555e+002
+2.314870e+003	   -1.261378e+002
+2.320113e+003	   -1.261638e+002
+2.325368e+003	   -1.261273e+002
+2.330635e+003	   -1.264951e+002
+2.335913e+003	   -1.263805e+002
+2.341204e+003	   -1.268296e+002
+2.346507e+003	   -1.267640e+002
+2.351822e+003	   -1.267395e+002
+2.357148e+003	   -1.271363e+002
+2.362487e+003	   -1.269668e+002
+2.367838e+003	   -1.269567e+002
+2.373201e+003	   -1.272363e+002
+2.378577e+003	   -1.280361e+002
+2.383964e+003	   -1.275973e+002
+2.389364e+003	   -1.279482e+002
+2.394775e+003	   -1.283617e+002
+2.400199e+003	   -1.272405e+002
+2.405636e+003	   -1.276313e+002
+2.411085e+003	   -1.281436e+002
+2.416546e+003	   -1.282399e+002
+2.422019e+003	   -1.284465e+002
+2.427505e+003	   -1.271647e+002
+2.433003e+003	   -1.293591e+002
+2.438514e+003	   -1.296207e+002
+2.444037e+003	   -1.297696e+002
+2.449573e+003	   -1.292393e+002
+2.455121e+003	   -1.298272e+002
+2.460682e+003	   -1.293272e+002
+2.466255e+003	   -1.287627e+002
+2.471841e+003	   -1.295725e+002
+2.477439e+003	   -1.290224e+002
+2.483051e+003	   -1.308747e+002
+2.488675e+003	   -1.298020e+002
+2.494312e+003	   -1.295724e+002
+2.499961e+003	   -1.292957e+002
+2.505624e+003	   -1.303728e+002
+2.511299e+003	   -1.306925e+002
+2.516987e+003	   -1.306767e+002
+2.522688e+003	   -1.312355e+002
+2.528401e+003	   -1.310723e+002
+2.534128e+003	   -1.316067e+002
+2.539868e+003	   -1.316095e+002
+2.545621e+003	   -1.307531e+002
+2.551386e+003	   -1.312571e+002
+2.557165e+003	   -1.311532e+002
+2.562957e+003	   -1.322486e+002
+2.568762e+003	   -1.311879e+002
+2.574580e+003	   -1.318089e+002
+2.580412e+003	   -1.327363e+002
+2.586256e+003	   -1.320445e+002
+2.592114e+003	   -1.331827e+002
+2.597985e+003	   -1.332552e+002
+2.603869e+003	   -1.322785e+002
+2.609767e+003	   -1.339356e+002
+2.615678e+003	   -1.330352e+002
+2.621603e+003	   -1.322493e+002
+2.627541e+003	   -1.341621e+002
+2.633492e+003	   -1.344679e+002
+2.639457e+003	   -1.332644e+002
+2.645435e+003	   -1.340523e+002
+2.651427e+003	   -1.352834e+002
+2.657432e+003	   -1.345884e+002
+2.663451e+003	   -1.344687e+002
+2.669484e+003	   -1.342648e+002
+2.675530e+003	   -1.338280e+002
+2.681590e+003	   -1.347493e+002
+2.687664e+003	   -1.344964e+002
+2.693751e+003	   -1.357467e+002
+2.699852e+003	   -1.343470e+002
+2.705968e+003	   -1.359180e+002
+2.712096e+003	   -1.365786e+002
+2.718239e+003	   -1.353566e+002
+2.724396e+003	   -1.367294e+002
+2.730567e+003	   -1.371701e+002
+2.736751e+003	   -1.372261e+002
+2.742950e+003	   -1.366050e+002
+2.749163e+003	   -1.370899e+002
+2.755389e+003	   -1.380294e+002
+2.761630e+003	   -1.369210e+002
+2.767885e+003	   -1.379414e+002
+2.774155e+003	   -1.376818e+002
+2.780438e+003	   -1.369985e+002
+2.786735e+003	   -1.389501e+002
+2.793047e+003	   -1.380043e+002
+2.799374e+003	   -1.377537e+002
+2.805714e+003	   -1.388106e+002
+2.812069e+003	   -1.386904e+002
+2.818438e+003	   -1.400252e+002
+2.824822e+003	   -1.388728e+002
+2.831220e+003	   -1.368930e+002
+2.837633e+003	   -1.401930e+002
+2.844060e+003	   -1.386949e+002
+2.850501e+003	   -1.399631e+002
+2.856958e+003	   -1.401183e+002
+2.863428e+003	   -1.395012e+002
+2.869914e+003	   -1.409094e+002
+2.876414e+003	   -1.395720e+002
+2.882929e+003	   -1.416942e+002
+2.889459e+003	   -1.412665e+002
+2.896004e+003	   -1.421465e+002
+2.902563e+003	   -1.407710e+002
+2.909137e+003	   -1.410651e+002
+2.915726e+003	   -1.412485e+002
+2.922330e+003	   -1.410825e+002
+2.928949e+003	   -1.431842e+002
+2.935583e+003	   -1.422273e+002
+2.942232e+003	   -1.425897e+002
+2.948896e+003	   -1.426591e+002
+2.955576e+003	   -1.437078e+002
+2.962270e+003	   -1.434236e+002
+2.968979e+003	   -1.444015e+002
+2.975704e+003	   -1.431083e+002
+2.982444e+003	   -1.436068e+002
+2.989199e+003	   -1.422769e+002
+2.995969e+003	   -1.444090e+002
+3.002755e+003	   -1.422599e+002
+3.009556e+003	   -1.456307e+002
+3.016373e+003	   -1.450454e+002
+3.023205e+003	   -1.454007e+002
+3.030052e+003	   -1.459216e+002
+3.036915e+003	   -1.460780e+002
+3.043794e+003	   -1.455467e+002
+3.050688e+003	   -1.483044e+002
+3.057598e+003	   -1.481046e+002
+3.064523e+003	   -1.473333e+002
+3.071464e+003	   -1.479293e+002
+3.078421e+003	   -1.456701e+002
+3.085393e+003	   -1.469103e+002
+3.092382e+003	   -1.469091e+002
+3.099386e+003	   -1.463633e+002
+3.106406e+003	   -1.489312e+002
+3.113442e+003	   -1.449270e+002
+3.120494e+003	   -1.464050e+002
+3.127562e+003	   -1.486087e+002
+3.134645e+003	   -1.487699e+002
+3.141745e+003	   -1.563080e+002
+3.148861e+003	   -1.536143e+002
+3.155993e+003	   -1.511070e+002
+3.163141e+003	   -1.514261e+002
+3.170306e+003	   -1.530713e+002
+3.177487e+003	   -1.558116e+002
+3.184683e+003	   -1.524536e+002
+3.191897e+003	   -1.495551e+002
+3.199126e+003	   -1.512034e+002
+3.206372e+003	   -1.538258e+002
+3.213635e+003	   -1.535942e+002
+3.220913e+003	   -1.492295e+002
+3.228208e+003	   -1.561914e+002
+3.235520e+003	   -1.515283e+002
+3.242849e+003	   -1.526365e+002
+3.250194e+003	   -1.487605e+002
+3.257555e+003	   -1.543519e+002
+3.264933e+003	   -1.513229e+002
+3.272328e+003	   -1.526188e+002
+3.279740e+003	   -1.554762e+002
+3.287169e+003	   -1.536796e+002
+3.294614e+003	   -1.528710e+002
+3.302076e+003	   -1.541024e+002
+3.309555e+003	   -1.534060e+002
+3.317051e+003	   -1.558620e+002
+3.324564e+003	   -1.541627e+002
+3.332094e+003	   -1.546907e+002
+3.339641e+003	   -1.551550e+002
+3.347206e+003	   -1.562070e+002
+3.354787e+003	   -1.576871e+002
+3.362385e+003	   -1.572589e+002
+3.370001e+003	   -1.576549e+002
+3.377634e+003	   -1.581567e+002
+3.385284e+003	   -1.588065e+002
+3.392952e+003	   -1.584553e+002
+3.400637e+003	   -1.599942e+002
+3.408339e+003	   -1.598015e+002
+3.416059e+003	   -1.607601e+002
+3.423796e+003	   -1.596317e+002
+3.431551e+003	   -1.596915e+002
+3.439323e+003	   -1.606816e+002
+3.447113e+003	   -1.613717e+002
+3.454921e+003	   -1.623430e+002
+3.462746e+003	   -1.626828e+002
+3.470589e+003	   -1.626549e+002
+3.478450e+003	   -1.620511e+002
+3.486329e+003	   -1.616131e+002
+3.494225e+003	   -1.624089e+002
+3.502139e+003	   -1.639502e+002
+3.510072e+003	   -1.644115e+002
+3.518022e+003	   -1.650765e+002
+3.525990e+003	   -1.650052e+002
+3.533976e+003	   -1.637527e+002
+3.541980e+003	   -1.641502e+002
+3.550003e+003	   -1.655787e+002
+3.558044e+003	   -1.647900e+002
+3.566103e+003	   -1.647266e+002
+3.574180e+003	   -1.656311e+002
+3.582275e+003	   -1.681564e+002
+3.590389e+003	   -1.647535e+002
+3.598521e+003	   -1.674523e+002
+3.606671e+003	   -1.674754e+002
+3.614841e+003	   -1.666189e+002
+3.623028e+003	   -1.690589e+002
+3.631234e+003	   -1.690815e+002
+3.639459e+003	   -1.689547e+002
+3.647702e+003	   -1.684822e+002
+3.655964e+003	   -1.695907e+002
+3.664244e+003	   -1.690489e+002
+3.672544e+003	   -1.693166e+002
+3.680862e+003	   -1.709879e+002
+3.689199e+003	   -1.694868e+002
+3.697555e+003	   -1.712427e+002
+3.705930e+003	   -1.733631e+002
+3.714324e+003	   -1.733360e+002
+3.722737e+003	   -1.709264e+002
+3.731168e+003	   -1.720557e+002
+3.739619e+003	   -1.727222e+002
+3.748090e+003	   -1.731625e+002
+3.756579e+003	   -1.729557e+002
+3.765087e+003	   -1.735494e+002
+3.773615e+003	   -1.738489e+002
+3.782162e+003	   -1.739816e+002
+3.790729e+003	   -1.740402e+002
+3.799315e+003	   -1.744134e+002
+3.807920e+003	   -1.761545e+002
+3.816545e+003	   -1.757241e+002
+3.825189e+003	   -1.765876e+002
+3.833853e+003	   -1.765046e+002
+3.842537e+003	   -1.773598e+002
+3.851240e+003	   -1.776688e+002
+3.859963e+003	   -1.781296e+002
+3.868706e+003	   -1.781540e+002
+3.877468e+003	   -1.784021e+002
+3.886250e+003	   -1.784092e+002
+3.895053e+003	   -1.785896e+002
+3.903875e+003	   -1.794565e+002
+3.912717e+003	   -1.799166e+002
+3.921579e+003	   +1.796479e+002
+3.930461e+003	   -1.793736e+002
+3.939364e+003	   +1.791734e+002
+3.948286e+003	   +1.791110e+002
+3.957229e+003	   +1.789798e+002
+3.966192e+003	   +1.784978e+002
+3.975175e+003	   +1.783354e+002
+3.984179e+003	   +1.774992e+002
+3.993203e+003	   +1.767251e+002
+4.002248e+003	   +1.770519e+002
+4.011313e+003	   +1.766814e+002
+4.020398e+003	   +1.760446e+002
+4.029504e+003	   +1.759279e+002
+4.038631e+003	   +1.749941e+002
+4.047778e+003	   +1.754242e+002
+4.056946e+003	   +1.748032e+002
+4.066135e+003	   +1.748874e+002
+4.075345e+003	   +1.737951e+002
+4.084575e+003	   +1.732225e+002
+4.093827e+003	   +1.735185e+002
+4.103099e+003	   +1.730207e+002
+4.112393e+003	   +1.731144e+002
+4.121707e+003	   +1.722900e+002
+4.131042e+003	   +1.723945e+002
+4.140399e+003	   +1.710935e+002
+4.149777e+003	   +1.712628e+002
+4.159176e+003	   +1.703501e+002
+4.168597e+003	   +1.704327e+002
+4.178039e+003	   +1.698226e+002
+4.187501e+003	   +1.698283e+002
+4.196986e+003	   +1.690608e+002
+4.206492e+003	   +1.693292e+002
+4.216020e+003	   +1.687391e+002
+4.225569e+003	   +1.683832e+002
+4.235140e+003	   +1.678923e+002
+4.244732e+003	   +1.679442e+002
+4.254346e+003	   +1.676773e+002
+4.263982e+003	   +1.673423e+002
+4.273640e+003	   +1.660783e+002
+4.283320e+003	   +1.665912e+002
+4.293021e+003	   +1.660686e+002
+4.302745e+003	   +1.654961e+002
+4.312490e+003	   +1.651961e+002
+4.322258e+003	   +1.647285e+002
+4.332048e+003	   +1.645045e+002
+4.341860e+003	   +1.642626e+002
+4.351694e+003	   +1.642891e+002
+4.361550e+003	   +1.637498e+002
+4.371429e+003	   +1.627359e+002
+4.381331e+003	   +1.633862e+002
+4.391254e+003	   +1.628062e+002
+4.401200e+003	   +1.622719e+002
+4.411168e+003	   +1.622372e+002
+4.421160e+003	   +1.613961e+002
+4.431173e+003	   +1.611440e+002
+4.441210e+003	   +1.606654e+002
+4.451269e+003	   +1.603873e+002
+4.461351e+003	   +1.602673e+002
+4.471456e+003	   +1.598099e+002
+4.481583e+003	   +1.594487e+002
+4.491734e+003	   +1.599985e+002
+4.501908e+003	   +1.596588e+002
+4.512104e+003	   +1.587552e+002
+4.522324e+003	   +1.583917e+002
+4.532567e+003	   +1.578558e+002
+4.542833e+003	   +1.574222e+002
+4.553123e+003	   +1.575688e+002
+4.563436e+003	   +1.569360e+002
+4.573771e+003	   +1.567637e+002
+4.584131e+003	   +1.563931e+002
+4.594514e+003	   +1.558274e+002
+4.604920e+003	   +1.556477e+002
+4.615351e+003	   +1.555663e+002
+4.625804e+003	   +1.549881e+002
+4.636281e+003	   +1.547904e+002
+4.646782e+003	   +1.538628e+002
+4.657307e+003	   +1.536989e+002
+4.667856e+003	   +1.537472e+002
+4.678428e+003	   +1.528029e+002
+4.689025e+003	   +1.527653e+002
+4.699646e+003	   +1.523413e+002
+4.710290e+003	   +1.519900e+002
+4.720958e+003	   +1.516021e+002
+4.731651e+003	   +1.514029e+002
+4.742369e+003	   +1.509344e+002
+4.753110e+003	   +1.506446e+002
+4.763875e+003	   +1.506583e+002
+4.774666e+003	   +1.503500e+002
+4.785480e+003	   +1.501206e+002
+4.796319e+003	   +1.495687e+002
+4.807183e+003	   +1.494395e+002
+4.818070e+003	   +1.490257e+002
+4.828983e+003	   +1.487882e+002
+4.839921e+003	   +1.482618e+002
+4.850883e+003	   +1.480881e+002
+4.861870e+003	   +1.477356e+002
+4.872882e+003	   +1.473648e+002
+4.883919e+003	   +1.470116e+002
+4.894981e+003	   +1.469541e+002
+4.906068e+003	   +1.464146e+002
+4.917180e+003	   +1.459203e+002
+4.928317e+003	   +1.457553e+002
+4.939480e+003	   +1.457220e+002
+4.950667e+003	   +1.452528e+002
+4.961881e+003	   +1.449644e+002
+4.973119e+003	   +1.447011e+002
+4.984383e+003	   +1.442547e+002
+4.995673e+003	   +1.439135e+002
+5.006988e+003	   +1.436631e+002
+5.018329e+003	   +1.430740e+002
+5.029695e+003	   +1.430628e+002
+5.041087e+003	   +1.426262e+002
+5.052505e+003	   +1.423797e+002
+5.063949e+003	   +1.420541e+002
+5.075418e+003	   +1.418990e+002
+5.086914e+003	   +1.415239e+002
+5.098436e+003	   +1.411222e+002
+5.109983e+003	   +1.405422e+002
+5.121557e+003	   +1.402563e+002
+5.133158e+003	   +1.404170e+002
+5.144784e+003	   +1.396909e+002
+5.156437e+003	   +1.391341e+002
+5.168116e+003	   +1.388584e+002
+5.179821e+003	   +1.382502e+002
+5.191554e+003	   +1.379793e+002
+5.203313e+003	   +1.376927e+002
+5.215098e+003	   +1.370912e+002
+5.226910e+003	   +1.371205e+002
+5.238749e+003	   +1.366812e+002
+5.250614e+003	   +1.361354e+002
+5.262507e+003	   +1.357088e+002
+5.274426e+003	   +1.355545e+002
+5.286373e+003	   +1.352047e+002
+5.298346e+003	   +1.348238e+002
+5.310347e+003	   +1.344702e+002
+5.322374e+003	   +1.338691e+002
+5.334429e+003	   +1.337180e+002
+5.346512e+003	   +1.332220e+002
+5.358621e+003	   +1.330750e+002
+5.370758e+003	   +1.325231e+002
+5.382923e+003	   +1.320705e+002
+5.395115e+003	   +1.315163e+002
+5.407335e+003	   +1.313826e+002
+5.419583e+003	   +1.309265e+002
+5.431857e+003	   +1.305023e+002
+5.444161e+003	   +1.300607e+002
+5.456491e+003	   +1.296568e+002
+5.468850e+003	   +1.293797e+002
+5.481237e+003	   +1.290417e+002
+5.493652e+003	   +1.288326e+002
+5.506095e+003	   +1.284194e+002
+5.518566e+003	   +1.281177e+002
+5.531065e+003	   +1.278818e+002
+5.543593e+003	   +1.274255e+002
+5.556149e+003	   +1.270302e+002
+5.568733e+003	   +1.267166e+002
+5.581347e+003	   +1.261892e+002
+5.593988e+003	   +1.258386e+002
+5.606658e+003	   +1.253684e+002
+5.619357e+003	   +1.249479e+002
+5.632085e+003	   +1.246155e+002
+5.644841e+003	   +1.242042e+002
+5.657627e+003	   +1.237375e+002
+5.670441e+003	   +1.232038e+002
+5.683285e+003	   +1.228006e+002
+5.696157e+003	   +1.222861e+002
+5.709059e+003	   +1.218071e+002
+5.721989e+003	   +1.214164e+002
+5.734950e+003	   +1.209022e+002
+5.747939e+003	   +1.204943e+002
+5.760958e+003	   +1.202071e+002
+5.774006e+003	   +1.194602e+002
+5.787084e+003	   +1.189020e+002
+5.800192e+003	   +1.183946e+002
+5.813329e+003	   +1.178667e+002
+5.826496e+003	   +1.173090e+002
+5.839693e+003	   +1.166869e+002
+5.852919e+003	   +1.162243e+002
+5.866176e+003	   +1.158161e+002
+5.879463e+003	   +1.152627e+002
+5.892780e+003	   +1.148074e+002
+5.906127e+003	   +1.141152e+002
+5.919504e+003	   +1.135439e+002
+5.932912e+003	   +1.128889e+002
+5.946350e+003	   +1.123732e+002
+5.959818e+003	   +1.116554e+002
+5.973316e+003	   +1.110957e+002
+5.986846e+003	   +1.103800e+002
+6.000406e+003	   +1.095924e+002
+6.013997e+003	   +1.090200e+002
+6.027618e+003	   +1.084022e+002
+6.041271e+003	   +1.076721e+002
+6.054954e+003	   +1.069765e+002
+6.068668e+003	   +1.063904e+002
+6.082414e+003	   +1.056025e+002
+6.096190e+003	   +1.049020e+002
+6.109998e+003	   +1.041166e+002
+6.123836e+003	   +1.034571e+002
+6.137707e+003	   +1.027077e+002
+6.151608e+003	   +1.019099e+002
+6.165542e+003	   +1.010398e+002
+6.179506e+003	   +1.003636e+002
+6.193503e+003	   +9.958469e+001
+6.207531e+003	   +9.868394e+001
+6.221591e+003	   +9.789030e+001
+6.235683e+003	   +9.701798e+001
+6.249806e+003	   +9.608861e+001
+6.263962e+003	   +9.513037e+001
+6.278149e+003	   +9.416000e+001
+6.292369e+003	   +9.329753e+001
+6.306622e+003	   +9.166956e+001
+6.320906e+003	   +9.145525e+001
+6.335222e+003	   +9.046474e+001
+6.349571e+003	   +8.954133e+001
+6.363953e+003	   +8.853737e+001
+6.378367e+003	   +8.755762e+001
+6.392814e+003	   +8.670421e+001
+6.407293e+003	   +8.556546e+001
+6.421806e+003	   +8.456641e+001
+6.436351e+003	   +8.374772e+001
+6.450929e+003	   +8.269997e+001
+6.465540e+003	   +8.160152e+001
+6.480185e+003	   +8.047589e+001
+6.494862e+003	   +7.939104e+001
+6.509573e+003	   +7.814552e+001
+6.524316e+003	   +7.700378e+001
+6.539094e+003	   +7.600606e+001
+6.553905e+003	   +7.481003e+001
+6.568749e+003	   +7.364933e+001
+6.583627e+003	   +7.235872e+001
+6.598539e+003	   +7.126214e+001
+6.613484e+003	   +7.006374e+001
+6.628464e+003	   +6.877950e+001
+6.643477e+003	   +6.761194e+001
+6.658524e+003	   +6.663448e+001
+6.673605e+003	   +6.521868e+001
+6.688721e+003	   +6.398821e+001
+6.703871e+003	   +6.278850e+001
+6.719055e+003	   +6.154885e+001
+6.734273e+003	   +6.040551e+001
+6.749526e+003	   +5.921238e+001
+6.764814e+003	   +5.806247e+001
+6.780136e+003	   +5.684977e+001
+6.795493e+003	   +5.559313e+001
+6.810884e+003	   +5.436188e+001
+6.826311e+003	   +5.310275e+001
+6.841772e+003	   +5.191555e+001
+6.857269e+003	   +5.073148e+001
+6.872800e+003	   +4.948603e+001
+6.888367e+003	   +4.836950e+001
+6.903969e+003	   +4.724921e+001
+6.919606e+003	   +4.600921e+001
+6.935279e+003	   +4.490120e+001
+6.950987e+003	   +4.378904e+001
+6.966730e+003	   +4.262597e+001
+6.982510e+003	   +4.154560e+001
+6.998325e+003	   +4.043884e+001
+7.014176e+003	   +3.935065e+001
+7.030063e+003	   +3.827763e+001
+7.045986e+003	   +3.719480e+001
+7.061945e+003	   +3.618341e+001
+7.077940e+003	   +3.514127e+001
+7.093971e+003	   +3.405710e+001
+7.110039e+003	   +3.306752e+001
+7.126143e+003	   +3.223590e+001
+7.142283e+003	   +3.127098e+001
+7.158460e+003	   +3.029307e+001
+7.174674e+003	   +2.944602e+001
+7.190924e+003	   +2.861908e+001
+7.207212e+003	   +2.776817e+001
+7.223536e+003	   +2.685199e+001
+7.239897e+003	   +2.600067e+001
+7.256295e+003	   +2.506166e+001
+7.272730e+003	   +2.437856e+001
+7.289203e+003	   +2.354463e+001
+7.305713e+003	   +2.279757e+001
+7.322260e+003	   +2.193384e+001
+7.338845e+003	   +2.144773e+001
+7.355467e+003	   +2.071290e+001
+7.372127e+003	   +2.001530e+001
+7.388824e+003	   +1.940958e+001
+7.405560e+003	   +1.881334e+001
+7.422333e+003	   +1.798618e+001
+7.439145e+003	   +1.731310e+001
+7.455994e+003	   +1.637235e+001
+7.472882e+003	   +1.583924e+001
+7.489808e+003	   +1.498168e+001
+7.506771e+003	   +1.411579e+001
+7.523774e+003	   +1.344967e+001
+7.540815e+003	   +1.269551e+001
+7.557895e+003	   +1.182993e+001
+7.575014e+003	   +1.110128e+001
+7.592171e+003	   +1.057308e+001
+7.609367e+003	   +9.748136e+000
+7.626602e+003	   +9.085261e+000
+7.643875e+003	   +8.531873e+000
+7.661189e+003	   +7.900656e+000
+7.678541e+003	   +7.423252e+000
+7.695933e+003	   +6.641581e+000
+7.713364e+003	   +6.100781e+000
+7.730834e+003	   +5.695172e+000
+7.748345e+003	   +5.149732e+000
+7.765895e+003	   +4.635178e+000
+7.783484e+003	   +4.166561e+000
+7.801113e+003	   +3.484981e+000
+7.818782e+003	   +2.968375e+000
+7.836492e+003	   +2.481911e+000
+7.854241e+003	   +1.408948e+000
+7.872031e+003	   +1.393654e+000
+7.889861e+003	   +1.203956e+000
+7.907731e+003	   +8.600746e-001
+7.925642e+003	   +2.488721e-001
+7.943593e+003	   -2.555532e-001
+7.961585e+003	   -4.755689e-001
+7.979618e+003	   -1.149559e+000
+7.997691e+003	   -1.696167e+000
+8.015806e+003	   -1.552503e+000
+8.033961e+003	   -2.143776e+000
+8.052158e+003	   -2.517348e+000
+8.070396e+003	   -2.756410e+000
+8.088675e+003	   -3.123700e+000
+8.106996e+003	   -3.560170e+000
+8.125358e+003	   -3.876665e+000
+8.143762e+003	   -4.326448e+000
+8.162207e+003	   -4.525335e+000
+8.180694e+003	   -4.855780e+000
+8.199224e+003	   -5.023742e+000
+8.217794e+003	   -5.279655e+000
+8.236407e+003	   -5.561860e+000
+8.255063e+003	   -5.900489e+000
+8.273760e+003	   -6.168533e+000
+8.292500e+003	   -6.613915e+000
+8.311282e+003	   -6.872202e+000
+8.330106e+003	   -6.786142e+000
+8.348975e+003	   -6.912543e+000
+8.367885e+003	   -7.366143e+000
+8.386837e+003	   -7.680688e+000
+8.405833e+003	   -7.835793e+000
+8.424872e+003	   -7.850228e+000
+8.443954e+003	   -8.068672e+000
+8.463080e+003	   -8.140767e+000
+8.482248e+003	   -8.028031e+000
+8.501460e+003	   -8.227494e+000
+8.520716e+003	   -8.293096e+000
+8.540015e+003	   -8.720528e+000
+8.559357e+003	   -8.920566e+000
+8.578744e+003	   -8.422663e+000
+8.598175e+003	   -8.451578e+000
+8.617649e+003	   -8.077443e+000
+8.637168e+003	   -7.982658e+000
+8.656731e+003	   -7.729821e+000
+8.676339e+003	   -7.479289e+000
+8.695990e+003	   -7.126505e+000
+8.715687e+003	   -6.713685e+000
+8.735427e+003	   -6.494727e+000
+8.755213e+003	   -5.855088e+000
+8.775043e+003	   -5.774616e+000
+8.794918e+003	   -5.915631e+000
+8.814838e+003	   -6.573555e+000
+8.834804e+003	   -6.460246e+000
+8.854814e+003	   -7.573915e+000
+8.874870e+003	   -7.627097e+000
+8.894972e+003	   -8.461062e+000
+8.915118e+003	   -9.324000e+000
+8.935311e+003	   -9.939199e+000
+8.955549e+003	   -1.014925e+001
+8.975833e+003	   -1.051804e+001
+8.996163e+003	   -1.076947e+001
+9.016539e+003	   -1.150053e+001
+9.036961e+003	   -1.153262e+001
+9.057430e+003	   -1.208132e+001
+9.077944e+003	   -1.259951e+001
+9.098506e+003	   -1.263483e+001
+9.119113e+003	   -1.260507e+001
+9.139768e+003	   -1.303643e+001
+9.160470e+003	   -1.327637e+001
+9.181218e+003	   -1.337749e+001
+9.202013e+003	   -1.330593e+001
+9.222854e+003	   -1.333513e+001
+9.243744e+003	   -1.334068e+001
+9.264682e+003	   -1.343412e+001
+9.285665e+003	   -1.313279e+001
+9.306697e+003	   -1.331519e+001
+9.327776e+003	   -1.305031e+001
+9.348903e+003	   -1.290211e+001
+9.370078e+003	   -1.265799e+001
+9.391302e+003	   -1.261227e+001
+9.412572e+003	   -1.215264e+001
+9.433892e+003	   -1.183292e+001
+9.455259e+003	   -1.091856e+001
+9.476675e+003	   -1.057579e+001
+9.498140e+003	   -9.965550e+000
+9.519652e+003	   -9.209843e+000
+9.541214e+003	   -8.661788e+000
+9.562825e+003	   -7.772509e+000
+9.584484e+003	   -7.108353e+000
+9.606192e+003	   -7.685703e+000
+9.627950e+003	   -7.409973e+000
+9.649758e+003	   -6.485354e+000
+9.671614e+003	   -6.338351e+000
+9.693520e+003	   -7.597062e+000
+9.715476e+003	   -7.079705e+000
+9.737480e+003	   -5.997637e+000
+9.759536e+003	   -5.717003e+000
+9.781641e+003	   -5.572797e+000
+9.803796e+003	   -5.903110e+000
+9.826001e+003	   -4.727592e+000
+9.848257e+003	   -4.250961e+000
+9.870563e+003	   -3.888953e+000
+9.892919e+003	   -2.850089e+000
+9.915326e+003	   -2.116651e+000
+9.937784e+003	   -8.930296e-001
+9.960293e+003	   -3.025153e-001
+9.982853e+003	   +1.092001e+000
+1.000546e+004	   +3.705345e+000
+1.002813e+004	   +5.852635e+000
+1.005084e+004	   +8.607085e+000
+1.007360e+004	   +1.031771e+001
+1.009642e+004	   +1.407530e+001
+1.011929e+004	   +1.675781e+001
+1.014221e+004	   +1.829310e+001
+1.016518e+004	   +1.985376e+001
+1.018820e+004	   +2.052948e+001
+1.021128e+004	   +2.098707e+001
+1.023441e+004	   +2.058822e+001
+1.025759e+004	   +1.965846e+001
+1.028082e+004	   +1.891172e+001
+1.030411e+004	   +1.808455e+001
+1.032745e+004	   +1.762625e+001
+1.035084e+004	   +1.786753e+001
+1.037428e+004	   +1.704862e+001
+1.039778e+004	   +1.699242e+001
+1.042133e+004	   +1.745869e+001
+1.044493e+004	   +1.805021e+001
+1.046859e+004	   +1.878300e+001
+1.049230e+004	   +1.828126e+001
+1.051607e+004	   +1.758869e+001
+1.053989e+004	   +1.675013e+001
+1.056376e+004	   +1.421160e+001
+1.058768e+004	   +1.115937e+001
+1.061167e+004	   +7.193275e+000
+1.063570e+004	   +4.035844e+000
+1.065979e+004	   +1.329147e-001
+1.068393e+004	   -3.663380e+000
+1.070813e+004	   -6.749547e+000
+1.073239e+004	   -9.051515e+000
+1.075670e+004	   -1.113316e+001
+1.078106e+004	   -1.268194e+001
+1.080548e+004	   -1.415798e+001
+1.082995e+004	   -1.490630e+001
+1.085448e+004	   -1.516815e+001
+1.087907e+004	   -1.513034e+001
+1.090371e+004	   -1.473910e+001
+1.092840e+004	   -1.438271e+001
+1.095316e+004	   -1.379687e+001
+1.097796e+004	   -1.241985e+001
+1.100283e+004	   -1.104475e+001
+1.102775e+004	   -8.838460e+000
+1.105273e+004	   -7.324567e+000
+1.107776e+004	   -4.948326e+000
+1.110285e+004	   -2.560514e+000
+1.112800e+004	   +1.547504e-001
+1.115321e+004	   +3.432382e+000
+1.117847e+004	   +6.584511e+000
+1.120379e+004	   +1.028042e+001
+1.122916e+004	   +1.365145e+001
+1.125460e+004	   +1.649009e+001
+1.128009e+004	   +1.869214e+001
+1.130564e+004	   +2.127564e+001
+1.133124e+004	   +2.204907e+001
+1.135691e+004	   +2.296586e+001
+1.138263e+004	   +2.281694e+001
+1.140841e+004	   +2.215546e+001
+1.143425e+004	   +2.055702e+001
+1.146015e+004	   +1.868266e+001
+1.148611e+004	   +1.599616e+001
+1.151212e+004	   +1.310142e+001
+1.153820e+004	   +9.840363e+000
+1.156433e+004	   +6.670547e+000
+1.159052e+004	   +2.987658e+000
+1.161678e+004	   -4.342940e-001
+1.164309e+004	   -3.966070e+000
+1.166946e+004	   -6.965323e+000
+1.169589e+004	   -1.011442e+001
+1.172238e+004	   -1.256562e+001
+1.174893e+004	   -1.522755e+001
+1.177554e+004	   -1.740034e+001
+1.180221e+004	   -1.960611e+001
+1.182895e+004	   -2.163926e+001
+1.185574e+004	   -2.328340e+001
+1.188259e+004	   -2.457493e+001
+1.190950e+004	   -2.599809e+001
+1.193648e+004	   -2.739463e+001
+1.196351e+004	   -2.855988e+001
+1.199061e+004	   -2.982828e+001
+1.201777e+004	   -3.059212e+001
+1.204499e+004	   -3.154020e+001
+1.207227e+004	   -3.250026e+001
+1.209961e+004	   -3.377725e+001
+1.212702e+004	   -3.462740e+001
+1.215449e+004	   -3.541725e+001
+1.218202e+004	   -3.634942e+001
+1.220961e+004	   -3.707178e+001
+1.223726e+004	   -3.727527e+001
+1.226498e+004	   -3.753022e+001
+1.229276e+004	   -3.753573e+001
+1.232060e+004	   -3.792552e+001
+1.234851e+004	   -3.791285e+001
+1.237648e+004	   -3.775383e+001
+1.240451e+004	   -3.773252e+001
+1.243261e+004	   -3.739021e+001
+1.246076e+004	   -3.777059e+001
+1.248899e+004	   -3.773602e+001
+1.251728e+004	   -3.808336e+001
+1.254563e+004	   -3.837111e+001
+1.257404e+004	   -3.772681e+001
+1.260252e+004	   -3.826286e+001
+1.263107e+004	   -3.840591e+001
+1.265967e+004	   -3.843516e+001
+1.268835e+004	   -3.866371e+001
+1.271709e+004	   -3.937828e+001
+1.274589e+004	   -3.980601e+001
+1.277476e+004	   -3.899171e+001
+1.280369e+004	   -3.938061e+001
+1.283269e+004	   -3.872559e+001
+1.286176e+004	   -3.910220e+001
+1.289089e+004	   -3.989692e+001
+1.292009e+004	   -3.990965e+001
+1.294935e+004	   -3.978851e+001
+1.297868e+004	   -4.032870e+001
+1.300808e+004	   -4.017203e+001
+1.303754e+004	   -4.049620e+001
+1.306707e+004	   -4.064155e+001
+1.309667e+004	   -3.975473e+001
+1.312633e+004	   -4.016733e+001
+1.315606e+004	   -3.966703e+001
+1.318586e+004	   -3.985577e+001
+1.321573e+004	   -3.943010e+001
+1.324566e+004	   -3.913871e+001
+1.327566e+004	   -3.844041e+001
+1.330573e+004	   -3.856275e+001
+1.333587e+004	   -3.934535e+001
+1.336607e+004	   -3.809609e+001
+1.339635e+004	   -3.886346e+001
+1.342669e+004	   -3.852438e+001
+1.345710e+004	   -3.853602e+001
+1.348758e+004	   -3.881219e+001
+1.351813e+004	   -3.787406e+001
+1.354875e+004	   -3.822191e+001
+1.357943e+004	   -3.828920e+001
+1.361019e+004	   -3.815196e+001
+1.364102e+004	   -3.708568e+001
+1.367191e+004	   -3.735042e+001
+1.370288e+004	   -3.669120e+001
+1.373392e+004	   -3.575507e+001
+1.376502e+004	   -3.553860e+001
+1.379620e+004	   -3.484194e+001
+1.382745e+004	   -3.483669e+001
+1.385877e+004	   -3.474955e+001
+1.389016e+004	   -3.456839e+001
+1.392162e+004	   -3.400890e+001
+1.395315e+004	   -3.445057e+001
+1.398475e+004	   -3.427806e+001
+1.401643e+004	   -3.332198e+001
+1.404817e+004	   -3.335937e+001
+1.407999e+004	   -3.328698e+001
+1.411188e+004	   -3.342068e+001
+1.414385e+004	   -3.267635e+001
+1.417588e+004	   -3.295616e+001
+1.420799e+004	   -3.264046e+001
+1.424017e+004	   -3.222460e+001
+1.427242e+004	   -3.277911e+001
+1.430475e+004	   -3.190408e+001
+1.433715e+004	   -3.208445e+001
+1.436963e+004	   -3.149779e+001
+1.440217e+004	   -3.289040e+001
+1.443479e+004	   -3.341934e+001
+1.446749e+004	   -3.150748e+001
+1.450025e+004	   -3.114749e+001
+1.453310e+004	   -2.966063e+001
+1.456601e+004	   -2.785405e+001
+1.459901e+004	   -2.482165e+001
+1.463207e+004	   -2.624829e+001
+1.466521e+004	   -2.519131e+001
+1.469843e+004	   -2.646831e+001
+1.473172e+004	   -2.736694e+001
+1.476509e+004	   -2.846040e+001
+1.479853e+004	   -2.572484e+001
+1.483205e+004	   -1.989893e+001
+1.486564e+004	   -8.337948e+000
+1.489931e+004	   -5.618450e-001
+1.493306e+004	   +7.336244e+000
+1.496688e+004	   +1.562968e+001
+1.500078e+004	   +1.822710e+001
+1.503476e+004	   +2.153539e+001
+1.506881e+004	   +2.308385e+001
+1.510294e+004	   +2.246155e+001
+1.513715e+004	   +2.437942e+001
+1.517143e+004	   +2.279634e+001
+1.520580e+004	   +2.276028e+001
+1.524024e+004	   +2.043349e+001
+1.527476e+004	   +1.800599e+001
+1.530935e+004	   +1.308934e+001
+1.534403e+004	   +9.539183e+000
+1.537878e+004	   +5.996292e+000
+1.541362e+004	   +3.890715e+000
+1.544853e+004	   +4.551851e+000
+1.548352e+004	   +6.171223e+000
+1.551859e+004	   +7.278607e+000
+1.555374e+004	   +7.871788e+000
+1.558896e+004	   +9.046443e+000
+1.562427e+004	   +8.691346e+000
+1.565966e+004	   +9.462781e+000
+1.569513e+004	   +1.039074e+001
+1.573068e+004	   +1.219667e+001
+1.576631e+004	   +1.460760e+001
+1.580202e+004	   +1.786637e+001
+1.583781e+004	   +2.311401e+001
+1.587368e+004	   +2.725633e+001
+1.590964e+004	   +3.029242e+001
+1.594567e+004	   +3.223819e+001
+1.598179e+004	   +3.209098e+001
+1.601799e+004	   +3.029033e+001
+1.605427e+004	   +2.749765e+001
+1.609063e+004	   +2.386862e+001
+1.612707e+004	   +1.935486e+001
+1.616360e+004	   +1.496323e+001
+1.620021e+004	   +1.083896e+001
+1.623690e+004	   +1.262734e+001
+1.627368e+004	   +1.489561e+001
+1.631054e+004	   +9.734578e+000
+1.634748e+004	   +2.129250e+000
+1.638451e+004	   -5.685754e+000
+1.642162e+004	   -1.249370e+001
+1.645881e+004	   -1.810356e+001
+1.649609e+004	   -2.217400e+001
+1.653346e+004	   -2.431239e+001
+1.657090e+004	   -2.598820e+001
+1.660844e+004	   -2.902116e+001
+1.664605e+004	   -3.187554e+001
+1.668376e+004	   -3.459865e+001
+1.672154e+004	   -3.660200e+001
+1.675942e+004	   -3.714943e+001
+1.679738e+004	   -3.606331e+001
+1.683542e+004	   -2.927737e+001
+1.687355e+004	   -2.685283e+001
+1.691177e+004	   -3.062189e+001
+1.695008e+004	   -2.802161e+001
+1.698847e+004	   -2.179157e+001
+1.702695e+004	   -1.373542e+001
+1.706551e+004	   -3.534976e+000
+1.710417e+004	   +6.989353e+000
+1.714291e+004	   +1.387218e+001
+1.718173e+004	   +1.762486e+001
+1.722065e+004	   +1.855414e+001
+1.725965e+004	   +1.637914e+001
+1.729875e+004	   +1.209185e+001
+1.733793e+004	   +5.982225e+000
+1.737720e+004	   -1.773592e+000
+1.741656e+004	   -1.028906e+001
+1.745600e+004	   -1.894365e+001
+1.749554e+004	   -2.655013e+001
+1.753517e+004	   -3.254591e+001
+1.757488e+004	   -3.720504e+001
+1.761469e+004	   -4.023968e+001
+1.765459e+004	   -4.187079e+001
+1.769458e+004	   -4.075266e+001
+1.773465e+004	   -3.922153e+001
+1.777482e+004	   -3.900170e+001
+1.781508e+004	   -3.831268e+001
+1.785543e+004	   -3.823611e+001
+1.789587e+004	   -3.919361e+001
+1.793641e+004	   -4.155551e+001
+1.797703e+004	   -4.439555e+001
+1.801775e+004	   -4.733491e+001
+1.805856e+004	   -5.001066e+001
+1.809946e+004	   -5.323207e+001
+1.814046e+004	   -5.528730e+001
+1.818154e+004	   -5.738292e+001
+1.822272e+004	   -5.908715e+001
+1.826400e+004	   -6.074372e+001
+1.830537e+004	   -6.212351e+001
+1.834683e+004	   -6.292540e+001
+1.838838e+004	   -6.383149e+001
+1.843003e+004	   -6.487479e+001
+1.847178e+004	   -6.535406e+001
+1.851361e+004	   -6.644960e+001
+1.855554e+004	   -6.691115e+001
+1.859757e+004	   -6.781136e+001
+1.863970e+004	   -6.825692e+001
+1.868191e+004	   -6.918133e+001
+1.872423e+004	   -6.954404e+001
+1.876664e+004	   -6.984763e+001
+1.880914e+004	   -6.984956e+001
+1.885175e+004	   -7.043879e+001
+1.889445e+004	   -7.063642e+001
+1.893724e+004	   -7.054098e+001
+1.898013e+004	   -7.083234e+001
+1.902312e+004	   -7.036930e+001
+1.906621e+004	   -7.010709e+001
+1.910939e+004	   -7.101476e+001
+1.915268e+004	   -7.149445e+001
+1.919605e+004	   -7.202613e+001
+1.923953e+004	   -7.161757e+001
+1.928311e+004	   -7.273312e+001
+1.932679e+004	   -7.286604e+001
+1.937056e+004	   -7.240704e+001
+1.941444e+004	   -7.236264e+001
+1.945841e+004	   -7.251265e+001
+1.950248e+004	   -7.259264e+001
+1.954665e+004	   -7.211836e+001
+1.959093e+004	   -7.322311e+001
+1.963530e+004	   -7.264037e+001
+1.967977e+004	   -7.251303e+001
+1.972435e+004	   -7.243678e+001
+1.976902e+004	   -7.174294e+001
+1.981380e+004	   -7.178934e+001
+1.985868e+004	   -7.048080e+001
+1.990365e+004	   -7.014005e+001
+1.994873e+004	   -7.004733e+001
+1.999392e+004	   -6.950872e+001
+2.003921e+004	   -6.923728e+001
+2.008459e+004	   -7.048252e+001
+2.013008e+004	   -7.066389e+001
+2.017568e+004	   -7.259624e+001
+2.022138e+004	   -7.320012e+001
+2.026718e+004	   -7.648301e+001
+2.031308e+004	   -7.815804e+001
+2.035909e+004	   -8.001741e+001
+2.040520e+004	   -8.121599e+001
+2.045142e+004	   -8.165236e+001
+2.049774e+004	   -8.280227e+001
+2.054417e+004	   -8.307321e+001
+2.059070e+004	   -8.275943e+001
+2.063734e+004	   -8.268292e+001
+2.068408e+004	   -8.416319e+001
+2.073093e+004	   -8.434754e+001
+2.077788e+004	   -8.387997e+001
+2.082494e+004	   -8.404646e+001
+2.087211e+004	   -8.425619e+001
+2.091939e+004	   -8.424424e+001
+2.096677e+004	   -8.454601e+001
+2.101426e+004	   -8.419354e+001
+2.106185e+004	   -8.491513e+001
+2.110956e+004	   -8.427453e+001
+2.115737e+004	   -8.613136e+001
+2.120529e+004	   -8.442692e+001
+2.125332e+004	   -8.800474e+001
+2.130146e+004	   -8.739194e+001
+2.134971e+004	   -8.672535e+001
+2.139806e+004	   -8.624964e+001
+2.144653e+004	   -8.604083e+001
+2.149511e+004	   -8.727364e+001
+2.154379e+004	   -8.477179e+001
+2.159259e+004	   -8.571204e+001
+2.164149e+004	   -8.714053e+001
+2.169051e+004	   -8.680052e+001
+2.173964e+004	   -8.727429e+001
+2.178888e+004	   -8.611566e+001
+2.183823e+004	   -8.595343e+001
+2.188769e+004	   -8.585926e+001
+2.193727e+004	   -8.655771e+001
+2.198696e+004	   -8.644993e+001
+2.203675e+004	   -8.698120e+001
+2.208667e+004	   -8.761846e+001
+2.213669e+004	   -8.986040e+001
+2.218683e+004	   -9.122401e+001
+2.223708e+004	   -9.382426e+001
+2.228745e+004	   -9.415428e+001
+2.233793e+004	   -9.484335e+001
+2.238853e+004	   -9.523883e+001
+2.243923e+004	   -9.520232e+001
+2.249006e+004	   -9.544027e+001
+2.254100e+004	   -9.568118e+001
+2.259205e+004	   -9.652645e+001
+2.264322e+004	   -9.716968e+001
+2.269451e+004	   -9.891130e+001
+2.274591e+004	   -1.007362e+002
+2.279743e+004	   -1.023420e+002
+2.284907e+004	   -1.037335e+002
+2.290082e+004	   -1.064571e+002
+2.295269e+004	   -1.091696e+002
+2.300468e+004	   -1.100196e+002
+2.305678e+004	   -1.111977e+002
+2.310900e+004	   -1.106403e+002
+2.316134e+004	   -1.118199e+002
+2.321380e+004	   -1.125506e+002
+2.326638e+004	   -1.116050e+002
+2.331908e+004	   -1.110241e+002
+2.337190e+004	   -1.047092e+002
+2.342483e+004	   -1.006060e+002
+2.347789e+004	   -9.602988e+001
+2.353107e+004	   -9.411846e+001
+2.358436e+004	   -8.975914e+001
+2.363778e+004	   -8.985297e+001
+2.369132e+004	   -8.515416e+001
+2.374498e+004	   -8.196730e+001
+2.379876e+004	   -7.643877e+001
+2.385267e+004	   -7.528133e+001
+2.390669e+004	   -6.846052e+001
+2.396084e+004	   -6.603996e+001
+2.401511e+004	   -6.394408e+001
+2.406950e+004	   -6.581174e+001
+2.412402e+004	   -6.683596e+001
+2.417866e+004	   -6.932668e+001
+2.423342e+004	   -7.250336e+001
+2.428831e+004	   -7.631551e+001
+2.434332e+004	   -7.906825e+001
+2.439846e+004	   -8.102055e+001
+2.445372e+004	   -8.236782e+001
+2.450911e+004	   -8.309068e+001
+2.456462e+004	   -8.346125e+001
+2.462026e+004	   -8.389140e+001
+2.467602e+004	   -8.422775e+001
+2.473191e+004	   -8.384445e+001
+2.478793e+004	   -8.609862e+001
+2.484408e+004	   -8.672485e+001
+2.490035e+004	   -8.721271e+001
+2.495675e+004	   -8.698975e+001
+2.501327e+004	   -8.716676e+001
+2.506993e+004	   -8.636114e+001
+2.512671e+004	   -8.888987e+001
+2.518362e+004	   -8.945353e+001
+2.524066e+004	   -9.006716e+001
+2.529783e+004	   -9.108601e+001
+2.535513e+004	   -9.186970e+001
+2.541256e+004	   -9.315931e+001
+2.547012e+004	   -9.325056e+001
+2.552780e+004	   -9.339433e+001
+2.558562e+004	   -9.483876e+001
+2.564357e+004	   -9.488231e+001
+2.570166e+004	   -9.700000e+001
+2.575987e+004	   -9.772257e+001
+2.581821e+004	   -9.929853e+001
+2.587669e+004	   -1.001741e+002
+2.593530e+004	   -1.007822e+002
+2.599404e+004	   -1.009351e+002
+2.605292e+004	   -1.012328e+002
+2.611193e+004	   -1.018425e+002
+2.617107e+004	   -1.022704e+002
+2.623035e+004	   -1.035545e+002
+2.628976e+004	   -1.021474e+002
+2.634931e+004	   -1.035654e+002
+2.640899e+004	   -1.048734e+002
+2.646880e+004	   -1.057000e+002
+2.652875e+004	   -1.056579e+002
+2.658884e+004	   -1.071492e+002
+2.664906e+004	   -1.042208e+002
+2.670942e+004	   -1.048338e+002
+2.676992e+004	   -1.061221e+002
+2.683055e+004	   -1.054900e+002
+2.689132e+004	   -1.038445e+002
+2.695223e+004	   -1.730279e+002
+2.701328e+004	   -1.734591e+002
+2.707446e+004	   -1.739931e+002
+2.713578e+004	   -1.735789e+002
+2.719724e+004	   -1.749560e+002
+2.725885e+004	   -1.744403e+002
+2.732059e+004	   -1.745895e+002
+2.738246e+004	   -1.743678e+002
+2.744449e+004	   -1.743698e+002
+2.750665e+004	   -1.728078e+002
+2.756895e+004	   -1.742224e+002
+2.763139e+004	   -1.555272e+002
+2.769398e+004	   -1.694363e+002
+2.775670e+004	   -1.776878e+002
+2.781957e+004	   -1.746839e+002
+2.788258e+004	   -1.725477e+002
+2.794573e+004	   -1.714340e+002
+2.800903e+004	   -1.677920e+002
+2.807247e+004	   -1.674141e+002
+2.813605e+004	   -1.701604e+002
+2.819978e+004	   -1.717957e+002
+2.826365e+004	   -1.732897e+002
+2.832767e+004	   -1.762635e+002
+2.839183e+004	   -1.775459e+002
+2.845613e+004	   -1.797198e+002
+2.852059e+004	   +1.775305e+002
+2.858519e+004	   +1.761152e+002
+2.864993e+004	   +1.752281e+002
+2.871482e+004	   +1.740777e+002
+2.877986e+004	   +1.726646e+002
+2.884504e+004	   +1.713906e+002
+2.891038e+004	   +1.725955e+002
+2.897586e+004	   +1.726641e+002
+2.904149e+004	   +1.710754e+002
+2.910727e+004	   +1.703470e+002
+2.917320e+004	   +1.699841e+002
+2.923927e+004	   +1.693619e+002
+2.930550e+004	   +1.692235e+002
+2.937187e+004	   +1.726623e+002
+2.943840e+004	   +1.708506e+002
+2.950508e+004	   +1.726483e+002
+2.957190e+004	   +1.729785e+002
+2.963888e+004	   +1.732067e+002
+2.970602e+004	   +1.726696e+002
+2.977330e+004	   +1.717380e+002
+2.984073e+004	   +1.693678e+002
+2.990832e+004	   +1.683577e+002
+2.997606e+004	   +1.683117e+002
+3.004396e+004	   +1.653515e+002
+3.011201e+004	   +1.657988e+002
+3.018021e+004	   +1.639302e+002
+3.024857e+004	   +1.634608e+002
+3.031708e+004	   +1.630887e+002
+3.038575e+004	   +1.625639e+002
+3.045457e+004	   +1.625845e+002
+3.052355e+004	   +1.622016e+002
+3.059268e+004	   +1.613348e+002
+3.066197e+004	   +1.624432e+002
+3.073142e+004	   +1.614529e+002
+3.080103e+004	   +1.614975e+002
+3.087079e+004	   +1.615398e+002
+3.094071e+004	   +1.623065e+002
+3.101079e+004	   +1.616873e+002
+3.108103e+004	   +1.618607e+002
+3.115143e+004	   +1.628796e+002
+3.122199e+004	   +1.620727e+002
+3.129270e+004	   +1.607892e+002
+3.136358e+004	   +1.617048e+002
+3.143462e+004	   +1.589220e+002
+3.150582e+004	   +1.585413e+002
+3.157718e+004	   +1.577924e+002
+3.164870e+004	   +1.560305e+002
+3.172038e+004	   +1.554918e+002
+3.179223e+004	   +1.561803e+002
+3.186423e+004	   +1.567600e+002
+3.193641e+004	   +1.552952e+002
+3.200874e+004	   +1.557663e+002
+3.208124e+004	   +1.553226e+002
+3.215390e+004	   +1.556228e+002
+3.222673e+004	   +1.540387e+002
+3.229972e+004	   +1.551985e+002
+3.237288e+004	   +1.547778e+002
+3.244621e+004	   +1.554538e+002
+3.251969e+004	   +1.571689e+002
+3.259335e+004	   +1.535075e+002
+3.266717e+004	   +1.543898e+002
+3.274116e+004	   +1.529202e+002
+3.281532e+004	   +1.528403e+002
+3.288964e+004	   +1.510895e+002
+3.296414e+004	   +1.507514e+002
+3.303880e+004	   +1.505066e+002
+3.311364e+004	   +1.484356e+002
+3.318864e+004	   +1.481169e+002
+3.326381e+004	   +1.473642e+002
+3.333915e+004	   +1.460195e+002
+3.341466e+004	   +1.456929e+002
+3.349034e+004	   +1.446295e+002
+3.356620e+004	   +1.446305e+002
+3.364223e+004	   +1.437457e+002
+3.371843e+004	   +1.427803e+002
+3.379480e+004	   +1.422520e+002
+3.387134e+004	   +1.414620e+002
+3.394806e+004	   +1.412231e+002
+3.402495e+004	   +1.400555e+002
+3.410202e+004	   +1.347509e+002
+3.417925e+004	   +1.330927e+002
+3.425667e+004	   +1.266507e+002
+3.433426e+004	   +1.294186e+002
+3.441202e+004	   +1.339722e+002
+3.448997e+004	   +1.377605e+002
+3.456809e+004	   +1.389022e+002
+3.464638e+004	   +1.402378e+002
+3.472486e+004	   +1.389653e+002
+3.480350e+004	   +1.378201e+002
+3.488234e+004	   +1.373515e+002
+3.496134e+004	   +1.394238e+002
+3.504053e+004	   +1.381206e+002
+3.511989e+004	   +1.367579e+002
+3.519944e+004	   +1.372095e+002
+3.527916e+004	   +1.358037e+002
+3.535907e+004	   +1.345128e+002
+3.543916e+004	   +1.346202e+002
+3.551943e+004	   +1.344102e+002
+3.559988e+004	   +1.343668e+002
+3.568051e+004	   +1.341397e+002
+3.576132e+004	   +1.351783e+002
+3.584232e+004	   +1.346921e+002
+3.592350e+004	   +1.364820e+002
+3.600487e+004	   +1.356217e+002
+3.608642e+004	   +1.364285e+002
+3.616816e+004	   +1.370437e+002
+3.625007e+004	   +1.381482e+002
+3.633218e+004	   +1.389258e+002
+3.641447e+004	   +1.369024e+002
+3.649695e+004	   +1.383786e+002
+3.657961e+004	   +1.388558e+002
+3.666246e+004	   +1.386561e+002
+3.674550e+004	   +1.381614e+002
+3.682873e+004	   +1.358855e+002
+3.691215e+004	   +1.356651e+002
+3.699575e+004	   +1.331138e+002
+3.707955e+004	   +1.280453e+002
+3.716353e+004	   +1.277205e+002
+3.724771e+004	   +1.251970e+002
+3.733207e+004	   +1.219764e+002
+3.741663e+004	   +1.245406e+002
+3.750138e+004	   +1.244898e+002
+3.758631e+004	   +1.232800e+002
+3.767145e+004	   +1.247456e+002
+3.775677e+004	   +1.271328e+002
+3.784229e+004	   +1.291954e+002
+3.792800e+004	   +1.281276e+002
+3.801391e+004	   +1.262475e+002
+3.810000e+004	   +1.239946e+002
+3.818630e+004	   +1.217720e+002
+3.827279e+004	   +1.205510e+002
+3.835948e+004	   +1.234491e+002
+3.844636e+004	   +1.258124e+002
+3.853344e+004	   +1.241244e+002
+3.862072e+004	   +1.280231e+002
+3.870819e+004	   +1.266105e+002
+3.879587e+004	   +1.289878e+002
+3.888374e+004	   +1.320116e+002
+3.897181e+004	   +1.311912e+002
+3.906008e+004	   +1.317754e+002
+3.914855e+004	   +1.330626e+002
+3.923722e+004	   +1.369686e+002
+3.932609e+004	   +1.408711e+002
+3.941516e+004	   +1.441725e+002
+3.950443e+004	   +1.471721e+002
+3.959391e+004	   +1.472713e+002
+3.968359e+004	   +1.450930e+002
+3.977347e+004	   +1.417352e+002
+3.986356e+004	   +1.349209e+002
+3.995385e+004	   +1.333915e+002
+4.004434e+004	   +1.340613e+002
+4.013504e+004	   +1.334587e+002
+4.022595e+004	   +1.304519e+002
+4.031706e+004	   +1.283857e+002
+4.040838e+004	   +1.275048e+002
+4.049990e+004	   +1.258442e+002
+4.059163e+004	   +1.251631e+002
+4.068357e+004	   +1.232637e+002
+4.077571e+004	   +1.219778e+002
+4.086807e+004	   +1.243278e+002
+4.096064e+004	   +1.207764e+002
+4.105341e+004	   +1.182037e+002
+4.114639e+004	   +1.194974e+002
+4.123959e+004	   +1.176722e+002
+4.133300e+004	   +1.212780e+002
+4.142661e+004	   +1.211500e+002
+4.152045e+004	   +1.179344e+002
+4.161449e+004	   +1.192723e+002
+4.170874e+004	   +1.190877e+002
+4.180321e+004	   +1.200760e+002
+4.189789e+004	   +1.199094e+002
+4.199279e+004	   +1.175562e+002
+4.208790e+004	   +1.168140e+002
+4.218323e+004	   +1.163858e+002
+4.227877e+004	   +1.172000e+002
+4.237454e+004	   +1.181494e+002
+4.247051e+004	   +1.143414e+002
+4.256671e+004	   +1.182565e+002
+4.266312e+004	   +1.189631e+002
+4.275975e+004	   +1.176839e+002
+4.285660e+004	   +1.147194e+002
+4.295367e+004	   +1.156119e+002
+4.305096e+004	   +1.131664e+002
+4.314846e+004	   +1.148048e+002
+4.324620e+004	   +1.146857e+002
+4.334415e+004	   +1.122275e+002
+4.344232e+004	   +1.117080e+002
+4.354071e+004	   +1.126897e+002
+4.363934e+004	   +1.116495e+002
+4.373818e+004	   +1.115957e+002
+4.383724e+004	   +1.085107e+002
+4.393653e+004	   +1.060328e+002
+4.403605e+004	   +1.097347e+002
+4.413579e+004	   +1.104995e+002
+4.423575e+004	   +1.088071e+002
+4.433595e+004	   +1.019708e+002
+4.443636e+004	   +1.116652e+002
+4.453701e+004	   +1.066459e+002
+4.463789e+004	   +1.074940e+002
+4.473899e+004	   +1.083403e+002
+4.484032e+004	   +1.043939e+002
+4.494189e+004	   +1.082367e+002
+4.504368e+004	   +1.113051e+002
+4.514570e+004	   +1.095872e+002
+4.524795e+004	   +1.028291e+002
+4.535044e+004	   +1.030402e+002
+4.545316e+004	   +1.066619e+002
+4.555611e+004	   +1.119684e+002
+4.565929e+004	   +1.107163e+002
+4.576271e+004	   +1.085470e+002
+4.586636e+004	   +1.050828e+002
+4.597024e+004	   +1.075198e+002
+4.607436e+004	   +1.018116e+002
+4.617872e+004	   +1.058233e+002
+4.628331e+004	   +1.058378e+002
+4.638814e+004	   +1.098501e+002
+4.649321e+004	   +1.084990e+002
+4.659852e+004	   +1.047522e+002
+4.670406e+004	   +1.055111e+002
+4.680984e+004	   +1.063073e+002
+4.691587e+004	   +1.086600e+002
+4.702213e+004	   +1.098462e+002
+4.712864e+004	   +1.089939e+002
+4.723538e+004	   +1.042192e+002
+4.734237e+004	   +1.098927e+002
+4.744959e+004	   +1.069880e+002
+4.755707e+004	   +1.074217e+002
+4.766478e+004	   +1.071694e+002
+4.777274e+004	   +1.061582e+002
+4.788095e+004	   +1.058044e+002
+4.798939e+004	   +1.079646e+002
+4.809809e+004	   +1.019084e+002
+4.820703e+004	   +1.082429e+002
+4.831622e+004	   +1.045919e+002
+4.842565e+004	   +1.057757e+002
+4.853534e+004	   +1.072791e+002
+4.864527e+004	   +1.104526e+002
+4.875545e+004	   +1.044582e+002
+4.886588e+004	   +1.063973e+002
+4.897655e+004	   +1.079496e+002
+4.908748e+004	   +1.060578e+002
+4.919867e+004	   +1.045285e+002
+4.931010e+004	   +1.007640e+002
+4.942179e+004	   +1.021266e+002
+4.953373e+004	   +9.944414e+001
+4.964592e+004	   +1.016087e+002
+4.975836e+004	   +9.623737e+001
+4.987107e+004	   +1.019702e+002
+4.998402e+004	   +9.838900e+001
+5.009723e+004	   +9.982735e+001
+5.021070e+004	   +9.633333e+001
+5.032443e+004	   +9.754604e+001
+5.043841e+004	   +9.642908e+001
+5.055265e+004	   +9.549806e+001
+5.066715e+004	   +9.610754e+001
+5.078191e+004	   +9.470744e+001
+5.089693e+004	   +9.515453e+001
+5.101221e+004	   +9.632224e+001
+5.112775e+004	   +9.117506e+001
+5.124355e+004	   +9.585184e+001
+5.135962e+004	   +9.428909e+001
+5.147595e+004	   +9.401602e+001
+5.159254e+004	   +9.268808e+001
+5.170939e+004	   +9.149649e+001
+5.182652e+004	   +9.020387e+001
+5.194390e+004	   +8.797971e+001
+5.206155e+004	   +8.340599e+001
+5.217947e+004	   +9.391263e+001
+5.229766e+004	   +8.987447e+001
+5.241611e+004	   +9.574126e+001
+5.253483e+004	   +8.099037e+001
+5.265382e+004	   +8.365646e+001
+5.277308e+004	   +8.607915e+001
+5.289261e+004	   +8.493349e+001
+5.301241e+004	   +9.107848e+001
+5.313248e+004	   +8.635514e+001
+5.325282e+004	   +8.639717e+001
+5.337344e+004	   +8.646897e+001
+5.349433e+004	   +8.022069e+001
+5.361549e+004	   +8.351630e+001
+5.373693e+004	   +7.630218e+001
+5.385864e+004	   +7.440924e+001
+5.398063e+004	   +7.718424e+001
+5.410289e+004	   +7.755340e+001
+5.422543e+004	   +7.816279e+001
+5.434825e+004	   +7.665061e+001
+5.447135e+004	   +7.375235e+001
+5.459473e+004	   +7.247740e+001
+5.471838e+004	   +7.280141e+001
+5.484232e+004	   +6.021947e+001
+5.496654e+004	   +5.380806e+001
+5.509103e+004	   +6.432697e+001
+5.521581e+004	   +7.701122e+001
+5.534087e+004	   +7.288493e+001
+5.546622e+004	   +8.349719e+001
+5.559185e+004	   +7.922975e+001
+5.571776e+004	   +7.429301e+001
+5.584396e+004	   +6.995377e+001
+5.597045e+004	   +9.224521e+001
+5.609721e+004	   +9.198540e+001
+5.622427e+004	   +7.798190e+001
+5.635162e+004	   +7.374220e+001
+5.647925e+004	   +8.159216e+001
+5.660718e+004	   +6.831938e+001
+5.673539e+004	   +7.238986e+001
+5.686390e+004	   +7.269333e+001
+5.699269e+004	   +5.890937e+001
+5.712178e+004	   +6.987972e+001
+5.725116e+004	   +6.825145e+001
+5.738083e+004	   +6.548311e+001
+5.751080e+004	   +7.439390e+001
+5.764105e+004	   +6.786823e+001
+5.777161e+004	   +5.790580e+001
+5.790246e+004	   +8.438901e+001
+5.803361e+004	   +5.684066e+001
+5.816505e+004	   +5.154539e+001
+5.829680e+004	   +5.889587e+001
+5.842884e+004	   +5.336155e+001
+5.856118e+004	   +5.830234e+001
+5.869382e+004	   +6.298922e+001
+5.882675e+004	   +6.078605e+001
+5.896000e+004	   +5.646205e+001
+5.909354e+004	   +5.672587e+001
+5.922738e+004	   +5.660877e+001
+5.936153e+004	   +5.277737e+001
+5.949598e+004	   +5.309920e+001
+5.963074e+004	   +5.844193e+001
+5.976580e+004	   +6.125430e+001
+5.990117e+004	   +6.166024e+001
+6.003684e+004	   +6.730969e+001
+6.017282e+004	   +5.609359e+001
+6.030911e+004	   +5.559068e+001
+6.044571e+004	   +5.618324e+001
+6.058262e+004	   +5.814812e+001
+6.071984e+004	   +6.090606e+001
+6.085737e+004	   +5.976956e+001
+6.099521e+004	   +6.002983e+001
+6.113336e+004	   +5.589160e+001
+6.127182e+004	   +6.152087e+001
+6.141060e+004	   +4.708522e+001
+6.154970e+004	   +4.690685e+001
+6.168911e+004	   +6.101603e+001
+6.182883e+004	   +4.430630e+001
+6.196887e+004	   +6.137429e+001
+6.210923e+004	   +3.631235e+001
+6.224990e+004	   +6.096402e+001
+6.239089e+004	   +4.212485e+001
+6.253221e+004	   +5.849488e+001
+6.267384e+004	   +5.902780e+001
+6.281580e+004	   +5.551800e+001
+6.295807e+004	   +5.919113e+001
+6.310067e+004	   +5.125634e+001
+6.324359e+004	   +5.859255e+001
+6.338684e+004	   +6.579268e+001
+6.353041e+004	   +7.127531e+001
+6.367430e+004	   +7.165334e+001
+6.381852e+004	   +5.293684e+001
+6.396307e+004	   +5.162585e+001
+6.410794e+004	   +5.914243e+001
+6.425314e+004	   +5.382803e+001
+6.439868e+004	   +4.460699e+001
+6.454454e+004	   +4.130101e+001
+6.469073e+004	   +4.415451e+001
+6.483725e+004	   +5.326270e+001
+6.498411e+004	   +5.608714e+001
+6.513129e+004	   +6.539799e+001
+6.527881e+004	   +5.405464e+001
+6.542667e+004	   +4.470585e+001
+6.557486e+004	   +4.842928e+001
+6.572338e+004	   +5.171320e+001
+6.587224e+004	   +3.880098e+001
+6.602145e+004	   +4.665421e+001
+6.617098e+004	   +5.068538e+001
+6.632085e+004	   +4.621966e+001
+6.647107e+004	   +3.645298e+001
+6.662163e+004	   +4.146302e+001
+6.677252e+004	   +3.917660e+001
+6.692376e+004	   +3.491351e+001
+6.707534e+004	   +3.708713e+001
+6.722726e+004	   +3.949105e+001
+6.737953e+004	   +3.807261e+001
+6.753214e+004	   +3.751310e+001
+6.768510e+004	   +4.060891e+001
+6.783841e+004	   +3.550108e+001
+6.799205e+004	   +3.764099e+001
+6.814605e+004	   +4.190179e+001
+6.830041e+004	   +4.061302e+001
+6.845510e+004	   +3.315026e+001
+6.861015e+004	   +3.785411e+001
+6.876555e+004	   +4.412177e+001
+6.892130e+004	   +3.602162e+001
+6.907741e+004	   +4.213934e+001
+6.923387e+004	   +3.915051e+001
+6.939068e+004	   +4.003969e+001
+6.954784e+004	   +5.418083e+001
+6.970537e+004	   +5.393174e+001
+6.986325e+004	   +5.323455e+001
+7.002149e+004	   +5.519381e+001
+7.018009e+004	   +4.752122e+001
+7.033904e+004	   +4.126927e+001
+7.049836e+004	   +4.720055e+001
+7.065803e+004	   +4.165009e+001
+7.081807e+004	   +4.114874e+001
+7.097847e+004	   +4.066722e+001
+7.113923e+004	   +2.610376e+001
+7.130037e+004	   +2.339201e+001
+7.146186e+004	   +3.655238e+001
+7.162372e+004	   +3.573552e+001
+7.178595e+004	   +3.380751e+001
+7.194853e+004	   +3.093789e+001
+7.211149e+004	   +1.858471e+001
+7.227483e+004	   +2.670251e+001
+7.243852e+004	   +2.829520e+001
+7.260259e+004	   +2.084747e+001
+7.276704e+004	   +2.466256e+001
+7.293185e+004	   +2.666419e+001
+7.309705e+004	   +2.954044e+001
+7.326261e+004	   +2.844848e+001
+7.342855e+004	   +2.894306e+001
+7.359486e+004	   +2.803865e+001
+7.376155e+004	   +2.340691e+001
+7.392862e+004	   +2.484205e+001
+7.409606e+004	   +2.147318e+001
+7.426388e+004	   +1.525309e+001
+7.443209e+004	   +7.012870e+000
+7.460068e+004	   -1.127768e+001
+7.476965e+004	   -8.724503e+001
+7.493900e+004	   -1.275156e+002
+7.510873e+004	   -1.416919e+002
+7.527885e+004	   -1.423621e+002
+7.544935e+004	   -1.460787e+002
+7.562024e+004	   -1.445353e+002
+7.579152e+004	   -1.463709e+002
+7.596319e+004	   -1.341405e+002
+7.613524e+004	   -1.600356e+002
+7.630769e+004	   -1.494516e+002
+7.648052e+004	   -1.662444e+002
+7.665375e+004	   -1.411953e+002
+7.682737e+004	   -1.309806e+002
+7.700138e+004	   -1.418552e+002
+7.717578e+004	   -1.450307e+002
+7.735059e+004	   -1.427068e+002
+7.752578e+004	   -1.263426e+002
+7.770138e+004	   -1.316979e+002
+7.787737e+004	   -1.522607e+002
+7.805376e+004	   -1.740301e+002
+7.823055e+004	   -1.643028e+002
+7.840773e+004	   -8.499067e+001
+7.858533e+004	   -6.488535e+001
+7.876332e+004	   -1.322871e+002
+7.894172e+004	   -1.273842e+002
+7.912052e+004	   -9.608565e+001
+7.929972e+004	   +8.974525e+001
+7.947934e+004	   -1.012208e+002
+7.965935e+004	   -1.717785e+002
+7.983977e+004	   +1.534587e+002
+8.002061e+004	   -3.458979e+001
+8.020186e+004	   +1.636316e+002
+8.038351e+004	   -7.453296e+001
+8.056558e+004	   -6.238832e+001
+8.074805e+004	   +6.286857e+001
+8.093095e+004	   +1.883422e+001
+8.111425e+004	   -1.297672e+002
+8.129798e+004	   -4.759705e+001
+8.148211e+004	   -1.263461e+002
+8.166666e+004	   -5.307986e+000
+8.185164e+004	   -1.060266e+002
+8.203703e+004	   -1.441270e+002
+8.222284e+004	   +1.001640e+002
+8.240907e+004	   -1.422205e+002
+8.259573e+004	   +3.480111e+001
+8.278280e+004	   +1.071891e+002
+8.297030e+004	   -1.171292e+002
+8.315823e+004	   -2.942091e+001
+8.334658e+004	   +4.241281e+001
+8.353536e+004	   -5.860366e+001
+8.372456e+004	   +3.223473e+001
+8.391420e+004	   -1.590641e+002
+8.410426e+004	   -9.729316e+001
+8.429475e+004	   +9.393996e+001
+8.448568e+004	   -1.727820e+002
+8.467704e+004	   -1.795333e+002
+8.486883e+004	   +1.740554e+002
+8.506105e+004	   -6.082929e+001
+8.525371e+004	   -1.760844e+002
+8.544681e+004	   -1.775836e+002
+8.564034e+004	   -1.341926e+002
+8.583432e+004	   -1.436671e+002
+8.602873e+004	   -8.341888e+001
+8.622358e+004	   +1.519041e+002
+8.641888e+004	   -1.004725e+002
+8.661461e+004	   -1.513144e+002
+8.681079e+004	   +1.350634e+002
+8.700741e+004	   -2.485912e+001
+8.720448e+004	   -1.863328e+001
+8.740200e+004	   +9.350579e+001
+8.759996e+004	   -1.039433e+002
+8.779838e+004	   -1.506394e+002
+8.799723e+004	   +1.225178e+002
+8.819655e+004	   -8.109956e+001
+8.839630e+004	   -1.728206e+002
+8.859652e+004	   -1.107969e+001
+8.879719e+004	   -2.756633e+001
+8.899831e+004	   -5.071257e+001
+8.919989e+004	   +1.673318e+002
+8.940193e+004	   -1.791335e+002
+8.960442e+004	   -3.696456e+001
+8.980737e+004	   -3.346349e+001
+9.001078e+004	   +3.742881e+001
+9.021466e+004	   -3.495917e+001
+9.041898e+004	   -9.851939e+001
+9.062378e+004	   -1.494057e+002
+9.082904e+004	   +1.288055e+002
+9.103477e+004	   -1.649243e+002
+9.124096e+004	   +1.489996e+002
+9.144762e+004	   -1.298121e+002
+9.165474e+004	   -8.624712e+001
+9.186234e+004	   -1.799117e+002
+9.207041e+004	   +1.527077e+002
+9.227894e+004	   -1.697967e+002
+9.248795e+004	   -1.526732e+002
+9.269743e+004	   -1.750561e+002
+9.290739e+004	   +8.598783e+001
+9.311782e+004	   -1.301347e+002
+9.332873e+004	   -1.613658e+002
+9.354012e+004	   +1.067769e+001
+9.375198e+004	   -1.228357e+002
+9.396433e+004	   +1.738987e+002
+9.417716e+004	   +1.497899e+002
+9.439046e+004	   -1.536361e+002
+9.460425e+004	   +1.234815e+002
+9.481853e+004	   +1.158718e+002
+9.503329e+004	   +1.004761e+002
+9.524854e+004	   +1.528064e+002
+9.546427e+004	   +1.203764e+001
+9.568049e+004	   -1.688437e+002
+9.589721e+004	   +1.098519e+002
+9.611441e+004	   -1.446692e+002
+9.633211e+004	   +1.021575e+002
+9.655030e+004	   +1.459000e+002
+9.676898e+004	   +1.679188e+002
+9.698816e+004	   -1.477147e+002
+9.720784e+004	   +1.521369e+002
+9.742801e+004	   -1.729934e+002
+9.764868e+004	   +5.795664e+001
+9.786985e+004	   +1.143437e+002
+9.809152e+004	   +1.601199e+002
+9.831370e+004	   +8.556287e+001
+9.853638e+004	   +1.476286e+002
+9.875955e+004	   +6.428823e+001
+9.898324e+004	   +1.296912e+001
+9.920744e+004	   -9.893388e+001
+9.943214e+004	   +1.673181e+002
+9.965735e+004	   -1.341278e+002
+9.988307e+004	   -1.407122e+002
+1.001093e+005	   +1.514839e+002
+1.003360e+005	   +1.168612e+002
+1.005633e+005	   +1.766838e+002
+1.007911e+005	   +8.806536e+001
+1.010194e+005	   -1.320809e+002
+1.012482e+005	   -1.338999e+002
+1.014775e+005	   +2.882460e+001
+1.017073e+005	   +1.666281e+002
+1.019377e+005	   +1.770327e+002
+1.021686e+005	   +6.325143e+001
+1.024000e+005	   -1.076628e+002
