+1.000000e+003	   -1.662267e+000
+1.001664e+003	   -4.776531e+000
+1.003330e+003	   +7.962819e-001
+1.005000e+003	   -4.832069e+000
+1.006672e+003	   -1.843562e+000
+1.008346e+003	   -2.198583e+001
+1.010024e+003	   -9.005733e+000
+1.011705e+003	   -1.249040e-001
+1.013388e+003	   -4.422462e+000
+1.015074e+003	   -9.979407e-001
+1.016763e+003	   -7.894866e+000
+1.018454e+003	   -3.599450e+000
+1.020149e+003	   -2.925608e+000
+1.021846e+003	   -2.728230e+000
+1.023546e+003	   -2.666363e+000
+1.025249e+003	   -5.278115e-001
+1.026955e+003	   -3.880293e+000
+1.028663e+003	   -3.829253e+000
+1.030375e+003	   -3.211135e+000
+1.032089e+003	   +2.120098e+000
+1.033806e+003	   -1.257706e+001
+1.035526e+003	   -1.325014e+000
+1.037249e+003	   -1.955807e+000
+1.038975e+003	   -2.957118e+000
+1.040703e+003	   -2.299275e+000
+1.042435e+003	   -3.051225e+000
+1.044169e+003	   -5.461404e+000
+1.045906e+003	   -7.217494e+000
+1.047646e+003	   -4.472709e+000
+1.049390e+003	   -1.581116e+000
+1.051135e+003	   +7.606595e-001
+1.052884e+003	   -1.124955e+000
+1.054636e+003	   -4.727514e+000
+1.056391e+003	   +1.682710e+000
+1.058148e+003	   +2.145027e+000
+1.059909e+003	   -4.810077e+000
+1.061672e+003	   -9.787135e+000
+1.063438e+003	   -1.718680e+000
+1.065208e+003	   +6.387031e+000
+1.066980e+003	   +6.323026e+000
+1.068755e+003	   +1.823656e+000
+1.070533e+003	   +4.313947e+000
+1.072314e+003	   +4.510261e+000
+1.074099e+003	   +6.344014e+000
+1.075885e+003	   +9.899884e+000
+1.077676e+003	   +3.891545e+000
+1.079469e+003	   +4.322470e+000
+1.081264e+003	   +3.694445e+000
+1.083063e+003	   +5.773797e+000
+1.084865e+003	   +5.402824e+000
+1.086670e+003	   -3.944094e+000
+1.088478e+003	   +9.464005e+000
+1.090289e+003	   +3.764210e+000
+1.092103e+003	   +2.006106e+000
+1.093920e+003	   -8.004520e-001
+1.095740e+003	   +8.557941e-001
+1.097563e+003	   +8.698993e+000
+1.099389e+003	   +1.632348e+000
+1.101218e+003	   +9.867221e+000
+1.103050e+003	   -2.448097e+000
+1.104886e+003	   +2.029173e+000
+1.106724e+003	   +5.047432e+000
+1.108565e+003	   +1.346420e+001
+1.110410e+003	   +8.816543e+000
+1.112257e+003	   +5.767938e+000
+1.114108e+003	   +9.011026e+000
+1.115961e+003	   +1.148633e+001
+1.117818e+003	   +1.056759e+001
+1.119678e+003	   +3.246798e+000
+1.121540e+003	   -5.155668e+000
+1.123406e+003	   -8.086059e-001
+1.125276e+003	   +1.036271e+001
+1.127148e+003	   +9.223196e+000
+1.129023e+003	   +9.239639e+000
+1.130901e+003	   +1.490826e+000
+1.132783e+003	   -4.099642e+000
+1.134667e+003	   +9.425690e+000
+1.136555e+003	   +4.648298e+000
+1.138446e+003	   +8.910835e+000
+1.140340e+003	   +8.615673e+000
+1.142238e+003	   +8.727456e+000
+1.144138e+003	   +2.032701e+000
+1.146042e+003	   +7.383185e+000
+1.147948e+003	   +2.393931e+000
+1.149858e+003	   +6.749250e+000
+1.151771e+003	   +3.786719e+000
+1.153688e+003	   +6.261396e+000
+1.155607e+003	   +1.940779e+000
+1.157530e+003	   +7.814249e+000
+1.159455e+003	   +5.907789e+000
+1.161384e+003	   +9.970691e+000
+1.163317e+003	   +4.715665e+000
+1.165252e+003	   +2.511489e-001
+1.167191e+003	   +4.747297e+000
+1.169133e+003	   +3.446923e+000
+1.171078e+003	   +6.324173e+000
+1.173026e+003	   +5.740707e+000
+1.174978e+003	   +9.035799e+000
+1.176933e+003	   +8.420404e+000
+1.178891e+003	   +8.193263e+000
+1.180852e+003	   +3.183686e-003
+1.182817e+003	   +5.422369e+000
+1.184785e+003	   +4.565164e+000
+1.186756e+003	   +3.117847e+000
+1.188730e+003	   +2.591338e+000
+1.190708e+003	   +5.596551e+000
+1.192689e+003	   +1.423856e+000
+1.194674e+003	   -2.386205e-001
+1.196661e+003	   +8.418661e+000
+1.198652e+003	   +3.999832e+000
+1.200646e+003	   +2.407574e+000
+1.202644e+003	   -1.706900e+000
+1.204645e+003	   +8.681402e+000
+1.206649e+003	   -3.407031e+000
+1.208657e+003	   +5.049970e-001
+1.210668e+003	   +4.544871e-001
+1.212682e+003	   +5.346191e+000
+1.214699e+003	   +1.282071e+000
+1.216720e+003	   +3.818860e+000
+1.218745e+003	   -4.407844e+000
+1.220772e+003	   -3.867207e+000
+1.222803e+003	   +3.237003e+000
+1.224838e+003	   -9.843740e+000
+1.226876e+003	   -4.077765e+000
+1.228917e+003	   -4.197606e+000
+1.230961e+003	   -7.431261e+000
+1.233010e+003	   -1.818228e+000
+1.235061e+003	   +2.125233e+000
+1.237116e+003	   +1.600383e+000
+1.239174e+003	   -6.736098e+000
+1.241236e+003	   +2.120154e+000
+1.243301e+003	   -7.086394e-001
+1.245369e+003	   -1.430089e+001
+1.247441e+003	   -1.011959e+001
+1.249517e+003	   -3.593638e+000
+1.251596e+003	   -2.437153e+000
+1.253678e+003	   -1.511220e+000
+1.255764e+003	   -5.740497e+000
+1.257853e+003	   -2.738806e+000
+1.259946e+003	   -2.460619e+000
+1.262042e+003	   -5.977505e+000
+1.264142e+003	   -2.020707e+000
+1.266245e+003	   -5.927626e+000
+1.268352e+003	   -6.939718e+000
+1.270462e+003	   -3.973544e+000
+1.272576e+003	   -4.991189e+000
+1.274693e+003	   -1.516684e+001
+1.276814e+003	   -7.879606e+000
+1.278938e+003	   -9.168628e+000
+1.281066e+003	   -1.359797e+001
+1.283197e+003	   -3.228152e+000
+1.285332e+003	   -7.160429e+000
+1.287470e+003	   -1.199226e+001
+1.289612e+003	   -6.826014e+000
+1.291758e+003	   -6.783293e+000
+1.293907e+003	   -8.398050e+000
+1.296060e+003	   -9.221776e+000
+1.298216e+003	   -9.776674e+000
+1.300376e+003	   -8.493054e+000
+1.302540e+003	   -2.667508e+000
+1.304707e+003	   -1.605001e+001
+1.306877e+003	   -7.038712e+000
+1.309052e+003	   -5.233553e+000
+1.311230e+003	   -8.757389e+000
+1.313411e+003	   -2.241049e+000
+1.315596e+003	   -6.200608e+000
+1.317785e+003	   -2.865378e+001
+1.319978e+003	   -4.305406e+000
+1.322174e+003	   -1.537405e+001
+1.324374e+003	   -5.198952e+000
+1.326577e+003	   -7.469527e+000
+1.328784e+003	   -6.381569e+000
+1.330995e+003	   -1.008542e-001
+1.333209e+003	   +2.005422e+000
+1.335427e+003	   -9.899230e+000
+1.337649e+003	   -5.409693e+000
+1.339875e+003	   -3.071877e+000
+1.342104e+003	   -4.405912e+000
+1.344337e+003	   -1.191615e+001
+1.346573e+003	   -1.404868e+001
+1.348814e+003	   -7.553835e+000
+1.351058e+003	   -4.115618e+000
+1.353306e+003	   -1.809992e+001
+1.355557e+003	   -1.487282e+001
+1.357813e+003	   -1.171197e+001
+1.360072e+003	   -5.842761e+000
+1.362334e+003	   -6.937376e+000
+1.364601e+003	   -1.268581e+001
+1.366871e+003	   -9.238531e+000
+1.369146e+003	   -7.254191e+000
+1.371423e+003	   -6.483684e+000
+1.373705e+003	   -1.132132e+001
+1.375991e+003	   -1.348269e+001
+1.378280e+003	   -8.176347e+000
+1.380573e+003	   -6.873837e+000
+1.382870e+003	   -9.318433e+000
+1.385171e+003	   -4.927164e+000
+1.387475e+003	   -1.613671e+001
+1.389784e+003	   -7.579285e+000
+1.392096e+003	   -2.291572e+000
+1.394412e+003	   -8.722031e+000
+1.396732e+003	   -3.305217e+000
+1.399056e+003	   -6.048022e+000
+1.401384e+003	   -8.692366e+000
+1.403715e+003	   -1.531550e+001
+1.406050e+003	   -1.413532e+001
+1.408390e+003	   -6.437322e+000
+1.410733e+003	   -1.171756e+001
+1.413080e+003	   -7.116251e+000
+1.415431e+003	   -9.539434e+000
+1.417786e+003	   -1.927057e+001
+1.420145e+003	   -3.622664e+000
+1.422508e+003	   -1.242229e+001
+1.424874e+003	   -1.089145e+001
+1.427245e+003	   -1.292981e+001
+1.429620e+003	   -3.623664e+000
+1.431998e+003	   -7.577948e+000
+1.434380e+003	   -3.448089e+000
+1.436767e+003	   -8.905359e+000
+1.439157e+003	   -9.349078e+000
+1.441552e+003	   -2.543884e+001
+1.443950e+003	   -8.216739e+000
+1.446353e+003	   -1.093564e+001
+1.448759e+003	   -2.126861e+000
+1.451169e+003	   -1.134230e+001
+1.453584e+003	   -2.016618e+001
+1.456002e+003	   -1.616440e+001
+1.458424e+003	   -1.629478e+001
+1.460851e+003	   -1.480930e+001
+1.463281e+003	   -9.754688e+000
+1.465716e+003	   -7.874102e+000
+1.468154e+003	   -2.628747e+001
+1.470597e+003	   -2.431718e+001
+1.473044e+003	   -1.556381e+001
+1.475495e+003	   -1.557392e+001
+1.477949e+003	   -1.139360e+001
+1.480408e+003	   -6.355180e+000
+1.482871e+003	   -1.372144e+001
+1.485339e+003	   -1.199646e+001
+1.487810e+003	   -9.873280e+000
+1.490285e+003	   -1.093190e+001
+1.492765e+003	   -7.535296e+000
+1.495248e+003	   -1.716908e+001
+1.497736e+003	   -1.096399e+001
+1.500228e+003	   -5.025298e+000
+1.502724e+003	   -6.274568e+000
+1.505224e+003	   -9.682716e+000
+1.507728e+003	   -1.538520e+001
+1.510237e+003	   -8.023910e+000
+1.512749e+003	   -8.350335e+000
+1.515266e+003	   -1.331509e+001
+1.517787e+003	   -1.298644e+001
+1.520312e+003	   -1.142759e+001
+1.522842e+003	   -1.626842e+001
+1.525375e+003	   -4.275476e+000
+1.527913e+003	   -8.276837e+000
+1.530455e+003	   -7.077096e+000
+1.533002e+003	   -9.637776e+000
+1.535552e+003	   -2.080451e+001
+1.538107e+003	   -1.260502e+001
+1.540666e+003	   -1.504405e+001
+1.543229e+003	   -4.344333e+000
+1.545797e+003	   -1.815886e+001
+1.548369e+003	   -1.286679e+001
+1.550945e+003	   -9.797097e+000
+1.553525e+003	   -1.598147e+001
+1.556110e+003	   -1.463055e+000
+1.558699e+003	   -8.845717e+000
+1.561292e+003	   -9.511088e+000
+1.563890e+003	   -1.443885e+001
+1.566491e+003	   -1.575419e+001
+1.569098e+003	   -9.681211e+000
+1.571708e+003	   -1.367731e+001
+1.574323e+003	   -1.040264e+001
+1.576943e+003	   -2.752411e+001
+1.579566e+003	   -6.863530e+000
+1.582194e+003	   -1.258321e+001
+1.584826e+003	   -1.620643e+001
+1.587463e+003	   -1.132710e+001
+1.590104e+003	   -5.448923e+000
+1.592750e+003	   -1.189235e+001
+1.595400e+003	   -1.141156e+001
+1.598054e+003	   -9.739277e+000
+1.600713e+003	   -1.026826e+001
+1.603376e+003	   -9.585444e+000
+1.606044e+003	   -7.264301e+000
+1.608716e+003	   -9.968071e+000
+1.611392e+003	   -1.607210e+001
+1.614073e+003	   -8.625910e+000
+1.616759e+003	   -1.366505e+001
+1.619448e+003	   -8.252650e+000
+1.622143e+003	   -4.864476e+000
+1.624842e+003	   -1.895711e+001
+1.627545e+003	   -1.570043e+001
+1.630253e+003	   -4.112673e+000
+1.632965e+003	   -5.898491e+000
+1.635682e+003	   -1.244354e+001
+1.638403e+003	   -1.939765e+000
+1.641129e+003	   -1.801052e+001
+1.643860e+003	   -9.551078e+000
+1.646595e+003	   -1.116366e+001
+1.649334e+003	   -3.398055e+000
+1.652078e+003	   -4.397447e+000
+1.654827e+003	   -3.178078e+000
+1.657580e+003	   -1.331549e+001
+1.660338e+003	   -7.122602e+000
+1.663100e+003	   -5.026691e+000
+1.665867e+003	   -4.644209e+000
+1.668639e+003	   -1.335688e+001
+1.671415e+003	   -1.351033e+001
+1.674196e+003	   -4.868269e+000
+1.676981e+003	   -4.188588e+000
+1.679771e+003	   -6.771448e+000
+1.682566e+003	   -8.012497e+000
+1.685365e+003	   -1.208561e+001
+1.688169e+003	   -4.414967e+000
+1.690978e+003	   -9.082186e+000
+1.693792e+003	   -7.911122e+000
+1.696609e+003	   -5.126325e+000
+1.699432e+003	   -1.103778e+001
+1.702260e+003	   -9.522766e+000
+1.705092e+003	   -2.096945e+001
+1.707929e+003	   -7.568975e+000
+1.710770e+003	   -4.215950e+000
+1.713616e+003	   -6.478033e+000
+1.716468e+003	   -5.826266e+000
+1.719323e+003	   -6.509768e+000
+1.722184e+003	   -8.547110e+000
+1.725049e+003	   -1.119790e+001
+1.727919e+003	   -3.786043e+000
+1.730794e+003	   -1.147578e+001
+1.733674e+003	   -6.088426e+000
+1.736558e+003	   -8.976746e+000
+1.739447e+003	   -7.010321e+000
+1.742341e+003	   -9.388365e+000
+1.745240e+003	   -7.126202e+000
+1.748144e+003	   -6.582379e+000
+1.751052e+003	   -4.855342e+000
+1.753965e+003	   -7.154162e+000
+1.756884e+003	   -6.128931e+000
+1.759807e+003	   -7.161151e+000
+1.762734e+003	   -1.461163e+001
+1.765667e+003	   -8.000124e+000
+1.768605e+003	   -1.641790e+001
+1.771547e+003	   -6.430667e+000
+1.774495e+003	   -1.533951e+001
+1.777447e+003	   -5.719584e+000
+1.780404e+003	   -8.188306e+000
+1.783366e+003	   -8.476480e+000
+1.786333e+003	   -9.454788e+000
+1.789305e+003	   -1.163991e+001
+1.792282e+003	   -1.047704e+001
+1.795264e+003	   -1.701039e+001
+1.798251e+003	   -1.103155e+001
+1.801243e+003	   -1.148980e+001
+1.804240e+003	   -1.274302e+001
+1.807242e+003	   -4.056337e+000
+1.810248e+003	   -6.642813e+000
+1.813260e+003	   -8.720398e+000
+1.816277e+003	   -9.927618e+000
+1.819299e+003	   -9.124444e+000
+1.822326e+003	   -2.345997e+001
+1.825358e+003	   -6.467307e+000
+1.828395e+003	   -6.527627e+000
+1.831436e+003	   -1.043544e+001
+1.834484e+003	   -7.862618e+000
+1.837536e+003	   -8.204949e+000
+1.840593e+003	   -5.476996e+000
+1.843655e+003	   -5.412127e+000
+1.846722e+003	   -1.674878e+001
+1.849795e+003	   -1.171420e+001
+1.852873e+003	   -6.661188e+000
+1.855955e+003	   -4.525079e+000
+1.859043e+003	   -9.160594e+000
+1.862136e+003	   -9.177859e+000
+1.865234e+003	   -4.887285e+000
+1.868338e+003	   -4.378159e+000
+1.871446e+003	   -5.316516e+000
+1.874560e+003	   -3.313218e+000
+1.877678e+003	   -4.740133e+000
+1.880802e+003	   -6.210824e+000
+1.883932e+003	   -5.990454e+000
+1.887066e+003	   -3.006358e+000
+1.890205e+003	   -5.329639e+000
+1.893350e+003	   -8.136527e+000
+1.896500e+003	   -2.566817e+000
+1.899656e+003	   +1.416832e-001
+1.902816e+003	   -3.967901e+000
+1.905982e+003	   -4.480405e+000
+1.909153e+003	   -3.760340e+000
+1.912329e+003	   -8.244375e+000
+1.915511e+003	   -5.634878e+000
+1.918698e+003	   -7.844680e+000
+1.921890e+003	   -6.774345e+000
+1.925088e+003	   -5.789859e+000
+1.928291e+003	   -2.984001e+000
+1.931499e+003	   -4.219599e+000
+1.934712e+003	   -5.933526e+000
+1.937931e+003	   -4.392087e+000
+1.941155e+003	   -1.582490e+001
+1.944385e+003	   -3.434256e+000
+1.947620e+003	   -3.307004e+000
+1.950860e+003	   -4.448065e+000
+1.954106e+003	   -5.025966e+000
+1.957357e+003	   -3.757971e+000
+1.960614e+003	   -2.557933e+000
+1.963876e+003	   -7.366466e+000
+1.967143e+003	   -1.647911e+000
+1.970416e+003	   -5.562727e+000
+1.973694e+003	   -1.969550e+000
+1.976978e+003	   -4.924224e+000
+1.980267e+003	   -2.701454e+000
+1.983562e+003	   -6.065021e+000
+1.986862e+003	   -6.992885e-001
+1.990167e+003	   -5.239047e+000
+1.993479e+003	   -7.745548e-001
+1.996795e+003	   -2.003294e+000
+2.000117e+003	   -6.069423e+000
+2.003445e+003	   -4.765326e+000
+2.006778e+003	   -5.812211e+000
+2.010117e+003	   -4.807154e+000
+2.013462e+003	   -3.456871e+000
+2.016811e+003	   -4.026416e+000
+2.020167e+003	   +4.426879e-001
+2.023528e+003	   -1.647707e+000
+2.026895e+003	   -9.961772e-001
+2.030267e+003	   -3.785965e+000
+2.033645e+003	   -1.190892e+000
+2.037028e+003	   -4.224553e+000
+2.040417e+003	   -1.089559e+000
+2.043812e+003	   -1.263173e+000
+2.047212e+003	   -2.834298e+000
+2.050618e+003	   -1.410280e+000
+2.054030e+003	   -1.893145e+000
+2.057448e+003	   -1.567725e+000
+2.060871e+003	   +2.158146e-001
+2.064299e+003	   +2.644429e+000
+2.067734e+003	   -6.268925e-001
+2.071174e+003	   +4.143838e-003
+2.074620e+003	   -4.366041e-001
+2.078072e+003	   +5.715122e-001
+2.081529e+003	   -1.609411e-001
+2.084992e+003	   +1.279762e-001
+2.088461e+003	   +6.118004e-001
+2.091936e+003	   +1.613930e+000
+2.095416e+003	   -1.771265e+000
+2.098902e+003	   +1.490640e+000
+2.102394e+003	   -3.526863e-001
+2.105892e+003	   -9.785004e-001
+2.109396e+003	   +2.850467e+000
+2.112905e+003	   +1.263598e+000
+2.116421e+003	   +8.207774e-001
+2.119942e+003	   -1.923115e+000
+2.123469e+003	   +2.882921e+000
+2.127002e+003	   +2.649620e+000
+2.130541e+003	   +5.332591e-001
+2.134085e+003	   -6.996489e-001
+2.137636e+003	   +2.125569e+000
+2.141192e+003	   +8.305471e-001
+2.144755e+003	   -1.597577e+000
+2.148323e+003	   -2.876411e+000
+2.151897e+003	   +2.758699e+000
+2.155478e+003	   +1.325969e+000
+2.159064e+003	   +2.093104e+000
+2.162656e+003	   +1.133931e+000
+2.166254e+003	   +2.417412e+000
+2.169858e+003	   +4.089631e+000
+2.173468e+003	   +4.763080e+000
+2.177084e+003	   +2.340067e+000
+2.180706e+003	   +2.559014e+000
+2.184334e+003	   +5.025132e+000
+2.187969e+003	   +2.064599e+000
+2.191609e+003	   +3.893192e+000
+2.195255e+003	   +5.789324e+000
+2.198907e+003	   +4.211847e-001
+2.202566e+003	   +4.383927e+000
+2.206230e+003	   +1.684589e+000
+2.209901e+003	   -2.150997e-001
+2.213578e+003	   +4.457245e+000
+2.217261e+003	   +4.524137e+000
+2.220950e+003	   +2.295683e-001
+2.224645e+003	   +3.430145e+000
+2.228346e+003	   +2.920667e+000
+2.232053e+003	   +9.841059e-001
+2.235767e+003	   -2.496949e+000
+2.239487e+003	   -3.572160e-001
+2.243213e+003	   +2.825904e+000
+2.246945e+003	   -6.354390e-001
+2.250683e+003	   +2.317097e+000
+2.254428e+003	   -3.632264e+000
+2.258178e+003	   -3.915584e-001
+2.261936e+003	   -2.610146e-001
+2.265699e+003	   +3.212903e+000
+2.269468e+003	   +9.931490e-001
+2.273244e+003	   +5.326146e-001
+2.277026e+003	   +3.028776e-001
+2.280815e+003	   -8.777273e-001
+2.284609e+003	   +2.421204e+000
+2.288410e+003	   -2.814686e+000
+2.292218e+003	   +8.832394e-001
+2.296031e+003	   -1.988866e+000
+2.299851e+003	   +4.780019e-002
+2.303678e+003	   -3.207853e-001
+2.307510e+003	   -1.021592e+000
+2.311350e+003	   -3.377297e-001
+2.315195e+003	   +3.548787e-001
+2.319047e+003	   +7.604634e-002
+2.322905e+003	   -1.768652e+000
+2.326770e+003	   +1.502389e+000
+2.330641e+003	   -4.122883e-001
+2.334519e+003	   +5.432260e-001
+2.338403e+003	   -6.421960e+000
+2.342293e+003	   -1.449741e+000
+2.346190e+003	   -1.866476e+000
+2.350094e+003	   -8.347163e-001
+2.354004e+003	   -2.240037e+000
+2.357920e+003	   -7.929687e-001
+2.361843e+003	   -4.325711e+000
+2.365773e+003	   -4.283928e+000
+2.369709e+003	   -1.409335e+000
+2.373651e+003	   -1.695327e+000
+2.377601e+003	   -5.587457e+000
+2.381556e+003	   -2.359526e+000
+2.385519e+003	   -5.509655e+000
+2.389488e+003	   -9.064726e+000
+2.393463e+003	   -9.568677e-001
+2.397445e+003	   -4.779077e+000
+2.401434e+003	   -6.924892e+000
+2.405429e+003	   -8.621467e+000
+2.409431e+003	   -6.834348e+000
+2.413440e+003	   -4.402215e+000
+2.417455e+003	   -8.347295e+000
+2.421477e+003	   -4.249826e+000
+2.425506e+003	   -2.438582e+000
+2.429542e+003	   -2.929636e+000
+2.433583e+003	   -2.636576e+000
+2.437633e+003	   -2.093813e+000
+2.441688e+003	   -2.773534e+000
+2.445750e+003	   -8.304585e-001
+2.449820e+003	   -3.390909e+000
+2.453896e+003	   -3.743973e+000
+2.457978e+003	   -4.142249e+000
+2.462068e+003	   -1.978061e+000
+2.466164e+003	   -4.076892e+000
+2.470267e+003	   -3.638375e-001
+2.474377e+003	   -5.007032e-001
+2.478493e+003	   -1.345238e+000
+2.482617e+003	   -1.752383e+000
+2.486748e+003	   -3.624098e-001
+2.490885e+003	   +6.168088e-001
+2.495029e+003	   +4.156178e-001
+2.499180e+003	   -8.677564e-001
+2.503338e+003	   -8.387793e-001
+2.507503e+003	   -1.334505e+000
+2.511675e+003	   -1.067852e+000
+2.515854e+003	   -2.579712e+000
+2.520040e+003	   -2.365723e-002
+2.524232e+003	   -2.428334e+000
+2.528432e+003	   -5.236076e-001
+2.532638e+003	   -4.206986e+000
+2.536852e+003	   -2.406244e+000
+2.541073e+003	   -1.641707e+000
+2.545301e+003	   +9.552099e-001
+2.549535e+003	   -4.513453e-001
+2.553777e+003	   -1.854942e-001
+2.558026e+003	   -1.518369e-001
+2.562282e+003	   +1.341828e+000
+2.566545e+003	   +9.607261e-001
+2.570815e+003	   +1.883550e+000
+2.575092e+003	   +1.567332e+000
+2.579376e+003	   +2.502116e+000
+2.583668e+003	   +1.349877e+000
+2.587966e+003	   +1.110850e+000
+2.592272e+003	   +2.655083e+000
+2.596585e+003	   +1.425518e+000
+2.600905e+003	   +1.661573e+000
+2.605232e+003	   +1.923711e+000
+2.609567e+003	   +3.003390e+000
+2.613908e+003	   +2.042767e+000
+2.618257e+003	   +1.433746e+000
+2.622613e+003	   +1.477137e+000
+2.626977e+003	   +2.362978e+000
+2.631347e+003	   +1.850695e+000
+2.635725e+003	   +2.578734e+000
+2.640110e+003	   +2.128558e+000
+2.644503e+003	   +7.963443e-001
+2.648903e+003	   -1.193916e+000
+2.653310e+003	   -1.089665e+000
+2.657724e+003	   -2.225022e+000
+2.662146e+003	   -1.025217e+000
+2.666575e+003	   -1.090212e+000
+2.671012e+003	   -1.075620e+000
+2.675456e+003	   -2.248501e+000
+2.679907e+003	   -1.568765e+000
+2.684365e+003	   -1.685466e+000
+2.688832e+003	   -1.104909e+000
+2.693305e+003	   -7.292747e-001
+2.697786e+003	   -1.896731e+000
+2.702275e+003	   -2.479703e+000
+2.706771e+003	   -4.687622e+000
+2.711274e+003	   -1.209162e+000
+2.715785e+003	   -1.655239e+000
+2.720303e+003	   -2.101219e-001
+2.724829e+003	   -8.501042e-001
+2.729363e+003	   -1.804245e+000
+2.733903e+003	   +7.024015e-001
+2.738452e+003	   -2.188087e+000
+2.743008e+003	   -8.350645e-001
+2.747572e+003	   -3.263475e-001
+2.752143e+003	   -1.603146e+000
+2.756722e+003	   +1.066105e+000
+2.761308e+003	   -7.564932e-001
+2.765902e+003	   +7.108842e-001
+2.770504e+003	   +2.152316e-001
+2.775114e+003	   +5.191915e-001
+2.779731e+003	   +3.482102e-001
+2.784355e+003	   +5.140775e-001
+2.788988e+003	   +8.028793e-001
+2.793628e+003	   +1.146927e+000
+2.798276e+003	   +5.244381e-001
+2.802932e+003	   +1.730797e+000
+2.807595e+003	   +1.683165e+000
+2.812266e+003	   +2.010065e+000
+2.816945e+003	   +1.435334e+000
+2.821632e+003	   +1.737783e+000
+2.826326e+003	   +1.422048e+000
+2.831029e+003	   +2.000338e+000
+2.835739e+003	   +1.119870e+000
+2.840457e+003	   +1.577991e+000
+2.845182e+003	   +7.855712e-001
+2.849916e+003	   +1.102564e-001
+2.854657e+003	   +7.294805e-002
+2.859407e+003	   -6.049682e-001
+2.864164e+003	   -1.723451e+000
+2.868929e+003	   -3.107809e+000
+2.873703e+003	   -2.761655e+000
+2.878484e+003	   -3.605469e+000
+2.883273e+003	   -3.244952e+000
+2.888070e+003	   -3.044563e+000
+2.892875e+003	   -3.840558e+000
+2.897688e+003	   -1.437356e+000
+2.902509e+003	   -2.215830e+000
+2.907338e+003	   -1.615413e+000
+2.912175e+003	   -3.081539e+000
+2.917020e+003	   -1.868088e+000
+2.921873e+003	   -1.974268e+000
+2.926735e+003	   -1.155815e+000
+2.931604e+003	   +1.779482e-001
+2.936481e+003	   -1.471603e+000
+2.941367e+003	   -1.346230e+000
+2.946261e+003	   -4.833019e-001
+2.951163e+003	   -7.088029e-001
+2.956073e+003	   -1.280510e-001
+2.960991e+003	   -4.652265e-001
+2.965917e+003	   -1.829609e+000
+2.970852e+003	   -2.970504e+000
+2.975794e+003	   -2.519214e+000
+2.980745e+003	   -1.987826e+000
+2.985704e+003	   -3.257381e+000
+2.990672e+003	   -4.547644e+000
+2.995648e+003	   -3.234048e+000
+3.000632e+003	   -3.945912e+000
+3.005624e+003	   -5.396985e+000
+3.010625e+003	   -2.360678e+000
+3.015634e+003	   -3.271664e+000
+3.020651e+003	   -5.918871e+000
+3.025676e+003	   -4.031550e+000
+3.030710e+003	   -3.349849e+000
+3.035753e+003	   -5.683022e+000
+3.040803e+003	   -6.204017e+000
+3.045863e+003	   -3.306461e+000
+3.050930e+003	   -3.979290e+000
+3.056006e+003	   -8.204432e-001
+3.061090e+003	   -2.163764e+000
+3.066183e+003	   -5.574954e-002
+3.071285e+003	   +5.838341e-001
+3.076395e+003	   +5.986277e-001
+3.081513e+003	   +7.784138e-001
+3.086640e+003	   +1.892880e-001
+3.091775e+003	   +1.930905e+000
+3.096919e+003	   +1.644749e+000
+3.102072e+003	   -6.813899e-001
+3.107232e+003	   +2.484751e+000
+3.112402e+003	   -3.873679e+000
+3.117580e+003	   -1.848440e+000
+3.122767e+003	   +5.010924e-001
+3.127963e+003	   -2.709643e+000
+3.133167e+003	   +4.034379e-002
+3.138380e+003	   -2.027092e+000
+3.143601e+003	   -1.099465e+000
+3.148831e+003	   -8.272247e-001
+3.154070e+003	   -2.320030e+000
+3.159318e+003	   -4.239410e+000
+3.164574e+003	   -1.413712e+000
+3.169839e+003	   -4.774336e+000
+3.175113e+003	   -3.734577e+000
+3.180396e+003	   -4.508094e+000
+3.185687e+003	   -4.082811e+000
+3.190987e+003	   -5.114430e+000
+3.196296e+003	   -3.373709e+000
+3.201614e+003	   -4.098027e+000
+3.206940e+003	   -6.959331e+000
+3.212276e+003	   -4.038876e+000
+3.217621e+003	   -4.672454e+000
+3.222974e+003	   -4.919319e+000
+3.228336e+003	   -4.863442e+000
+3.233707e+003	   -5.382064e+000
+3.239087e+003	   -5.950761e+000
+3.244476e+003	   -6.321314e+000
+3.249874e+003	   -6.810952e+000
+3.255281e+003	   -5.948411e+000
+3.260697e+003	   -8.632729e+000
+3.266122e+003	   -6.216725e+000
+3.271556e+003	   -5.874797e+000
+3.276999e+003	   -7.110606e+000
+3.282451e+003	   -8.872967e+000
+3.287912e+003	   -8.231787e+000
+3.293383e+003	   -8.308892e+000
+3.298862e+003	   -8.292947e+000
+3.304351e+003	   -9.726828e+000
+3.309848e+003	   -8.072584e+000
+3.315355e+003	   -9.548213e+000
+3.320871e+003	   -8.901010e+000
+3.326396e+003	   -1.203772e+001
+3.331930e+003	   -1.038245e+001
+3.337474e+003	   -1.079445e+001
+3.343026e+003	   -9.726314e+000
+3.348588e+003	   -1.225109e+001
+3.354159e+003	   -1.002888e+001
+3.359740e+003	   -1.245964e+001
+3.365330e+003	   -1.419342e+001
+3.370929e+003	   -1.211565e+001
+3.376537e+003	   -1.073103e+001
+3.382155e+003	   -1.430330e+001
+3.387782e+003	   -1.413181e+001
+3.393418e+003	   -1.291947e+001
+3.399064e+003	   -1.474797e+001
+3.404719e+003	   -1.299591e+001
+3.410384e+003	   -1.415419e+001
+3.416058e+003	   -1.602827e+001
+3.421741e+003	   -1.543321e+001
+3.427434e+003	   -1.347562e+001
+3.433137e+003	   -1.439820e+001
+3.438849e+003	   -1.274128e+001
+3.444570e+003	   -1.113232e+001
+3.450301e+003	   -1.147326e+001
+3.456041e+003	   -1.049458e+001
+3.461791e+003	   -1.027818e+001
+3.467551e+003	   -9.149883e+000
+3.473320e+003	   -8.979005e+000
+3.479099e+003	   -8.201449e+000
+3.484887e+003	   -9.473467e+000
+3.490685e+003	   -8.313000e+000
+3.496492e+003	   -7.405307e+000
+3.502310e+003	   -8.869242e+000
+3.508137e+003	   -9.863426e+000
+3.513973e+003	   -9.270266e+000
+3.519820e+003	   -1.014332e+001
+3.525676e+003	   -1.012952e+001
+3.531542e+003	   -1.076400e+001
+3.537417e+003	   -9.703053e+000
+3.543303e+003	   -1.021525e+001
+3.549198e+003	   -9.856844e+000
+3.555103e+003	   -1.081325e+001
+3.561018e+003	   -1.002691e+001
+3.566942e+003	   -9.656797e+000
+3.572877e+003	   -9.533775e+000
+3.578821e+003	   -1.032927e+001
+3.584775e+003	   -9.717489e+000
+3.590740e+003	   -8.539059e+000
+3.596714e+003	   -8.788742e+000
+3.602698e+003	   -8.033950e+000
+3.608691e+003	   -7.340016e+000
+3.614696e+003	   -7.915720e+000
+3.620709e+003	   -7.458226e+000
+3.626733e+003	   -6.452916e+000
+3.632767e+003	   -6.431137e+000
+3.638811e+003	   -6.692238e+000
+3.644865e+003	   -3.959574e+000
+3.650929e+003	   -5.901212e+000
+3.657004e+003	   -3.854897e+000
+3.663088e+003	   -3.053115e+000
+3.669183e+003	   -1.734901e+000
+3.675287e+003	   -1.466166e+000
+3.681402e+003	   -6.511722e-001
+3.687527e+003	   +7.771129e-002
+3.693662e+003	   +3.766723e-002
+3.699807e+003	   -5.589991e-002
+3.705963e+003	   +9.502443e-001
+3.712128e+003	   +3.585626e-001
+3.718305e+003	   +1.130878e+000
+3.724491e+003	   +7.723295e-001
+3.730688e+003	   +1.419377e+000
+3.736895e+003	   +1.958809e+000
+3.743112e+003	   +1.403558e+000
+3.749339e+003	   +1.391691e+000
+3.755577e+003	   +1.395639e+000
+3.761825e+003	   +7.026401e-001
+3.768084e+003	   +4.453250e-001
+3.774354e+003	   +2.778652e-001
+3.780633e+003	   -6.481767e-001
+3.786923e+003	   -6.229354e-001
+3.793223e+003	   -2.812096e-001
+3.799534e+003	   -1.024400e+000
+3.805856e+003	   -1.179366e+000
+3.812188e+003	   -1.901786e+000
+3.818530e+003	   -1.541172e+000
+3.824884e+003	   -2.838147e+000
+3.831247e+003	   -2.911990e+000
+3.837621e+003	   -3.439197e+000
+3.844006e+003	   -3.250302e+000
+3.850402e+003	   -3.486775e+000
+3.856808e+003	   -4.665967e+000
+3.863224e+003	   -4.352662e+000
+3.869652e+003	   -4.660895e+000
+3.876090e+003	   -4.472185e+000
+3.882539e+003	   -5.480685e+000
+3.888998e+003	   -5.312279e+000
+3.895469e+003	   -4.776304e+000
+3.901950e+003	   -4.319763e+000
+3.908442e+003	   -4.284242e+000
+3.914944e+003	   -3.369807e+000
+3.921458e+003	   -3.380928e+000
+3.927982e+003	   -2.950027e+000
+3.934517e+003	   -2.180446e+000
+3.941063e+003	   -2.762974e+000
+3.947620e+003	   -2.208576e+000
+3.954188e+003	   -2.124039e+000
+3.960767e+003	   -2.369236e+000
+3.967356e+003	   -2.665159e+000
+3.973957e+003	   -2.698928e+000
+3.980569e+003	   -2.691043e+000
+3.987192e+003	   -2.579532e+000
+3.993825e+003	   -3.246297e+000
+4.000470e+003	   -3.013243e+000
+4.007126e+003	   -3.919075e+000
+4.013792e+003	   -3.562248e+000
+4.020470e+003	   -4.048968e+000
+4.027159e+003	   -5.251107e+000
+4.033860e+003	   -6.095994e+000
+4.040571e+003	   -7.700241e+000
+4.047293e+003	   -9.590855e+000
+4.054027e+003	   -1.673967e+001
+4.060772e+003	   -2.086890e+001
+4.067528e+003	   -1.199212e+001
+4.074295e+003	   -8.863868e+000
+4.081074e+003	   -6.986000e+000
+4.087864e+003	   -5.637279e+000
+4.094665e+003	   -5.349527e+000
+4.101478e+003	   -5.057675e+000
+4.108301e+003	   -4.217628e+000
+4.115137e+003	   -4.361711e+000
+4.121983e+003	   -3.936230e+000
+4.128841e+003	   -3.617813e+000
+4.135710e+003	   -3.540284e+000
+4.142591e+003	   -2.658057e+000
+4.149483e+003	   -2.892219e+000
+4.156387e+003	   -2.100194e+000
+4.163302e+003	   -1.386698e+000
+4.170229e+003	   -3.243221e-001
+4.177167e+003	   -5.035927e-001
+4.184117e+003	   +1.759877e-001
+4.191078e+003	   +4.865353e-001
+4.198051e+003	   +7.547276e-001
+4.205036e+003	   +1.210990e+000
+4.212032e+003	   +1.366845e+000
+4.219040e+003	   +1.481669e+000
+4.226059e+003	   +1.175450e+000
+4.233090e+003	   +1.085357e+000
+4.240133e+003	   +6.449702e-001
+4.247188e+003	   +4.122812e-001
+4.254253e+003	   +9.770598e-002
+4.261332e+003	   +1.206873e-001
+4.268421e+003	   -7.395687e-001
+4.275523e+003	   -2.538521e-001
+4.282636e+003	   -1.003163e+000
+4.289762e+003	   -1.852436e+000
+4.296898e+003	   -1.704701e+000
+4.304047e+003	   -1.257049e+000
+4.311208e+003	   -1.330265e+000
+4.318381e+003	   -9.647049e-001
+4.325566e+003	   -1.285836e+000
+4.332763e+003	   -1.153396e+000
+4.339971e+003	   -7.897803e-001
+4.347192e+003	   -4.921208e-001
+4.354424e+003	   -7.953280e-001
+4.361669e+003	   -8.734841e-001
+4.368926e+003	   -1.036587e+000
+4.376194e+003	   -1.578594e+000
+4.383476e+003	   -1.851715e+000
+4.390769e+003	   -2.119836e+000
+4.398074e+003	   -2.620946e+000
+4.405391e+003	   -2.622100e+000
+4.412720e+003	   -3.117858e+000
+4.420062e+003	   -3.599699e+000
+4.427416e+003	   -3.869123e+000
+4.434782e+003	   -4.428466e+000
+4.442160e+003	   -4.883653e+000
+4.449551e+003	   -4.477192e+000
+4.456954e+003	   -5.417794e+000
+4.464369e+003	   -5.112967e+000
+4.471796e+003	   -5.214652e+000
+4.479236e+003	   -5.276189e+000
+4.486689e+003	   -5.090971e+000
+4.494153e+003	   -5.395495e+000
+4.501631e+003	   -5.577654e+000
+4.509120e+003	   -6.091446e+000
+4.516622e+003	   -6.171909e+000
+4.524137e+003	   -5.922935e+000
+4.531664e+003	   -7.131670e+000
+4.539203e+003	   -7.585362e+000
+4.546755e+003	   -7.989938e+000
+4.554320e+003	   -8.525145e+000
+4.561897e+003	   -8.073227e+000
+4.569487e+003	   -8.495296e+000
+4.577090e+003	   -8.047661e+000
+4.584705e+003	   -8.087603e+000
+4.592333e+003	   -8.630938e+000
+4.599973e+003	   -8.697600e+000
+4.607626e+003	   -7.873783e+000
+4.615292e+003	   -7.674113e+000
+4.622971e+003	   -7.979781e+000
+4.630662e+003	   -8.120730e+000
+4.638367e+003	   -8.756773e+000
+4.646083e+003	   -9.357693e+000
+4.653813e+003	   -9.305823e+000
+4.661556e+003	   -9.539567e+000
+4.669312e+003	   -9.839213e+000
+4.677081e+003	   -9.788755e+000
+4.684862e+003	   -1.021743e+001
+4.692656e+003	   -9.865581e+000
+4.700464e+003	   -9.424005e+000
+4.708284e+003	   -1.004840e+001
+4.716118e+003	   -9.995371e+000
+4.723964e+003	   -9.648204e+000
+4.731823e+003	   -9.742424e+000
+4.739696e+003	   -9.499902e+000
+4.747582e+003	   -9.236483e+000
+4.755480e+003	   -1.106077e+001
+4.763392e+003	   -9.521756e+000
+4.771317e+003	   -8.652981e+000
+4.779256e+003	   -7.800263e+000
+4.787207e+003	   -7.320373e+000
+4.795172e+003	   -6.092399e+000
+4.803150e+003	   -6.259809e+000
+4.811141e+003	   -5.033640e+000
+4.819146e+003	   -4.147827e+000
+4.827164e+003	   -3.255560e+000
+4.835194e+003	   -2.993736e+000
+4.843239e+003	   -2.314348e+000
+4.851297e+003	   -1.965212e+000
+4.859368e+003	   -1.914537e+000
+4.867453e+003	   -2.094150e+000
+4.875551e+003	   -2.089961e+000
+4.883663e+003	   -2.620309e+000
+4.891788e+003	   -2.721555e+000
+4.899927e+003	   -3.092634e+000
+4.908079e+003	   -3.326646e+000
+4.916245e+003	   -3.792680e+000
+4.924424e+003	   -4.041404e+000
+4.932617e+003	   -4.128838e+000
+4.940824e+003	   -4.541616e+000
+4.949044e+003	   -5.466201e+000
+4.957278e+003	   -5.814847e+000
+4.965526e+003	   -6.798985e+000
+4.973787e+003	   -6.926342e+000
+4.982063e+003	   -8.676610e+000
+4.990351e+003	   -8.897994e+000
+4.998654e+003	   -9.442868e+000
+5.006970e+003	   -9.644964e+000
+5.015301e+003	   -9.830070e+000
+5.023645e+003	   -1.002593e+001
+5.032003e+003	   -1.004810e+001
+5.040375e+003	   -9.961167e+000
+5.048761e+003	   -9.938502e+000
+5.057161e+003	   -9.456326e+000
+5.065575e+003	   -1.007687e+001
+5.074002e+003	   -9.300754e+000
+5.082444e+003	   -9.652549e+000
+5.090900e+003	   -8.741850e+000
+5.099370e+003	   -9.357634e+000
+5.107854e+003	   -8.924630e+000
+5.116353e+003	   -9.100753e+000
+5.124865e+003	   -9.206566e+000
+5.133391e+003	   -8.583880e+000
+5.141932e+003	   -8.953458e+000
+5.150487e+003	   -8.755651e+000
+5.159056e+003	   -9.436997e+000
+5.167639e+003	   -9.710242e+000
+5.176237e+003	   -9.827901e+000
+5.184849e+003	   -9.192788e+000
+5.193475e+003	   -9.790218e+000
+5.202116e+003	   -9.099068e+000
+5.210771e+003	   -9.731678e+000
+5.219440e+003	   -9.507112e+000
+5.228124e+003	   -8.906334e+000
+5.236822e+003	   -8.359829e+000
+5.245535e+003	   -8.880622e+000
+5.254262e+003	   -8.760324e+000
+5.263004e+003	   -8.233372e+000
+5.271760e+003	   -8.062547e+000
+5.280531e+003	   -7.824697e+000
+5.289316e+003	   -7.745215e+000
+5.298117e+003	   -7.912925e+000
+5.306931e+003	   -8.202957e+000
+5.315761e+003	   -7.346424e+000
+5.324605e+003	   -8.257732e+000
+5.333463e+003	   -8.375139e+000
+5.342337e+003	   -8.578847e+000
+5.351226e+003	   -8.828330e+000
+5.360128e+003	   -8.513999e+000
+5.369046e+003	   -8.708201e+000
+5.377979e+003	   -8.798930e+000
+5.386927e+003	   -9.066031e+000
+5.395889e+003	   -8.789289e+000
+5.404867e+003	   -9.977243e+000
+5.413859e+003	   -1.098618e+001
+5.422866e+003	   -1.042181e+001
+5.431889e+003	   -9.930178e+000
+5.440926e+003	   -1.066111e+001
+5.449978e+003	   -1.058261e+001
+5.459045e+003	   -1.041970e+001
+5.468128e+003	   -1.059667e+001
+5.477226e+003	   -1.062468e+001
+5.486338e+003	   -9.754706e+000
+5.495466e+003	   -9.544082e+000
+5.504609e+003	   -9.284447e+000
+5.513768e+003	   -8.962410e+000
+5.522941e+003	   -8.944810e+000
+5.532130e+003	   -8.937512e+000
+5.541334e+003	   -8.380303e+000
+5.550553e+003	   -8.238017e+000
+5.559788e+003	   -8.580974e+000
+5.569038e+003	   -8.238690e+000
+5.578304e+003	   -8.601623e+000
+5.587584e+003	   -9.480974e+000
+5.596881e+003	   -9.303053e+000
+5.606192e+003	   -9.514818e+000
+5.615520e+003	   -9.779453e+000
+5.624863e+003	   -1.037982e+001
+5.634221e+003	   -1.007180e+001
+5.643595e+003	   -1.108038e+001
+5.652984e+003	   -9.465526e+000
+5.662390e+003	   -1.050173e+001
+5.671810e+003	   -1.089250e+001
+5.681247e+003	   -1.150506e+001
+5.690699e+003	   -1.133817e+001
+5.700167e+003	   -1.138151e+001
+5.709650e+003	   -1.096084e+001
+5.719150e+003	   -1.113896e+001
+5.728665e+003	   -1.123177e+001
+5.738196e+003	   -1.034473e+001
+5.747743e+003	   -1.085563e+001
+5.757306e+003	   -1.033321e+001
+5.766884e+003	   -1.094292e+001
+5.776479e+003	   -1.060494e+001
+5.786090e+003	   -1.050054e+001
+5.795716e+003	   -1.059863e+001
+5.805359e+003	   -1.058005e+001
+5.815018e+003	   -1.096672e+001
+5.824692e+003	   -1.115450e+001
+5.834383e+003	   -1.131651e+001
+5.844090e+003	   -1.157926e+001
+5.853813e+003	   -1.097102e+001
+5.863552e+003	   -1.120442e+001
+5.873308e+003	   -1.173061e+001
+5.883080e+003	   -1.159352e+001
+5.892868e+003	   -1.207798e+001
+5.902672e+003	   -1.205924e+001
+5.912492e+003	   -1.270669e+001
+5.922329e+003	   -1.268661e+001
+5.932183e+003	   -1.341371e+001
+5.942052e+003	   -1.318948e+001
+5.951938e+003	   -1.386058e+001
+5.961841e+003	   -1.433453e+001
+5.971760e+003	   -1.406376e+001
+5.981695e+003	   -1.389305e+001
+5.991647e+003	   -1.484791e+001
+6.001616e+003	   -1.451423e+001
+6.011601e+003	   -1.491804e+001
+6.021603e+003	   -1.550687e+001
+6.031621e+003	   -1.487472e+001
+6.041656e+003	   -1.491152e+001
+6.051708e+003	   -1.440991e+001
+6.061776e+003	   -1.462113e+001
+6.071862e+003	   -1.380726e+001
+6.081964e+003	   -1.430447e+001
+6.092083e+003	   -1.421548e+001
+6.102218e+003	   -1.427895e+001
+6.112371e+003	   -1.400015e+001
+6.122541e+003	   -1.422860e+001
+6.132727e+003	   -1.488247e+001
+6.142930e+003	   -1.452225e+001
+6.153150e+003	   -1.519968e+001
+6.163388e+003	   -1.493139e+001
+6.173642e+003	   -1.422970e+001
+6.183913e+003	   -1.470113e+001
+6.194202e+003	   -1.465451e+001
+6.204507e+003	   -1.463670e+001
+6.214830e+003	   -1.609238e+001
+6.225170e+003	   -1.540244e+001
+6.235527e+003	   -1.557071e+001
+6.245901e+003	   -1.539103e+001
+6.256293e+003	   -1.472442e+001
+6.266702e+003	   -1.393966e+001
+6.277128e+003	   -1.550061e+001
+6.287572e+003	   -1.484681e+001
+6.298033e+003	   -1.462747e+001
+6.308511e+003	   -1.526492e+001
+6.319007e+003	   -1.454903e+001
+6.329520e+003	   -1.463638e+001
+6.340051e+003	   -1.555079e+001
+6.350599e+003	   -1.464995e+001
+6.361165e+003	   -1.490172e+001
+6.371748e+003	   -1.467987e+001
+6.382349e+003	   -1.458608e+001
+6.392968e+003	   -1.524096e+001
+6.403604e+003	   -1.494287e+001
+6.414258e+003	   -1.451426e+001
+6.424930e+003	   -1.484642e+001
+6.435619e+003	   -1.449054e+001
+6.446326e+003	   -1.482102e+001
+6.457051e+003	   -1.386907e+001
+6.467794e+003	   -1.326645e+001
+6.478555e+003	   -1.280802e+001
+6.489333e+003	   -1.171403e+001
+6.500130e+003	   -1.045776e+001
+6.510945e+003	   -1.062611e+001
+6.521777e+003	   -1.021919e+001
+6.532628e+003	   -9.672875e+000
+6.543497e+003	   -9.193012e+000
+6.554383e+003	   -9.056521e+000
+6.565288e+003	   -8.947582e+000
+6.576211e+003	   -9.017211e+000
+6.587152e+003	   -8.958672e+000
+6.598112e+003	   -9.256660e+000
+6.609089e+003	   -9.413385e+000
+6.620085e+003	   -1.011804e+001
+6.631099e+003	   -1.060315e+001
+6.642132e+003	   -1.195518e+001
+6.653183e+003	   -1.138831e+001
+6.664252e+003	   -1.159790e+001
+6.675339e+003	   -1.188532e+001
+6.686445e+003	   -1.138501e+001
+6.697570e+003	   -1.154245e+001
+6.708713e+003	   -1.075174e+001
+6.719875e+003	   -1.043009e+001
+6.731055e+003	   -9.888845e+000
+6.742253e+003	   -9.317398e+000
+6.753471e+003	   -8.426950e+000
+6.764707e+003	   -7.575087e+000
+6.775962e+003	   -7.573874e+000
+6.787235e+003	   -6.967202e+000
+6.798527e+003	   -6.817449e+000
+6.809838e+003	   -6.466210e+000
+6.821168e+003	   -6.147453e+000
+6.832517e+003	   -6.290904e+000
+6.843885e+003	   -6.067153e+000
+6.855271e+003	   -6.014091e+000
+6.866677e+003	   -6.275784e+000
+6.878101e+003	   -6.434371e+000
+6.889544e+003	   -6.449167e+000
+6.901007e+003	   -6.438643e+000
+6.912488e+003	   -6.698221e+000
+6.923989e+003	   -6.980316e+000
+6.935509e+003	   -7.126981e+000
+6.947048e+003	   -7.332592e+000
+6.958606e+003	   -7.335011e+000
+6.970183e+003	   -7.555572e+000
+6.981780e+003	   -7.512985e+000
+6.993396e+003	   -7.649158e+000
+7.005031e+003	   -7.445541e+000
+7.016686e+003	   -7.829046e+000
+7.028359e+003	   -7.896128e+000
+7.040053e+003	   -7.994619e+000
+7.051766e+003	   -8.240013e+000
+7.063498e+003	   -8.534415e+000
+7.075250e+003	   -8.836567e+000
+7.087021e+003	   -8.979105e+000
+7.098813e+003	   -8.921344e+000
+7.110623e+003	   -9.641576e+000
+7.122454e+003	   -9.491412e+000
+7.134303e+003	   -1.004898e+001
+7.146173e+003	   -9.740137e+000
+7.158063e+003	   -1.027777e+001
+7.169972e+003	   -1.038741e+001
+7.181901e+003	   -1.044624e+001
+7.193850e+003	   -1.017089e+001
+7.205818e+003	   -1.024881e+001
+7.217807e+003	   -1.078798e+001
+7.229815e+003	   -1.097395e+001
+7.241844e+003	   -1.050822e+001
+7.253893e+003	   -1.082289e+001
+7.265961e+003	   -1.115111e+001
+7.278050e+003	   -1.125644e+001
+7.290159e+003	   -1.176882e+001
+7.302288e+003	   -1.208916e+001
+7.314437e+003	   -1.233190e+001
+7.326606e+003	   -1.296613e+001
+7.338796e+003	   -1.324152e+001
+7.351006e+003	   -1.307547e+001
+7.363236e+003	   -1.378063e+001
+7.375487e+003	   -1.380159e+001
+7.387758e+003	   -1.370782e+001
+7.400049e+003	   -1.503673e+001
+7.412361e+003	   -1.495438e+001
+7.424693e+003	   -1.488132e+001
+7.437046e+003	   -1.508806e+001
+7.449419e+003	   -1.576826e+001
+7.461813e+003	   -1.565672e+001
+7.474228e+003	   -1.537880e+001
+7.486663e+003	   -1.555578e+001
+7.499119e+003	   -1.591085e+001
+7.511596e+003	   -1.604567e+001
+7.524093e+003	   -1.591809e+001
+7.536611e+003	   -1.547123e+001
+7.549150e+003	   -1.602928e+001
+7.561710e+003	   -1.609527e+001
+7.574291e+003	   -1.618929e+001
+7.586893e+003	   -1.587599e+001
+7.599515e+003	   -1.600008e+001
+7.612159e+003	   -1.545758e+001
+7.624824e+003	   -1.537881e+001
+7.637509e+003	   -1.684989e+001
+7.650216e+003	   -1.601984e+001
+7.662944e+003	   -1.613708e+001
+7.675693e+003	   -1.605958e+001
+7.688464e+003	   -1.560623e+001
+7.701255e+003	   -1.552503e+001
+7.714068e+003	   -1.593226e+001
+7.726903e+003	   -1.536164e+001
+7.739758e+003	   -1.601429e+001
+7.752635e+003	   -1.592307e+001
+7.765534e+003	   -1.606849e+001
+7.778454e+003	   -1.718063e+001
+7.791395e+003	   -1.744897e+001
+7.804358e+003	   -1.618204e+001
+7.817342e+003	   -1.759262e+001
+7.830349e+003	   -1.701550e+001
+7.843376e+003	   -1.866935e+001
+7.856426e+003	   -1.620513e+001
+7.869497e+003	   -1.485144e+001
+7.882589e+003	   -1.852936e+001
+7.895704e+003	   -1.687299e+001
+7.908841e+003	   -1.805680e+001
+7.921999e+003	   -1.857701e+001
+7.935179e+003	   -1.806272e+001
+7.948381e+003	   -1.983348e+001
+7.961605e+003	   -1.966015e+001
+7.974852e+003	   -2.022713e+001
+7.988120e+003	   -2.094626e+001
+8.001410e+003	   -2.103304e+001
+8.014722e+003	   -2.041908e+001
+8.028057e+003	   -2.070994e+001
+8.041413e+003	   -2.112853e+001
+8.054792e+003	   -2.122838e+001
+8.068193e+003	   -2.019148e+001
+8.081617e+003	   -2.058658e+001
+8.095063e+003	   -2.103663e+001
+8.108531e+003	   -2.380127e+001
+8.122021e+003	   -2.098937e+001
+8.135534e+003	   -2.285707e+001
+8.149070e+003	   -2.349044e+001
+8.162627e+003	   -2.407479e+001
+8.176208e+003	   -2.209967e+001
+8.189811e+003	   -2.125535e+001
+8.203438e+003	   -1.949639e+001
+8.217086e+003	   -2.033814e+001
+8.230757e+003	   -2.052867e+001
+8.244450e+003	   -2.087524e+001
+8.258167e+003	   -1.986298e+001
+8.271906e+003	   -2.102714e+001
+8.285669e+003	   -1.939984e+001
+8.299454e+003	   -1.950934e+001
+8.313263e+003	   -2.014744e+001
+8.327094e+003	   -1.928706e+001
+8.340948e+003	   -1.934882e+001
+8.354825e+003	   -1.992135e+001
+8.368726e+003	   -1.938324e+001
+8.382648e+003	   -1.939721e+001
+8.396596e+003	   -2.054010e+001
+8.410565e+003	   -1.919574e+001
+8.424559e+003	   -1.976880e+001
+8.438574e+003	   -1.834716e+001
+8.452614e+003	   -1.854057e+001
+8.466678e+003	   -1.813127e+001
+8.480764e+003	   -1.815584e+001
+8.494874e+003	   -1.764713e+001
+8.509007e+003	   -1.873500e+001
+8.523164e+003	   -1.705803e+001
+8.537344e+003	   -1.727773e+001
+8.551548e+003	   -1.668324e+001
+8.565775e+003	   -1.761313e+001
+8.580027e+003	   -1.819155e+001
+8.594302e+003	   -1.897328e+001
+8.608601e+003	   -1.736701e+001
+8.622923e+003	   -1.831049e+001
+8.637270e+003	   -1.765492e+001
+8.651640e+003	   -1.955167e+001
+8.666034e+003	   -1.928853e+001
+8.680452e+003	   -1.903147e+001
+8.694895e+003	   -1.982952e+001
+8.709360e+003	   -2.030036e+001
+8.723851e+003	   -1.951518e+001
+8.738364e+003	   -2.142376e+001
+8.752903e+003	   -2.121150e+001
+8.767466e+003	   -2.171983e+001
+8.782053e+003	   -2.167587e+001
+8.796664e+003	   -2.187140e+001
+8.811299e+003	   -2.157665e+001
+8.825959e+003	   -2.223691e+001
+8.840643e+003	   -2.207469e+001
+8.855352e+003	   -2.214300e+001
+8.870085e+003	   -2.166805e+001
+8.884842e+003	   -2.498780e+001
+8.899624e+003	   -2.293403e+001
+8.914431e+003	   -2.398546e+001
+8.929263e+003	   -2.374734e+001
+8.944118e+003	   -2.343034e+001
+8.958999e+003	   -2.243812e+001
+8.973904e+003	   -2.245520e+001
+8.988835e+003	   -2.316246e+001
+9.003790e+003	   -2.155099e+001
+9.018771e+003	   -2.313805e+001
+9.033775e+003	   -2.224918e+001
+9.048805e+003	   -2.228271e+001
+9.063860e+003	   -2.227605e+001
+9.078940e+003	   -2.239099e+001
+9.094045e+003	   -2.240207e+001
+9.109175e+003	   -2.198481e+001
+9.124331e+003	   -2.199834e+001
+9.139511e+003	   -2.097683e+001
+9.154717e+003	   -2.066413e+001
+9.169948e+003	   -2.081149e+001
+9.185204e+003	   -2.107625e+001
+9.200486e+003	   -2.165421e+001
+9.215794e+003	   -2.215566e+001
+9.231126e+003	   -2.251699e+001
+9.246484e+003	   -2.268500e+001
+9.261868e+003	   -2.161753e+001
+9.277278e+003	   -2.156252e+001
+9.292713e+003	   -2.217331e+001
+9.308174e+003	   -2.185103e+001
+9.323660e+003	   -2.174866e+001
+9.339172e+003	   -2.245398e+001
+9.354710e+003	   -2.009491e+001
+9.370274e+003	   -2.226583e+001
+9.385864e+003	   -2.197908e+001
+9.401479e+003	   -2.222649e+001
+9.417121e+003	   -2.203953e+001
+9.432789e+003	   -2.316871e+001
+9.448482e+003	   -2.391051e+001
+9.464203e+003	   -2.360897e+001
+9.479949e+003	   -2.393948e+001
+9.495721e+003	   -2.400156e+001
+9.511520e+003	   -2.307877e+001
+9.527345e+003	   -2.146251e+001
+9.543195e+003	   -2.288539e+001
+9.559073e+003	   -2.334535e+001
+9.574977e+003	   -2.265395e+001
+9.590907e+003	   -2.358931e+001
+9.606864e+003	   -2.334593e+001
+9.622848e+003	   -2.149270e+001
+9.638857e+003	   -2.222704e+001
+9.654894e+003	   -2.217223e+001
+9.670957e+003	   -2.065930e+001
+9.687047e+003	   -2.106327e+001
+9.703164e+003	   -2.195970e+001
+9.719308e+003	   -2.190670e+001
+9.735479e+003	   -2.255995e+001
+9.751676e+003	   -2.171151e+001
+9.767899e+003	   -2.213280e+001
+9.784151e+003	   -2.142021e+001
+9.800430e+003	   -1.990400e+001
+9.816734e+003	   -2.079963e+001
+9.833067e+003	   -2.117592e+001
+9.849427e+003	   -2.167427e+001
+9.865814e+003	   -2.017132e+001
+9.882229e+003	   -2.106534e+001
+9.898670e+003	   -1.980717e+001
+9.915139e+003	   -2.010679e+001
+9.931635e+003	   -1.925878e+001
+9.948159e+003	   -1.939126e+001
+9.964710e+003	   -2.047445e+001
+9.981289e+003	   -1.994141e+001
+9.997895e+003	   -1.923637e+001
+1.001453e+004	   -2.010180e+001
+1.003119e+004	   -2.097212e+001
+1.004788e+004	   -2.044312e+001
+1.006460e+004	   -2.138504e+001
+1.008134e+004	   -2.046062e+001
+1.009812e+004	   -2.128440e+001
+1.011492e+004	   -2.115015e+001
+1.013174e+004	   -2.101037e+001
+1.014860e+004	   -2.117505e+001
+1.016549e+004	   -2.040574e+001
+1.018240e+004	   -2.108073e+001
+1.019934e+004	   -2.156655e+001
+1.021631e+004	   -2.053297e+001
+1.023331e+004	   -2.126211e+001
+1.025033e+004	   -2.091361e+001
+1.026739e+004	   -2.073321e+001
+1.028447e+004	   -2.130537e+001
+1.030158e+004	   -2.134701e+001
+1.031872e+004	   -2.106155e+001
+1.033589e+004	   -2.093740e+001
+1.035308e+004	   -2.152359e+001
+1.037031e+004	   -2.095046e+001
+1.038756e+004	   -2.242125e+001
+1.040484e+004	   -2.071954e+001
+1.042215e+004	   -2.248939e+001
+1.043949e+004	   -2.268536e+001
+1.045686e+004	   -2.425230e+001
+1.047426e+004	   -2.304550e+001
+1.049169e+004	   -2.420284e+001
+1.050914e+004	   -2.505847e+001
+1.052663e+004	   -2.583820e+001
+1.054414e+004	   -2.730533e+001
+1.056168e+004	   -3.253629e+001
+1.057925e+004	   -2.808043e+001
+1.059686e+004	   -2.795318e+001
+1.061449e+004	   -3.092017e+001
+1.063215e+004	   -2.855075e+001
+1.064983e+004	   -2.616578e+001
+1.066755e+004	   -2.815593e+001
+1.068530e+004	   -2.777046e+001
+1.070308e+004	   -2.678248e+001
+1.072089e+004	   -3.186132e+001
+1.073872e+004	   -2.836001e+001
+1.075659e+004	   -2.732312e+001
+1.077449e+004	   -2.897265e+001
+1.079241e+004	   -2.924001e+001
+1.081037e+004	   -2.874426e+001
+1.082835e+004	   -2.750056e+001
+1.084637e+004	   -3.004988e+001
+1.086442e+004	   -3.083314e+001
+1.088249e+004	   -2.975354e+001
+1.090060e+004	   -3.077133e+001
+1.091873e+004	   -3.071319e+001
+1.093690e+004	   -3.063408e+001
+1.095509e+004	   -3.167142e+001
+1.097332e+004	   -2.968763e+001
+1.099158e+004	   -3.025404e+001
+1.100987e+004	   -2.849814e+001
+1.102818e+004	   -2.783335e+001
+1.104653e+004	   -3.127597e+001
+1.106491e+004	   -2.738038e+001
+1.108332e+004	   -2.772862e+001
+1.110176e+004	   -2.699150e+001
+1.112023e+004	   -2.725741e+001
+1.113873e+004	   -2.632694e+001
+1.115726e+004	   -2.588453e+001
+1.117583e+004	   -2.602012e+001
+1.119442e+004	   -2.611072e+001
+1.121304e+004	   -2.621711e+001
+1.123170e+004	   -2.553510e+001
+1.125039e+004	   -2.509132e+001
+1.126910e+004	   -2.472199e+001
+1.128785e+004	   -2.581876e+001
+1.130663e+004	   -2.578220e+001
+1.132544e+004	   -2.506965e+001
+1.134429e+004	   -2.612589e+001
+1.136316e+004	   -2.683628e+001
+1.138207e+004	   -2.742097e+001
+1.140100e+004	   -2.685217e+001
+1.141997e+004	   -2.704964e+001
+1.143897e+004	   -2.720952e+001
+1.145800e+004	   -2.727982e+001
+1.147707e+004	   -2.713343e+001
+1.149616e+004	   -2.681871e+001
+1.151529e+004	   -2.741105e+001
+1.153445e+004	   -2.679826e+001
+1.155364e+004	   -2.761489e+001
+1.157286e+004	   -2.792361e+001
+1.159211e+004	   -2.791401e+001
+1.161140e+004	   -2.782236e+001
+1.163072e+004	   -2.746570e+001
+1.165007e+004	   -2.667261e+001
+1.166945e+004	   -2.925940e+001
+1.168887e+004	   -2.744713e+001
+1.170831e+004	   -2.844885e+001
+1.172779e+004	   -2.763631e+001
+1.174731e+004	   -2.845912e+001
+1.176685e+004	   -2.807422e+001
+1.178643e+004	   -2.880998e+001
+1.180604e+004	   -2.926510e+001
+1.182568e+004	   -2.952785e+001
+1.184535e+004	   -2.883814e+001
+1.186506e+004	   -2.932096e+001
+1.188480e+004	   -2.887027e+001
+1.190458e+004	   -2.860054e+001
+1.192438e+004	   -2.903727e+001
+1.194422e+004	   -2.875000e+001
+1.196409e+004	   -2.662082e+001
+1.198400e+004	   -2.789385e+001
+1.200394e+004	   -2.867194e+001
+1.202391e+004	   -2.715471e+001
+1.204391e+004	   -2.778525e+001
+1.206395e+004	   -2.953226e+001
+1.208402e+004	   -2.537679e+001
+1.210413e+004	   -2.776198e+001
+1.212427e+004	   -2.682612e+001
+1.214444e+004	   -2.687318e+001
+1.216464e+004	   -2.716243e+001
+1.218488e+004	   -2.859139e+001
+1.220515e+004	   -2.583142e+001
+1.222546e+004	   -2.753452e+001
+1.224580e+004	   -2.651015e+001
+1.226617e+004	   -2.775874e+001
+1.228658e+004	   -2.735638e+001
+1.230702e+004	   -2.876453e+001
+1.232750e+004	   -2.703751e+001
+1.234801e+004	   -2.808693e+001
+1.236855e+004	   -2.632090e+001
+1.238913e+004	   -2.777521e+001
+1.240974e+004	   -2.658030e+001
+1.243039e+004	   -2.700714e+001
+1.245107e+004	   -2.801455e+001
+1.247179e+004	   -2.765693e+001
+1.249254e+004	   -2.636924e+001
+1.251332e+004	   -2.838045e+001
+1.253414e+004	   -2.856019e+001
+1.255499e+004	   -2.885542e+001
+1.257588e+004	   -2.913192e+001
+1.259680e+004	   -2.915248e+001
+1.261776e+004	   -2.841227e+001
+1.263876e+004	   -3.039045e+001
+1.265978e+004	   -3.149587e+001
+1.268085e+004	   -3.069781e+001
+1.270194e+004	   -2.992112e+001
+1.272308e+004	   -3.146826e+001
+1.274424e+004	   -3.039294e+001
+1.276545e+004	   -3.032263e+001
+1.278669e+004	   -3.030567e+001
+1.280796e+004	   -3.066458e+001
+1.282927e+004	   -3.032847e+001
+1.285061e+004	   -2.985726e+001
+1.287199e+004	   -3.008633e+001
+1.289341e+004	   -2.849404e+001
+1.291486e+004	   -2.818511e+001
+1.293635e+004	   -2.862350e+001
+1.295787e+004	   -2.814003e+001
+1.297943e+004	   -2.818021e+001
+1.300102e+004	   -2.832389e+001
+1.302265e+004	   -2.771679e+001
+1.304432e+004	   -2.774141e+001
+1.306602e+004	   -2.730948e+001
+1.308776e+004	   -2.774577e+001
+1.310954e+004	   -2.917454e+001
+1.313135e+004	   -2.798846e+001
+1.315320e+004	   -2.776960e+001
+1.317508e+004	   -2.663377e+001
+1.319700e+004	   -2.777251e+001
+1.321896e+004	   -2.897981e+001
+1.324095e+004	   -2.879644e+001
+1.326298e+004	   -2.871035e+001
+1.328504e+004	   -2.820953e+001
+1.330715e+004	   -2.817815e+001
+1.332929e+004	   -2.830662e+001
+1.335146e+004	   -2.778665e+001
+1.337368e+004	   -2.814814e+001
+1.339593e+004	   -3.067907e+001
+1.341821e+004	   -2.777301e+001
+1.344054e+004	   -2.926523e+001
+1.346290e+004	   -2.836026e+001
+1.348530e+004	   -2.819588e+001
+1.350774e+004	   -2.812655e+001
+1.353021e+004	   -2.799513e+001
+1.355272e+004	   -2.882730e+001
+1.357527e+004	   -2.809180e+001
+1.359785e+004	   -2.898657e+001
+1.362048e+004	   -2.823587e+001
+1.364314e+004	   -2.705656e+001
+1.366584e+004	   -2.887344e+001
+1.368857e+004	   -2.710532e+001
+1.371135e+004	   -2.626051e+001
+1.373416e+004	   -2.764441e+001
+1.375701e+004	   -2.673525e+001
+1.377990e+004	   -2.668413e+001
+1.380282e+004	   -2.743354e+001
+1.382579e+004	   -2.693216e+001
+1.384879e+004	   -2.623634e+001
+1.387183e+004	   -2.615071e+001
+1.389491e+004	   -2.748524e+001
+1.391803e+004	   -2.809424e+001
+1.394119e+004	   -2.794594e+001
+1.396438e+004	   -2.750891e+001
+1.398761e+004	   -2.725592e+001
+1.401088e+004	   -2.874525e+001
+1.403420e+004	   -2.852646e+001
+1.405754e+004	   -2.741216e+001
+1.408093e+004	   -2.489935e+001
+1.410436e+004	   -2.956873e+001
+1.412783e+004	   -2.996771e+001
+1.415133e+004	   -2.843019e+001
+1.417488e+004	   -2.805090e+001
+1.419846e+004	   -2.818422e+001
+1.422208e+004	   -2.896093e+001
+1.424574e+004	   -2.843977e+001
+1.426945e+004	   -2.942355e+001
+1.429319e+004	   -2.789742e+001
+1.431697e+004	   -2.816264e+001
+1.434079e+004	   -2.701592e+001
+1.436465e+004	   -3.081832e+001
+1.438854e+004	   -2.846604e+001
+1.441248e+004	   -2.883472e+001
+1.443646e+004	   -2.871545e+001
+1.446048e+004	   -2.941283e+001
+1.448454e+004	   -2.938800e+001
+1.450864e+004	   -2.961441e+001
+1.453278e+004	   -2.931013e+001
+1.455696e+004	   -2.809689e+001
+1.458117e+004	   -2.958519e+001
+1.460543e+004	   -2.964669e+001
+1.462973e+004	   -2.875533e+001
+1.465407e+004	   -2.979291e+001
+1.467845e+004	   -2.924690e+001
+1.470288e+004	   -2.694290e+001
+1.472734e+004	   -2.847038e+001
+1.475184e+004	   -2.820464e+001
+1.477638e+004	   -2.893384e+001
+1.480097e+004	   -2.885084e+001
+1.482559e+004	   -2.838776e+001
+1.485026e+004	   -2.772478e+001
+1.487497e+004	   -2.834538e+001
+1.489971e+004	   -2.859554e+001
+1.492450e+004	   -3.003956e+001
+1.494933e+004	   -2.945562e+001
+1.497421e+004	   -2.952687e+001
+1.499912e+004	   -3.158835e+001
+1.502407e+004	   -3.013919e+001
+1.504907e+004	   -2.981612e+001
+1.507411e+004	   -3.226674e+001
+1.509919e+004	   -2.876166e+001
+1.512431e+004	   -2.888523e+001
+1.514947e+004	   -2.934374e+001
+1.517468e+004	   -2.997569e+001
+1.519992e+004	   -2.999649e+001
+1.522521e+004	   -3.063327e+001
+1.525054e+004	   -3.142694e+001
+1.527592e+004	   -3.294391e+001
+1.530133e+004	   -3.174212e+001
+1.532679e+004	   -3.094127e+001
+1.535229e+004	   -3.638259e+001
+1.537783e+004	   -3.153988e+001
+1.540342e+004	   -3.094893e+001
+1.542904e+004	   -3.366903e+001
+1.545471e+004	   -3.153507e+001
+1.548043e+004	   -3.355555e+001
+1.550618e+004	   -3.170397e+001
+1.553198e+004	   -3.231646e+001
+1.555782e+004	   -3.424106e+001
+1.558371e+004	   -3.104760e+001
+1.560963e+004	   -3.210166e+001
+1.563560e+004	   -3.190868e+001
+1.566162e+004	   -3.342932e+001
+1.568767e+004	   -3.048863e+001
+1.571377e+004	   -3.118206e+001
+1.573992e+004	   -2.907829e+001
+1.576611e+004	   -3.110094e+001
+1.579234e+004	   -3.093252e+001
+1.581861e+004	   -3.070218e+001
+1.584493e+004	   -3.181272e+001
+1.587129e+004	   -2.922312e+001
+1.589770e+004	   -3.339766e+001
+1.592415e+004	   -3.213172e+001
+1.595064e+004	   -3.238825e+001
+1.597718e+004	   -3.087711e+001
+1.600376e+004	   -3.046869e+001
+1.603039e+004	   -3.149803e+001
+1.605706e+004	   -3.462355e+001
+1.608377e+004	   -3.279423e+001
+1.611053e+004	   -3.266184e+001
+1.613733e+004	   -3.255335e+001
+1.616418e+004	   -3.430834e+001
+1.619108e+004	   -3.696329e+001
+1.621801e+004	   -3.282236e+001
+1.624500e+004	   -3.409172e+001
+1.627202e+004	   -3.216154e+001
+1.629910e+004	   -3.269483e+001
+1.632621e+004	   -3.170079e+001
+1.635338e+004	   -3.105411e+001
+1.638058e+004	   -3.112719e+001
+1.640784e+004	   -3.261599e+001
+1.643514e+004	   -3.158100e+001
+1.646248e+004	   -3.087484e+001
+1.648987e+004	   -3.311880e+001
+1.651730e+004	   -3.069753e+001
+1.654479e+004	   -3.808009e+001
+1.657231e+004	   -3.413189e+001
+1.659988e+004	   -3.307949e+001
+1.662750e+004	   -3.319769e+001
+1.665517e+004	   -3.361783e+001
+1.668288e+004	   -3.350756e+001
+1.671063e+004	   -3.691132e+001
+1.673843e+004	   -3.200211e+001
+1.676628e+004	   -3.185350e+001
+1.679418e+004	   -3.231527e+001
+1.682212e+004	   -3.287118e+001
+1.685011e+004	   -3.357183e+001
+1.687814e+004	   -3.279009e+001
+1.690622e+004	   -3.132405e+001
+1.693435e+004	   -3.148988e+001
+1.696252e+004	   -3.315861e+001
+1.699074e+004	   -3.235088e+001
+1.701901e+004	   -3.141273e+001
+1.704733e+004	   -3.160004e+001
+1.707569e+004	   -3.155101e+001
+1.710410e+004	   -2.987032e+001
+1.713256e+004	   -3.232758e+001
+1.716106e+004	   -3.015038e+001
+1.718961e+004	   -3.152126e+001
+1.721821e+004	   -3.284939e+001
+1.724686e+004	   -3.379391e+001
+1.727555e+004	   -3.383730e+001
+1.730430e+004	   -3.215036e+001
+1.733309e+004	   -3.050572e+001
+1.736192e+004	   -3.602486e+001
+1.739081e+004	   -3.260035e+001
+1.741974e+004	   -3.325642e+001
+1.744873e+004	   -3.372873e+001
+1.747776e+004	   -3.257520e+001
+1.750683e+004	   -3.428922e+001
+1.753596e+004	   -3.429617e+001
+1.756514e+004	   -3.439606e+001
+1.759436e+004	   -3.451100e+001
+1.762363e+004	   -3.178883e+001
+1.765296e+004	   -3.348441e+001
+1.768232e+004	   -3.589994e+001
+1.771174e+004	   -3.422305e+001
+1.774121e+004	   -3.276398e+001
+1.777073e+004	   -3.160825e+001
+1.780029e+004	   -3.247490e+001
+1.782991e+004	   -3.534618e+001
+1.785957e+004	   -3.432303e+001
+1.788929e+004	   -3.248880e+001
+1.791905e+004	   -3.522048e+001
+1.794886e+004	   -3.577572e+001
+1.797873e+004	   -3.396159e+001
+1.800864e+004	   -3.379136e+001
+1.803860e+004	   -3.217565e+001
+1.806861e+004	   -3.529520e+001
+1.809867e+004	   -3.088253e+001
+1.812879e+004	   -3.077407e+001
+1.815895e+004	   -3.610275e+001
+1.818916e+004	   -3.195061e+001
+1.821942e+004	   -3.143927e+001
+1.824973e+004	   -3.450357e+001
+1.828010e+004	   -3.479623e+001
+1.831051e+004	   -3.481455e+001
+1.834097e+004	   -3.364151e+001
+1.837149e+004	   -3.342284e+001
+1.840205e+004	   -3.526327e+001
+1.843267e+004	   -3.297525e+001
+1.846334e+004	   -3.521634e+001
+1.849406e+004	   -3.108847e+001
+1.852482e+004	   -3.190902e+001
+1.855565e+004	   -3.464036e+001
+1.858652e+004	   -3.284859e+001
+1.861744e+004	   -3.670853e+001
+1.864842e+004	   -3.252481e+001
+1.867944e+004	   -3.366502e+001
+1.871052e+004	   -3.409938e+001
+1.874165e+004	   -3.182636e+001
+1.877283e+004	   -3.396418e+001
+1.880406e+004	   -3.266088e+001
+1.883535e+004	   -3.353054e+001
+1.886669e+004	   -3.238828e+001
+1.889808e+004	   -3.356310e+001
+1.892952e+004	   -3.276931e+001
+1.896101e+004	   -3.137002e+001
+1.899256e+004	   -3.194576e+001
+1.902416e+004	   -3.390347e+001
+1.905581e+004	   -3.239093e+001
+1.908751e+004	   -3.482207e+001
+1.911927e+004	   -3.443293e+001
+1.915108e+004	   -3.459628e+001
+1.918294e+004	   -3.383773e+001
+1.921486e+004	   -3.306245e+001
+1.924682e+004	   -3.424219e+001
+1.927885e+004	   -3.534293e+001
+1.931092e+004	   -3.602211e+001
+1.934305e+004	   -3.579098e+001
+1.937523e+004	   -3.458492e+001
+1.940747e+004	   -3.456050e+001
+1.943976e+004	   -3.469165e+001
+1.947210e+004	   -3.483942e+001
+1.950450e+004	   -3.824786e+001
+1.953695e+004	   -3.263663e+001
+1.956945e+004	   -3.156595e+001
+1.960201e+004	   -3.658913e+001
+1.963462e+004	   -3.629089e+001
+1.966729e+004	   -3.274406e+001
+1.970001e+004	   -3.174346e+001
+1.973279e+004	   -3.267491e+001
+1.976562e+004	   -3.359206e+001
+1.979850e+004	   -3.274339e+001
+1.983144e+004	   -3.310299e+001
+1.986444e+004	   -3.339376e+001
+1.989749e+004	   -3.332123e+001
+1.993059e+004	   -3.369118e+001
+1.996375e+004	   -3.387858e+001
+1.999696e+004	   -3.535468e+001
+2.003023e+004	   -3.441114e+001
+2.006356e+004	   -3.477619e+001
+2.009694e+004	   -3.300708e+001
+2.013038e+004	   -3.459149e+001
+2.016387e+004	   -3.359245e+001
+2.019742e+004	   -3.427533e+001
+2.023102e+004	   -3.412703e+001
+2.026468e+004	   -3.458117e+001
+2.029839e+004	   -3.388799e+001
+2.033217e+004	   -3.266198e+001
+2.036599e+004	   -3.213308e+001
+2.039988e+004	   -3.383349e+001
+2.043382e+004	   -3.288242e+001
+2.046781e+004	   -3.518645e+001
+2.050187e+004	   -3.231662e+001
+2.053598e+004	   -3.468511e+001
+2.057014e+004	   -3.265351e+001
+2.060437e+004	   -3.296727e+001
+2.063865e+004	   -3.323379e+001
+2.067298e+004	   -3.298014e+001
+2.070738e+004	   -3.438400e+001
+2.074183e+004	   -3.238580e+001
+2.077634e+004	   -3.303255e+001
+2.081091e+004	   -3.204005e+001
+2.084553e+004	   -3.077468e+001
+2.088021e+004	   -3.249371e+001
+2.091495e+004	   -3.082065e+001
+2.094975e+004	   -3.463941e+001
+2.098461e+004	   -3.317125e+001
+2.101952e+004	   -3.296173e+001
+2.105449e+004	   -3.384997e+001
+2.108952e+004	   -3.387276e+001
+2.112461e+004	   -3.348523e+001
+2.115975e+004	   -3.502064e+001
+2.119496e+004	   -3.508650e+001
+2.123022e+004	   -3.326211e+001
+2.126554e+004	   -3.399001e+001
+2.130092e+004	   -3.520848e+001
+2.133636e+004	   -3.351435e+001
+2.137186e+004	   -3.465727e+001
+2.140742e+004	   -3.330009e+001
+2.144303e+004	   -3.399181e+001
+2.147871e+004	   -3.408597e+001
+2.151444e+004	   -3.514672e+001
+2.155024e+004	   -3.631718e+001
+2.158609e+004	   -3.533829e+001
+2.162201e+004	   -3.437474e+001
+2.165798e+004	   -3.449957e+001
+2.169401e+004	   -3.537996e+001
+2.173011e+004	   -3.751812e+001
+2.176626e+004	   -3.603817e+001
+2.180247e+004	   -3.482664e+001
+2.183875e+004	   -3.503922e+001
+2.187508e+004	   -3.480814e+001
+2.191148e+004	   -3.379287e+001
+2.194793e+004	   -3.505983e+001
+2.198445e+004	   -3.561474e+001
+2.202102e+004	   -3.431698e+001
+2.205766e+004	   -3.387848e+001
+2.209436e+004	   -3.425100e+001
+2.213112e+004	   -3.583490e+001
+2.216794e+004	   -3.711104e+001
+2.220482e+004	   -3.463815e+001
+2.224176e+004	   -3.492109e+001
+2.227877e+004	   -3.512201e+001
+2.231584e+004	   -3.510154e+001
+2.235296e+004	   -3.440848e+001
+2.239015e+004	   -3.404141e+001
+2.242740e+004	   -3.384814e+001
+2.246472e+004	   -3.639386e+001
+2.250209e+004	   -3.356403e+001
+2.253953e+004	   -3.443051e+001
+2.257703e+004	   -3.406837e+001
+2.261459e+004	   -3.415596e+001
+2.265222e+004	   -3.219998e+001
+2.268991e+004	   -3.285682e+001
+2.272766e+004	   -3.482421e+001
+2.276547e+004	   -3.461528e+001
+2.280335e+004	   -3.449806e+001
+2.284129e+004	   -3.523647e+001
+2.287929e+004	   -3.427572e+001
+2.291735e+004	   -3.541208e+001
+2.295548e+004	   -3.474335e+001
+2.299367e+004	   -3.489314e+001
+2.303193e+004	   -3.630568e+001
+2.307025e+004	   -3.710445e+001
+2.310863e+004	   -3.492153e+001
+2.314708e+004	   -3.532339e+001
+2.318559e+004	   -3.734307e+001
+2.322416e+004	   -3.592091e+001
+2.326280e+004	   -3.577776e+001
+2.330151e+004	   -3.523349e+001
+2.334027e+004	   -3.789562e+001
+2.337911e+004	   -3.411426e+001
+2.341800e+004	   -3.340392e+001
+2.345696e+004	   -3.469703e+001
+2.349599e+004	   -3.571474e+001
+2.353508e+004	   -3.563596e+001
+2.357424e+004	   -3.701948e+001
+2.361346e+004	   -3.656014e+001
+2.365275e+004	   -3.575533e+001
+2.369210e+004	   -3.654103e+001
+2.373152e+004	   -3.578304e+001
+2.377100e+004	   -3.522424e+001
+2.381055e+004	   -3.565825e+001
+2.385016e+004	   -3.348218e+001
+2.388985e+004	   -3.597721e+001
+2.392959e+004	   -3.618332e+001
+2.396940e+004	   -3.497973e+001
+2.400928e+004	   -3.411486e+001
+2.404923e+004	   -3.403691e+001
+2.408924e+004	   -3.726790e+001
+2.412932e+004	   -3.446273e+001
+2.416946e+004	   -3.591704e+001
+2.420968e+004	   -3.605088e+001
+2.424996e+004	   -3.592207e+001
+2.429030e+004	   -3.605874e+001
+2.433071e+004	   -3.628297e+001
+2.437119e+004	   -3.768493e+001
+2.441174e+004	   -3.339771e+001
+2.445236e+004	   -3.653071e+001
+2.449304e+004	   -3.585494e+001
+2.453379e+004	   -3.554137e+001
+2.457461e+004	   -3.728010e+001
+2.461549e+004	   -3.689224e+001
+2.465645e+004	   -3.626728e+001
+2.469747e+004	   -3.485183e+001
+2.473856e+004	   -3.933210e+001
+2.477972e+004	   -3.718378e+001
+2.482095e+004	   -3.598002e+001
+2.486224e+004	   -3.624308e+001
+2.490361e+004	   -3.683348e+001
+2.494504e+004	   -3.381844e+001
+2.498654e+004	   -3.762334e+001
+2.502811e+004	   -3.665647e+001
+2.506975e+004	   -3.511753e+001
+2.511146e+004	   -3.576524e+001
+2.515324e+004	   -3.683781e+001
+2.519509e+004	   -3.532780e+001
+2.523701e+004	   -3.715610e+001
+2.527900e+004	   -3.781777e+001
+2.532105e+004	   -3.655749e+001
+2.536318e+004	   -3.615491e+001
+2.540538e+004	   -3.905309e+001
+2.544765e+004	   -4.124619e+001
+2.548999e+004	   -3.576757e+001
+2.553239e+004	   -3.744102e+001
+2.557488e+004	   -3.525994e+001
+2.561742e+004	   -3.701336e+001
+2.566004e+004	   -3.613832e+001
+2.570274e+004	   -3.583566e+001
+2.574550e+004	   -3.474607e+001
+2.578833e+004	   -3.643784e+001
+2.583124e+004	   -3.687749e+001
+2.587422e+004	   -3.506110e+001
+2.591726e+004	   -3.847992e+001
+2.596038e+004	   -3.775173e+001
+2.600358e+004	   -3.579869e+001
+2.604684e+004	   -3.556964e+001
+2.609017e+004	   -3.508287e+001
+2.613358e+004	   -3.674685e+001
+2.617706e+004	   -3.525081e+001
+2.622061e+004	   -3.632684e+001
+2.626424e+004	   -3.878986e+001
+2.630794e+004	   -3.647142e+001
+2.635171e+004	   -3.695280e+001
+2.639555e+004	   -3.521599e+001
+2.643946e+004	   -3.885551e+001
+2.648345e+004	   -3.782463e+001
+2.652751e+004	   -3.864291e+001
+2.657165e+004	   -3.540810e+001
+2.661586e+004	   -3.980811e+001
+2.666014e+004	   -3.694634e+001
+2.670449e+004	   -4.054711e+001
+2.674892e+004	   -3.886207e+001
+2.679343e+004	   -3.674950e+001
+2.683800e+004	   -3.934876e+001
+2.688266e+004	   -3.872978e+001
+2.692738e+004	   -3.724496e+001
+2.697218e+004	   -3.766800e+001
+2.701706e+004	   -3.783689e+001
+2.706201e+004	   -3.611184e+001
+2.710703e+004	   -3.595742e+001
+2.715213e+004	   -3.717853e+001
+2.719730e+004	   -3.743640e+001
+2.724255e+004	   -3.432935e+001
+2.728788e+004	   -3.764493e+001
+2.733328e+004	   -3.719770e+001
+2.737876e+004	   -3.892065e+001
+2.742431e+004	   -3.758611e+001
+2.746993e+004	   -3.494726e+001
+2.751564e+004	   -3.892868e+001
+2.756142e+004	   -3.681046e+001
+2.760727e+004	   -3.699117e+001
+2.765320e+004	   -3.569007e+001
+2.769921e+004	   -3.643747e+001
+2.774529e+004	   -3.692809e+001
+2.779146e+004	   -3.701718e+001
+2.783769e+004	   -4.005643e+001
+2.788401e+004	   -3.788567e+001
+2.793040e+004	   -3.650841e+001
+2.797687e+004	   -3.651232e+001
+2.802342e+004	   -3.564280e+001
+2.807004e+004	   -3.903672e+001
+2.811674e+004	   -3.734858e+001
+2.816352e+004	   -3.665889e+001
+2.821038e+004	   -4.046300e+001
+2.825731e+004	   -3.722530e+001
+2.830433e+004	   -3.671245e+001
+2.835142e+004	   -3.574182e+001
+2.839859e+004	   -3.688307e+001
+2.844583e+004	   -3.925927e+001
+2.849316e+004	   -3.661652e+001
+2.854057e+004	   -3.917332e+001
+2.858805e+004	   -3.639183e+001
+2.863561e+004	   -3.765748e+001
+2.868326e+004	   -3.695027e+001
+2.873098e+004	   -3.868489e+001
+2.877878e+004	   -3.739217e+001
+2.882666e+004	   -3.765353e+001
+2.887462e+004	   -3.818385e+001
+2.892266e+004	   -3.691814e+001
+2.897078e+004	   -3.780586e+001
+2.901898e+004	   -3.921327e+001
+2.906726e+004	   -3.735692e+001
+2.911562e+004	   -3.461599e+001
+2.916406e+004	   -3.545915e+001
+2.921258e+004	   -4.147993e+001
+2.926119e+004	   -3.653567e+001
+2.930987e+004	   -3.813612e+001
+2.935863e+004	   -3.955524e+001
+2.940748e+004	   -3.897200e+001
+2.945640e+004	   -3.678693e+001
+2.950541e+004	   -3.947044e+001
+2.955450e+004	   -3.717994e+001
+2.960367e+004	   -3.830901e+001
+2.965293e+004	   -3.796650e+001
+2.970226e+004	   -3.903430e+001
+2.975168e+004	   -3.886589e+001
+2.980118e+004	   -3.737046e+001
+2.985076e+004	   -3.783124e+001
+2.990042e+004	   -3.942774e+001
+2.995017e+004	   -3.604819e+001
+3.000000e+004	   -3.669458e+001
