+1.700000e+004	   +1.480535e-005
+1.700100e+004	   +1.537923e-005
+1.700200e+004	   +1.540661e-005
+1.700300e+004	   +1.666971e-005
+1.700400e+004	   +1.922811e-005
+1.700500e+004	   +1.823122e-005
+1.700600e+004	   +2.093129e-005
+1.700700e+004	   +2.408242e-005
+1.700800e+004	   +2.140926e-005
+1.700900e+004	   +1.950977e-005
+1.701000e+004	   +2.106802e-005
+1.701100e+004	   +2.162279e-005
+1.701200e+004	   +2.209005e-005
+1.701300e+004	   +2.130550e-005
+1.701400e+004	   +2.049844e-005
+1.701500e+004	   +2.028777e-005
+1.701600e+004	   +1.786891e-005
+1.701700e+004	   +1.803660e-005
+1.701800e+004	   +1.741637e-005
+1.701900e+004	   +1.888365e-005
+1.702000e+004	   +2.087898e-005
+1.702100e+004	   +2.087983e-005
+1.702200e+004	   +1.911427e-005
+1.702300e+004	   +1.748364e-005
+1.702400e+004	   +1.860287e-005
+1.702500e+004	   +1.956376e-005
+1.702600e+004	   +1.872763e-005
+1.702700e+004	   +1.711946e-005
+1.702800e+004	   +1.760448e-005
+1.702900e+004	   +1.809481e-005
+1.703000e+004	   +1.894745e-005
+1.703100e+004	   +2.113846e-005
+1.703200e+004	   +2.163837e-005
+1.703300e+004	   +1.849940e-005
+1.703400e+004	   +1.770856e-005
+1.703500e+004	   +1.780907e-005
+1.703600e+004	   +1.715016e-005
+1.703700e+004	   +1.647656e-005
+1.703800e+004	   +1.692943e-005
+1.703900e+004	   +1.725095e-005
+1.704000e+004	   +1.772881e-005
+1.704100e+004	   +1.828928e-005
+1.704200e+004	   +1.905033e-005
+1.704300e+004	   +2.145437e-005
+1.704400e+004	   +2.065256e-005
+1.704500e+004	   +1.851541e-005
+1.704600e+004	   +1.891560e-005
+1.704700e+004	   +2.062188e-005
+1.704800e+004	   +1.979528e-005
+1.704900e+004	   +1.888240e-005
+1.705000e+004	   +1.784560e-005
+1.705100e+004	   +1.646193e-005
+1.705200e+004	   +1.892183e-005
+1.705300e+004	   +2.178273e-005
+1.705400e+004	   +1.956686e-005
+1.705500e+004	   +1.865451e-005
+1.705600e+004	   +1.908550e-005
+1.705700e+004	   +1.830061e-005
+1.705800e+004	   +1.875195e-005
+1.705900e+004	   +1.982782e-005
+1.706000e+004	   +1.826423e-005
+1.706100e+004	   +2.034932e-005
+1.706200e+004	   +2.096321e-005
+1.706300e+004	   +1.996208e-005
+1.706400e+004	   +1.934551e-005
+1.706500e+004	   +1.793100e-005
+1.706600e+004	   +1.848139e-005
+1.706700e+004	   +2.238475e-005
+1.706800e+004	   +2.052328e-005
+1.706900e+004	   +1.747027e-005
+1.707000e+004	   +1.808329e-005
+1.707100e+004	   +1.800689e-005
+1.707200e+004	   +2.018334e-005
+1.707300e+004	   +2.380760e-005
+1.707400e+004	   +2.348340e-005
+1.707500e+004	   +2.116876e-005
+1.707600e+004	   +2.006317e-005
+1.707700e+004	   +2.157776e-005
+1.707800e+004	   +2.020723e-005
+1.707900e+004	   +1.908533e-005
+1.708000e+004	   +1.902274e-005
+1.708100e+004	   +1.973471e-005
+1.708200e+004	   +1.927882e-005
+1.708300e+004	   +1.945023e-005
+1.708400e+004	   +2.036754e-005
+1.708500e+004	   +2.000321e-005
+1.708600e+004	   +1.789992e-005
+1.708700e+004	   +1.934502e-005
+1.708800e+004	   +2.016864e-005
+1.708900e+004	   +1.849424e-005
+1.709000e+004	   +1.837050e-005
+1.709100e+004	   +1.684768e-005
+1.709200e+004	   +1.566072e-005
+1.709300e+004	   +1.765482e-005
+1.709400e+004	   +1.669895e-005
+1.709500e+004	   +1.550324e-005
+1.709600e+004	   +1.812340e-005
+1.709700e+004	   +1.948605e-005
+1.709800e+004	   +2.063673e-005
+1.709900e+004	   +2.083561e-005
+1.710000e+004	   +2.083625e-005
+1.710100e+004	   +2.202206e-005
+1.710200e+004	   +2.210842e-005
+1.710300e+004	   +2.087394e-005
+1.710400e+004	   +1.929243e-005
+1.710500e+004	   +1.858868e-005
+1.710600e+004	   +1.959607e-005
+1.710700e+004	   +1.782285e-005
+1.710800e+004	   +1.737132e-005
+1.710900e+004	   +1.841123e-005
+1.711000e+004	   +2.086255e-005
+1.711100e+004	   +2.215693e-005
+1.711200e+004	   +2.175721e-005
+1.711300e+004	   +2.108056e-005
+1.711400e+004	   +2.119868e-005
+1.711500e+004	   +1.999911e-005
+1.711600e+004	   +1.861511e-005
+1.711700e+004	   +2.010673e-005
+1.711800e+004	   +2.098818e-005
+1.711900e+004	   +2.071112e-005
+1.712000e+004	   +2.097818e-005
+1.712100e+004	   +2.079716e-005
+1.712200e+004	   +1.965419e-005
+1.712300e+004	   +1.890545e-005
+1.712400e+004	   +1.902543e-005
+1.712500e+004	   +1.856585e-005
+1.712600e+004	   +1.901516e-005
+1.712700e+004	   +1.890516e-005
+1.712800e+004	   +1.851069e-005
+1.712900e+004	   +1.671441e-005
+1.713000e+004	   +1.753772e-005
+1.713100e+004	   +1.823302e-005
+1.713200e+004	   +1.657292e-005
+1.713300e+004	   +1.539839e-005
+1.713400e+004	   +1.559013e-005
+1.713500e+004	   +1.459986e-005
+1.713600e+004	   +1.567593e-005
+1.713700e+004	   +1.829500e-005
+1.713800e+004	   +1.944807e-005
+1.713900e+004	   +1.854338e-005
+1.714000e+004	   +1.709393e-005
+1.714100e+004	   +1.819800e-005
+1.714200e+004	   +1.925864e-005
+1.714300e+004	   +1.836651e-005
+1.714400e+004	   +1.857915e-005
+1.714500e+004	   +1.864665e-005
+1.714600e+004	   +1.868432e-005
+1.714700e+004	   +2.055278e-005
+1.714800e+004	   +1.949044e-005
+1.714900e+004	   +1.683644e-005
+1.715000e+004	   +1.455213e-005
+1.715100e+004	   +1.618580e-005
+1.715200e+004	   +2.014953e-005
+1.715300e+004	   +2.089859e-005
+1.715400e+004	   +2.026522e-005
+1.715500e+004	   +1.900583e-005
+1.715600e+004	   +1.624887e-005
+1.715700e+004	   +1.850588e-005
+1.715800e+004	   +1.918997e-005
+1.715900e+004	   +1.680146e-005
+1.716000e+004	   +1.658699e-005
+1.716100e+004	   +1.820753e-005
+1.716200e+004	   +2.132069e-005
+1.716300e+004	   +2.363936e-005
+1.716400e+004	   +2.200690e-005
+1.716500e+004	   +2.023522e-005
+1.716600e+004	   +2.227134e-005
+1.716700e+004	   +2.399653e-005
+1.716800e+004	   +2.382345e-005
+1.716900e+004	   +2.205683e-005
+1.717000e+004	   +1.984540e-005
+1.717100e+004	   +1.826554e-005
+1.717200e+004	   +1.893333e-005
+1.717300e+004	   +1.736282e-005
+1.717400e+004	   +1.654078e-005
+1.717500e+004	   +1.844204e-005
+1.717600e+004	   +1.841083e-005
+1.717700e+004	   +1.818226e-005
+1.717800e+004	   +1.833564e-005
+1.717900e+004	   +1.904249e-005
+1.718000e+004	   +1.969372e-005
+1.718100e+004	   +1.942927e-005
+1.718200e+004	   +1.956267e-005
+1.718300e+004	   +1.984316e-005
+1.718400e+004	   +2.157094e-005
+1.718500e+004	   +2.282641e-005
+1.718600e+004	   +2.118783e-005
+1.718700e+004	   +2.067999e-005
+1.718800e+004	   +2.155751e-005
+1.718900e+004	   +2.028717e-005
+1.719000e+004	   +2.043610e-005
+1.719100e+004	   +2.151509e-005
+1.719200e+004	   +1.973537e-005
+1.719300e+004	   +2.019019e-005
+1.719400e+004	   +1.937059e-005
+1.719500e+004	   +1.728062e-005
+1.719600e+004	   +1.591299e-005
+1.719700e+004	   +1.804244e-005
+1.719800e+004	   +1.949311e-005
+1.719900e+004	   +1.728282e-005
+1.720000e+004	   +1.699318e-005
+1.720100e+004	   +1.824956e-005
+1.720200e+004	   +1.867441e-005
+1.720300e+004	   +1.864057e-005
+1.720400e+004	   +1.806843e-005
+1.720500e+004	   +1.788962e-005
+1.720600e+004	   +1.960716e-005
+1.720700e+004	   +1.932814e-005
+1.720800e+004	   +1.699178e-005
+1.720900e+004	   +1.702846e-005
+1.721000e+004	   +1.849641e-005
+1.721100e+004	   +1.803545e-005
+1.721200e+004	   +1.846395e-005
+1.721300e+004	   +2.031487e-005
+1.721400e+004	   +2.049918e-005
+1.721500e+004	   +1.916742e-005
+1.721600e+004	   +1.840014e-005
+1.721700e+004	   +1.894370e-005
+1.721800e+004	   +1.922414e-005
+1.721900e+004	   +1.854198e-005
+1.722000e+004	   +1.992032e-005
+1.722100e+004	   +2.089272e-005
+1.722200e+004	   +2.093051e-005
+1.722300e+004	   +2.315514e-005
+1.722400e+004	   +2.251032e-005
+1.722500e+004	   +2.212037e-005
+1.722600e+004	   +2.102035e-005
+1.722700e+004	   +1.867911e-005
+1.722800e+004	   +1.692451e-005
+1.722900e+004	   +1.786142e-005
+1.723000e+004	   +1.980085e-005
+1.723100e+004	   +2.089639e-005
+1.723200e+004	   +2.188276e-005
+1.723300e+004	   +2.106818e-005
+1.723400e+004	   +2.067974e-005
+1.723500e+004	   +2.127252e-005
+1.723600e+004	   +2.131151e-005
+1.723700e+004	   +2.088916e-005
+1.723800e+004	   +1.833576e-005
+1.723900e+004	   +1.973998e-005
+1.724000e+004	   +2.106702e-005
+1.724100e+004	   +1.884831e-005
+1.724200e+004	   +1.854605e-005
+1.724300e+004	   +1.860467e-005
+1.724400e+004	   +1.723157e-005
+1.724500e+004	   +1.586538e-005
+1.724600e+004	   +1.627819e-005
+1.724700e+004	   +1.895279e-005
+1.724800e+004	   +2.041164e-005
+1.724900e+004	   +2.045732e-005
+1.725000e+004	   +1.992636e-005
+1.725100e+004	   +1.901969e-005
+1.725200e+004	   +1.928536e-005
+1.725300e+004	   +1.928689e-005
+1.725400e+004	   +1.854560e-005
+1.725500e+004	   +2.096579e-005
+1.725600e+004	   +2.119828e-005
+1.725700e+004	   +2.023540e-005
+1.725800e+004	   +1.945961e-005
+1.725900e+004	   +1.982926e-005
+1.726000e+004	   +1.794872e-005
+1.726100e+004	   +1.607712e-005
+1.726200e+004	   +1.819656e-005
+1.726300e+004	   +1.994116e-005
+1.726400e+004	   +1.997385e-005
+1.726500e+004	   +1.925538e-005
+1.726600e+004	   +1.917830e-005
+1.726700e+004	   +1.877148e-005
+1.726800e+004	   +1.792566e-005
+1.726900e+004	   +1.916698e-005
+1.727000e+004	   +1.884069e-005
+1.727100e+004	   +2.008892e-005
+1.727200e+004	   +2.074253e-005
+1.727300e+004	   +1.972321e-005
+1.727400e+004	   +1.916294e-005
+1.727500e+004	   +1.857854e-005
+1.727600e+004	   +2.012751e-005
+1.727700e+004	   +1.909975e-005
+1.727800e+004	   +1.627290e-005
+1.727900e+004	   +1.735026e-005
+1.728000e+004	   +1.820151e-005
+1.728100e+004	   +1.821017e-005
+1.728200e+004	   +1.713988e-005
+1.728300e+004	   +1.505324e-005
+1.728400e+004	   +1.558196e-005
+1.728500e+004	   +1.751585e-005
+1.728600e+004	   +1.942281e-005
+1.728700e+004	   +1.921667e-005
+1.728800e+004	   +1.915066e-005
+1.728900e+004	   +2.001666e-005
+1.729000e+004	   +1.959276e-005
+1.729100e+004	   +2.098753e-005
+1.729200e+004	   +2.029089e-005
+1.729300e+004	   +1.897459e-005
+1.729400e+004	   +1.930977e-005
+1.729500e+004	   +2.151282e-005
+1.729600e+004	   +2.215107e-005
+1.729700e+004	   +1.981955e-005
+1.729800e+004	   +1.971981e-005
+1.729900e+004	   +2.073264e-005
+1.730000e+004	   +1.866959e-005
+1.730100e+004	   +1.511581e-005
+1.730200e+004	   +1.632825e-005
+1.730300e+004	   +1.550789e-005
+1.730400e+004	   +1.563482e-005
+1.730500e+004	   +1.968289e-005
+1.730600e+004	   +2.265075e-005
+1.730700e+004	   +2.041650e-005
+1.730800e+004	   +1.897180e-005
+1.730900e+004	   +2.034693e-005
+1.731000e+004	   +1.953417e-005
+1.731100e+004	   +2.029314e-005
+1.731200e+004	   +2.180295e-005
+1.731300e+004	   +1.871945e-005
+1.731400e+004	   +1.673112e-005
+1.731500e+004	   +1.651017e-005
+1.731600e+004	   +2.037897e-005
+1.731700e+004	   +2.178041e-005
+1.731800e+004	   +2.053417e-005
+1.731900e+004	   +2.013697e-005
+1.732000e+004	   +1.822797e-005
+1.732100e+004	   +1.906204e-005
+1.732200e+004	   +2.074833e-005
+1.732300e+004	   +2.107524e-005
+1.732400e+004	   +2.048224e-005
+1.732500e+004	   +1.945978e-005
+1.732600e+004	   +1.943328e-005
+1.732700e+004	   +1.908558e-005
+1.732800e+004	   +1.962075e-005
+1.732900e+004	   +1.890290e-005
+1.733000e+004	   +1.862741e-005
+1.733100e+004	   +2.104353e-005
+1.733200e+004	   +2.009172e-005
+1.733300e+004	   +1.765259e-005
+1.733400e+004	   +1.661838e-005
+1.733500e+004	   +1.754653e-005
+1.733600e+004	   +1.907995e-005
+1.733700e+004	   +1.833325e-005
+1.733800e+004	   +1.722863e-005
+1.733900e+004	   +1.723015e-005
+1.734000e+004	   +2.006906e-005
+1.734100e+004	   +2.166410e-005
+1.734200e+004	   +2.125993e-005
+1.734300e+004	   +2.111790e-005
+1.734400e+004	   +2.096107e-005
+1.734500e+004	   +1.918309e-005
+1.734600e+004	   +1.651728e-005
+1.734700e+004	   +1.833490e-005
+1.734800e+004	   +1.919016e-005
+1.734900e+004	   +1.823035e-005
+1.735000e+004	   +1.969056e-005
+1.735100e+004	   +2.123499e-005
+1.735200e+004	   +1.927114e-005
+1.735300e+004	   +1.715506e-005
+1.735400e+004	   +1.811714e-005
+1.735500e+004	   +1.942180e-005
+1.735600e+004	   +1.861878e-005
+1.735700e+004	   +2.066505e-005
+1.735800e+004	   +2.188829e-005
+1.735900e+004	   +2.095314e-005
+1.736000e+004	   +1.820571e-005
+1.736100e+004	   +1.707131e-005
+1.736200e+004	   +1.920192e-005
+1.736300e+004	   +2.116407e-005
+1.736400e+004	   +2.225389e-005
+1.736500e+004	   +2.268457e-005
+1.736600e+004	   +1.940533e-005
+1.736700e+004	   +1.646070e-005
+1.736800e+004	   +1.756505e-005
+1.736900e+004	   +1.808258e-005
+1.737000e+004	   +1.716012e-005
+1.737100e+004	   +1.738132e-005
+1.737200e+004	   +1.845270e-005
+1.737300e+004	   +1.952775e-005
+1.737400e+004	   +2.055154e-005
+1.737500e+004	   +2.203294e-005
+1.737600e+004	   +2.107616e-005
+1.737700e+004	   +2.098062e-005
+1.737800e+004	   +1.986899e-005
+1.737900e+004	   +1.719028e-005
+1.738000e+004	   +1.662139e-005
+1.738100e+004	   +1.776673e-005
+1.738200e+004	   +1.668764e-005
+1.738300e+004	   +1.582311e-005
+1.738400e+004	   +1.779799e-005
+1.738500e+004	   +1.883858e-005
+1.738600e+004	   +1.820407e-005
+1.738700e+004	   +1.897368e-005
+1.738800e+004	   +2.138081e-005
+1.738900e+004	   +2.311424e-005
+1.739000e+004	   +2.400383e-005
+1.739100e+004	   +2.309940e-005
+1.739200e+004	   +2.103192e-005
+1.739300e+004	   +1.936501e-005
+1.739400e+004	   +2.045372e-005
+1.739500e+004	   +1.873434e-005
+1.739600e+004	   +1.752231e-005
+1.739700e+004	   +1.818314e-005
+1.739800e+004	   +1.735466e-005
+1.739900e+004	   +1.879020e-005
+1.740000e+004	   +2.018007e-005
+1.740100e+004	   +1.703843e-005
+1.740200e+004	   +1.455050e-005
+1.740300e+004	   +1.658164e-005
+1.740400e+004	   +1.816705e-005
+1.740500e+004	   +1.948115e-005
+1.740600e+004	   +1.981074e-005
+1.740700e+004	   +1.981623e-005
+1.740800e+004	   +1.858041e-005
+1.740900e+004	   +1.689134e-005
+1.741000e+004	   +1.844020e-005
+1.741100e+004	   +2.097627e-005
+1.741200e+004	   +2.073635e-005
+1.741300e+004	   +1.903835e-005
+1.741400e+004	   +2.050468e-005
+1.741500e+004	   +2.142869e-005
+1.741600e+004	   +1.791057e-005
+1.741700e+004	   +1.590799e-005
+1.741800e+004	   +1.819166e-005
+1.741900e+004	   +1.859462e-005
+1.742000e+004	   +1.641242e-005
+1.742100e+004	   +1.515102e-005
+1.742200e+004	   +1.629425e-005
+1.742300e+004	   +1.722803e-005
+1.742400e+004	   +1.713531e-005
+1.742500e+004	   +1.697582e-005
+1.742600e+004	   +1.634016e-005
+1.742700e+004	   +1.857611e-005
+1.742800e+004	   +2.006491e-005
+1.742900e+004	   +1.824097e-005
+1.743000e+004	   +1.817675e-005
+1.743100e+004	   +1.860244e-005
+1.743200e+004	   +1.774525e-005
+1.743300e+004	   +1.578912e-005
+1.743400e+004	   +1.839656e-005
+1.743500e+004	   +1.937182e-005
+1.743600e+004	   +1.963379e-005
+1.743700e+004	   +1.913983e-005
+1.743800e+004	   +1.813037e-005
+1.743900e+004	   +1.845554e-005
+1.744000e+004	   +1.975696e-005
+1.744100e+004	   +1.904901e-005
+1.744200e+004	   +1.907176e-005
+1.744300e+004	   +1.962036e-005
+1.744400e+004	   +1.865957e-005
+1.744500e+004	   +1.753349e-005
+1.744600e+004	   +1.828809e-005
+1.744700e+004	   +1.858839e-005
+1.744800e+004	   +1.716340e-005
+1.744900e+004	   +1.603298e-005
+1.745000e+004	   +1.694522e-005
+1.745100e+004	   +1.828450e-005
+1.745200e+004	   +1.704567e-005
+1.745300e+004	   +1.610643e-005
+1.745400e+004	   +1.860759e-005
+1.745500e+004	   +2.047035e-005
+1.745600e+004	   +1.937567e-005
+1.745700e+004	   +1.726516e-005
+1.745800e+004	   +1.714847e-005
+1.745900e+004	   +1.746706e-005
+1.746000e+004	   +1.866260e-005
+1.746100e+004	   +2.020661e-005
+1.746200e+004	   +2.075827e-005
+1.746300e+004	   +2.118123e-005
+1.746400e+004	   +2.177073e-005
+1.746500e+004	   +1.956183e-005
+1.746600e+004	   +1.768548e-005
+1.746700e+004	   +1.922606e-005
+1.746800e+004	   +2.058254e-005
+1.746900e+004	   +1.844174e-005
+1.747000e+004	   +1.649727e-005
+1.747100e+004	   +1.702181e-005
+1.747200e+004	   +1.723181e-005
+1.747300e+004	   +1.991059e-005
+1.747400e+004	   +2.035423e-005
+1.747500e+004	   +1.768326e-005
+1.747600e+004	   +1.918410e-005
+1.747700e+004	   +2.127130e-005
+1.747800e+004	   +2.121754e-005
+1.747900e+004	   +1.814535e-005
+1.748000e+004	   +1.713772e-005
+1.748100e+004	   +2.085534e-005
+1.748200e+004	   +2.239289e-005
+1.748300e+004	   +2.122115e-005
+1.748400e+004	   +2.105169e-005
+1.748500e+004	   +2.062656e-005
+1.748600e+004	   +2.109531e-005
+1.748700e+004	   +2.106959e-005
+1.748800e+004	   +2.098977e-005
+1.748900e+004	   +2.027897e-005
+1.749000e+004	   +2.068910e-005
+1.749100e+004	   +2.306873e-005
+1.749200e+004	   +2.188094e-005
+1.749300e+004	   +2.071439e-005
+1.749400e+004	   +2.202411e-005
+1.749500e+004	   +1.964584e-005
+1.749600e+004	   +1.759777e-005
+1.749700e+004	   +1.877876e-005
+1.749800e+004	   +1.795834e-005
+1.749900e+004	   +1.573501e-005
+1.750000e+004	   +1.683782e-005
+1.750100e+004	   +2.088201e-005
+1.750200e+004	   +2.044638e-005
+1.750300e+004	   +1.968293e-005
+1.750400e+004	   +2.125111e-005
+1.750500e+004	   +2.164049e-005
+1.750600e+004	   +1.988481e-005
+1.750700e+004	   +1.968635e-005
+1.750800e+004	   +1.884661e-005
+1.750900e+004	   +1.809964e-005
+1.751000e+004	   +1.906745e-005
+1.751100e+004	   +1.979115e-005
+1.751200e+004	   +1.902213e-005
+1.751300e+004	   +1.856471e-005
+1.751400e+004	   +1.772786e-005
+1.751500e+004	   +1.713821e-005
+1.751600e+004	   +1.912023e-005
+1.751700e+004	   +2.022534e-005
+1.751800e+004	   +1.944786e-005
+1.751900e+004	   +1.808893e-005
+1.752000e+004	   +1.856895e-005
+1.752100e+004	   +1.729634e-005
+1.752200e+004	   +1.683195e-005
+1.752300e+004	   +1.681922e-005
+1.752400e+004	   +1.846310e-005
+1.752500e+004	   +1.958753e-005
+1.752600e+004	   +1.856799e-005
+1.752700e+004	   +1.962919e-005
+1.752800e+004	   +2.136483e-005
+1.752900e+004	   +2.198449e-005
+1.753000e+004	   +2.168282e-005
+1.753100e+004	   +2.041067e-005
+1.753200e+004	   +1.800895e-005
+1.753300e+004	   +1.564780e-005
+1.753400e+004	   +1.511613e-005
+1.753500e+004	   +1.538999e-005
+1.753600e+004	   +1.592720e-005
+1.753700e+004	   +1.730840e-005
+1.753800e+004	   +1.846595e-005
+1.753900e+004	   +1.713166e-005
+1.754000e+004	   +1.839341e-005
+1.754100e+004	   +1.939561e-005
+1.754200e+004	   +1.993553e-005
+1.754300e+004	   +2.094858e-005
+1.754400e+004	   +1.941291e-005
+1.754500e+004	   +1.915604e-005
+1.754600e+004	   +2.020434e-005
+1.754700e+004	   +1.849621e-005
+1.754800e+004	   +1.796008e-005
+1.754900e+004	   +1.707579e-005
+1.755000e+004	   +1.837991e-005
+1.755100e+004	   +2.180937e-005
+1.755200e+004	   +2.306397e-005
+1.755300e+004	   +2.190635e-005
+1.755400e+004	   +1.926570e-005
+1.755500e+004	   +1.726025e-005
+1.755600e+004	   +1.597897e-005
+1.755700e+004	   +1.880921e-005
+1.755800e+004	   +2.031543e-005
+1.755900e+004	   +1.976972e-005
+1.756000e+004	   +1.780927e-005
+1.756100e+004	   +1.842086e-005
+1.756200e+004	   +2.042958e-005
+1.756300e+004	   +2.124546e-005
+1.756400e+004	   +1.914626e-005
+1.756500e+004	   +1.738004e-005
+1.756600e+004	   +1.734472e-005
+1.756700e+004	   +1.808458e-005
+1.756800e+004	   +1.955891e-005
+1.756900e+004	   +1.934049e-005
+1.757000e+004	   +1.732871e-005
+1.757100e+004	   +1.769939e-005
+1.757200e+004	   +2.035506e-005
+1.757300e+004	   +2.064270e-005
+1.757400e+004	   +2.262201e-005
+1.757500e+004	   +2.271899e-005
+1.757600e+004	   +2.061970e-005
+1.757700e+004	   +1.855271e-005
+1.757800e+004	   +1.817306e-005
+1.757900e+004	   +1.698693e-005
+1.758000e+004	   +1.777955e-005
+1.758100e+004	   +1.976503e-005
+1.758200e+004	   +1.958190e-005
+1.758300e+004	   +1.777516e-005
+1.758400e+004	   +1.964103e-005
+1.758500e+004	   +2.366980e-005
+1.758600e+004	   +2.474859e-005
+1.758700e+004	   +2.343515e-005
+1.758800e+004	   +2.277386e-005
+1.758900e+004	   +2.279315e-005
+1.759000e+004	   +2.155666e-005
+1.759100e+004	   +1.904500e-005
+1.759200e+004	   +1.929559e-005
+1.759300e+004	   +1.963253e-005
+1.759400e+004	   +1.868198e-005
+1.759500e+004	   +1.973632e-005
+1.759600e+004	   +2.096828e-005
+1.759700e+004	   +1.953633e-005
+1.759800e+004	   +1.926614e-005
+1.759900e+004	   +1.956052e-005
+1.760000e+004	   +1.869794e-005
+1.760100e+004	   +1.945305e-005
+1.760200e+004	   +2.157150e-005
+1.760300e+004	   +2.256944e-005
+1.760400e+004	   +2.183889e-005
+1.760500e+004	   +2.169454e-005
+1.760600e+004	   +2.271862e-005
+1.760700e+004	   +2.207505e-005
+1.760800e+004	   +1.921409e-005
+1.760900e+004	   +1.931299e-005
+1.761000e+004	   +1.955657e-005
+1.761100e+004	   +1.864075e-005
+1.761200e+004	   +1.728216e-005
+1.761300e+004	   +1.795107e-005
+1.761400e+004	   +1.970205e-005
+1.761500e+004	   +1.985540e-005
+1.761600e+004	   +1.662681e-005
+1.761700e+004	   +1.348707e-005
+1.761800e+004	   +1.685999e-005
+1.761900e+004	   +1.969913e-005
+1.762000e+004	   +2.035989e-005
+1.762100e+004	   +2.186276e-005
+1.762200e+004	   +2.094067e-005
+1.762300e+004	   +2.064186e-005
+1.762400e+004	   +1.972757e-005
+1.762500e+004	   +1.942212e-005
+1.762600e+004	   +2.123068e-005
+1.762700e+004	   +2.269523e-005
+1.762800e+004	   +2.290602e-005
+1.762900e+004	   +1.932793e-005
+1.763000e+004	   +1.740939e-005
+1.763100e+004	   +1.986267e-005
+1.763200e+004	   +2.142321e-005
+1.763300e+004	   +2.226804e-005
+1.763400e+004	   +2.166084e-005
+1.763500e+004	   +1.868327e-005
+1.763600e+004	   +1.823588e-005
+1.763700e+004	   +2.037129e-005
+1.763800e+004	   +1.942191e-005
+1.763900e+004	   +1.903703e-005
+1.764000e+004	   +2.062233e-005
+1.764100e+004	   +2.121265e-005
+1.764200e+004	   +2.063481e-005
+1.764300e+004	   +1.979467e-005
+1.764400e+004	   +1.933345e-005
+1.764500e+004	   +1.811099e-005
+1.764600e+004	   +1.931329e-005
+1.764700e+004	   +2.284955e-005
+1.764800e+004	   +2.358637e-005
+1.764900e+004	   +2.087144e-005
+1.765000e+004	   +2.146365e-005
+1.765100e+004	   +2.121549e-005
+1.765200e+004	   +1.764827e-005
+1.765300e+004	   +1.433154e-005
+1.765400e+004	   +1.526745e-005
+1.765500e+004	   +1.838148e-005
+1.765600e+004	   +2.029421e-005
+1.765700e+004	   +2.153951e-005
+1.765800e+004	   +2.187409e-005
+1.765900e+004	   +2.136544e-005
+1.766000e+004	   +1.880089e-005
+1.766100e+004	   +1.827828e-005
+1.766200e+004	   +2.062942e-005
+1.766300e+004	   +2.038951e-005
+1.766400e+004	   +2.079458e-005
+1.766500e+004	   +2.141415e-005
+1.766600e+004	   +2.021220e-005
+1.766700e+004	   +1.933153e-005
+1.766800e+004	   +1.916624e-005
+1.766900e+004	   +2.122422e-005
+1.767000e+004	   +2.094858e-005
+1.767100e+004	   +1.888746e-005
+1.767200e+004	   +1.824972e-005
+1.767300e+004	   +1.906774e-005
+1.767400e+004	   +2.136305e-005
+1.767500e+004	   +2.152769e-005
+1.767600e+004	   +1.959401e-005
+1.767700e+004	   +1.838598e-005
+1.767800e+004	   +1.897366e-005
+1.767900e+004	   +1.916260e-005
+1.768000e+004	   +1.951189e-005
+1.768100e+004	   +2.051639e-005
+1.768200e+004	   +2.010664e-005
+1.768300e+004	   +1.924583e-005
+1.768400e+004	   +1.843864e-005
+1.768500e+004	   +1.852208e-005
+1.768600e+004	   +2.033069e-005
+1.768700e+004	   +1.938569e-005
+1.768800e+004	   +1.925119e-005
+1.768900e+004	   +1.907930e-005
+1.769000e+004	   +1.955648e-005
+1.769100e+004	   +2.134835e-005
+1.769200e+004	   +2.097583e-005
+1.769300e+004	   +1.978481e-005
+1.769400e+004	   +1.845888e-005
+1.769500e+004	   +1.799077e-005
+1.769600e+004	   +1.781942e-005
+1.769700e+004	   +1.734815e-005
+1.769800e+004	   +1.931100e-005
+1.769900e+004	   +1.976729e-005
+1.770000e+004	   +1.812941e-005
+1.770100e+004	   +1.798091e-005
+1.770200e+004	   +2.028846e-005
+1.770300e+004	   +2.159994e-005
+1.770400e+004	   +2.107702e-005
+1.770500e+004	   +2.109862e-005
+1.770600e+004	   +2.111065e-005
+1.770700e+004	   +1.922709e-005
+1.770800e+004	   +1.826151e-005
+1.770900e+004	   +1.799205e-005
+1.771000e+004	   +1.830720e-005
+1.771100e+004	   +1.870786e-005
+1.771200e+004	   +1.936402e-005
+1.771300e+004	   +1.820159e-005
+1.771400e+004	   +1.912720e-005
+1.771500e+004	   +1.867269e-005
+1.771600e+004	   +1.821153e-005
+1.771700e+004	   +1.986563e-005
+1.771800e+004	   +2.076128e-005
+1.771900e+004	   +2.056458e-005
+1.772000e+004	   +2.175857e-005
+1.772100e+004	   +1.983645e-005
+1.772200e+004	   +1.722710e-005
+1.772300e+004	   +1.811177e-005
+1.772400e+004	   +1.927639e-005
+1.772500e+004	   +1.928564e-005
+1.772600e+004	   +1.879148e-005
+1.772700e+004	   +1.879132e-005
+1.772800e+004	   +1.916010e-005
+1.772900e+004	   +1.954775e-005
+1.773000e+004	   +2.130321e-005
+1.773100e+004	   +2.052439e-005
+1.773200e+004	   +2.042514e-005
+1.773300e+004	   +2.129313e-005
+1.773400e+004	   +2.167854e-005
+1.773500e+004	   +2.111276e-005
+1.773600e+004	   +2.117288e-005
+1.773700e+004	   +2.025129e-005
+1.773800e+004	   +1.972087e-005
+1.773900e+004	   +2.000682e-005
+1.774000e+004	   +2.004499e-005
+1.774100e+004	   +1.884189e-005
+1.774200e+004	   +1.869378e-005
+1.774300e+004	   +1.967816e-005
+1.774400e+004	   +1.820503e-005
+1.774500e+004	   +1.579710e-005
+1.774600e+004	   +1.648137e-005
+1.774700e+004	   +1.755200e-005
+1.774800e+004	   +2.088024e-005
+1.774900e+004	   +2.206121e-005
+1.775000e+004	   +2.125417e-005
+1.775100e+004	   +2.042496e-005
+1.775200e+004	   +1.898368e-005
+1.775300e+004	   +1.904405e-005
+1.775400e+004	   +2.122462e-005
+1.775500e+004	   +1.989927e-005
+1.775600e+004	   +1.708016e-005
+1.775700e+004	   +1.676179e-005
+1.775800e+004	   +1.775924e-005
+1.775900e+004	   +1.833987e-005
+1.776000e+004	   +1.716789e-005
+1.776100e+004	   +1.679718e-005
+1.776200e+004	   +1.842480e-005
+1.776300e+004	   +2.113862e-005
+1.776400e+004	   +2.006888e-005
+1.776500e+004	   +1.918003e-005
+1.776600e+004	   +1.909028e-005
+1.776700e+004	   +1.939879e-005
+1.776800e+004	   +1.969180e-005
+1.776900e+004	   +1.905483e-005
+1.777000e+004	   +1.940198e-005
+1.777100e+004	   +1.977241e-005
+1.777200e+004	   +1.904042e-005
+1.777300e+004	   +1.952044e-005
+1.777400e+004	   +2.017278e-005
+1.777500e+004	   +2.038163e-005
+1.777600e+004	   +1.933383e-005
+1.777700e+004	   +2.090392e-005
+1.777800e+004	   +2.175059e-005
+1.777900e+004	   +1.956845e-005
+1.778000e+004	   +1.864139e-005
+1.778100e+004	   +1.798074e-005
+1.778200e+004	   +1.810620e-005
+1.778300e+004	   +1.887907e-005
+1.778400e+004	   +2.116486e-005
+1.778500e+004	   +2.194173e-005
+1.778600e+004	   +1.900643e-005
+1.778700e+004	   +1.758966e-005
+1.778800e+004	   +1.776496e-005
+1.778900e+004	   +1.903068e-005
+1.779000e+004	   +1.993144e-005
+1.779100e+004	   +1.789227e-005
+1.779200e+004	   +1.581140e-005
+1.779300e+004	   +1.642214e-005
+1.779400e+004	   +1.733786e-005
+1.779500e+004	   +1.908751e-005
+1.779600e+004	   +2.107288e-005
+1.779700e+004	   +1.996061e-005
+1.779800e+004	   +1.597659e-005
+1.779900e+004	   +1.455274e-005
+1.780000e+004	   +1.535358e-005
