1.401703e+01
1.401209e+01
1.400715e+01
1.400142e+01
1.399450e+01
1.398758e+01
1.398247e+01
1.397780e+01
1.397266e+01
1.396575e+01
1.395884e+01
1.395088e+01
1.394223e+01
1.393357e+01
1.392347e+01
1.391338e+01
1.390337e+01
1.389350e+01
1.388362e+01
1.387297e+01
1.386215e+01
1.385009e+01
1.383364e+01
1.381719e+01
1.380414e+01
1.379313e+01
1.378188e+01
1.376136e+01
1.374085e+01
1.372104e+01
1.370218e+01
1.368332e+01
1.366197e+01
1.364011e+01
1.361710e+01
1.359030e+01
1.356349e+01
1.353609e+01
1.350835e+01
1.348050e+01
1.344998e+01
1.341946e+01
1.338698e+01
1.335202e+01
1.331707e+01
1.327740e+01
1.323686e+01
1.319522e+01
1.315020e+01
1.310517e+01
1.305875e+01
1.301159e+01
1.296401e+01
1.290891e+01
1.285382e+01
1.279664e+01
1.273697e+01
1.267729e+01
1.261195e+01
1.254566e+01
1.247876e+01
1.241011e+01
1.234145e+01
1.226565e+01
1.218619e+01
1.210637e+01
1.202138e+01
1.193640e+01
1.184754e+01
1.175428e+01
1.166102e+01
1.156592e+01
1.147054e+01
1.137344e+01
1.127177e+01
1.117009e+01
1.106283e+01
1.095290e+01
1.084257e+01
1.072764e+01
1.061271e+01
1.049481e+01
1.037371e+01
1.025260e+01
1.012897e+01
1.000501e+01
9.878772e+00
9.746844e+00
9.614917e+00
9.480838e+00
9.345787e+00
9.210625e+00
9.074347e+00
8.938070e+00
8.798836e+00
8.656564e+00
8.514293e+00
8.371504e+00
8.228656e+00
8.084750e+00
7.938365e+00
7.791979e+00
7.646546e+00
7.501519e+00
7.356334e+00
7.209793e+00
7.063251e+00
6.916597e+00
6.769834e+00
6.623070e+00
6.476338e+00
6.329610e+00
6.183132e+00
6.037208e+00
5.891284e+00
5.745727e+00
5.600318e+00
5.454854e+00
5.308978e+00
5.163103e+00
5.019260e+00
4.877298e+00
4.735337e+00
4.591833e+00
4.448197e+00
4.304814e+00
4.161957e+00
4.019098e+00
3.877367e+00
3.736057e+00
3.594481e+00
3.451124e+00
3.307766e+00
3.164612e+00
3.021635e+00
2.878658e+00
2.734097e+00
2.589427e+00
2.444443e+00
2.298842e+00
2.153242e+00
2.004893e+00
1.855580e+00
1.706076e+00
1.555428e+00
1.404780e+00
1.251692e+00
1.096572e+00
9.414509e-01
7.839889e-01
6.263981e-01
4.671150e-01
3.046972e-01
1.422792e-01
-2.248312e-02
-1.880135e-01
-3.541854e-01
-5.238342e-01
-6.934834e-01
-8.661001e-01
-1.041064e+00
-1.216028e+00
-1.395184e+00
-1.574510e+00
-1.755431e+00
-1.939143e+00
-2.122855e+00
-2.311679e+00
-2.502063e+00
-2.692604e+00
-2.883920e+00
-3.075236e+00
-3.269349e+00
-3.465559e+00
-3.661770e+00
-3.861003e+00
-4.060316e+00
-4.260887e+00
-4.463539e+00
-4.666191e+00
-4.871461e+00
-5.077474e+00
-5.284275e+00
-5.494627e+00
-5.704980e+00
-5.915936e+00
-6.127323e+00
-6.338708e+00
-6.554377e+00
-6.770101e+00
-6.986530e+00
-7.204065e+00
-7.421600e+00
-7.640043e+00
-7.858725e+00
-8.078104e+00
-8.300362e+00
-8.522619e+00
-8.745989e+00
-8.970108e+00
-9.194228e+00
-9.419866e+00
-9.645504e+00
-9.871955e+00
-1.009961e+01
-1.032727e+01
-1.055573e+01
-1.078438e+01
-1.101345e+01
-1.124411e+01
-1.147478e+01
-1.170654e+01
-1.193898e+01
-1.217146e+01
-1.240576e+01
-1.264006e+01
-1.287449e+01
-1.310910e+01
-1.334371e+01
-1.358121e+01
-1.381934e+01
-1.405745e+01
-1.429550e+01
-1.453356e+01
-1.477378e+01
-1.501531e+01
-1.525689e+01
-1.550007e+01
-1.574324e+01
-1.598700e+01
-1.623154e+01
-1.647608e+01
-1.672236e+01
-1.696899e+01
-1.721604e+01
-1.746445e+01
-1.771285e+01
-1.796319e+01
-1.821464e+01
-1.846620e+01
-1.872073e+01
-1.897525e+01
-1.923141e+01
-1.948964e+01
-1.974787e+01
-2.000771e+01
-2.026784e+01
-2.052872e+01
-2.079191e+01
-2.105509e+01
-2.132180e+01
-2.159041e+01
-2.185914e+01
-2.213012e+01
-2.240111e+01
-2.267403e+01
-2.294928e+01
-2.322453e+01
-2.350228e+01
-2.378045e+01
-2.405982e+01
-2.434261e+01
-2.462540e+01
-2.491117e+01
-2.519847e+01
-2.548601e+01
-2.577716e+01
-2.606831e+01
-2.636102e+01
-2.665550e+01
-2.694998e+01
-2.724829e+01
-2.754718e+01
-2.784680e+01
-2.814841e+01
-2.845002e+01
-2.875348e+01
-2.905782e+01
-2.936245e+01
-2.967033e+01
-2.997821e+01
-3.028731e+01
-3.059774e+01
-3.090816e+01
-3.122023e+01
-3.153252e+01
-3.184458e+01
-3.215604e+01
-3.246750e+01
-3.277981e+01
-3.309250e+01
-3.340511e+01
-3.371693e+01
-3.402876e+01
-3.434010e+01
-3.465091e+01
-3.496173e+01
-3.526896e+01
-3.557577e+01
-3.588255e+01
-3.618928e+01
-3.649601e+01
-3.680022e+01
-3.710337e+01
-3.740627e+01
-3.770705e+01
-3.800783e+01
-3.830737e+01
-3.860570e+01
-3.890403e+01
-3.919708e+01
-3.948960e+01
-3.978070e+01
-4.006868e+01
-4.035666e+01
-4.064067e+01
-4.092312e+01
-4.120570e+01
-4.148931e+01
-4.177292e+01
-4.205294e+01
-4.232963e+01
-4.260632e+01
-4.287818e+01
-4.314964e+01
-4.342062e+01
-4.369062e+01
-4.396062e+01
-4.422799e+01
-4.449437e+01
-4.476029e+01
-4.502310e+01
-4.528591e+01
-4.554682e+01
-4.580605e+01
-4.606528e+01
-4.632500e+01
-4.658475e+01
-4.684241e+01
-4.709599e+01
-4.734956e+01
-4.760043e+01
-4.785035e+01
-4.809996e+01
-4.834781e+01
-4.859565e+01
-4.884738e+01
-4.910236e+01
-4.935733e+01
-4.960192e+01
-4.984596e+01
-5.008963e+01
-5.033262e+01
-5.057561e+01
-5.078909e+01
-5.099291e+01
-5.121337e+01
-5.152396e+01
-5.183455e+01
-5.208326e+01
-5.228303e+01
-5.248281e+01
-5.273661e+01
-5.299261e+01
-5.324180e+01
-5.347907e+01
-5.371634e+01
-5.394284e+01
-5.416606e+01
-5.439189e+01
-5.463055e+01
-5.486921e+01
-5.510491e+01
-5.533837e+01
-5.557183e+01
-5.580831e+01
-5.604487e+01
-5.628233e+01
-5.652127e+01
-5.676022e+01
-5.700266e+01
-5.724609e+01
-5.748812e+01
-5.772388e+01
-5.795964e+01
-5.819495e+01
-5.842992e+01
-5.866491e+01
-5.889462e+01
-5.912426e+01
-5.935014e+01
-5.957014e+01
-5.979013e+01
-6.004344e+01
-6.030549e+01
-6.055950e+01
-6.078025e+01
-6.100100e+01
-6.121716e+01
-6.143022e+01
-6.164328e+01
